1:ItNr	2:Metric	3a:Time	3b:StepSize	4:||Gradient||	Time[ms]
0	-0.493958	0.000000	20.764203	0.022199	109.4
1	-0.504830	0.000000	20.764203	0.020109	2.4
2	-0.513325	0.000000	20.764203	0.019714	2.2
3	-0.490474	0.000000	20.764203	0.020569	2.2
4	-0.519410	0.000000	20.764203	0.019559	2.2
5	-0.517158	0.000000	20.764203	0.018520	2.1
6	-0.533676	0.000000	20.764203	0.018513	2.2
7	-0.502666	0.000000	20.764203	0.018870	2.4
8	-0.552295	0.000000	20.764203	0.017559	2.4
9	-0.538255	0.000000	20.764203	0.013545	2.2
10	-0.529351	0.000000	20.764203	0.016517	2.5
11	-0.551572	0.000000	20.764203	0.020269	2.6
12	-0.583424	0.000000	20.764203	0.013628	2.3
13	-0.549221	0.000000	20.764203	0.016015	2.7
14	-0.578963	0.000000	20.764203	0.018147	2.3
15	-0.567723	0.000000	20.764203	0.017520	2.2
16	-0.602254	0.000000	20.764203	0.021465	2.2
17	-0.593444	0.000000	20.764203	0.016315	2.2
18	-0.576629	0.000000	20.764203	0.018472	2.2
19	-0.614271	0.000000	20.764203	0.019552	2.2
20	-0.620550	0.000000	20.764203	0.020369	2.6
21	-0.608916	0.000000	20.764203	0.018312	2.3
22	-0.585939	0.000000	20.764203	0.017866	2.2
23	-0.607884	0.000000	20.764203	0.018250	2.2
24	-0.638981	0.000000	20.764203	0.015926	2.2
25	-0.633097	0.000000	20.764203	0.014634	2.4
26	-0.639143	0.000000	20.764203	0.014555	2.4
27	-0.646106	0.000000	20.764203	0.011947	3.2
28	-0.643586	0.000000	20.764203	0.008808	2.4
29	-0.650404	0.000000	20.764203	0.011990	2.2
30	-0.630205	0.000000	20.764203	0.013621	2.2
31	-0.642780	0.000000	20.764203	0.010120	2.1
32	-0.668047	0.000000	20.764203	0.011833	2.2
33	-0.668171	0.000000	20.764203	0.012068	2.4
34	-0.645560	0.000000	20.764203	0.010614	2.9
35	-0.671475	0.000000	20.764203	0.010766	2.8
36	-0.641742	0.000000	20.764203	0.009788	2.4
37	-0.682724	0.000000	20.764203	0.010797	2.2
38	-0.642605	0.000000	20.764203	0.008310	2.4
39	-0.649521	0.000000	20.764203	0.013267	2.4
40	-0.687076	0.000000	20.764203	0.011652	3.2
41	-0.684445	0.000000	20.764203	0.009819	2.4
42	-0.724386	0.000000	20.764203	0.013019	2.2
43	-0.667487	0.000000	20.764203	0.007688	2.1
44	-0.687472	0.000000	20.764203	0.006838	2.2
45	-0.643179	0.000000	20.764203	0.010789	2.2
46	-0.674117	0.000000	20.764203	0.008909	2.5
47	-0.677513	0.000000	20.764203	0.011478	2.8
48	-0.688875	0.000000	20.764203	0.008704	2.2
49	-0.682523	0.000000	20.764203	0.010072	2.2
50	-0.689947	0.000000	20.764203	0.009152	2.1
51	-0.686678	0.000000	20.764203	0.008957	2.4
52	-0.714732	0.000000	20.764203	0.007549	2.5
53	-0.649968	0.000000	20.764203	0.010530	3.2
54	-0.691053	0.000000	20.764203	0.009061	2.2
55	-0.690538	0.000000	20.764203	0.007184	2.1
56	-0.667871	0.000000	20.764203	0.008889	2.1
57	-0.700618	0.000000	20.764203	0.006114	2.2
58	-0.676550	0.000000	20.764203	0.008028	2.2
59	-0.689551	0.000000	20.764203	0.009913	2.2
60	-0.686635	0.000000	20.764203	0.007354	3.1
61	-0.701911	0.000000	20.764203	0.006411	2.5
62	-0.712536	0.000000	20.764203	0.008429	2.4
63	-0.686573	0.000000	20.764203	0.006947	2.2
64	-0.692794	0.000000	20.764203	0.005588	2.5
65	-0.709336	0.000000	20.764203	0.008011	2.2
66	-0.675212	0.000000	20.764203	0.006318	2.7
67	-0.689627	0.000000	20.764203	0.005488	2.3
68	-0.706694	0.000000	20.764203	0.006424	2.1
69	-0.689049	0.976261	19.841785	0.006045	2.2
70	-0.689696	1.969737	18.983598	0.006941	2.1
71	-0.686839	1.902259	19.039530	0.005651	2.5
72	-0.707616	1.834633	19.095917	0.007271	2.6
73	-0.686992	1.767007	19.152638	0.007007	3.1
74	-0.692482	1.699381	19.209698	0.008468	2.4
75	-0.693040	1.631755	19.267098	0.012862	2.7
76	-0.661012	1.564129	19.324843	0.006638	2.5
77	-0.712880	1.496503	19.382935	0.007273	2.5
78	-0.685957	1.476451	19.400227	0.005974	2.3
79	-0.704634	1.705773	19.204290	0.007465	2.6
80	-0.733788	2.647856	18.439230	0.006970	2.3
81	-0.679517	2.580230	18.492112	0.006256	2.5
82	-0.694808	3.580152	17.739852	0.006867	2.5
83	-0.714788	4.580152	17.046351	0.008604	2.4
84	-0.674267	4.512526	17.091536	0.008343	2.4
85	-0.688801	5.501288	16.453852	0.010710	2.2
86	-0.706022	5.433662	16.495946	0.007429	2.6
87	-0.688302	5.366036	16.538256	0.007329	2.2
88	-0.687745	5.298410	16.580784	0.006897	2.2
89	-0.682385	5.230784	16.623531	0.005317	2.2
90	-0.673392	5.163158	16.666499	0.006448	2.2
91	-0.711421	5.095532	16.709690	0.008148	2.6
92	-0.707498	5.027906	16.753105	0.008812	3.5
93	-0.682836	6.027906	16.133261	0.007304	2.5
94	-0.691122	5.960280	16.173729	0.009509	2.4
95	-0.674379	6.074124	16.105720	0.007140	2.4
96	-0.712112	6.006696	16.145931	0.006490	2.4
97	-0.697960	7.006696	15.569428	0.007917	2.3
98	-0.715289	6.939071	15.607114	0.008183	2.3
99	-0.700183	7.904510	15.085821	0.006661	3.0
100	-0.689281	7.836884	15.121199	0.006851	2.5
101	-0.714254	7.769258	15.156743	0.007959	2.3
102	-0.682080	8.769258	14.647602	0.011059	2.2
103	-0.753088	8.701633	14.680952	0.008880	2.2
104	-0.647602	9.701633	14.202771	0.007516	2.5
105	-0.699960	9.634008	14.234124	0.005806	2.8
106	-0.678425	9.566382	14.265616	0.007811	2.2
107	-0.688381	9.498756	14.297247	0.006473	2.1
108	-0.686196	9.431263	14.328957	0.006453	2.1
109	-0.686908	9.478095	14.306939	0.006242	2.2
110	-0.704927	9.410469	14.338755	0.006976	2.1
111	-0.685705	10.410469	13.882259	0.005447	2.1
112	-0.714777	10.342843	13.912211	0.009924	2.3
113	-0.674220	10.275225	13.942290	0.009749	2.1
114	-0.706031	10.207599	13.972503	0.007981	2.1
115	-0.680852	11.207599	13.538676	0.004212	2.1
116	-0.700667	11.139973	13.567163	0.005022	2.2
117	-0.716770	11.286154	13.505736	0.006727	2.2
118	-0.707722	12.286145	13.099993	0.008704	2.1
119	-0.729140	13.217100	12.743577	0.004717	2.4
120	-0.688791	13.149474	12.768813	0.005381	2.6
121	-0.689651	13.081848	12.794149	0.006211	2.5
122	-0.700086	13.014222	12.819586	0.008402	2.5
123	-0.743802	12.946771	12.845058	0.006169	2.1
124	-0.709082	12.879174	12.870687	0.003953	2.1
125	-0.705803	12.811548	12.896430	0.005196	2.1
126	-0.714015	12.743922	12.922275	0.005857	2.4
127	-0.702481	12.676296	12.948225	0.008302	2.4
128	-0.700949	13.676296	12.574822	0.004736	2.1
129	-0.690942	14.676279	12.222358	0.010776	2.2
130	-0.688610	15.676279	11.889108	0.006882	2.1
131	-0.714452	15.608653	11.911071	0.007105	2.1
132	-0.716038	15.732513	11.870907	0.004836	2.1
133	-0.690687	15.664887	11.892802	0.007287	2.3
134	-0.671448	15.597261	11.914778	0.006298	2.5
135	-0.695682	15.529635	11.936836	0.008164	2.1
136	-0.695707	15.462010	11.958975	0.004306	2.2
137	-0.702732	15.394384	11.981196	0.007457	2.0
138	-0.712362	15.412769	11.975147	0.007537	2.1
139	-0.698317	15.345143	11.997429	0.007967	2.1
140	-0.695552	16.345143	11.676171	0.006019	2.3
141	-0.692813	16.277517	11.697352	0.008027	2.6
142	-0.725175	16.209891	11.718611	0.006986	2.2
143	-0.707468	17.209891	11.411921	0.006976	2.1
144	-0.700795	18.209808	11.120897	0.006596	2.1
145	-0.713676	18.142183	11.140111	0.007532	2.1
146	-0.704814	18.074557	11.159391	0.006903	2.1
147	-0.733289	19.074550	10.880927	0.003810	2.1
148	-0.695861	20.073798	10.616215	0.004968	2.8
149	-0.728739	21.063696	10.366380	0.005434	2.4
150	-0.732535	20.996070	10.383073	0.006933	2.3
151	-0.703239	21.996070	10.141584	0.006178	2.1
152	-0.698295	22.996070	9.911073	0.007211	2.0
153	-0.698692	23.181710	9.869429	0.006946	2.1
154	-0.694146	24.181710	9.650991	0.007109	2.1
155	-0.714226	25.101725	9.458394	0.007522	2.5
156	-0.679406	25.034099	9.472288	0.004661	2.3
157	-0.688221	24.981922	9.483037	0.003801	2.1
158	-0.705341	24.914795	9.496901	0.005099	2.1
159	-0.690503	24.847675	9.510804	0.005850	2.4
160	-0.706373	25.847333	9.307857	0.008220	2.1
161	-0.733818	25.779707	9.321312	0.005054	2.1
162	-0.702541	25.713714	9.334481	0.007380	2.3
163	-0.731674	26.713714	9.138845	0.006588	2.5
164	-0.701930	27.713709	8.951243	0.006405	2.4
165	-0.723614	27.701677	8.953455	0.005977	2.2
166	-0.680500	28.701672	8.773312	0.006700	2.1
167	-0.683466	28.634047	8.785265	0.006683	2.1
168	-0.708616	29.634047	8.611760	0.006789	2.1
169	-0.681102	29.566421	8.623277	0.007128	2.7
170	-0.693393	30.566421	8.456050	0.009142	2.5
171	-0.719164	30.498795	8.467155	0.006165	2.2
172	-0.705447	30.431169	8.478288	0.011551	2.3
173	-0.686541	31.431169	8.316585	0.006054	2.3
174	-0.709676	31.363543	8.327325	0.006834	2.1
175	-0.711911	32.360159	8.171795	0.005746	2.1
176	-0.684440	33.355658	8.022132	0.005025	3.2
177	-0.705280	33.288032	8.032125	0.006116	2.4
178	-0.701082	33.220406	8.042143	0.007677	2.1
179	-0.690491	33.152780	8.052186	0.007629	2.0
180	-0.707025	34.152770	7.906190	0.008144	2.1
181	-0.689134	34.085144	7.915896	0.005379	2.0
182	-0.671597	34.017685	7.925602	0.006876	2.1
183	-0.711511	33.950059	7.935355	0.007565	3.4
184	-0.712222	33.882522	7.945121	0.011657	2.3
185	-0.680297	34.882522	7.802945	0.005570	2.2
186	-0.653998	34.814896	7.812399	0.007777	2.1
187	-0.690935	35.801529	7.676699	0.005206	2.1
188	-0.686412	35.954662	7.656059	0.005690	2.1
189	-0.707363	35.887036	7.665160	0.007323	2.3
190	-0.712102	36.887036	7.532745	0.007404	3.0
191	-0.715595	37.887036	7.404826	0.005738	2.1
192	-0.700210	38.886932	7.281192	0.004046	2.1
193	-0.685425	38.819306	7.289424	0.008857	2.1
194	-0.686726	39.819112	7.169593	0.005150	2.1
195	-0.719394	39.751486	7.177573	0.005366	2.1
196	-0.701853	39.691604	7.184655	0.005211	2.3
197	-0.703660	39.624859	7.192565	0.006992	2.2
198	-0.706703	39.557239	7.200597	0.007115	2.1
199	-0.682222	39.489613	7.208647	0.005030	2.1
200	-0.696892	39.421988	7.216715	0.007759	2.4
201	-0.746592	40.421987	7.099221	0.006904	2.3
202	-0.684223	41.379493	6.990250	0.007279	2.3
203	-0.687175	41.311867	6.997836	0.006920	2.1
204	-0.742343	41.244241	7.005439	0.004092	2.4
205	-0.730839	42.244135	6.894683	0.010917	2.4
206	-0.704084	43.117842	6.800732	0.006831	2.5
207	-0.710705	43.050216	6.807912	0.008109	2.2
208	-0.716571	44.050216	6.703256	0.006447	2.0
209	-0.733626	45.050216	6.601769	0.008927	2.2
210	-0.704281	46.050216	6.503309	0.010044	2.1
211	-0.676097	45.982590	6.509875	0.005883	2.6
212	-0.721315	46.981127	6.414255	0.006406	2.1
213	-0.671848	47.981127	6.321269	0.007414	2.2
214	-0.717318	48.981127	6.230941	0.005848	2.4
215	-0.709207	49.981127	6.143158	0.006361	2.1
216	-0.700468	50.969841	6.058764	0.006960	2.7
217	-0.685882	50.902215	6.064462	0.007413	2.6
218	-0.728387	51.902215	5.981276	0.005945	2.7
219	-0.718436	52.101338	5.964983	0.006796	2.4
220	-0.710591	52.033712	5.970507	0.004992	2.3
221	-0.682970	51.966086	5.976040	0.007441	2.1
222	-0.706012	51.898460	5.981584	0.006521	2.3
223	-0.730143	51.835129	5.986785	0.008675	2.2
224	-0.717339	51.997535	5.973465	0.003804	2.8
225	-0.714454	51.929909	5.979004	0.007898	2.3
226	-0.686217	51.862283	5.984554	0.007219	2.1
227	-0.723131	52.862283	5.903531	0.006486	2.0
228	-0.670389	52.794657	5.908941	0.005282	2.3
229	-0.684581	53.794657	5.829939	0.008236	2.4
230	-0.730280	53.727032	5.835214	0.008050	2.2
231	-0.669868	54.727032	5.758159	0.005477	2.7
232	-0.730144	54.659406	5.763305	0.007172	2.2
233	-0.698122	54.692940	5.760752	0.004775	2.1
234	-0.725550	54.625317	5.765903	0.004339	2.1
235	-0.732573	54.557704	5.771063	0.007881	2.2
236	-0.712851	54.490170	5.776226	0.006884	2.2
237	-0.709233	55.443470	5.704192	0.006116	2.1
238	-0.695533	56.443470	5.630536	0.009343	2.6
239	-0.702095	57.443470	5.558758	0.005192	2.4
240	-0.694760	57.375844	5.563554	0.007792	2.3
241	-0.720553	57.308218	5.568359	0.007322	2.3
242	-0.691310	57.240592	5.573172	0.005706	2.7
243	-0.714536	58.240592	5.502839	0.008379	2.4
244	-0.708048	58.172966	5.507540	0.007361	2.1
245	-0.689400	58.105340	5.512248	0.008861	2.7
246	-0.715743	59.105340	5.443436	0.004275	2.1
247	-0.697819	59.037715	5.448035	0.003773	2.1
248	-0.694350	58.970089	5.452642	0.008697	2.1
249	-0.696083	58.904215	5.457137	0.005372	2.1
