1:ItNr	2:Metric	3:StepSize	4:||Gradient||	Time[ms]
0	0.000000	627.201626	0.000000	847.4
1	-0.915343	623.504937	0.006762	31.6
2	-0.741494	619.865785	0.005774	31.1
3	-0.310147	616.282728	0.003801	31.9
4	-0.354014	612.754375	0.006289	33.1
5	-0.000000	609.279381	0.000000	33.0
6	0.000000	605.856447	0.000000	32.5
7	-0.702898	602.484317	0.005140	31.7
8	-0.567911	599.161779	0.006553	32.6
9	-0.000015	595.887656	0.000010	31.3
10	-0.775634	592.660813	0.008965	31.7
11	0.000000	589.480151	0.000000	31.5
12	-0.493687	586.344606	0.005076	31.0
13	0.000000	583.253145	0.000000	31.6
14	-0.643497	580.204771	0.005772	31.7
15	-0.270516	577.198517	0.004594	31.8
16	-0.309251	574.233444	0.004124	31.4
17	-0.294738	571.308645	0.004532	32.9
18	-0.002760	568.423237	0.000130	30.7
19	-0.668187	565.576365	0.005911	32.1
20	-0.000000	562.767201	0.000001	31.9
21	-0.914916	559.994938	0.006183	31.4
22	-0.802975	557.258797	0.005141	32.6
23	-0.823648	554.558018	0.005598	32.5
24	-0.612446	551.891865	0.004607	31.2
25	-0.795762	549.259621	0.005893	31.9
26	-0.492462	546.660592	0.006139	31.9
27	0.000000	544.094102	0.000000	31.2
28	-0.324578	541.559494	0.005664	31.5
29	-0.141935	539.056129	0.003007	32.3
30	-0.268709	536.583387	0.003266	32.0
31	-0.614288	534.140663	0.007534	31.6
32	-0.029023	531.727370	0.001861	32.7
33	-0.054814	529.342935	0.000880	32.6
34	-0.442868	526.986802	0.005838	32.4
35	-0.672663	524.658430	0.005405	33.0
36	-0.004149	522.357290	0.000186	32.1
37	-0.478020	520.082868	0.004777	32.2
38	-0.407303	517.834665	0.004528	33.2
39	-1.086143	515.612193	0.007028	34.7
40	-0.834259	513.414976	0.005641	32.9
41	-0.443746	511.242551	0.007994	32.3
42	-0.446553	509.094468	0.006547	32.7
43	-0.000183	506.970285	0.000091	32.6
44	-0.678138	504.869574	0.007728	31.5
45	-0.484511	502.791916	0.005284	31.7
46	-0.661852	500.736903	0.004962	31.6
47	0.000000	498.704137	0.000000	32.0
48	-0.551215	496.693228	0.007440	32.3
49	-0.585137	494.703798	0.003939	31.9
50	0.000000	492.735476	0.000000	32.8
51	-0.000000	490.787900	0.000000	31.3
52	-0.107879	488.860718	0.001343	32.2
53	-0.396496	486.953585	0.005451	32.3
54	-0.697134	485.066164	0.008145	31.9
55	-0.723312	483.198126	0.004447	32.0
56	0.000000	481.349149	0.000000	32.6
57	0.000000	479.518920	0.000000	31.9
58	0.000000	477.707132	0.000000	32.6
59	-0.271832	475.913485	0.004698	32.1
60	0.000000	474.137684	0.000000	32.1
61	-0.000019	472.379445	0.000026	31.7
62	-0.254463	470.638485	0.004714	31.9
63	0.000000	468.914531	0.000000	32.5
64	-0.509311	467.207315	0.005978	32.1
65	-0.900690	465.516573	0.007617	32.6
66	-0.641521	463.842050	0.004740	32.5
67	-0.602437	462.183494	0.007050	31.7
68	-0.811466	460.540658	0.006901	31.6
69	-0.008703	458.913303	0.000146	33.0
70	-0.564331	457.301192	0.005072	34.0
71	-0.629205	455.704096	0.006057	32.5
72	-0.872160	454.121787	0.005716	33.5
73	-0.155417	452.554045	0.002740	31.9
74	-0.644069	451.000653	0.007055	32.2
75	-0.484893	449.461399	0.005157	32.9
76	-0.091066	447.936075	0.001239	32.4
77	0.000000	446.424477	0.000000	32.3
78	-0.110258	444.926406	0.001451	31.8
79	-0.026249	443.441666	0.001369	31.9
80	0.000000	441.970065	0.000000	32.4
81	0.000000	440.511415	0.000000	32.5
82	-0.171200	439.065533	0.003091	33.9
83	-0.350044	437.632238	0.003598	32.8
84	-0.850803	436.211351	0.008100	33.0
85	0.000000	434.802701	0.000000	32.0
86	-0.193396	433.406117	0.002875	32.8
87	-0.426943	432.021430	0.004760	32.2
88	0.000000	430.648479	0.000000	32.3
89	-0.018813	429.287101	0.001528	32.6
90	-0.390765	427.937140	0.005961	32.2
91	-0.798248	426.598440	0.005834	32.6
92	-0.733810	425.270849	0.006168	32.5
93	0.000000	423.954220	0.000000	31.9
94	0.000000	422.648404	0.000000	33.4
95	-0.496558	421.353259	0.006592	32.3
96	-0.322253	420.068643	0.002665	32.8
97	-0.051726	418.794419	0.000799	32.7
98	-0.306241	417.530451	0.004429	31.6
99	-0.058317	416.276604	0.001291	31.9
100	0.000000	415.032748	0.000000	33.5
101	-0.533224	413.798754	0.006473	33.2
102	-0.327821	412.574495	0.006346	31.5
103	-0.935925	411.359849	0.006009	32.1
104	-0.500578	410.154691	0.003728	33.0
105	-0.822551	408.958904	0.005574	31.7
106	-0.026231	407.772368	0.001069	31.5
107	-0.692098	406.594968	0.005896	31.8
108	-0.562784	405.426590	0.005021	32.6
109	0.000000	404.267122	0.000000	32.4
110	0.000000	403.116456	0.000000	31.7
111	-0.333678	401.974481	0.004919	32.5
112	-0.236381	400.841093	0.004423	33.3
113	-0.666480	399.716187	0.005618	31.3
114	-0.366503	398.599660	0.002702	32.0
115	-0.827989	397.491411	0.005589	33.0
116	-0.250672	396.391342	0.002993	32.4
117	0.000000	395.299353	0.000000	32.7
118	0.000000	394.215350	0.000000	31.9
119	-0.175053	393.139238	0.002943	33.0
120	-0.750879	392.070924	0.005458	33.0
121	-0.109630	391.010316	0.001738	33.2
122	-0.853409	389.957325	0.006458	32.2
123	0.000000	388.911862	0.000000	31.6
124	0.000000	387.873839	0.000000	32.0
125	0.000000	386.843173	0.000000	33.1
126	0.000000	385.819777	0.000000	31.8
127	-0.180976	384.803569	0.002397	32.0
128	-0.610761	383.794468	0.008027	32.3
129	-0.732792	382.792393	0.005675	32.1
130	-0.014665	381.797264	0.000561	32.2
131	0.000000	380.809005	0.000000	34.2
132	-0.000000	379.827537	0.000000	32.5
133	-0.851373	378.852786	0.005746	32.0
134	-0.886884	377.884678	0.004857	31.4
135	-0.058975	376.923138	0.002145	32.1
136	-0.915869	375.968095	0.007010	32.8
137	-0.559393	375.019479	0.007765	33.3
138	-0.739298	374.077218	0.004243	32.1
139	-0.235956	373.141244	0.002083	31.8
140	-0.672616	372.211489	0.006648	32.7
141	-0.028881	371.287887	0.000836	31.7
142	-0.945269	370.370370	0.008033	32.3
143	-0.800918	369.458876	0.005698	32.2
144	-0.010067	368.553338	0.001070	32.6
145	-0.447582	367.653696	0.007870	32.2
146	-0.494145	366.759885	0.005336	32.5
147	-0.041193	365.871846	0.000545	32.2
148	-0.818607	364.989518	0.006353	32.1
149	-0.419566	364.112841	0.005748	32.3
150	-0.299571	363.241757	0.004905	32.3
151	0.000000	362.376208	0.000000	31.0
152	-0.516835	361.516137	0.006288	31.4
153	-0.232140	360.661488	0.003694	33.1
154	0.000000	359.812206	0.000000	31.9
155	-0.000036	358.968236	0.000006	32.8
156	-0.359300	358.129524	0.003804	32.3
157	-0.639098	357.296018	0.004366	32.0
158	-0.663199	356.467665	0.006728	32.4
159	-0.428167	355.644414	0.003715	32.7
160	-0.542595	354.826213	0.004829	32.7
161	0.000000	354.013012	0.000000	32.3
162	-0.000093	353.204763	0.000027	33.6
163	0.000000	352.401415	0.000000	33.1
164	0.000000	351.602922	0.000000	32.2
165	-0.840459	350.809235	0.006224	32.2
166	-0.773263	350.020308	0.005539	32.1
167	0.000000	349.236095	0.000000	31.2
168	0.000000	348.456550	0.000000	31.9
169	-0.583985	347.681627	0.006608	33.2
170	-0.889804	346.911283	0.006951	33.1
171	0.000000	346.145474	0.000000	31.9
172	-0.881892	345.384157	0.006025	31.9
173	0.000000	344.627288	0.000000	32.6
174	-0.556256	343.874826	0.007297	33.1
175	-0.759170	343.126729	0.004705	32.6
176	-0.459815	342.382957	0.004604	32.3
177	-0.643752	341.643469	0.004627	32.9
178	-0.070519	340.908224	0.002097	32.2
179	0.000000	340.177184	0.000000	32.0
180	-0.937864	339.450309	0.005928	33.4
181	-0.505531	338.727561	0.007110	32.4
182	-0.472943	338.008902	0.007142	32.0
183	-0.576869	337.294295	0.005512	33.1
184	-0.854032	336.583703	0.004270	32.1
185	-0.268135	335.877089	0.003846	32.7
186	-0.708129	335.174416	0.004797	34.3
187	-0.378387	334.475651	0.005245	31.3
188	0.000000	333.780756	0.000000	31.5
189	-0.416747	333.089698	0.005352	31.5
190	0.000000	332.402443	0.000000	32.1
191	-0.780018	331.718955	0.005417	33.0
192	-0.634924	331.039203	0.003950	33.1
193	-0.827346	330.363153	0.004692	34.1
194	-0.000000	329.690771	0.000000	32.6
195	-0.839931	329.022027	0.008062	32.3
196	0.000000	328.356888	0.000000	31.6
197	-0.436473	327.695322	0.003079	32.4
198	-0.790934	327.037299	0.005202	33.0
199	-0.561580	326.382787	0.005654	32.0
200	-0.747596	325.731758	0.008959	31.6
201	-0.061410	325.084179	0.001636	33.7
202	-0.813202	324.440023	0.005342	32.3
203	-0.868770	323.799258	0.007440	31.8
204	-0.081706	323.161858	0.001322	32.2
205	-0.852383	322.527792	0.005905	32.7
206	-0.905404	321.897034	0.009324	31.1
207	-0.642461	321.269554	0.005495	31.7
208	-0.647000	320.645325	0.007290	31.6
209	-0.472329	320.024320	0.005046	32.1
210	-0.446051	319.406512	0.005859	32.3
211	-0.165877	318.791875	0.002246	32.1
212	-0.259571	318.180381	0.002516	31.5
213	-0.013584	317.572005	0.000568	32.3
214	0.000000	316.966721	0.000000	32.7
215	-0.818318	316.364504	0.006311	31.6
216	-0.406707	315.765329	0.004146	32.5
217	-0.733563	315.169170	0.005661	33.4
218	-0.568554	314.576003	0.004523	34.0
219	-0.515634	313.985804	0.007019	32.7
220	-0.875753	313.398548	0.007046	33.2
221	-1.107021	312.814213	0.009336	31.8
222	-0.133338	312.232773	0.001660	32.4
223	-0.000462	311.654207	0.000029	34.2
224	0.000000	311.078491	0.000000	32.1
225	0.000000	310.505602	0.000000	31.8
226	-0.286409	309.935518	0.002326	32.4
227	0.000000	309.368217	0.000000	31.7
228	-0.065061	308.803676	0.001148	32.1
229	-0.000000	308.241874	0.000000	32.1
230	-0.222394	307.682789	0.003652	32.3
231	-0.943157	307.126400	0.006303	32.3
232	-0.717860	306.572687	0.006914	32.4
233	-0.970905	306.021627	0.007042	32.1
234	-0.309946	305.473201	0.004482	32.0
235	-0.768933	304.927388	0.006702	32.2
236	-0.800690	304.384168	0.006048	32.4
237	-0.482552	303.843521	0.003804	32.2
238	-0.906999	303.305427	0.006437	32.3
239	-0.382297	302.769867	0.006674	32.7
240	-0.162062	302.236821	0.002522	32.9
241	-0.228235	301.706270	0.004144	31.5
242	-0.907203	301.178196	0.006565	32.1
243	-0.657492	300.652580	0.004035	32.3
244	0.000000	300.129402	0.000000	32.6
245	-0.600677	299.608645	0.005840	33.6
246	-0.476672	299.090291	0.004492	33.4
247	-0.472716	298.574321	0.006062	36.0
248	-0.417585	298.060718	0.003645	36.2
249	-0.013103	297.549465	0.000150	38.0
250	-0.856279	297.040543	0.008521	34.0
251	-0.757359	296.533936	0.004913	32.0
252	-0.715538	296.029626	0.004786	33.8
253	-0.043343	295.527597	0.002562	32.3
254	-0.627571	295.027832	0.006613	32.9
255	0.000000	294.530315	0.000000	32.0
256	-0.000000	294.035028	0.000000	31.5
257	0.000000	293.541956	0.000000	31.9
258	-0.000001	293.051083	0.000000	32.2
259	-0.219792	292.562393	0.002539	32.2
260	-0.409216	292.075870	0.004219	32.6
261	-0.535113	291.591498	0.006041	33.1
262	-0.763106	291.109263	0.005643	32.2
263	-1.008438	290.629149	0.007654	32.3
264	-0.517043	290.151140	0.003448	32.4
265	-0.001479	289.675222	0.000415	32.2
266	-0.217853	289.201380	0.004015	33.7
267	-0.879694	288.729600	0.007003	32.2
268	-0.617384	288.259866	0.008127	31.9
269	-0.874676	287.792165	0.006214	32.1
270	0.000000	287.326481	0.000000	31.3
271	0.000000	286.862802	0.000000	32.0
272	-0.355080	286.401113	0.004825	31.9
273	-1.041935	285.941400	0.008588	31.4
274	0.000000	285.483649	0.000000	32.1
275	0.000000	285.027847	0.000000	33.0
276	-0.510181	284.573981	0.004250	32.4
277	-0.250120	284.122037	0.003033	32.8
278	0.000000	283.672002	0.000000	32.1
279	-0.983443	283.223863	0.008156	31.8
280	-0.849452	282.777607	0.005570	32.6
281	-0.331255	282.333221	0.002837	32.4
282	-0.895270	281.890692	0.006632	32.0
283	-0.677024	281.450008	0.005179	33.2
284	-0.415694	281.011157	0.003926	32.6
285	-0.685006	280.574125	0.007996	33.0
286	-0.067787	280.138901	0.001280	31.9
287	-0.027994	279.705473	0.000878	31.9
288	-0.686616	279.273829	0.006132	32.0
289	0.000000	278.843956	0.000000	32.5
290	-0.041043	278.415844	0.001318	31.6
291	-0.461379	277.989479	0.006831	32.0
292	-1.028914	277.564851	0.006530	32.2
293	-0.523342	277.141949	0.005884	32.3
294	0.000000	276.720761	0.000000	33.9
295	0.000000	276.301275	0.000000	32.9
296	-0.453563	275.883480	0.004456	33.6
297	-0.709053	275.467366	0.004339	32.1
298	-0.441943	275.052922	0.005459	32.5
299	-0.565963	274.640136	0.005952	32.7
300	-0.384660	274.228998	0.003621	32.6
301	-0.064893	273.819497	0.002532	32.7
302	-0.033390	273.411623	0.003681	33.0
303	-0.664321	273.005365	0.004154	32.8
304	-0.597199	272.600712	0.007456	32.1
305	-0.203545	272.197655	0.002477	32.9
306	-0.572806	271.796184	0.007465	32.3
307	-0.820957	271.396287	0.006494	32.4
308	-0.193128	270.997956	0.003066	32.2
309	-0.790443	270.601180	0.005822	31.3
310	-0.317124	270.205949	0.004101	33.2
311	-0.618872	269.812254	0.005740	32.6
312	-0.126108	269.420085	0.002140	31.2
313	-0.689027	269.029432	0.004945	32.7
314	-0.938939	268.640287	0.006261	32.0
315	-0.789218	268.252638	0.004720	32.3
316	-0.813046	267.866478	0.005940	32.6
317	0.000000	267.481796	0.000000	33.0
318	-0.267106	267.098584	0.004195	32.3
319	-0.796395	266.716833	0.005022	30.4
320	-0.587460	266.336533	0.007580	33.2
321	-0.829792	265.957676	0.005834	32.0
322	-0.449328	265.580253	0.004226	32.6
323	-0.507038	265.204254	0.006282	32.3
324	-0.248504	264.829672	0.003026	32.4
325	0.000000	264.456497	0.000000	31.7
326	0.000000	264.084721	0.000000	31.8
327	-0.287493	263.714335	0.003054	32.3
328	-0.890016	263.345332	0.006918	32.0
329	-0.653352	262.977702	0.004589	32.2
330	-0.522335	262.611438	0.003666	32.6
331	-0.906336	262.246531	0.007052	32.8
332	0.000000	261.882973	0.000000	33.1
333	-0.434145	261.520756	0.003267	32.1
334	-1.122347	261.159871	0.009829	32.1
335	-0.595685	260.800312	0.003980	32.2
336	-0.504423	260.442070	0.005730	31.8
337	-0.783314	260.085137	0.006700	32.7
338	-0.781222	259.729505	0.005252	33.0
339	-0.637999	259.375167	0.006121	32.2
340	-0.661827	259.022116	0.005799	31.9
341	-0.002677	258.670343	0.000263	31.7
342	-0.532764	258.319841	0.002807	32.7
343	-0.598677	257.970602	0.007685	32.5
344	-0.680972	257.622620	0.005127	33.3
345	-0.006002	257.275887	0.000217	32.8
346	-0.950250	256.930396	0.006295	34.6
347	-0.228154	256.586139	0.002516	32.8
348	-0.449463	256.243109	0.004957	35.0
349	-0.648715	255.901300	0.007457	32.6
350	-0.592392	255.560703	0.005007	32.1
351	-0.024553	255.221313	0.001318	32.0
352	0.000000	254.883122	0.000000	32.1
353	-0.077163	254.546124	0.001826	32.3
354	-0.218634	254.210311	0.001779	31.6
355	-0.008140	253.875677	0.000356	32.8
356	-0.432579	253.542215	0.004926	32.1
357	-0.654255	253.209918	0.007406	31.4
358	-0.821376	252.878781	0.004270	31.3
359	-0.686017	252.548795	0.005140	32.9
360	-0.146462	252.219956	0.002883	32.5
361	-0.658878	251.892255	0.004649	33.9
362	-0.249058	251.565688	0.003359	32.3
363	-0.045946	251.240247	0.001279	31.9
364	-0.351856	250.915926	0.003836	33.7
365	-0.622653	250.592720	0.008455	33.0
366	-0.005451	250.270621	0.000410	32.6
367	-0.848507	249.949624	0.008671	32.6
368	-0.415061	249.629723	0.004545	31.4
369	-0.199846	249.310911	0.002815	32.9
370	-0.790234	248.993182	0.006270	33.2
371	-0.363406	248.676531	0.004141	32.4
372	-0.891528	248.360952	0.005772	32.0
373	-0.433572	248.046438	0.004914	32.4
374	-0.844591	247.732984	0.005270	31.9
375	-0.968484	247.420584	0.007195	32.0
376	-0.708413	247.109233	0.007443	33.3
377	0.000000	246.798924	0.000000	32.3
378	-0.542551	246.489652	0.006749	32.9
379	0.000000	246.181412	0.000000	32.4
380	-0.518044	245.874197	0.007254	32.8
381	-0.706920	245.568002	0.005044	33.8
382	0.000000	245.262822	0.000000	31.7
383	-0.505222	244.958652	0.005127	31.5
384	-0.621866	244.655485	0.004220	32.1
385	-0.786619	244.353317	0.006713	32.0
386	-0.239765	244.052142	0.003710	32.4
387	-0.445265	243.751955	0.005811	32.4
388	-0.719010	243.452750	0.007483	32.0
389	0.000000	243.154523	0.000000	31.3
390	-0.636251	242.857268	0.005376	32.1
391	-0.474143	242.560980	0.003373	32.2
392	-0.117999	242.265654	0.002511	31.7
393	-0.846618	241.971285	0.005624	31.4
394	-0.807875	241.677868	0.005622	32.5
395	-0.487237	241.385397	0.005314	32.7
396	-0.325368	241.093869	0.004009	31.3
397	0.000000	240.803278	0.000000	32.8
398	-0.559278	240.513619	0.005654	32.3
399	-0.539809	240.224887	0.007612	32.1
400	-0.026785	239.937077	0.000871	31.9
401	-0.936078	239.650186	0.006583	33.2
402	-0.903423	239.364207	0.005886	32.6
403	-0.007414	239.079136	0.000642	32.6
404	0.000000	238.794969	0.000000	32.2
405	0.000000	238.511701	0.000000	32.5
406	0.000000	238.229327	0.000000	32.6
407	-0.707642	237.947843	0.006972	32.5
408	-0.000000	237.667244	0.000000	33.1
409	-0.016404	237.387526	0.001090	32.2
410	0.000000	237.108684	0.000000	31.8
411	0.000000	236.830714	0.000000	31.0
412	0.000000	236.553610	0.000000	32.0
413	-0.857953	236.277370	0.005280	32.2
414	-0.015499	236.001989	0.001112	31.5
415	-0.918456	235.727461	0.005623	33.3
416	-0.645667	235.453784	0.005681	32.3
417	0.000000	235.180952	0.000000	31.9
418	-0.765653	234.908962	0.007348	32.4
419	-0.403561	234.637809	0.005512	32.4
420	-0.008591	234.367488	0.000000	32.2
421	-0.821818	234.097997	0.004085	33.0
422	0.000000	233.829331	0.000000	32.9
423	0.000000	233.561485	0.000000	33.0
424	-0.833917	233.294456	0.006568	32.3
425	-0.525962	233.028239	0.005495	31.7
426	-0.844332	232.762831	0.008409	32.4
427	-0.639123	232.498228	0.006504	32.8
428	0.000000	232.234425	0.000000	31.9
429	-0.387568	231.971419	0.007583	32.9
430	-0.028259	231.709205	0.001208	31.2
431	-0.839061	231.447781	0.007191	32.7
432	0.000000	231.187141	0.000000	31.3
433	0.000000	230.927283	0.000000	32.2
434	-0.763948	230.668202	0.004659	31.7
435	-0.770082	230.409895	0.007557	33.0
436	-0.558260	230.152358	0.004775	31.6
437	-0.830698	229.895587	0.005588	31.7
438	-0.401747	229.639578	0.003158	32.8
439	-0.915938	229.384329	0.005584	33.1
440	-0.502363	229.129834	0.004862	33.1
441	-0.646918	228.876091	0.004908	34.7
442	-0.861522	228.623096	0.004499	32.3
443	-0.045965	228.370846	0.001683	32.7
444	-0.392939	228.119336	0.003203	32.4
445	-0.255627	227.868563	0.003605	32.3
446	-0.589861	227.618525	0.004096	32.9
447	-0.000214	227.369216	0.000041	32.1
448	-0.768457	227.120635	0.004752	32.2
449	-0.703115	226.872777	0.005407	32.2
450	-0.532478	226.625638	0.004479	32.8
451	-0.060975	226.379217	0.001559	32.6
452	-0.350859	226.133509	0.004115	32.0
453	0.000000	225.888510	0.000000	31.8
454	-0.316474	225.644218	0.002590	31.9
455	-0.932337	225.400630	0.005557	31.7
456	-0.347809	225.157741	0.005924	31.4
457	-0.595738	224.915549	0.004749	32.1
458	0.000000	224.674051	0.000000	32.5
459	-0.803282	224.433242	0.004567	32.7
460	-0.269069	224.193121	0.005812	32.6
461	-0.000000	223.953684	0.000000	32.9
462	0.000000	223.714927	0.000000	33.1
463	0.000000	223.476848	0.000000	32.4
464	-0.717858	223.239444	0.006418	32.1
465	-0.713960	223.002710	0.004775	32.1
466	-0.362628	222.766645	0.006340	32.6
467	-0.622693	222.531245	0.005972	32.3
468	-0.652599	222.296508	0.005232	32.4
469	-0.598880	222.062429	0.004560	35.7
470	-0.277401	221.829007	0.003204	32.6
471	-0.592630	221.596238	0.006338	32.0
472	-0.862366	221.364119	0.007259	31.8
473	-0.357569	221.132647	0.005979	31.6
474	0.000000	220.901820	0.000000	31.7
475	-0.050604	220.671634	0.001460	32.0
476	-0.692316	220.442086	0.005936	32.6
477	-0.393151	220.213174	0.003098	31.7
478	-0.301669	219.984895	0.004193	32.2
479	-0.716559	219.757246	0.004629	34.8
480	-0.727398	219.530224	0.008351	31.6
481	-0.545615	219.303826	0.006799	31.6
482	-0.661902	219.078050	0.004054	32.7
483	0.000000	218.852893	0.000000	32.6
484	-0.004576	218.628352	0.000123	32.1
485	-0.130982	218.404424	0.001287	34.7
486	-0.626483	218.181106	0.006930	33.2
487	0.000000	217.958397	0.000000	33.2
488	-0.755771	217.736292	0.005993	31.9
489	-0.259933	217.514790	0.003645	32.2
490	-0.039479	217.293888	0.001234	31.6
491	-0.000000	217.073584	0.000000	32.2
492	-0.484981	216.853873	0.005584	32.0
493	-0.199923	216.634755	0.002965	32.9
494	-0.170675	216.416227	0.001232	32.7
495	0.000000	216.198285	0.000000	33.2
496	-0.114651	215.980927	0.001960	32.8
497	-0.852556	215.764151	0.006516	32.7
498	-0.215458	215.547955	0.002278	32.6
499	-0.628694	215.332335	0.006524	33.0
500	-0.658718	215.117289	0.006165	34.2
501	-0.580037	214.902815	0.006325	32.1
502	-0.100371	214.688911	0.001886	32.2
503	-0.956660	214.475573	0.005623	31.6
504	-0.819960	214.262800	0.004464	32.6
505	0.000000	214.050588	0.000000	32.8
506	-0.082160	213.838936	0.002086	32.0
507	-0.189303	213.627842	0.002433	30.9
508	-0.681608	213.417302	0.005468	32.4
509	-0.447622	213.207314	0.006138	32.4
510	-0.737588	212.997877	0.005990	33.0
511	-0.657032	212.788987	0.006875	32.6
512	-0.346532	212.580642	0.005086	33.5
513	-0.051069	212.372841	0.001057	32.6
514	0.000000	212.165581	0.000000	32.7
515	-0.714488	211.958859	0.005307	32.7
516	-0.983366	211.752673	0.006895	32.2
517	-0.342342	211.547021	0.005369	32.4
518	-0.054560	211.341902	0.003094	32.7
519	-0.000004	211.137311	0.000006	32.8
520	0.000000	210.933248	0.000000	32.6
521	-0.831354	210.729710	0.006914	33.0
522	-1.044190	210.526695	0.007764	32.6
523	-0.298023	210.324200	0.004296	32.1
524	-0.193702	210.122224	0.003747	32.1
525	-0.282245	209.920765	0.003099	32.2
526	-0.845477	209.719820	0.005953	32.2
527	-0.000011	209.519387	0.000008	32.7
528	-0.202193	209.319463	0.003316	32.4
529	-0.132956	209.120048	0.001548	33.5
530	-0.193606	208.921139	0.002334	33.6
531	-0.714522	208.722733	0.003689	33.2
532	-0.674709	208.524829	0.005237	32.6
533	0.000000	208.327425	0.000000	32.2
534	-0.672554	208.130518	0.003870	31.9
535	-0.730532	207.934107	0.006493	32.4
536	0.000000	207.738189	0.000000	32.3
537	0.000000	207.542762	0.000000	32.0
538	-0.001074	207.347825	0.000115	32.7
539	0.000000	207.153376	0.000000	32.3
540	-0.667914	206.959412	0.006217	32.8
541	0.000000	206.765932	0.000000	31.5
542	-0.494128	206.572933	0.004414	32.9
543	-0.835568	206.380414	0.005512	33.2
544	-0.020466	206.188373	0.000566	33.0
545	-0.407537	205.996807	0.003599	31.8
546	-0.528475	205.805716	0.007082	31.8
547	-0.503943	205.615096	0.004417	31.7
548	0.000000	205.424946	0.000000	33.3
549	-0.468778	205.235265	0.005151	32.2
550	-0.743222	205.046050	0.007361	31.9
551	-0.784096	204.857299	0.005615	32.8
552	-0.601034	204.669011	0.006013	32.9
553	-0.847132	204.481184	0.007224	32.2
554	-0.407235	204.293816	0.005741	31.4
555	-0.737114	204.106905	0.008710	33.0
556	-0.983779	203.920449	0.008373	32.8
557	-0.451318	203.734447	0.004700	32.4
558	0.000000	203.548896	0.000000	32.1
559	-0.816582	203.363795	0.007593	32.4
560	-0.930424	203.179143	0.005611	33.7
561	-0.618597	202.994937	0.007324	34.1
562	0.000000	202.811176	0.000000	32.3
563	-0.660743	202.627857	0.004638	32.2
564	-0.247976	202.444980	0.004361	32.5
565	-1.011398	202.262543	0.006288	32.9
566	-0.108085	202.080543	0.001961	32.8
567	-0.819706	201.898979	0.005939	31.8
568	-0.385038	201.717849	0.004043	32.7
569	-0.680763	201.537153	0.004673	32.8
570	-0.551838	201.356887	0.005769	31.3
571	-0.008043	201.177050	0.001607	31.6
572	0.000000	200.997642	0.000000	31.6
573	-0.913741	200.818659	0.005470	32.4
574	-0.532157	200.640100	0.006350	32.7
575	-0.401990	200.461965	0.006577	33.1
576	0.000000	200.284250	0.000000	32.4
577	-0.642331	200.106955	0.006326	32.2
578	-0.910917	199.930078	0.005574	32.5
579	-0.000532	199.753617	0.000053	33.4
580	-0.006902	199.577571	0.000460	32.3
581	-0.006024	199.401938	0.000186	31.9
582	-0.764023	199.226717	0.004248	32.8
583	-0.853703	199.051905	0.006157	32.4
584	-0.270038	198.877502	0.004629	32.0
585	0.000000	198.703506	0.000000	31.7
586	-0.415518	198.529916	0.003506	32.1
587	-0.333829	198.356729	0.004570	32.7
588	-0.379012	198.183944	0.005763	32.3
589	-0.270643	198.011560	0.003278	32.3
590	-0.430159	197.839576	0.004743	31.9
591	-0.140799	197.667989	0.002686	32.5
592	0.000000	197.496798	0.000000	34.3
593	-0.686281	197.326002	0.006596	32.7
594	-0.000355	197.155600	0.000158	32.9
595	-0.530387	196.985589	0.006055	32.3
596	-0.160810	196.815969	0.002700	32.3
597	-0.448380	196.646738	0.006189	32.4
598	-0.750677	196.477894	0.004579	33.0
599	0.000000	196.309436	0.000000	32.7
600	-0.002102	196.141363	0.000064	31.9
601	-0.833071	195.973673	0.006014	31.8
602	-0.988168	195.806365	0.006552	31.5
603	0.000000	195.639437	0.000000	32.6
604	-0.359897	195.472888	0.003135	32.5
605	-0.907642	195.306717	0.005782	32.1
606	-0.038503	195.140922	0.000561	32.6
607	0.000000	194.975501	0.000000	32.3
608	0.000000	194.810454	0.000000	32.5
609	-0.782027	194.645779	0.004253	32.9
610	-0.889914	194.481475	0.006516	32.1
611	-0.630570	194.317540	0.007313	32.6
612	-0.595278	194.153973	0.004090	33.4
613	-0.185085	193.990773	0.001497	32.2
614	0.000000	193.827938	0.000000	32.9
615	0.000000	193.665467	0.000000	32.6
616	0.000000	193.503358	0.000000	32.1
617	-0.902283	193.341611	0.004768	32.2
618	-0.080858	193.180224	0.001499	32.8
619	-0.201786	193.019196	0.004447	32.7
620	-0.296609	192.858525	0.003248	31.4
621	-0.299925	192.698210	0.002559	31.7
622	-0.854963	192.538251	0.005937	33.1
623	-0.004106	192.378644	0.000207	32.4
624	-0.588078	192.219391	0.006016	32.9
625	-0.723409	192.060488	0.006818	32.9
626	-0.549598	191.901935	0.006991	32.4
627	-0.368258	191.743730	0.005380	33.5
628	-0.137746	191.585873	0.001346	32.8
629	-0.694058	191.428362	0.005889	32.1
630	-0.729016	191.271196	0.004856	33.2
631	0.000000	191.114374	0.000000	32.3
632	-0.958224	190.957893	0.008397	31.8
633	-0.615108	190.801755	0.005556	32.8
634	-0.324785	190.645956	0.006119	32.4
635	-0.919097	190.490495	0.006086	31.8
636	-0.010375	190.335373	0.000558	32.3
637	-0.626376	190.180587	0.003852	31.7
638	-0.597641	190.026136	0.004581	31.4
639	-0.000000	189.872019	0.000000	32.0
640	0.000000	189.718235	0.000000	32.5
641	-0.713235	189.564782	0.006026	33.1
642	-0.024502	189.411661	0.001087	32.5
643	-0.604098	189.258868	0.007247	32.1
644	-0.403945	189.106404	0.003450	33.1
645	-0.141503	188.954267	0.002035	32.4
646	-0.794393	188.802456	0.006032	32.3
647	-0.811710	188.650969	0.004026	32.3
648	-0.795618	188.499807	0.006882	31.9
649	0.000000	188.348967	0.000000	32.5
650	-0.261697	188.198448	0.002979	32.3
651	-0.258403	188.048250	0.003104	32.1
652	-0.740008	187.898371	0.004734	32.6
653	-0.083901	187.748810	0.002248	34.1
654	-0.505378	187.599566	0.006700	32.4
655	0.000000	187.450638	0.000000	32.6
656	-0.623298	187.302025	0.005764	33.0
657	0.000000	187.153725	0.000000	34.0
658	-0.862853	187.005739	0.008690	32.7
659	-0.665038	186.858064	0.005267	32.3
660	-0.821911	186.710699	0.005675	32.5
661	-0.359447	186.563645	0.003783	32.2
662	0.000000	186.416898	0.000000	32.5
663	0.000000	186.270459	0.000000	32.8
664	-0.727568	186.124326	0.004732	32.3
665	-0.533503	185.978499	0.006501	32.3
666	-0.897519	185.832976	0.004834	32.9
667	-0.481815	185.687756	0.006196	32.9
668	-0.843470	185.542838	0.007356	31.9
669	-0.813636	185.398222	0.005983	31.9
670	-0.957302	185.253906	0.005930	32.7
671	0.000000	185.109889	0.000000	32.4
672	-0.709272	184.966170	0.005289	32.7
673	0.000000	184.822748	0.000000	33.4
674	0.000000	184.679623	0.000000	33.2
675	-0.343410	184.536792	0.005127	32.0
676	-0.517298	184.394256	0.006340	31.7
677	-0.350456	184.252013	0.003176	33.2
678	0.000000	184.110062	0.000000	31.8
679	-0.754797	183.968403	0.004329	32.2
680	-0.887810	183.827034	0.006396	32.6
681	-0.358608	183.685954	0.004913	32.6
682	-0.503050	183.545163	0.003712	32.9
683	-0.024107	183.404658	0.000589	32.1
684	-0.166302	183.264441	0.001963	34.9
685	-0.551923	183.124509	0.005967	32.8
686	-0.483359	182.984861	0.003868	32.6
687	-0.557377	182.845497	0.007208	32.1
688	0.000000	182.706416	0.000000	32.0
689	0.000000	182.567616	0.000000	33.2
690	0.000000	182.429098	0.000000	33.7
691	-0.463870	182.290859	0.004506	32.1
692	-0.343232	182.152899	0.003791	32.4
693	-0.551406	182.015217	0.007214	32.2
694	-0.468545	181.877813	0.003183	31.8
695	0.000000	181.740684	0.000000	31.6
696	-0.473704	181.603832	0.005156	32.4
697	0.000000	181.467253	0.000000	32.6
698	-0.227716	181.330948	0.002580	33.0
699	-0.237010	181.194916	0.002984	40.6
700	-0.712340	181.059155	0.004333	51.4
701	0.000000	180.923666	0.000000	41.2
702	-0.996419	180.788446	0.006314	32.2
703	0.000000	180.653496	0.000000	32.1
704	-0.812666	180.518814	0.006840	32.5
705	-0.216072	180.384399	0.002935	32.8
706	-0.165455	180.250251	0.002883	33.1
707	-0.862820	180.116369	0.006738	32.3
708	-0.816383	179.982752	0.006684	33.4
709	-0.480965	179.849398	0.005781	32.3
710	-0.646410	179.716308	0.006137	31.9
711	-0.678421	179.583480	0.005325	33.1
712	-0.596680	179.450913	0.006907	33.2
713	-0.641726	179.318607	0.006673	33.7
714	-0.669467	179.186561	0.006532	32.6
715	-0.572941	179.054774	0.004742	34.1
716	-0.848943	178.923245	0.005865	33.4
717	-0.157393	178.791973	0.003221	32.9
718	-0.624193	178.660958	0.007206	33.5
719	-0.596141	178.530199	0.004313	34.3
720	-0.865288	178.399694	0.007278	34.9
721	0.000000	178.269444	0.000000	32.9
722	-0.529575	178.139447	0.003481	32.3
723	-0.436197	178.009702	0.006350	32.2
724	-0.032589	177.880209	0.001058	32.9
725	-0.306118	177.750967	0.004076	32.2
726	-0.604390	177.621975	0.007173	32.5
727	-0.607485	177.493232	0.004708	32.7
728	-0.226637	177.364738	0.002048	32.2
729	-0.528147	177.236492	0.007372	32.5
730	-0.907350	177.108492	0.005242	32.7
731	-0.769088	176.980739	0.007702	32.0
732	-0.058316	176.853231	0.001437	32.2
733	-0.648755	176.725968	0.006280	32.5
734	-0.466799	176.598949	0.005404	33.2
735	-0.100656	176.472173	0.002272	32.3
736	-0.513177	176.345639	0.005902	32.9
737	-0.251785	176.219348	0.003249	32.4
738	0.000000	176.093296	0.000000	32.6
739	-0.430241	175.967486	0.005291	31.7
740	-0.233069	175.841914	0.002493	33.5
741	-0.710611	175.716581	0.004134	33.2
742	0.000000	175.591486	0.000000	32.3
743	-0.379683	175.466629	0.005344	33.1
744	-0.857868	175.342008	0.005175	32.9
745	0.000000	175.217622	0.000000	31.6
746	-0.626050	175.093472	0.007705	32.4
747	-0.297765	174.969556	0.002399	32.5
748	-0.969675	174.845873	0.006991	32.4
749	-0.822744	174.722423	0.004372	31.5
750	-0.867996	174.599206	0.005027	32.7
751	-0.013898	174.476220	0.000495	32.9
752	-0.624790	174.353464	0.007273	32.0
753	-0.066833	174.230939	0.000921	33.2
754	-0.470734	174.108643	0.003646	33.0
755	-0.162807	173.986576	0.002157	32.8
756	-0.859095	173.864737	0.004694	32.6
757	-0.071991	173.743124	0.001414	32.2
758	-0.285042	173.621739	0.004410	31.8
759	0.000000	173.500579	0.000000	32.3
760	-0.227887	173.379645	0.002876	33.2
761	0.000000	173.258935	0.000000	31.3
762	-0.860149	173.138449	0.005856	32.1
763	-0.056561	173.018186	0.000762	32.0
764	-0.519819	172.898146	0.008246	32.7
765	-0.417369	172.778327	0.004340	32.3
766	-0.911590	172.658730	0.005411	31.7
767	-0.042146	172.539353	0.001095	32.5
768	-0.551909	172.420196	0.004530	33.8
769	0.000000	172.301258	0.000000	33.9
770	-0.539644	172.182539	0.005677	33.1
771	-0.335041	172.064037	0.001707	33.8
772	-0.415286	171.945753	0.005296	33.2
773	-0.703620	171.827686	0.005886	32.1
774	-0.666319	171.709834	0.004778	33.8
775	0.000000	171.592198	0.000000	32.5
776	-0.775185	171.474776	0.005578	32.6
777	-0.091391	171.357568	0.001862	33.7
778	-0.266378	171.240574	0.005168	32.0
779	0.000000	171.123793	0.000000	32.4
780	-0.589417	171.007223	0.005993	33.0
781	-0.768597	170.890865	0.004925	32.5
782	-0.005617	170.774718	0.000137	32.0
783	0.000000	170.658782	0.000000	32.9
784	-0.349408	170.543055	0.004885	32.6
785	-0.015000	170.427537	0.000934	32.5
786	-0.029195	170.312227	0.000957	31.8
787	-0.831420	170.197125	0.006469	32.4
788	-0.074793	170.082231	0.001734	32.3
789	-0.841883	169.967543	0.005275	32.5
790	-0.718921	169.853061	0.006139	32.8
791	-0.126285	169.738784	0.002433	32.2
792	-0.862882	169.624713	0.006740	31.6
793	0.000000	169.510845	0.000000	33.0
794	-0.274503	169.397181	0.003448	34.1
795	-0.376786	169.283720	0.003058	32.2
796	-0.543952	169.170462	0.005158	32.5
797	0.000000	169.057405	0.000000	33.3
798	-0.784284	168.944549	0.004253	32.6
799	0.000000	168.831895	0.000000	32.6
800	-0.807456	168.719440	0.005545	32.3
801	0.000000	168.607185	0.000000	31.7
802	-0.007006	168.495129	0.000363	32.3
803	-0.411321	168.383271	0.005173	32.4
804	-0.008505	168.271611	0.000670	32.3
805	-0.766370	168.160148	0.004673	33.4
806	-0.523671	168.048882	0.006445	32.6
807	-0.726130	167.937812	0.004458	32.4
808	-0.928329	167.826938	0.004319	31.9
809	-0.619260	167.716258	0.004252	32.9
810	-0.362922	167.605773	0.002571	33.4
811	-0.772876	167.495482	0.007243	32.4
812	-0.696165	167.385384	0.007028	32.0
813	-0.052736	167.275479	0.000908	33.3
814	-0.699511	167.165766	0.005319	32.1
815	-0.889231	167.056245	0.004737	31.7
816	-0.111324	166.946915	0.000616	31.8
817	0.000000	166.837776	0.000000	31.2
818	-0.888068	166.728826	0.006759	32.8
819	0.000000	166.620067	0.000000	33.0
820	-0.944108	166.511496	0.005164	32.3
821	0.000000	166.403113	0.000000	32.8
822	0.000000	166.294919	0.000000	32.1
823	-0.598204	166.186912	0.003870	32.9
824	-0.858612	166.079091	0.005148	32.8
825	-0.461102	165.971458	0.002639	31.9
826	-0.453264	165.864009	0.004878	31.8
827	-0.043103	165.756747	0.000394	32.0
828	-0.900794	165.649669	0.004709	33.2
829	-0.170654	165.542775	0.001960	33.4
830	-0.000000	165.436065	0.000000	32.7
831	-0.423142	165.329538	0.005402	32.5
832	-0.968957	165.223194	0.006331	32.6
833	-0.005268	165.117032	0.000356	31.8
834	-0.463155	165.011052	0.007153	32.9
835	-0.905429	164.905253	0.006201	32.0
836	0.000000	164.799635	0.000000	33.7
837	-0.746090	164.694197	0.006957	32.7
838	-0.830630	164.588939	0.006332	32.3
839	-0.214605	164.483859	0.002309	32.8
840	-0.001633	164.378959	0.000073	32.1
841	-0.841894	164.274237	0.005559	32.3
842	-0.040563	164.169692	0.001485	32.3
843	-0.261694	164.065325	0.005323	32.5
844	-0.490881	163.961135	0.006606	31.9
845	-0.574528	163.857120	0.006226	32.1
846	-0.628051	163.753282	0.006203	32.4
847	-0.151735	163.649619	0.002282	32.1
848	-0.000000	163.546130	0.000000	32.2
849	-0.761916	163.442816	0.004427	33.7
850	-0.280804	163.339676	0.003625	32.3
851	-0.769499	163.236709	0.005189	32.2
852	-0.652113	163.133915	0.006572	32.2
853	-0.000000	163.031294	0.000000	32.7
854	0.000000	162.928844	0.000000	32.5
855	0.000000	162.826566	0.000000	32.7
856	0.000000	162.724459	0.000000	32.2
857	0.000000	162.622523	0.000000	32.2
858	-0.881732	162.520757	0.005802	32.0
859	-0.385109	162.419160	0.003182	33.5
860	-0.752687	162.317733	0.006758	32.6
861	-0.965001	162.216474	0.005445	32.3
862	0.000000	162.115383	0.000000	31.9
863	-0.709166	162.014461	0.003259	32.9
864	0.000000	161.913705	0.000000	31.9
865	-0.000000	161.813117	0.000000	32.1
866	0.000000	161.712695	0.000000	33.6
867	-0.469816	161.612439	0.005412	33.9
868	-0.914674	161.512349	0.006575	32.3
869	-0.762388	161.412424	0.006498	32.2
870	0.000000	161.312663	0.000000	31.4
871	-0.000167	161.213067	0.000038	31.9
872	-0.279412	161.113635	0.004439	32.3
873	-0.501210	161.014366	0.005711	32.7
874	-0.662602	160.915260	0.005026	32.1
875	0.000000	160.816316	0.000000	32.3
876	-0.952832	160.717535	0.005444	32.2
877	-0.703371	160.618915	0.005966	32.1
878	-0.734062	160.520456	0.006297	32.2
879	-0.482038	160.422158	0.003815	32.7
880	-0.462175	160.324021	0.006090	32.5
881	-0.972557	160.226043	0.007208	32.2
882	-0.832946	160.128225	0.005557	32.4
883	-0.014689	160.030566	0.000479	33.0
884	-0.016274	159.933066	0.001083	32.3
885	-0.187404	159.835723	0.001470	32.3
886	-0.382279	159.738539	0.005501	32.5
887	-0.577405	159.641512	0.003462	31.6
888	-0.727533	159.544642	0.004891	32.6
889	-0.829939	159.447929	0.004684	32.3
890	-0.792595	159.351372	0.003897	33.2
891	-0.357305	159.254971	0.004110	32.0
892	-0.144954	159.158725	0.001897	32.5
893	-0.262164	159.062634	0.002324	32.7
894	-0.370837	158.966697	0.004626	31.9
895	-0.000001	158.870915	0.000002	32.2
896	-0.402794	158.775286	0.003488	32.9
897	-0.702303	158.679811	0.005234	33.6
898	0.000000	158.584489	0.000000	32.2
899	-0.004223	158.489319	0.000458	33.4
900	-0.897459	158.394302	0.005639	32.5
901	0.000000	158.299436	0.000000	32.2
902	-0.517924	158.204721	0.006339	32.2
903	-0.815191	158.110158	0.007666	32.0
904	-0.922782	158.015745	0.006355	32.3
905	-0.695257	157.921482	0.006746	31.6
906	-0.131706	157.827369	0.001496	32.7
907	-0.432683	157.733406	0.003788	32.3
908	-0.186587	157.639591	0.002102	32.3
909	-0.495961	157.545925	0.007151	33.1
910	-0.340611	157.452408	0.004768	32.6
911	-0.661548	157.359038	0.007151	31.9
912	-0.556974	157.265816	0.006218	32.6
913	-0.848573	157.172741	0.004403	32.0
914	-0.362722	157.079813	0.004245	32.4
915	-0.000000	156.987031	0.000000	32.9
916	-0.528168	156.894395	0.005617	32.8
917	-0.434207	156.801904	0.004816	32.2
918	-0.369137	156.709559	0.005022	32.1
919	-0.019138	156.617359	0.000826	33.5
920	-0.743768	156.525304	0.003983	31.9
921	-0.891688	156.433392	0.005065	32.3
922	-0.201219	156.341624	0.004199	32.2
923	-0.480608	156.250000	0.005244	32.6
924	-0.318068	156.158519	0.003841	32.5
925	-0.461299	156.067180	0.003315	32.1
926	-0.023860	155.975984	0.000787	31.2
927	0.000000	155.884930	0.000000	34.0
928	-0.764108	155.794017	0.005169	32.1
929	-0.939951	155.703246	0.006734	32.4
930	-0.402963	155.612615	0.003321	32.9
931	-0.510914	155.522125	0.005449	32.4
932	-0.865733	155.431775	0.005441	31.9
933	-0.720301	155.341565	0.008143	33.2
934	-0.814683	155.251495	0.005886	32.0
935	-0.518227	155.161563	0.006369	32.4
936	-0.959345	155.071771	0.007035	32.2
937	-0.830016	154.982117	0.005456	32.7
938	-0.669585	154.892601	0.005813	33.0
939	-0.872207	154.803222	0.004934	33.1
940	-0.309808	154.713981	0.004318	32.7
941	0.000000	154.624878	0.000000	32.6
942	-0.861262	154.535910	0.006245	33.0
943	-0.000055	154.447080	0.000015	32.8
944	-0.339189	154.358385	0.003022	32.6
945	-0.462995	154.269826	0.005600	32.3
946	-0.158009	154.181402	0.002036	32.4
947	-0.478133	154.093114	0.003310	31.6
948	-0.633274	154.004960	0.005627	33.1
949	-0.248036	153.916940	0.002595	32.6
950	0.000000	153.829054	0.000000	32.1
951	0.000000	153.741303	0.000000	32.3
952	-0.259420	153.653684	0.004012	33.2
953	-0.890241	153.566198	0.005523	31.7
954	-0.066138	153.478846	0.001640	32.4
955	-0.821628	153.391625	0.006051	32.7
956	0.000000	153.304537	0.000000	32.8
957	-0.704441	153.217580	0.006152	32.6
958	0.000000	153.130755	0.000000	34.2
959	-0.686318	153.044061	0.003754	32.6
960	0.000000	152.957498	0.000000	31.8
961	-0.930133	152.871065	0.005489	32.4
962	-0.419728	152.784762	0.006131	32.4
963	-0.721245	152.698589	0.004795	32.6
964	-0.529749	152.612545	0.004947	33.0
965	-0.594504	152.526631	0.006145	32.2
966	-0.841765	152.440845	0.006028	32.8
967	0.000000	152.355188	0.000000	31.5
968	-0.478626	152.269660	0.003724	31.9
969	-0.271893	152.184259	0.004808	32.2
970	-0.271509	152.098986	0.004699	31.9
971	0.000000	152.013840	0.000000	32.1
972	-0.542538	151.928821	0.007630	32.0
973	-1.049227	151.843928	0.007655	32.1
974	-0.755736	151.759163	0.006512	32.0
975	0.000000	151.674523	0.000000	32.4
976	-0.610721	151.590009	0.005961	33.8
977	-0.846572	151.505620	0.006637	32.3
978	-0.023580	151.421357	0.001121	32.9
979	-0.776684	151.337218	0.005003	33.1
980	0.000000	151.253204	0.000000	32.9
981	-0.318940	151.169314	0.002948	32.6
982	0.000000	151.085549	0.000000	32.9
983	-0.281846	151.001907	0.002017	32.7
984	-0.723955	150.918388	0.005046	33.3
985	-0.804062	150.834992	0.005821	32.4
986	0.000000	150.751719	0.000000	32.1
987	-0.636306	150.668569	0.006038	31.6
988	-0.655199	150.585541	0.007040	33.3
989	-0.582875	150.502634	0.005748	33.3
990	-0.620404	150.419849	0.005504	34.5
991	0.000000	150.337186	0.000000	32.9
992	0.000000	150.254644	0.000000	33.4
993	0.000000	150.172222	0.000000	32.2
994	-0.586453	150.089921	0.005870	32.4
995	-0.316440	150.007740	0.002811	32.7
996	-0.336043	149.925679	0.002349	32.7
997	-0.635787	149.843737	0.005172	33.5
998	-0.142740	149.761915	0.003777	32.9
999	-0.001617	149.680212	0.000057	32.2
1000	-0.636943	149.598627	0.006134	32.6
1001	-0.873209	149.517161	0.005712	32.4
1002	0.000000	149.435814	0.000000	32.4
1003	0.000000	149.354584	0.000000	32.1
1004	-0.347127	149.273472	0.002781	32.1
1005	-0.930965	149.192477	0.005590	31.8
1006	-0.617389	149.111599	0.006170	33.0
1007	-1.004132	149.030838	0.006194	32.2
1008	-0.489838	148.950194	0.006517	32.2
1009	-0.932791	148.869666	0.005255	32.9
1010	0.000000	148.789253	0.000000	31.7
1011	-0.601237	148.708957	0.006737	32.7
1012	-0.203706	148.628776	0.003715	32.6
1013	-0.000000	148.548710	0.000000	33.3
1014	-0.809799	148.468759	0.004947	32.0
1015	-0.816430	148.388923	0.006079	32.3
1016	0.000000	148.309201	0.000000	32.2
1017	-0.508903	148.229594	0.008276	32.1
1018	-0.837791	148.150100	0.004547	32.4
1019	0.000000	148.070719	0.000000	33.9
1020	-0.046313	147.991452	0.001383	33.1
1021	-0.023505	147.912298	0.000705	33.3
1022	-0.345502	147.833257	0.003227	32.8
1023	-0.712702	147.754329	0.004818	32.5
1024	-0.803584	147.675512	0.004814	31.5
1025	-0.006004	147.596808	0.000282	31.3
1026	-0.476717	147.518216	0.006526	32.0
1027	-0.754365	147.439735	0.007787	32.1
1028	-0.641224	147.361365	0.005267	32.1
1029	-0.910246	147.283106	0.007189	33.1
1030	-0.754864	147.204958	0.005386	32.8
1031	-0.000449	147.126920	0.000044	31.0
1032	0.000000	147.048993	0.000000	32.1
1033	-0.002631	146.971175	0.000203	32.7
1034	-0.195668	146.893468	0.002173	32.3
1035	0.000000	146.815869	0.000000	32.8
1036	-0.748138	146.738380	0.004950	32.7
1037	-0.822805	146.661000	0.004849	31.8
1038	-0.370217	146.583729	0.002971	32.5
1039	-0.773204	146.506566	0.006526	32.4
1040	-0.007955	146.429511	0.000172	30.6
1041	-0.449477	146.352565	0.006485	31.4
1042	-0.384373	146.275726	0.004846	32.7
1043	-0.465436	146.198994	0.007536	31.6
1044	-0.824358	146.122370	0.005545	31.8
1045	0.000000	146.045853	0.000000	33.0
1046	-0.886627	145.969442	0.005360	31.7
1047	-0.524626	145.893139	0.004599	32.3
1048	0.000000	145.816941	0.000000	32.1
1049	-0.756862	145.740849	0.005010	33.1
1050	-0.245071	145.664863	0.003359	33.3
1051	-0.319757	145.588983	0.003499	32.6
1052	-0.838085	145.513208	0.008106	31.7
1053	-0.977447	145.437538	0.005272	32.1
1054	0.000000	145.361973	0.000000	33.0
1055	-0.006866	145.286513	0.000263	32.4
1056	0.000000	145.211157	0.000000	32.2
1057	-0.744763	145.135905	0.005517	32.0
1058	-0.696747	145.060757	0.007224	32.3
1059	0.000000	144.985712	0.000000	32.6
1060	-0.453809	144.910771	0.003562	31.8
1061	-0.264751	144.835934	0.004264	32.6
1062	-0.027613	144.761199	0.003892	32.6
1063	-0.418120	144.686567	0.003393	31.5
1064	-0.495984	144.612037	0.006064	31.9
1065	-0.560590	144.537610	0.005200	30.4
1066	0.000000	144.463285	0.000000	32.4
1067	-0.242533	144.389062	0.003212	32.5
1068	-0.617547	144.314940	0.005845	32.1
1069	-0.553582	144.240920	0.006743	32.5
1070	-0.225526	144.167001	0.002591	32.3
1071	-0.000025	144.093182	0.000013	31.2
1072	-0.626580	144.019465	0.008380	32.1
1073	-0.340981	143.945848	0.006419	31.6
1074	0.000000	143.872331	0.000000	32.4
1075	-0.519443	143.798914	0.004766	32.6
1076	-0.036094	143.725597	0.001687	32.5
1077	-0.806904	143.652380	0.005745	31.8
1078	-0.512532	143.579262	0.004184	32.7
1079	-0.562623	143.506243	0.008286	32.9
1080	-0.885179	143.433323	0.006959	32.5
1081	0.000000	143.360502	0.000000	34.0
1082	-0.085518	143.287780	0.002005	33.2
1083	-0.382682	143.215155	0.003302	32.0
1084	-0.780719	143.142629	0.006106	32.1
1085	-0.820992	143.070201	0.005223	32.5
1086	-0.512555	142.997870	0.005226	32.5
1087	0.000000	142.925637	0.000000	32.1
1088	-0.656338	142.853501	0.004034	32.1
1089	-0.717489	142.781462	0.004761	31.8
1090	-0.323928	142.709519	0.002861	32.1
1091	-0.320039	142.637674	0.004009	32.3
1092	0.000000	142.565924	0.000000	32.0
1093	0.000000	142.494271	0.000000	32.3
1094	0.000000	142.422714	0.000000	32.4
1095	-0.237536	142.351252	0.003108	32.1
1096	-0.218979	142.279886	0.003641	33.4
1097	-0.000258	142.208616	0.000025	32.7
1098	-0.803979	142.137440	0.006355	32.8
1099	-1.042021	142.066360	0.008939	33.4
1100	-1.005404	141.995374	0.008149	31.9
1101	-0.585552	141.924483	0.004958	31.8
1102	-0.678404	141.853685	0.005586	33.1
1103	-0.021253	141.782983	0.001325	32.2
1104	-0.905730	141.712373	0.006141	32.2
1105	0.000000	141.641858	0.000000	32.3
1106	-0.361785	141.571436	0.004999	32.6
1107	0.000000	141.501108	0.000000	31.7
1108	-0.007487	141.430872	0.000802	31.6
1109	-0.087409	141.360730	0.001762	31.5
1110	-0.000011	141.290680	0.000012	32.1
1111	-0.344406	141.220722	0.004745	32.7
1112	-0.038265	141.150857	0.000733	35.8
1113	-0.837777	141.081084	0.006829	33.2
1114	-0.622586	141.011403	0.007379	32.2
1115	0.000000	140.941813	0.000000	31.8
1116	-0.000000	140.872315	0.000000	31.8
1117	-0.919708	140.802909	0.006983	32.1
1118	-1.091378	140.733593	0.006721	32.1
1119	-0.133792	140.664369	0.002012	32.6
1120	0.000000	140.595235	0.000000	32.5
1121	0.000000	140.526192	0.000000	32.5
1122	0.000000	140.457239	0.000000	32.1
1123	0.000000	140.388376	0.000000	32.2
1124	-0.767478	140.319603	0.006047	31.9
1125	-0.416221	140.250920	0.005846	31.8
1126	-0.805712	140.182326	0.005194	31.7
1127	0.000000	140.113822	0.000000	32.4
1128	0.000000	140.045407	0.000000	32.2
1129	-0.476104	139.977081	0.005667	31.9
1130	0.000000	139.908844	0.000000	32.4
1131	-0.578794	139.840696	0.003624	33.0
1132	0.000000	139.772635	0.000000	32.1
1133	-0.622913	139.704664	0.007572	31.0
1134	0.000000	139.636780	0.000000	32.1
1135	-0.687382	139.568984	0.005894	32.6
1136	-0.624084	139.501276	0.007318	32.2
1137	-0.569679	139.433655	0.004567	32.1
1138	-0.904297	139.366122	0.008213	32.3
1139	0.000000	139.298676	0.000000	32.6
1140	-0.442791	139.231317	0.007292	32.0
1141	-0.745620	139.164045	0.005595	32.4
1142	-0.689179	139.096859	0.004957	33.5
1143	-0.547499	139.029760	0.005992	34.2
1144	0.000000	138.962747	0.000000	32.9
1145	-0.277559	138.895820	0.002469	32.7
1146	-0.861743	138.828978	0.005106	32.1
1147	-0.072835	138.762223	0.001263	32.5
1148	0.000000	138.695553	0.000000	31.8
1149	0.000000	138.628969	0.000000	32.5
1150	-0.721402	138.562469	0.004580	33.0
1151	-0.624286	138.496055	0.004114	32.7
1152	-0.679851	138.429725	0.007650	31.8
1153	-0.735271	138.363481	0.005429	32.3
1154	-0.827353	138.297320	0.004908	32.2
1155	-0.971708	138.231244	0.005337	31.8
1156	-0.712590	138.165252	0.006192	31.8
1157	-0.808472	138.099344	0.005176	31.6
1158	-0.600047	138.033520	0.005330	32.2
1159	-0.727557	137.967779	0.005958	33.2
1160	-0.000000	137.902122	0.000000	31.8
1161	-0.429571	137.836548	0.004327	31.9
1162	-1.032228	137.771057	0.006071	33.0
1163	-0.744725	137.705649	0.005891	31.8
1164	-0.457770	137.640324	0.006054	31.7
1165	-0.375436	137.575081	0.003392	31.8
1166	-0.346172	137.509921	0.003961	33.2
1167	0.000000	137.444842	0.000000	31.3
1168	-0.772530	137.379846	0.003977	32.6
1169	-0.548931	137.314932	0.005007	32.2
1170	-0.468455	137.250100	0.005787	31.4
1171	-0.449690	137.185349	0.003051	33.7
1172	-0.808777	137.120680	0.005693	32.7
1173	0.000000	137.056092	0.000000	33.3
1174	-0.474015	136.991585	0.004053	32.5
1175	-0.454514	136.927158	0.005183	32.3
1176	-0.287763	136.862813	0.004575	33.4
1177	-0.546228	136.798548	0.004006	32.8
1178	-0.598046	136.734363	0.004760	32.5
1179	-0.976554	136.670259	0.005780	32.8
1180	-0.093691	136.606235	0.001814	31.6
1181	-0.621662	136.542291	0.005276	32.1
1182	-0.057299	136.478426	0.002119	32.6
1183	-0.001108	136.414641	0.000221	31.7
1184	-0.708267	136.350936	0.004834	32.7
1185	-0.770927	136.287310	0.006163	32.7
1186	-0.347660	136.223763	0.002737	32.4
1187	-0.593338	136.160295	0.006258	33.1
1188	-0.187097	136.096905	0.002432	32.3
1189	-0.594955	136.033594	0.004676	33.3
1190	0.000000	135.970362	0.000000	31.8
1191	-0.770581	135.907208	0.004824	31.8
1192	-0.641524	135.844133	0.004367	32.9
1193	-0.987908	135.781135	0.005689	32.5
1194	-0.564644	135.718215	0.005005	32.0
1195	-0.117894	135.655373	0.001852	32.1
1196	-0.344875	135.592608	0.004145	32.2
1197	-0.060805	135.529921	0.002671	32.0
1198	0.000000	135.467311	0.000000	31.8
1199	-0.000976	135.404778	0.000025	32.1
1200	-0.824335	135.342322	0.005641	32.2
1201	-0.535889	135.279942	0.004563	31.8
1202	-0.009723	135.217640	0.000408	32.4
1203	-0.308652	135.155413	0.002805	32.8
1204	-0.015216	135.093263	0.001423	34.2
1205	-0.113017	135.031190	0.001569	32.1
1206	-0.597566	134.969192	0.006117	33.2
1207	-1.038813	134.907270	0.006648	32.0
1208	-0.634255	134.845424	0.005815	32.6
1209	-0.136758	134.783653	0.002433	33.4
1210	-1.012872	134.721958	0.004962	32.2
1211	-0.086026	134.660338	0.001431	31.7
1212	-0.894197	134.598793	0.006008	33.3
1213	-0.841052	134.537323	0.005769	32.4
1214	-0.805992	134.475927	0.006678	32.3
1215	-0.566878	134.414607	0.006368	31.8
1216	-0.685302	134.353361	0.007453	31.3
1217	-0.737812	134.292189	0.007574	32.1
1218	-0.842619	134.231092	0.004643	32.0
1219	-0.250416	134.170068	0.002131	33.7
1220	-0.778160	134.109119	0.005885	33.1
1221	-0.755620	134.048243	0.006425	31.9
1222	-0.449098	133.987441	0.004194	31.6
1223	-0.761194	133.926713	0.005989	31.7
1224	-0.338101	133.866057	0.002991	32.4
1225	-0.000000	133.805475	0.000000	32.5
1226	-0.239673	133.744966	0.003051	32.5
1227	0.000000	133.684530	0.000000	32.4
1228	-0.864741	133.624167	0.005366	32.1
1229	0.000000	133.563877	0.000000	32.3
1230	-0.547725	133.503658	0.005320	32.4
1231	-0.326953	133.443513	0.002855	32.7
1232	-0.667514	133.383439	0.005942	33.3
1233	-0.666619	133.323437	0.005982	32.2
1234	-0.700322	133.263508	0.004991	32.2
1235	0.000000	133.203650	0.000000	33.7
1236	-0.609229	133.143864	0.005920	33.6
1237	-0.814207	133.084149	0.006688	33.2
1238	0.000000	133.024506	0.000000	32.0
1239	-0.723451	132.964934	0.003830	32.8
1240	-0.833048	132.905433	0.005874	32.1
1241	-0.787873	132.846003	0.005119	32.7
1242	0.000000	132.786643	0.000000	32.0
1243	-0.840623	132.727355	0.004714	32.5
1244	-0.628265	132.668137	0.004066	33.0
1245	-0.178524	132.608989	0.002929	32.5
1246	-0.626240	132.549912	0.006266	33.1
1247	-0.460143	132.490904	0.003045	31.8
1248	-0.537052	132.431967	0.006478	33.0
1249	0.000000	132.373100	0.000000	32.9
1250	-0.919186	132.314302	0.005968	32.0
1251	-0.480653	132.255574	0.005646	32.2
1252	-0.661029	132.196916	0.004170	32.5
1253	-0.650202	132.138326	0.005317	32.4
1254	-0.595863	132.079806	0.006753	32.2
1255	0.000000	132.021355	0.000000	32.2
1256	-0.730146	131.962973	0.004550	32.0
1257	-0.509632	131.904660	0.004287	32.3
1258	-0.331288	131.846415	0.003415	33.6
1259	-0.629093	131.788239	0.006126	32.1
1260	-0.570232	131.730131	0.008216	32.5
1261	-0.000636	131.672092	0.000058	32.0
1262	-0.562719	131.614121	0.006139	33.1
1263	-0.902835	131.556217	0.006341	32.1
1264	-0.352215	131.498382	0.002548	31.9
1265	-0.227193	131.440614	0.004596	33.9
1266	-0.861070	131.382914	0.005662	32.1
1267	-0.775288	131.325282	0.004780	32.5
1268	0.000000	131.267717	0.000000	32.5
1269	-0.740881	131.210219	0.005663	31.7
1270	-0.444820	131.152788	0.006062	33.0
1271	-0.000027	131.095424	0.000008	32.3
1272	-0.033506	131.038127	0.000425	32.5
1273	-0.102922	130.980897	0.001310	32.3
1274	-0.012918	130.923733	0.001032	32.5
1275	-0.654097	130.866636	0.006079	32.1
1276	-0.149145	130.809605	0.002528	32.9
1277	-0.390735	130.752641	0.004552	32.9
1278	0.000000	130.695742	0.000000	32.0
1279	0.000000	130.638910	0.000000	32.9
1280	-0.588209	130.582143	0.006114	32.1
1281	-0.832212	130.525442	0.004785	32.4
1282	-0.473053	130.468807	0.004067	34.5
1283	-0.767314	130.412237	0.005333	32.1
1284	0.000000	130.355733	0.000000	33.1
1285	0.000000	130.299294	0.000000	33.7
1286	-0.381609	130.242920	0.004709	33.2
1287	-1.090052	130.186611	0.007501	32.4
1288	-0.022013	130.130366	0.001375	33.0
1289	0.000000	130.074187	0.000000	32.6
1290	0.000000	130.018072	0.000000	33.4
1291	-0.152365	129.962022	0.002071	32.6
1292	-0.219925	129.906036	0.002912	33.4
1293	0.000000	129.850114	0.000000	33.7
1294	-0.028544	129.794257	0.000599	32.8
1295	-0.784636	129.738463	0.006096	34.0
1296	-0.712593	129.682734	0.007432	33.7
1297	-0.115148	129.627068	0.001787	33.3
1298	-0.424842	129.571466	0.004338	32.4
1299	-0.256561	129.515927	0.002592	32.8
1300	-0.159775	129.460452	0.002226	33.8
1301	-0.051304	129.405040	0.001098	32.7
1302	-0.674124	129.349692	0.007560	33.4
1303	-0.896639	129.294406	0.005242	32.6
1304	-0.936698	129.239183	0.005689	33.5
1305	-0.730019	129.184024	0.005172	34.2
1306	-0.032437	129.128927	0.000658	34.4
1307	-0.696635	129.073892	0.004491	32.8
1308	-0.495212	129.018921	0.005937	32.8
1309	-0.590913	128.964011	0.007064	34.4
1310	-0.613750	128.909164	0.005599	34.6
1311	-0.701133	128.854379	0.006078	33.8
1312	-0.041052	128.799656	0.001333	33.1
1313	0.000000	128.744995	0.000000	32.1
1314	0.000000	128.690396	0.000000	33.2
1315	-0.580181	128.635858	0.004300	33.1
1316	-0.198093	128.581382	0.002070	32.4
1317	-0.628608	128.526968	0.007705	32.9
1318	-0.728609	128.472615	0.004824	33.8
1319	-0.002429	128.418323	0.000153	33.6
1320	-0.708869	128.364092	0.006281	34.1
1321	-0.481060	128.309922	0.005454	36.3
1322	-0.071412	128.255814	0.001384	33.1
1323	-0.740115	128.201766	0.005492	31.8
1324	-0.008158	128.147778	0.000175	34.2
1325	-0.230803	128.093852	0.002817	33.1
1326	-0.654117	128.039985	0.007786	33.5
1327	-0.000000	127.986180	0.000000	32.5
1328	-0.377254	127.932434	0.006442	33.7
1329	-0.471057	127.878749	0.006305	32.9
1330	-0.000188	127.825123	0.000009	33.8
1331	0.000000	127.771558	0.000000	33.3
1332	0.000000	127.718052	0.000000	32.9
1333	0.000000	127.664606	0.000000	33.1
1334	-0.093719	127.611220	0.001443	33.8
1335	-0.444096	127.557893	0.002608	33.7
1336	-0.896514	127.504625	0.005719	35.4
1337	0.000000	127.451417	0.000000	36.9
1338	-0.707138	127.398268	0.004965	36.2
1339	-0.133990	127.345178	0.001373	34.6
1340	0.000000	127.292147	0.000000	34.4
1341	-0.361553	127.239175	0.003064	33.0
1342	-0.623298	127.186261	0.005951	33.1
1343	-0.863587	127.133407	0.006178	33.5
1344	0.000000	127.080610	0.000000	33.2
1345	-0.468196	127.027872	0.005038	31.6
1346	-0.717817	126.975193	0.003956	32.5
1347	-0.538172	126.922572	0.008891	33.5
1348	-0.186218	126.870008	0.002232	33.0
1349	-0.842614	126.817503	0.004329	35.6
1350	-1.007813	126.765056	0.006951	32.7
1351	-0.728359	126.712667	0.005752	32.8
1352	-0.495874	126.660335	0.005985	32.7
1353	-0.364113	126.608061	0.005372	34.4
1354	-0.226943	126.555844	0.002999	34.2
1355	-0.004300	126.503685	0.000000	34.6
1356	-0.125600	126.451583	0.001504	33.6
1357	-0.486233	126.399538	0.003825	33.8
1358	0.000000	126.347550	0.000000	32.7
1359	-0.429495	126.295619	0.005385	32.5
1360	-0.593258	126.243745	0.007613	33.4
1361	0.000000	126.191928	0.000000	32.6
1362	0.000000	126.140168	0.000000	32.8
1363	-0.644802	126.088464	0.007267	33.7
1364	-0.645089	126.036817	0.008008	33.1
1365	0.000000	125.985226	0.000000	34.5
1366	-0.091802	125.933691	0.002055	34.4
1367	-0.000001	125.882212	0.000002	33.6
1368	-0.006563	125.830790	0.000277	33.2
1369	-0.735456	125.779423	0.004725	33.5
1370	0.000000	125.728113	0.000000	32.8
1371	-0.000686	125.676858	0.000034	33.1
1372	-0.962976	125.625659	0.006495	33.2
1373	-0.036885	125.574515	0.000991	32.8
1374	-0.742780	125.523427	0.004569	33.3
1375	-0.497707	125.472394	0.004054	32.5
1376	-0.868305	125.421417	0.007251	32.3
1377	-0.527271	125.370495	0.006564	33.7
1378	-0.858582	125.319628	0.004868	33.9
1379	0.000000	125.268815	0.000000	33.7
1380	-0.139527	125.218058	0.001603	33.3
1381	-0.772010	125.167356	0.005270	33.0
1382	-0.102457	125.116708	0.001845	32.6
1383	-0.418903	125.066115	0.005558	32.6
1384	-0.412945	125.015576	0.004776	33.7
1385	-0.735540	124.965092	0.005350	36.2
1386	-0.792999	124.914662	0.003806	32.6
1387	-0.270017	124.864287	0.003192	33.6
1388	-0.458082	124.813965	0.003893	34.1
1389	-0.013462	124.763698	0.001788	32.7
1390	-0.240512	124.713485	0.003014	32.3
1391	-0.680778	124.663325	0.007581	33.2
1392	0.000000	124.613219	0.000000	34.5
1393	-0.515647	124.563167	0.005580	32.5
1394	-0.723060	124.513168	0.004867	32.9
1395	-0.553615	124.463223	0.005684	32.4
1396	-0.174677	124.413332	0.001974	32.4
1397	0.000000	124.363493	0.000000	32.7
1398	-0.495725	124.313708	0.005093	33.7
1399	-0.958501	124.263976	0.006728	33.6
1400	-0.803557	124.214297	0.006674	35.2
1401	-0.000000	124.164671	0.000000	33.2
1402	-0.841636	124.115097	0.004653	32.1
1403	-0.392079	124.065577	0.004023	32.9
1404	0.000000	124.016109	0.000000	32.2
1405	-0.475419	123.966693	0.003794	33.1
1406	-0.771826	123.917330	0.006396	32.4
1407	-0.407801	123.868020	0.006306	32.4
1408	0.000000	123.818762	0.000000	34.0
1409	-0.781528	123.769556	0.005673	32.6
1410	-0.477085	123.720402	0.003849	33.2
1411	-0.754408	123.671300	0.005891	33.6
1412	-0.379706	123.622250	0.004668	33.0
1413	0.000000	123.573252	0.000000	33.5
1414	0.000000	123.524305	0.000000	32.6
1415	-0.066585	123.475411	0.003445	35.6
1416	-0.392958	123.426568	0.006258	36.2
1417	-0.384898	123.377776	0.006161	33.1
1418	-0.639249	123.329036	0.004021	32.7
1419	-0.440740	123.280347	0.006382	32.9
1420	-0.001563	123.231709	0.000476	32.1
1421	-0.835339	123.183122	0.006272	34.2
1422	0.000000	123.134587	0.000000	32.2
1423	0.000000	123.086102	0.000000	32.4
1424	-0.178326	123.037669	0.002058	33.9
1425	-0.805731	122.989286	0.005406	33.9
1426	-0.754472	122.940954	0.007479	32.5
1427	-0.858500	122.892672	0.006086	33.4
1428	-0.799958	122.844441	0.005736	34.3
1429	-0.343534	122.796261	0.002459	34.4
1430	-0.657148	122.748130	0.005131	33.2
1431	-0.797065	122.700050	0.005628	34.1
1432	-0.655542	122.652021	0.005394	35.5
1433	0.000000	122.604041	0.000000	34.7
1434	-0.857354	122.556111	0.005336	34.8
1435	-0.780931	122.508232	0.004294	36.0
1436	-0.905066	122.460402	0.005796	39.4
1437	-0.220755	122.412622	0.003415	33.7
1438	0.000000	122.364891	0.000000	32.8
1439	-0.324971	122.317210	0.004180	33.9
1440	0.000000	122.269579	0.000000	32.3
1441	0.000000	122.221997	0.000000	32.9
1442	-0.000939	122.174465	0.000170	36.1
1443	-0.322031	122.126981	0.004673	30.9
1444	-0.544349	122.079547	0.005523	30.4
1445	-0.403414	122.032162	0.006686	32.5
1446	-0.055162	121.984826	0.001361	33.1
1447	-0.439040	121.937539	0.005747	33.8
1448	0.000000	121.890301	0.000000	33.1
1449	-0.001321	121.843112	0.000189	31.5
1450	-0.093409	121.795971	0.002395	32.5
1451	-0.332273	121.748879	0.003423	30.7
1452	-0.592407	121.701835	0.005638	31.2
1453	-0.771010	121.654840	0.007238	30.7
1454	-0.044592	121.607893	0.000277	29.5
1455	-0.075444	121.560994	0.001067	30.3
1456	0.000000	121.514144	0.000000	29.6
1457	-0.000067	121.467342	0.000029	30.6
1458	-0.745030	121.420588	0.005450	31.2
1459	-0.369116	121.373882	0.006029	30.2
1460	-0.929891	121.327223	0.006230	30.5
1461	-0.538787	121.280613	0.004011	30.3
1462	0.000000	121.234050	0.000000	30.6
1463	-0.682969	121.187535	0.004562	30.5
1464	0.000000	121.141067	0.000000	32.4
1465	-0.510729	121.094647	0.006611	31.3
1466	-0.640163	121.048274	0.005474	30.6
1467	-0.448162	121.001949	0.007617	30.3
1468	-0.449807	120.955671	0.005080	30.7
1469	-0.799135	120.909440	0.004301	29.8
1470	0.000000	120.863256	0.000000	30.6
1471	0.000000	120.817119	0.000000	30.6
1472	-0.821875	120.771029	0.006823	30.0
1473	-0.834711	120.724986	0.006202	30.5
1474	-0.695445	120.678990	0.004887	30.2
1475	0.000000	120.633040	0.000000	31.2
1476	-0.412795	120.587137	0.004160	31.4
1477	-0.016058	120.541281	0.000523	30.3
1478	-0.901360	120.495471	0.007377	31.6
1479	-0.909495	120.449707	0.006016	30.3
1480	-0.701597	120.403990	0.005193	30.2
1481	-0.494860	120.358319	0.004559	30.3
1482	-0.296345	120.312694	0.004737	31.8
1483	-0.583865	120.267115	0.005500	30.7
1484	0.000000	120.221582	0.000000	30.2
1485	-0.811197	120.176096	0.005352	30.5
1486	-0.618319	120.130655	0.003900	30.7
1487	-0.874116	120.085260	0.005972	30.5
1488	-0.687449	120.039910	0.005306	29.8
1489	-1.085100	119.994606	0.007547	31.1
1490	-0.684629	119.949348	0.005850	30.5
1491	-0.143628	119.904135	0.002237	30.7
1492	-0.763142	119.858968	0.005076	31.5
1493	-0.426203	119.813846	0.005180	30.2
1494	-0.689559	119.768769	0.005660	30.1
1495	-0.559163	119.723738	0.002496	30.3
1496	-0.861522	119.678752	0.005400	31.5
1497	-0.268231	119.633810	0.004459	30.6
1498	-0.001009	119.588914	0.000285	31.8
1499	-0.657989	119.544062	0.005905	32.8
1500	-0.400587	119.499256	0.005454	30.1
1501	-0.871819	119.454494	0.006382	32.0
1502	-0.010595	119.409777	0.000189	30.4
1503	-0.883779	119.365104	0.006889	30.1
1504	-0.765318	119.320476	0.005202	30.1
1505	-0.900967	119.275893	0.005001	30.2
1506	-0.361371	119.231353	0.006240	30.5
1507	-0.928803	119.186859	0.006460	31.2
1508	-0.653334	119.142408	0.005767	30.2
1509	-0.563632	119.098002	0.004271	30.2
1510	0.000000	119.053639	0.000000	30.0
1511	-0.066067	119.009321	0.001437	30.4
1512	-0.805715	118.965047	0.005134	30.1
1513	-0.039877	118.920816	0.002660	29.9
1514	-0.675897	118.876630	0.004936	31.1
1515	-1.001831	118.832487	0.006007	31.1
1516	-0.745279	118.788388	0.005183	31.9
1517	-0.113762	118.744332	0.002001	31.5
1518	-0.129810	118.700320	0.002702	28.6
1519	0.000000	118.656352	0.000000	30.9
1520	-0.294012	118.612427	0.003613	30.3
1521	0.000000	118.568545	0.000000	30.7
1522	-0.006624	118.524706	0.000314	30.8
1523	-0.000123	118.480911	0.000030	30.8
1524	-0.784087	118.437159	0.006856	30.8
1525	-0.000001	118.393450	0.000000	31.1
1526	-0.012864	118.349784	0.002212	31.7
1527	-1.038386	118.306160	0.007859	33.0
1528	-0.246029	118.262580	0.002436	30.5
1529	-0.817914	118.219042	0.005810	29.8
1530	0.000000	118.175548	0.000000	30.3
1531	-0.703434	118.132095	0.006285	29.5
1532	-0.012249	118.088686	0.000408	30.3
1533	-0.001167	118.045319	0.000171	31.1
1534	-0.982011	118.001994	0.006161	32.0
1535	-0.000699	117.958712	0.000069	45.5
1536	-0.482817	117.915472	0.004249	33.1
1537	-0.976428	117.872274	0.007714	29.6
1538	-0.358352	117.829118	0.005813	31.9
1539	-0.000000	117.786005	0.000000	31.2
1540	-0.995019	117.742933	0.006355	31.7
1541	-0.156472	117.699904	0.001873	33.5
1542	-0.962241	117.656916	0.007533	30.5
1543	-0.543209	117.613971	0.002789	30.3
1544	-0.383052	117.571067	0.004504	29.2
1545	0.000000	117.528205	0.000000	30.7
1546	-0.817074	117.485384	0.005563	31.1
1547	-0.751169	117.442605	0.006123	29.7
1548	-0.397352	117.399867	0.003869	30.0
1549	-0.786410	117.357171	0.005993	30.0
1550	0.000000	117.314517	0.000000	30.7
1551	-0.010637	117.271903	0.000417	31.1
1552	-0.806842	117.229331	0.007686	30.4
1553	-0.008326	117.186800	0.000262	29.9
1554	-0.902088	117.144311	0.006163	30.3
1555	-0.335770	117.101862	0.002607	30.1
1556	-0.676524	117.059454	0.004599	29.3
1557	0.000000	117.017087	0.000000	30.8
1558	-0.736422	116.974762	0.005717	30.0
1559	-0.613491	116.932476	0.006489	29.6
1560	-0.862750	116.890232	0.006650	30.1
1561	0.000000	116.848028	0.000000	30.4
1562	-0.803588	116.805865	0.004404	30.4
1563	-0.007873	116.763743	0.000221	30.4
1564	-0.428338	116.721661	0.006842	30.9
1565	-0.000000	116.679619	0.000000	31.0
1566	-0.553920	116.637618	0.007209	29.9
1567	-0.881118	116.595657	0.004368	30.1
1568	-0.299356	116.553736	0.003170	31.2
1569	-0.938507	116.511855	0.006331	29.9
1570	-0.690786	116.470015	0.005923	30.5
1571	-0.645307	116.428214	0.005622	30.2
1572	-0.000000	116.386454	0.000000	30.3
1573	-0.963635	116.344733	0.005735	31.5
1574	0.000000	116.303052	0.000000	31.8
1575	-0.672788	116.261412	0.005547	30.5
1576	-0.656886	116.219810	0.003610	30.1
1577	-0.400434	116.178249	0.003630	30.4
1578	-0.978825	116.136727	0.005775	30.4
1579	-0.010681	116.095245	0.000639	29.9
1580	-0.584513	116.053802	0.003877	30.4
1581	-0.497495	116.012398	0.004825	30.5
1582	-0.807996	115.971034	0.006306	31.4
1583	0.000000	115.929710	0.000000	30.6
1584	0.000000	115.888424	0.000000	30.7
1585	-0.000000	115.847178	0.000000	29.9
1586	-0.533673	115.805970	0.005650	30.9
1587	-0.165126	115.764802	0.003128	30.7
1588	-0.589915	115.723673	0.005906	30.3
1589	-0.028568	115.682583	0.001828	30.5
1590	-0.255860	115.641532	0.002964	29.8
1591	-0.003757	115.600519	0.000179	29.9
1592	-0.000000	115.559546	0.000000	30.3
1593	-0.783242	115.518610	0.006620	31.0
1594	0.000000	115.477714	0.000000	30.3
1595	-0.257013	115.436856	0.002594	29.3
1596	-0.178891	115.396037	0.002451	30.3
1597	-0.882776	115.355256	0.005294	30.3
1598	-0.617946	115.314514	0.006513	30.1
1599	-0.382278	115.273810	0.003852	30.4
1600	-0.413676	115.233144	0.002441	30.8
1601	-0.402084	115.192517	0.004785	30.6
1602	-0.908046	115.151927	0.006285	32.2
1603	-0.659229	115.111376	0.005817	32.0
1604	0.000000	115.070863	0.000000	31.9
1605	-0.687170	115.030388	0.005288	30.9
1606	-0.641521	114.989951	0.006282	37.0
1607	-0.857050	114.949551	0.005316	33.6
1608	-0.195213	114.909190	0.002129	32.3
1609	-1.035810	114.868866	0.007955	31.1
1610	-0.598273	114.828580	0.006327	33.3
1611	-0.793334	114.788332	0.005652	33.0
1612	-0.548180	114.748121	0.003648	32.2
1613	-0.813924	114.707948	0.006146	32.2
1614	-0.718487	114.667812	0.005475	29.9
1615	-0.673054	114.627714	0.007245	31.5
1616	-0.474018	114.587653	0.004400	30.6
1617	-0.852771	114.547629	0.006036	31.1
1618	-0.159701	114.507643	0.002042	31.3
1619	-0.356595	114.467693	0.004710	29.6
1620	-0.912240	114.427781	0.007010	30.8
1621	-0.555854	114.387907	0.003993	30.7
1622	-0.987965	114.348069	0.005940	31.1
1623	-0.965466	114.308268	0.009149	29.8
1624	0.000000	114.268504	0.000000	30.8
1625	-0.854408	114.228777	0.004606	30.1
1626	-0.971622	114.189086	0.005508	29.8
1627	-0.720133	114.149433	0.004438	30.1
1628	-0.000106	114.109816	0.000054	30.6
1629	-0.867157	114.070235	0.006764	30.4
1630	-0.719229	114.030692	0.005914	30.4
1631	-0.773130	113.991185	0.005359	29.6
1632	-0.876242	113.951714	0.006324	31.1
1633	-0.526642	113.912280	0.004551	30.7
1634	0.000000	113.872882	0.000000	31.8
1635	-0.382578	113.833521	0.004194	35.9
1636	-0.441120	113.794195	0.005593	34.7
1637	-0.759578	113.754906	0.005272	35.4
1638	-0.000005	113.715653	0.000005	37.7
1639	-0.806043	113.676437	0.004246	32.5
1640	-0.992748	113.637256	0.004774	32.3
1641	-0.742913	113.598111	0.007502	31.5
1642	-0.756703	113.559002	0.006921	30.1
1643	-0.345391	113.519929	0.005808	30.8
1644	-0.670076	113.480892	0.006038	31.4
1645	-0.000731	113.441891	0.000042	32.4
1646	0.000000	113.402925	0.000000	32.3
1647	-0.867596	113.363995	0.006152	32.2
1648	-0.770953	113.325101	0.004855	32.1
1649	-0.026891	113.286242	0.001310	31.8
1650	-0.455350	113.247419	0.005167	31.7
1651	0.000000	113.208631	0.000000	32.0
1652	-0.604379	113.169879	0.004032	31.2
1653	-0.832984	113.131162	0.005161	31.9
1654	-0.673788	113.092480	0.004794	31.3
1655	-0.609026	113.053833	0.007080	29.7
1656	-0.000000	113.015222	0.000000	31.4
1657	0.000000	112.976646	0.000000	30.7
1658	-0.644191	112.938105	0.004791	30.7
1659	-0.027055	112.899599	0.000560	30.4
1660	-0.929872	112.861128	0.005995	32.0
1661	-0.805735	112.822692	0.006309	32.7
1662	0.000000	112.784291	0.000000	31.9
1663	-0.580693	112.745924	0.007706	31.3
1664	-0.256885	112.707593	0.002655	30.4
1665	-0.379561	112.669296	0.006496	30.6
1666	-0.877708	112.631034	0.003874	30.7
1667	-0.134423	112.592806	0.001633	31.1
1668	-0.580668	112.554613	0.007077	30.3
1669	-0.767974	112.516455	0.006226	33.2
1670	-0.725136	112.478331	0.004737	31.9
1671	-0.483075	112.440241	0.006520	31.3
1672	-0.336138	112.402186	0.005079	31.8
1673	-0.826086	112.364165	0.008374	30.6
1674	-0.437727	112.326179	0.006235	30.1
1675	-0.264794	112.288227	0.002645	31.0
1676	-0.303201	112.250309	0.004476	31.2
1677	-0.839040	112.212425	0.007417	29.7
1678	-0.581170	112.174575	0.004563	30.9
1679	-0.859205	112.136759	0.005390	31.3
1680	-0.000000	112.098977	0.000000	31.6
1681	-0.797473	112.061229	0.004304	31.1
1682	-0.781508	112.023515	0.004631	30.4
1683	-0.392574	111.985834	0.005452	31.4
1684	-0.955244	111.948188	0.006591	30.3
1685	-0.853686	111.910575	0.005710	30.8
1686	-0.140787	111.872996	0.002736	30.9
1687	0.000000	111.835450	0.000000	31.6
1688	-0.527297	111.797939	0.005573	30.5
1689	-0.478169	111.760460	0.003937	30.9
1690	-0.705666	111.723015	0.007074	31.9
1691	-0.060043	111.685604	0.002600	31.3
1692	0.000000	111.648226	0.000000	31.0
1693	-0.762217	111.610881	0.006102	31.8
1694	-0.589162	111.573570	0.005267	32.7
1695	-0.653071	111.536292	0.006475	30.9
1696	-0.108486	111.499047	0.001424	30.8
1697	0.000000	111.461835	0.000000	30.4
1698	-0.749976	111.424656	0.004458	30.1
1699	-0.579464	111.387510	0.004621	29.9
1700	-0.931662	111.350398	0.006987	30.8
1701	-0.589157	111.313318	0.006292	33.2
1702	0.000000	111.276271	0.000000	32.1
1703	0.000000	111.239257	0.000000	31.6
1704	-0.614562	111.202276	0.005705	33.0
1705	-1.013553	111.165328	0.006178	30.8
1706	-0.163021	111.128412	0.001865	30.6
1707	-0.062098	111.091529	0.001693	32.0
1708	0.000000	111.054679	0.000000	30.8
1709	-0.496933	111.017861	0.006315	30.2
1710	-0.684453	110.981076	0.005793	31.2
1711	-0.000003	110.944323	0.000002	31.8
1712	-0.047077	110.907603	0.001127	31.1
1713	-0.753097	110.870915	0.005923	31.5
1714	-1.023898	110.834259	0.005533	30.7
1715	0.000000	110.797636	0.000000	31.0
1716	-0.808334	110.761045	0.005220	29.1
1717	-0.482000	110.724486	0.003800	31.1
1718	-0.647251	110.687959	0.005984	30.3
1719	-0.940247	110.651465	0.004897	30.6
1720	0.000000	110.615002	0.000000	31.2
1721	-0.848152	110.578572	0.004375	29.8
1722	-0.748165	110.542173	0.006027	30.3
1723	0.000000	110.505807	0.000000	30.3
1724	-0.084089	110.469472	0.002321	29.9
1725	-0.566701	110.433169	0.003690	30.3
1726	-0.634855	110.396898	0.004129	31.1
1727	-0.787277	110.360659	0.008059	29.9
1728	-0.005029	110.324451	0.000249	30.7
1729	-0.704070	110.288276	0.004540	29.9
1730	-0.906421	110.252131	0.004877	30.2
1731	-0.525578	110.216019	0.003743	30.5
1732	-0.830810	110.179937	0.005384	31.7
1733	-0.649647	110.143888	0.005399	30.3
1734	-0.914150	110.107869	0.005204	31.3
1735	-0.365379	110.071882	0.003105	30.1
1736	-0.344031	110.035927	0.004549	31.4
1737	-0.859115	110.000003	0.004992	31.7
1738	-0.795358	109.964110	0.006896	31.0
1739	-0.654169	109.928248	0.004431	30.9
1740	-0.757987	109.892417	0.007312	30.9
1741	-0.014469	109.856618	0.000558	30.4
1742	-0.878771	109.820850	0.007191	29.7
1743	-0.862260	109.785112	0.006292	31.4
1744	0.000000	109.749406	0.000000	30.5
1745	0.000000	109.713730	0.000000	29.9
1746	0.000000	109.678086	0.000000	30.4
1747	-0.415281	109.642472	0.004526	29.8
1748	-0.561199	109.606890	0.004226	30.0
1749	-0.308280	109.571337	0.003723	30.5
1750	-0.939961	109.535816	0.005070	29.7
1751	-0.882318	109.500326	0.005299	34.8
1752	-0.373209	109.464866	0.005495	30.1
1753	0.000000	109.429436	0.000000	30.9
1754	0.000000	109.394038	0.000000	31.3
1755	-0.978155	109.358669	0.005943	28.6
1756	-0.794046	109.323331	0.004506	31.2
1757	-0.085710	109.288024	0.001593	31.7
1758	-0.102462	109.252747	0.002333	31.6
1759	-0.717072	109.217501	0.005699	30.9
1760	-0.827041	109.182284	0.007709	31.7
1761	0.000000	109.147098	0.000000	30.2
1762	-0.816693	109.111942	0.005548	30.7
1763	-0.815250	109.076817	0.007943	29.3
1764	0.000000	109.041721	0.000000	30.6
1765	-0.953634	109.006656	0.006695	30.2
1766	-0.803851	108.971620	0.005644	31.4
1767	-0.094792	108.936615	0.001602	30.4
1768	-0.362620	108.901640	0.003183	29.9
1769	-0.808004	108.866694	0.006171	30.3
1770	-0.580116	108.831779	0.003791	30.6
1771	-0.839309	108.796893	0.005867	30.6
1772	-0.061860	108.762037	0.001050	31.6
1773	-0.007204	108.727211	0.000375	31.4
1774	-0.963522	108.692415	0.006441	30.5
1775	-0.002476	108.657648	0.000667	29.6
1776	-0.461869	108.622911	0.006647	31.2
1777	-0.902549	108.588203	0.005493	30.0
1778	-0.212823	108.553525	0.002958	29.6
1779	0.000000	108.518877	0.000000	30.0
1780	-0.000526	108.484258	0.000170	30.7
1781	0.000000	108.449668	0.000000	30.3
1782	-0.723949	108.415108	0.006774	30.9
1783	-0.209705	108.380578	0.002906	30.9
1784	-0.687445	108.346076	0.007457	29.1
1785	0.000000	108.311604	0.000000	30.4
1786	-0.424753	108.277161	0.005998	31.0
1787	-0.662153	108.242747	0.004320	29.8
1788	-0.189408	108.208363	0.001839	30.2
1789	-0.739590	108.174007	0.003785	31.2
1790	-0.717872	108.139681	0.005325	30.4
1791	-0.364971	108.105383	0.005384	31.3
1792	-0.043164	108.071115	0.001439	30.7
1793	-0.928612	108.036875	0.006716	29.1
1794	-0.540224	108.002665	0.005964	30.4
1795	-0.000000	107.968483	0.000000	30.3
1796	-0.025932	107.934330	0.000434	30.7
1797	-0.002169	107.900206	0.000158	29.8
1798	-0.577679	107.866111	0.005399	33.1
1799	-0.323694	107.832044	0.003014	30.4
1800	-1.012698	107.798007	0.007015	29.7
1801	0.000000	107.763997	0.000000	30.8
1802	0.000000	107.730017	0.000000	30.3
1803	-0.907662	107.696065	0.007239	30.3
1804	-0.738673	107.662141	0.004003	30.1
1805	-0.650046	107.628246	0.006624	30.7
1806	-0.348621	107.594379	0.004451	31.4
1807	-0.877050	107.560541	0.005536	30.8
1808	-0.843190	107.526731	0.004550	31.5
1809	0.000000	107.492949	0.000000	30.6
1810	0.000000	107.459196	0.000000	30.6
1811	0.000000	107.425471	0.000000	29.9
1812	0.000000	107.391774	0.000000	29.6
1813	-0.784933	107.358106	0.005794	31.3
1814	-0.520083	107.324465	0.005489	30.1
1815	-0.266166	107.290853	0.003939	30.7
1816	-0.485389	107.257268	0.005113	30.1
1817	-0.796527	107.223712	0.004962	30.4
1818	-0.737533	107.190184	0.005963	30.5
1819	0.000000	107.156683	0.000000	30.6
1820	-0.421788	107.123211	0.005238	30.9
1821	-0.000103	107.089766	0.000007	30.3
1822	-0.421890	107.056349	0.003209	30.6
1823	-0.061124	107.022960	0.000838	30.5
1824	-0.410026	106.989599	0.004112	31.1
1825	0.000000	106.956265	0.000000	30.8
1826	-0.555871	106.922960	0.007041	31.1
1827	-0.598031	106.889681	0.006359	31.1
1828	-0.742651	106.856431	0.005894	30.8
1829	-0.000225	106.823208	0.000071	30.2
1830	-0.436671	106.790012	0.006442	30.1
1831	-0.433103	106.756844	0.005175	32.4
1832	-0.372479	106.723703	0.004408	30.3
1833	-0.605744	106.690590	0.006189	31.0
1834	-0.000000	106.657505	0.000000	30.5
1835	-0.658851	106.624446	0.004893	31.1
1836	-0.592060	106.591415	0.003016	31.1
1837	-0.362007	106.558411	0.005795	30.6
1838	-0.201441	106.525435	0.002571	31.4
1839	-0.028777	106.492485	0.001350	30.1
1840	-0.743065	106.459563	0.005705	30.6
1841	-0.665872	106.426668	0.006751	31.7
1842	-0.546875	106.393800	0.005776	30.0
1843	-0.815566	106.360959	0.005938	29.6
1844	-0.819937	106.328145	0.005325	30.7
1845	-0.793161	106.295358	0.005598	30.6
1846	-0.037803	106.262598	0.000773	28.9
1847	-0.857651	106.229865	0.005570	30.4
1848	-0.015904	106.197158	0.001260	31.1
1849	0.000000	106.164479	0.000000	29.9
1850	-0.030625	106.131826	0.001449	30.9
1851	-0.532872	106.099201	0.006298	30.5
1852	-0.551139	106.066602	0.007083	31.2
1853	-0.503048	106.034029	0.005726	32.0
1854	-0.525492	106.001483	0.005301	31.7
1855	-0.629709	105.968964	0.005118	30.8
1856	-0.755265	105.936472	0.005291	30.7
1857	-0.828900	105.904006	0.005672	30.5
1858	-0.908079	105.871566	0.005279	31.1
1859	-0.000150	105.839153	0.000028	30.1
1860	0.000000	105.806767	0.000000	30.5
1861	-0.108616	105.774407	0.001586	30.3
1862	-0.410321	105.742073	0.004765	30.3
1863	0.000000	105.709766	0.000000	32.8
1864	-0.056182	105.677485	0.001737	30.4
1865	-0.391539	105.645230	0.003785	29.8
1866	-0.147807	105.613001	0.002221	30.2
1867	-0.528346	105.580799	0.003323	30.2
1868	0.000000	105.548623	0.000000	30.5
1869	-0.649997	105.516473	0.004625	30.4
1870	-0.630628	105.484349	0.006549	30.7
1871	-0.888855	105.452251	0.006368	29.8
1872	-0.838036	105.420179	0.003908	30.5
1873	-0.874574	105.388133	0.005203	31.4
1874	-0.711917	105.356113	0.007092	32.0
1875	-0.001482	105.324119	0.000281	30.0
1876	-0.000245	105.292151	0.000012	30.7
1877	0.000000	105.260209	0.000000	29.6
1878	-0.182788	105.228293	0.003504	30.2
1879	-0.743306	105.196402	0.005434	30.3
1880	-0.826317	105.164537	0.005666	30.3
1881	-0.805362	105.132698	0.005203	30.8
1882	-0.687652	105.100885	0.003758	30.6
1883	-0.758840	105.069097	0.004300	29.8
1884	-0.634550	105.037335	0.003753	30.5
1885	-0.750744	105.005598	0.005634	29.1
1886	-0.047637	104.973887	0.002248	30.7
1887	-0.723101	104.942202	0.006157	30.1
1888	-0.370161	104.910542	0.003747	30.8
1889	-0.491368	104.878907	0.006244	30.1
1890	0.000000	104.847298	0.000000	30.7
1891	-0.315869	104.815715	0.002865	30.3
1892	-0.646818	104.784156	0.004898	30.6
1893	-0.691836	104.752623	0.005523	31.0
1894	-0.358576	104.721116	0.004170	30.3
1895	-0.000100	104.689633	0.000083	29.6
1896	-0.811857	104.658176	0.006427	31.3
1897	-0.313490	104.626744	0.004402	30.8
1898	-0.000153	104.595337	0.000028	30.0
1899	-0.780186	104.563955	0.006882	30.6
1900	-0.766227	104.532599	0.006497	29.8
1901	-0.408694	104.501267	0.003767	29.8
1902	-0.672521	104.469960	0.005954	30.6
1903	-0.991566	104.438679	0.006045	31.0
1904	-1.151105	104.407422	0.007583	29.6
1905	-0.368292	104.376191	0.005412	30.1
1906	-0.111773	104.344984	0.001350	30.7
1907	-0.552321	104.313802	0.004551	29.6
1908	-0.662853	104.282645	0.005942	30.0
1909	-0.679603	104.251513	0.004322	31.2
1910	0.000000	104.220405	0.000000	31.0
1911	0.000000	104.189323	0.000000	30.8
1912	-0.306890	104.158265	0.003231	30.4
1913	-0.000000	104.127231	0.000000	29.9
1914	0.000000	104.096222	0.000000	30.2
1915	0.000000	104.065238	0.000000	30.7
1916	-0.349507	104.034279	0.004769	30.7
1917	-0.316505	104.003344	0.002623	30.0
1918	0.000000	103.972433	0.000000	31.1
1919	-0.002294	103.941547	0.000125	30.5
1920	-0.038621	103.910686	0.000786	31.0
1921	0.000000	103.879849	0.000000	30.5
1922	-0.353861	103.849036	0.004871	30.7
1923	-0.620518	103.818248	0.008563	30.1
1924	-0.187963	103.787484	0.001866	30.3
1925	-0.664420	103.756744	0.005927	30.2
1926	-0.000000	103.726029	0.000000	31.3
1927	-0.060919	103.695338	0.001393	32.5
1928	-0.711754	103.664671	0.003288	29.7
1929	-0.758744	103.634028	0.003812	32.4
1930	-1.046202	103.603409	0.008666	31.7
1931	-0.959914	103.572814	0.005517	30.2
1932	-0.009862	103.542244	0.000309	30.5
1933	-0.025498	103.511698	0.000477	30.3
1934	-0.000000	103.481175	0.000000	30.5
1935	-0.248121	103.450677	0.003249	31.1
1936	-0.725593	103.420202	0.005175	30.2
1937	0.000000	103.389752	0.000000	30.5
1938	-0.353768	103.359325	0.004834	30.5
1939	0.000000	103.328922	0.000000	29.8
1940	-0.009293	103.298543	0.000270	30.8
1941	-1.042071	103.268188	0.005493	30.9
1942	-0.895695	103.237857	0.004946	30.9
1943	-0.043354	103.207549	0.002676	29.9
1944	-0.976388	103.177265	0.006272	30.7
1945	-0.491708	103.147005	0.003759	31.1
1946	-0.046685	103.116768	0.000813	29.9
1947	-0.004127	103.086556	0.000002	30.3
1948	-0.187033	103.056366	0.002300	31.5
1949	0.000000	103.026200	0.000000	30.7
1950	-0.582720	102.996058	0.005024	30.1
1951	-0.624989	102.965939	0.003550	30.5
1952	-0.463176	102.935844	0.006238	30.5
1953	0.000000	102.905772	0.000000	30.6
1954	-0.570694	102.875724	0.003766	30.9
1955	-0.618539	102.845699	0.005513	31.4
1956	-0.519161	102.815697	0.004685	30.1
1957	-0.373430	102.785719	0.004578	30.5
1958	-0.791110	102.755764	0.007259	30.6
1959	0.000000	102.725832	0.000000	31.3
1960	-0.932920	102.695924	0.006606	29.7
1961	-0.003976	102.666038	0.000368	32.7
1962	-0.966940	102.636176	0.006395	31.9
1963	-0.596457	102.606337	0.004974	30.2
1964	-0.854305	102.576521	0.005949	30.4
1965	-0.036922	102.546728	0.001115	31.1
1966	-0.279269	102.516959	0.003262	30.1
1967	-0.699849	102.487212	0.005800	30.3
1968	0.000000	102.457488	0.000000	30.2
1969	-0.888447	102.427788	0.004460	30.6
1970	-0.751121	102.398110	0.004139	30.4
1971	0.000000	102.368455	0.000000	30.6
1972	-0.875422	102.338823	0.004024	30.1
1973	-0.628380	102.309214	0.006445	31.7
1974	-0.724680	102.279628	0.005690	29.5
1975	-0.002322	102.250064	0.000068	31.2
1976	-0.549337	102.220524	0.006185	30.3
1977	-0.710567	102.191006	0.005365	30.4
1978	-0.944084	102.161511	0.005333	30.5
1979	0.000000	102.132038	0.000000	31.2
1980	-0.000108	102.102588	0.000007	30.4
1981	-0.323446	102.073161	0.005547	31.0
1982	-0.000000	102.043757	0.000000	30.5
1983	-0.943095	102.014375	0.005974	30.2
1984	0.000000	101.985015	0.000000	30.2
1985	-0.000533	101.955678	0.000088	30.4
1986	-0.805247	101.926364	0.006146	30.2
1987	0.000000	101.897072	0.000000	30.7
1988	-0.006635	101.867802	0.001126	30.4
1989	-0.163504	101.838555	0.001363	30.2
1990	-0.007523	101.809330	0.000387	30.4
1991	-0.000175	101.780128	0.000015	30.5
1992	-1.094561	101.750948	0.007994	29.9
1993	0.000000	101.721790	0.000000	31.3
1994	-0.009949	101.692654	0.000402	32.1
1995	-0.794587	101.663541	0.005949	30.4
1996	-0.735676	101.634450	0.006266	31.2
1997	0.000000	101.605381	0.000000	30.1
1998	-0.741744	101.576335	0.005312	30.0
1999	0.000000	101.547310	0.000000	30.3
