1:ItNr	2:Metric	3:StepSize	4:||Gradient||	Time[ms]
0	-0.047602	627.201626	0.002169	870.0
1	-1.164637	623.504937	0.009999	5.1
2	-0.000024	619.865785	0.000005	6.4
3	-0.700599	616.282728	0.012114	5.3
4	-1.394795	612.754375	0.011275	6.2
5	-1.228742	609.279381	0.015595	5.6
6	-0.545484	605.856447	0.007035	5.8
7	-0.013763	602.484317	0.001183	5.8
8	-1.308179	599.161779	0.006954	7.1
9	-0.078476	595.887656	0.001219	5.7
10	-1.165419	592.660813	0.016182	6.1
11	-0.982369	589.480151	0.011779	5.7
12	-1.381754	586.344606	0.009990	6.5
13	-0.899679	583.253145	0.010721	6.5
14	-0.547539	580.204771	0.005934	6.0
15	-0.586437	577.198517	0.012655	7.3
16	-1.163558	574.233444	0.016908	5.6
17	-0.100000	571.308645	0.001655	6.1
18	-0.549780	568.423237	0.006635	6.2
19	-0.743706	565.576365	0.006538	5.4
20	-1.121060	562.767201	0.007918	5.5
21	-0.525329	559.994938	0.007590	6.3
22	-0.924284	557.258797	0.012361	5.7
23	-0.000000	554.558018	0.000000	6.5
24	-0.000011	551.891865	0.000002	5.5
25	-0.998367	549.259621	0.015404	5.9
26	-0.191955	546.660592	0.004876	6.8
27	-0.631819	544.094102	0.008327	5.7
28	0.000000	541.559494	0.000000	6.2
29	-0.079263	539.056129	0.000553	6.3
30	-1.236909	536.583387	0.024738	5.8
31	-1.344033	534.140663	0.012076	6.7
32	-1.015488	531.727370	0.009749	5.7
33	-0.432484	529.342935	0.005942	5.9
34	-0.000000	526.986802	0.000000	6.7
35	-0.448380	524.658430	0.015986	5.8
36	-0.020409	522.357290	0.001016	5.6
37	-1.239378	520.082868	0.006348	6.3
38	-0.549108	517.834665	0.008889	5.8
39	-0.930502	515.612193	0.013787	6.6
40	-1.138508	513.414976	0.007911	6.0
41	-1.228655	511.242551	0.016540	5.9
42	-0.831682	509.094468	0.009358	6.3
43	-1.207145	506.970285	0.015676	6.2
44	-0.770447	504.869574	0.009788	5.7
45	-0.000000	502.791916	0.000000	6.2
46	-0.097770	500.736903	0.001472	6.1
47	-0.618081	498.704137	0.007057	7.0
48	-0.000278	496.693228	0.000015	5.8
49	-1.194044	494.703798	0.016347	5.9
50	-0.725470	492.735476	0.004890	6.5
51	-0.000000	490.787900	0.000000	5.6
52	-0.863621	488.860718	0.005240	5.6
53	-0.763846	486.953585	0.011556	6.4
54	-1.048457	485.066164	0.016143	5.8
55	-0.018041	483.198126	0.001528	6.1
56	-1.412403	481.349149	0.013154	6.1
57	-1.164556	479.518920	0.010776	5.8
58	-0.154120	477.707132	0.003021	6.7
59	-0.797313	475.913485	0.005130	5.9
60	-0.024805	474.137684	0.002281	5.8
61	-1.168791	472.379445	0.010497	6.9
62	-0.168558	470.638485	0.003115	6.0
63	-1.455749	468.914531	0.015159	6.5
64	-0.968590	467.207315	0.009828	6.2
65	-0.000000	465.516573	0.000000	6.1
66	-1.392479	463.842050	0.011379	7.0
67	-0.975477	462.183494	0.014707	6.1
68	-0.500903	460.540658	0.007891	6.9
69	-1.384674	458.913303	0.007147	6.2
70	-0.311818	457.301192	0.004598	6.1
71	-0.901668	455.704096	0.011963	6.6
72	-0.674208	454.121787	0.006047	6.0
73	-0.921502	452.554045	0.013411	6.3
74	-0.226323	451.000653	0.004934	6.5
75	-1.213532	449.461399	0.007891	6.6
76	-1.375600	447.936075	0.016843	6.5
77	-0.268118	446.424477	0.013211	6.8
78	-0.313820	444.926406	0.003584	5.9
79	-0.411168	443.441666	0.009041	7.0
80	-0.000000	441.970065	0.000000	6.0
81	-0.000000	440.511415	0.000000	7.1
82	-1.472888	439.065533	0.012276	6.3
83	-0.784071	437.632238	0.004909	6.2
84	-1.009867	436.211351	0.010267	6.9
85	-0.000000	434.802701	0.000000	6.3
86	-0.644433	433.406117	0.008729	6.6
87	-0.824142	432.021430	0.011386	5.7
88	-0.991470	430.648479	0.007686	6.2
89	-0.000029	429.287101	0.000006	6.9
90	-0.472552	427.937140	0.012640	6.1
91	-0.089769	426.598440	0.002764	6.9
92	-1.066345	425.270849	0.013077	5.8
93	-0.030567	423.954220	0.001562	6.0
94	-0.324208	422.648404	0.011245	7.1
95	-1.127293	421.353259	0.004807	6.6
96	-0.483086	420.068643	0.004703	7.0
97	-0.269150	418.794419	0.008980	6.5
98	-1.055839	417.530451	0.010126	5.9
99	-0.305113	416.276604	0.010648	6.5
100	-0.923617	415.032748	0.003051	6.1
101	-1.029320	413.798754	0.008878	6.4
102	-0.980707	412.574495	0.015307	6.5
103	-1.231639	411.359849	0.011114	6.5
104	-0.005527	410.154691	0.000113	6.6
105	-0.945534	408.958904	0.012716	5.9
106	-0.946884	407.772368	0.015233	6.0
107	-1.188474	406.594968	0.012780	7.5
108	-1.381301	405.426590	0.012241	5.8
109	-1.036300	404.267122	0.028289	6.7
110	-1.292661	403.116456	0.012379	6.0
111	-1.052955	401.974481	0.011510	6.3
112	-0.144000	400.841093	0.005900	6.6
113	-0.269514	399.716187	0.003838	6.1
114	-1.174614	398.599660	0.011068	6.6
115	-0.623945	397.491411	0.005159	6.0
116	-0.000000	396.391342	0.000000	5.8
117	-1.132631	395.299353	0.004875	6.8
118	-0.585332	394.215350	0.006726	5.8
119	-0.117636	393.139238	0.001969	6.4
120	-0.187615	392.070924	0.004148	6.5
121	-0.352109	391.010316	0.005380	6.2
122	-1.111890	389.957325	0.013960	6.8
123	-0.737146	388.911862	0.008890	6.4
124	-0.001684	387.873839	0.000254	5.9
125	-1.504695	386.843173	0.017194	7.2
126	-1.400253	385.819777	0.010827	6.1
127	-0.000000	384.803569	0.000000	6.4
128	-0.502041	383.794468	0.006821	6.0
129	-0.000033	382.792393	0.000008	6.5
130	-0.430548	381.797264	0.008345	6.7
131	-0.298643	380.809005	0.004145	6.2
132	-0.000000	379.827537	0.000000	6.5
133	-0.792322	378.852786	0.008068	6.2
134	-0.298924	377.884678	0.006653	5.9
135	-0.576108	376.923138	0.006874	6.9
136	-1.005569	375.968095	0.007536	5.9
137	-0.372253	375.019479	0.002637	6.3
138	-0.667843	374.077218	0.010110	6.3
139	-1.290386	373.141244	0.013505	6.1
140	-0.405856	372.211489	0.005664	6.6
141	-1.022493	371.287887	0.015342	5.9
142	-0.728914	370.370370	0.006561	6.0
143	-0.753567	369.458876	0.010079	6.6
144	-1.373566	368.553338	0.013498	6.0
145	-0.003105	367.653696	0.000137	7.3
146	-1.379342	366.759885	0.006427	6.1
147	-0.000572	365.871846	0.000111	6.0
148	-0.017439	364.989518	0.001145	6.5
149	-1.090705	364.112841	0.004085	6.8
150	-1.163453	363.241757	0.018713	7.1
151	-0.700768	362.376208	0.007310	6.1
152	-1.165873	361.516137	0.007209	6.5
153	-0.000000	360.661488	0.000000	7.7
154	-0.630143	359.812206	0.004547	6.2
155	-0.011144	358.968236	0.000647	6.7
156	-1.081484	358.129524	0.012247	6.1
157	-0.390669	357.296018	0.008947	6.3
158	-0.000000	356.467665	0.000000	6.7
159	-1.588775	355.644414	0.016066	6.1
160	-1.167602	354.826213	0.012902	6.9
161	-1.490768	354.013012	0.011847	6.4
162	-0.520965	353.204763	0.006277	6.2
163	-0.134217	352.401415	0.003149	6.6
164	-0.914831	351.602922	0.005474	6.7
165	-0.120978	350.809235	0.003661	7.3
166	-1.376852	350.020308	0.009181	5.9
167	-0.753370	349.236095	0.004511	6.3
168	-0.000000	348.456550	0.000000	6.1
169	-0.162225	347.681627	0.006032	5.8
170	-1.268291	346.911283	0.011242	7.0
171	-0.000000	346.145474	0.000000	5.9
172	-1.052874	345.384157	0.013377	5.9
173	-0.321694	344.627288	0.003689	6.8
174	-1.048409	343.874826	0.008621	6.8
175	-1.213199	343.126729	0.014860	6.0
176	-0.000004	342.382957	0.000001	6.3
177	-0.374133	341.643469	0.014112	5.9
178	-1.198797	340.908224	0.005501	6.3
179	-0.454706	340.177184	0.005390	6.0
180	-1.041799	339.450309	0.006384	5.8
181	-1.548493	338.727561	0.015083	6.7
182	-0.841504	338.008902	0.007951	6.0
183	-0.004649	337.294295	0.000513	6.1
184	-0.813648	336.583703	0.016031	6.4
185	-0.275092	335.877089	0.002823	6.3
186	-0.220267	335.174416	0.005287	7.2
187	-1.402258	334.475651	0.011895	6.1
188	-0.000000	333.780756	0.000000	6.3
189	-1.129296	333.089698	0.007306	8.0
190	-0.999567	332.402443	0.014590	6.4
191	-0.815574	331.718955	0.003085	7.0
192	-0.000008	331.039203	0.000002	6.3
193	-0.623718	330.363153	0.011135	7.1
194	-1.326404	329.690771	0.010632	5.9
195	-0.747584	329.022027	0.008833	7.1
196	-0.070627	328.356888	0.000372	7.2
197	-0.009766	327.695322	0.000579	6.1
198	-0.050730	327.037299	0.001982	6.9
199	-0.965226	326.382787	0.009912	6.1
200	-0.879036	325.731758	0.005539	6.2
201	-0.458930	325.084179	0.004594	6.7
202	-0.658521	324.440023	0.008926	6.1
203	-0.134839	323.799258	0.000586	6.8
204	-0.869162	323.161858	0.007389	6.4
205	-1.059116	322.527792	0.008809	6.4
206	-0.006706	321.897034	0.000262	7.0
207	-0.000000	321.269554	0.000000	6.2
208	-0.001041	320.645325	0.000129	6.1
209	-0.828835	320.024320	0.004842	7.0
210	-0.221621	319.406512	0.001642	5.7
211	-1.345594	318.791875	0.007051	6.4
212	-1.160550	318.180381	0.003765	6.4
213	-0.720722	317.572005	0.005797	6.1
214	-0.157782	316.966721	0.005061	6.7
215	-1.302554	316.364504	0.012442	6.2
216	-0.376918	315.765329	0.002900	6.7
217	-0.000000	315.169170	0.000000	5.9
218	-0.000000	314.576003	0.000000	6.1
219	-1.319826	313.985804	0.013314	6.7
220	-1.329662	313.398548	0.009158	6.0
221	-1.531641	312.814213	0.008328	7.1
222	-0.007620	312.232773	0.000574	6.5
223	-0.000056	311.654207	0.000012	6.0
224	-1.262347	311.078491	0.013353	6.3
225	-0.010243	310.505602	0.001182	6.2
226	-0.000007	309.935518	0.000002	6.5
227	-1.442175	309.368217	0.015177	6.5
228	-0.711990	308.803676	0.003185	5.9
229	-1.527582	308.241874	0.012312	6.6
230	-0.382260	307.682789	0.004669	5.7
231	-1.264641	307.126400	0.014084	6.1
232	-0.264320	306.572687	0.005138	6.4
233	-1.108843	306.021627	0.008110	5.9
234	-0.572733	305.473201	0.009083	6.4
235	-0.539225	304.927388	0.003606	5.6
236	-0.519966	304.384168	0.010956	6.2
237	-0.000000	303.843521	0.000000	6.8
238	-0.000000	303.305427	0.000000	5.7
239	-0.164104	302.769867	0.003329	5.8
240	-0.559983	302.236821	0.012123	6.7
241	-0.010191	301.706270	0.000988	5.7
242	-1.317641	301.178196	0.007907	6.3
243	-0.392227	300.652580	0.005885	6.2
244	-1.269414	300.129402	0.009279	5.7
245	-0.511078	299.608645	0.007205	6.7
246	-0.762458	299.090291	0.008122	5.5
247	-1.180198	298.574321	0.013195	5.6
248	-1.214740	298.060718	0.019515	6.6
249	-0.798802	297.549465	0.005508	5.5
250	-0.073210	297.040543	0.004860	5.9
251	-0.280224	296.533936	0.003327	6.0
252	-0.994645	296.029626	0.009878	6.0
253	-0.388135	295.527597	0.009386	6.4
254	-0.714960	295.027832	0.012063	5.5
255	-0.000007	294.530315	0.000001	5.7
256	-1.471744	294.035028	0.008863	6.5
257	-0.209678	293.541956	0.002627	5.7
258	-0.043782	293.051083	0.001927	5.7
259	-0.928653	292.562393	0.008213	6.2
260	-0.000000	292.075870	0.000000	6.6
261	-1.038074	291.591498	0.007829	6.9
262	-1.085233	291.109263	0.019212	5.8
263	-0.719462	290.629149	0.010936	5.8
264	-1.252225	290.151140	0.011386	6.7
265	-1.185144	289.675222	0.014126	6.0
266	-1.036403	289.201380	0.013616	6.2
267	-0.035431	288.729600	0.000987	6.4
268	-0.674644	288.259866	0.009799	6.0
269	-0.637923	287.792165	0.004805	6.7
270	-0.465458	287.326481	0.007007	5.7
271	-0.637610	286.862802	0.018751	6.3
272	-0.340309	286.401113	0.001441	7.0
273	-0.339308	285.941400	0.012778	6.3
274	-1.011649	285.483649	0.005870	6.2
275	-0.731624	285.027847	0.008273	6.0
276	-0.140073	284.573981	0.001472	5.9
277	-1.256582	284.122037	0.008561	7.3
278	-1.083596	283.672002	0.006082	5.9
279	-0.407931	283.223863	0.003128	6.0
280	-1.467803	282.777607	0.010254	7.1
281	-0.040271	282.333221	0.001099	5.8
282	-0.005751	281.890692	0.000132	7.0
283	-1.142042	281.450008	0.009044	5.5
284	-1.320967	281.011157	0.002376	5.6
285	-1.451535	280.574125	0.004729	6.1
286	-0.439548	280.138901	0.011279	5.6
287	-0.000120	279.705473	0.000023	6.4
288	-0.668731	279.273829	0.021569	6.6
289	-0.953070	278.843956	0.015139	5.3
290	-0.000000	278.415844	0.000000	6.2
291	-0.335954	277.989479	0.005483	5.8
292	-0.470946	277.564851	0.010255	5.6
293	-0.769794	277.141949	0.010057	6.9
294	-1.415561	276.720761	0.011515	5.5
295	-0.073864	276.301275	0.004832	6.0
296	-0.803989	275.883480	0.009090	6.3
297	-0.765155	275.467366	0.005668	5.7
298	-0.568795	275.052922	0.009577	6.0
299	-0.675503	274.640136	0.006081	6.1
300	-0.404948	274.228998	0.008604	5.8
301	-1.088722	273.819497	0.018252	6.5
302	-1.143179	273.411623	0.004585	5.6
303	-1.132129	273.005365	0.012389	5.8
304	-0.052987	272.600712	0.001340	6.4
305	-0.877576	272.197655	0.007425	5.7
306	-1.259386	271.796184	0.013408	5.9
307	-1.375826	271.396287	0.017203	6.5
308	-0.057083	270.997956	0.001571	5.6
309	-1.200962	270.601180	0.013083	5.9
310	-0.000003	270.205949	0.000001	6.3
311	-0.085885	269.812254	0.002852	5.9
312	-0.454356	269.420085	0.012805	6.9
313	-0.214914	269.029432	0.002021	6.1
314	-0.554280	268.640287	0.007076	6.0
315	-0.570981	268.252638	0.010517	6.5
316	-0.985760	267.866478	0.014711	5.7
317	-0.991055	267.481796	0.012555	6.4
318	-1.275524	267.098584	0.014922	6.0
319	-1.008170	266.716833	0.006808	5.9
320	-0.004241	266.336533	0.000411	7.0
321	-0.832952	265.957676	0.005076	5.8
322	-0.000000	265.580253	0.000000	5.7
323	-0.385678	265.204254	0.004158	7.4
324	-0.000000	264.829672	0.000000	6.0
325	-0.446120	264.456497	0.005154	7.1
326	-0.000001	264.084721	0.000000	5.8
327	-1.172353	263.714335	0.010128	6.0
328	-0.452028	263.345332	0.003983	6.9
329	-0.684759	262.977702	0.014646	5.8
330	-0.001210	262.611438	0.000216	6.2
331	-0.585422	262.246531	0.005443	6.2
332	-0.719787	261.882973	0.008725	5.7
333	-0.656141	261.520756	0.006421	6.3
334	-0.000442	261.159871	0.000029	5.6
335	-0.437985	260.800312	0.007351	5.6
336	-0.746911	260.442070	0.008409	6.3
337	-0.692576	260.085137	0.011594	5.7
338	-1.202770	259.729505	0.005913	6.1
339	-1.015515	259.375167	0.008806	7.0
340	-0.997652	259.022116	0.008189	5.5
341	-0.797685	258.670343	0.012001	6.6
342	-0.000000	258.319841	0.000000	5.6
343	-1.392407	257.970602	0.015027	5.7
344	-0.000077	257.622620	0.000015	6.7
345	-0.873868	257.275887	0.010523	5.8
346	-1.246222	256.930396	0.004417	6.0
347	-1.351664	256.586139	0.005937	6.4
348	-0.000000	256.243109	0.000000	5.6
349	-1.493067	255.901300	0.014498	6.8
350	-1.010439	255.560703	0.015303	5.6
351	-1.426155	255.221313	0.004198	6.7
352	-0.506862	254.883122	0.010127	6.3
353	-0.979528	254.546124	0.007677	5.6
354	-1.133330	254.210311	0.007062	5.8
355	-0.009931	253.875677	0.000740	6.3
356	-0.204260	253.542215	0.003798	5.6
357	-1.180360	253.209918	0.023714	6.7
358	-0.532886	252.878781	0.009482	6.3
359	-0.000000	252.548795	0.000000	5.8
360	-0.886056	252.219956	0.006349	6.6
361	-0.713948	251.892255	0.008912	6.0
362	-0.000172	251.565688	0.000036	6.7
363	-1.011572	251.240247	0.012239	6.4
364	-0.349525	250.915926	0.005075	5.8
365	-0.656170	250.592720	0.007731	7.2
366	-0.120782	250.270621	0.003324	5.8
367	-1.006330	249.949624	0.005601	6.4
368	-0.602519	249.629723	0.010703	6.7
369	-1.018735	249.310911	0.006862	5.8
370	-0.000388	248.993182	0.000067	6.7
371	-0.516972	248.676531	0.007185	6.2
372	-0.000000	248.360952	0.000000	6.0
373	-0.909102	248.046438	0.015415	6.7
374	-1.531836	247.732984	0.007891	5.8
375	-1.267020	247.420584	0.012488	7.1
376	-0.760569	247.109233	0.005391	5.8
377	-0.000000	246.798924	0.000000	5.7
378	-0.823292	246.489652	0.006062	6.2
379	-0.000034	246.181412	0.000008	6.0
380	-0.350850	245.874197	0.011449	5.9
381	-1.314652	245.568002	0.011648	6.6
382	-1.491568	245.262822	0.015147	5.5
383	-0.140249	244.958652	0.003128	6.2
384	-1.384495	244.655485	0.014412	5.9
385	-0.552748	244.353317	0.010305	5.6
386	-0.000004	244.052142	0.000001	5.9
387	-0.231919	243.751955	0.005625	5.7
388	-0.013558	243.452750	0.000823	6.3
389	-0.000000	243.154523	0.000000	6.2
390	-0.508119	242.857268	0.011340	5.7
391	-1.374478	242.560980	0.008573	5.6
392	-0.749067	242.265654	0.008875	7.5
393	-0.000303	241.971285	0.000062	5.7
394	-1.323343	241.677868	0.006513	6.8
395	-1.304878	241.385397	0.010216	5.9
396	-1.121381	241.093869	0.008654	5.7
397	-0.000000	240.803278	0.000000	6.0
398	-1.227872	240.513619	0.004412	6.0
399	-0.018062	240.224887	0.000651	5.9
400	-0.137475	239.937077	0.003398	6.1
401	-0.004953	239.650186	0.000567	5.9
402	-0.000000	239.364207	0.000000	6.1
403	-0.311581	239.079136	0.005370	5.9
404	-1.548714	238.794969	0.012784	5.7
405	-1.346150	238.511701	0.010804	6.8
406	-0.437658	238.229327	0.011006	5.6
407	-0.000000	237.947843	0.000000	6.0
408	-0.204301	237.667244	0.002050	6.8
409	-1.154337	237.387526	0.006496	6.1
410	-1.006326	237.108684	0.004578	6.8
411	-0.000000	236.830714	0.000000	6.1
412	-1.374886	236.553610	0.010042	5.9
413	-0.300212	236.277370	0.012054	6.4
414	-1.143411	236.001989	0.007135	6.1
415	-1.404294	235.727461	0.011376	6.1
416	-0.966226	235.453784	0.012703	6.6
417	-0.655306	235.180952	0.005757	6.1
418	-0.500980	234.908962	0.005219	6.9
419	-0.672512	234.637809	0.016563	5.7
420	-1.106267	234.367488	0.005179	6.1
421	-1.054015	234.097997	0.007234	7.8
422	-1.276753	233.829331	0.008867	6.3
423	-1.218084	233.561485	0.008038	7.1
424	-0.532228	233.294456	0.008738	5.6
425	-1.409927	233.028239	0.009137	5.7
426	-0.610249	232.762831	0.011257	7.0
427	-0.000000	232.498228	0.000000	6.3
428	-0.398931	232.234425	0.010522	6.4
429	-1.212122	231.971419	0.012626	5.9
430	-1.136122	231.709205	0.011314	5.9
431	-0.373086	231.447781	0.015068	6.6
432	-1.222317	231.187141	0.008869	6.2
433	-0.080714	230.927283	0.002008	5.8
434	-0.842263	230.668202	0.009339	6.0
435	-0.000000	230.409895	0.000000	6.0
436	-0.037378	230.152358	0.001623	6.2
437	-0.630623	229.895587	0.010014	5.8
438	-1.356149	229.639578	0.012289	6.3
439	-0.712384	229.384329	0.009613	6.4
440	-0.101470	229.129834	0.001350	6.1
441	-1.239760	228.876091	0.010477	5.8
442	-0.000000	228.623096	0.000000	6.2
443	-0.788433	228.370846	0.008905	6.1
444	-0.000153	228.119336	0.000020	5.7
445	-0.000000	227.868563	0.000000	5.9
446	-0.357193	227.618525	0.009749	5.8
447	-1.193180	227.369216	0.017048	6.2
448	-1.139888	227.120635	0.007232	5.8
449	-0.055113	226.872777	0.001538	5.7
450	-0.237561	226.625638	0.002928	6.5
451	-0.950246	226.379217	0.009811	5.5
452	-0.755155	226.133509	0.004142	5.6
453	-0.000000	225.888510	0.000000	6.2
454	-0.034772	225.644218	0.001634	5.9
455	-0.164517	225.400630	0.003516	5.8
456	-1.442780	225.157741	0.014565	6.5
457	-0.457373	224.915549	0.007757	6.0
458	-0.134135	224.674051	0.002304	6.2
459	-0.949086	224.433242	0.015628	6.2
460	-0.572509	224.193121	0.005616	5.8
461	-0.000000	223.953684	0.000000	7.0
462	-0.880548	223.714927	0.016447	6.1
463	-0.721421	223.476848	0.010157	6.5
464	-0.499596	223.239444	0.005524	5.8
465	-0.381825	223.002710	0.010427	6.0
466	-1.180479	222.766645	0.011330	7.0
467	-1.076091	222.531245	0.011236	6.0
468	-1.182995	222.296508	0.007369	6.8
469	-1.284760	222.062429	0.007337	6.4
470	-0.863482	221.829007	0.016140	6.0
471	-1.506420	221.596238	0.012283	6.5
472	-0.599150	221.364119	0.006213	5.9
473	-0.477761	221.132647	0.004644	6.0
474	-1.409263	220.901820	0.007604	6.8
475	-0.000000	220.671634	0.000000	5.7
476	-1.245176	220.442086	0.010265	6.4
477	-0.832158	220.213174	0.013419	6.4
478	-0.812102	219.984895	0.004259	6.3
479	-0.867892	219.757246	0.013161	6.6
480	-1.474209	219.530224	0.008808	6.3
481	-0.996620	219.303826	0.011452	6.1
482	-1.299138	219.078050	0.010233	6.4
483	-0.004572	218.852893	0.000553	5.8
484	-1.430881	218.628352	0.015627	6.7
485	-1.303987	218.404424	0.006260	5.3
486	-1.188510	218.181106	0.021830	5.8
487	-1.077003	217.958397	0.006695	6.5
488	-0.032990	217.736292	0.001011	5.7
489	-1.179002	217.514790	0.011045	5.9
490	-0.532695	217.293888	0.014688	6.3
491	-1.357968	217.073584	0.012670	5.6
492	-0.016732	216.853873	0.000729	6.0
493	-0.000000	216.634755	0.000000	6.1
494	-1.358827	216.416227	0.007339	6.0
495	-0.254583	216.198285	0.003012	6.4
496	-0.000000	215.980927	0.000000	6.0
497	-0.699164	215.764151	0.008515	5.6
498	-0.016343	215.547955	0.000923	6.2
499	-0.183257	215.332335	0.007059	5.7
500	-0.600496	215.117289	0.007202	5.6
501	-1.196871	214.902815	0.012598	6.2
502	-1.067924	214.688911	0.009795	5.5
503	-0.950118	214.475573	0.014545	5.8
504	-0.133741	214.262800	0.004718	6.5
505	-1.429678	214.050588	0.006235	5.7
506	-0.645060	213.838936	0.009828	6.4
507	-0.046007	213.627842	0.003560	5.6
508	-0.108771	213.417302	0.001096	5.9
509	-0.798677	213.207314	0.003686	6.8
510	-1.346256	212.997877	0.010208	5.7
511	-0.932581	212.788987	0.014013	5.8
512	-0.024706	212.580642	0.002810	6.6
513	-0.289105	212.372841	0.009220	6.0
514	-0.172371	212.165581	0.003068	7.5
515	-0.000000	211.958859	0.000000	5.7
516	-0.523390	211.752673	0.005549	6.0
517	-1.232045	211.547021	0.014918	6.5
518	-0.728607	211.341902	0.010461	5.8
519	-0.888298	211.137311	0.010272	6.1
520	-1.077518	210.933248	0.009126	6.6
521	-0.119620	210.729710	0.003533	6.0
522	-0.000748	210.526695	0.000099	7.0
523	-1.353656	210.324200	0.013435	5.7
524	-1.582663	210.122224	0.014379	6.0
525	-1.484718	209.920765	0.011193	6.9
526	-0.524444	209.719820	0.015234	5.7
527	-1.306714	209.519387	0.006635	6.8
528	-0.000000	209.319463	0.000000	6.5
529	-1.424566	209.120048	0.004993	6.1
530	-0.334484	208.921139	0.006967	6.6
531	-0.345229	208.722733	0.005979	5.8
532	-1.330681	208.524829	0.006378	6.8
533	-1.343296	208.327425	0.009505	6.0
534	-1.107177	208.130518	0.011387	5.8
535	-0.126475	207.934107	0.002218	7.0
536	-0.000000	207.738189	0.000000	5.8
537	-0.000000	207.542762	0.000000	5.7
538	-0.616643	207.347825	0.009078	6.8
539	-0.105773	207.153376	0.003161	5.6
540	-0.212803	206.959412	0.003599	6.8
541	-0.786550	206.765932	0.005499	5.6
542	-0.051292	206.572933	0.002513	5.5
543	-0.715899	206.380414	0.004151	6.8
544	-0.000000	206.188373	0.000000	6.1
545	-1.150578	205.996807	0.006734	5.6
546	-1.270457	205.805716	0.004171	6.5
547	-0.000000	205.615096	0.000000	5.6
548	-0.542345	205.424946	0.006367	5.5
549	-1.018722	205.235265	0.010142	6.5
550	-0.514861	205.046050	0.009328	5.6
551	-0.827563	204.857299	0.012195	6.7
552	-1.102556	204.669011	0.016642	5.6
553	-1.290645	204.481184	0.010153	5.8
554	-1.506741	204.293816	0.012134	6.3
555	-0.387837	204.106905	0.008335	5.6
556	-0.824801	203.920449	0.003580	5.7
557	-1.145159	203.734447	0.008599	6.4
558	-0.000000	203.548896	0.000000	5.6
559	-0.000000	203.363795	0.000000	6.0
560	-0.511970	203.179143	0.008302	5.9
561	-1.400371	202.994937	0.015364	5.8
562	-0.921599	202.811176	0.010155	6.8
563	-1.173809	202.627857	0.003810	6.1
564	-1.337858	202.444980	0.011003	5.8
565	-0.443508	202.262543	0.006414	7.4
566	-1.090665	202.080543	0.014903	5.9
567	-1.451871	201.898979	0.007798	6.5
568	-0.103706	201.717849	0.004104	5.9
569	-0.658660	201.537153	0.006193	6.2
570	-1.244812	201.356887	0.008683	6.6
571	-0.749450	201.177050	0.011264	5.7
572	-0.070357	200.997642	0.002110	6.1
573	-0.008141	200.818659	0.000701	6.5
574	-0.881145	200.640100	0.009418	6.0
575	-0.000000	200.461965	0.000000	7.0
576	-0.000201	200.284250	0.000024	5.9
577	-0.502540	200.106955	0.009227	6.1
578	-0.919960	199.930078	0.003929	6.6
579	-0.939395	199.753617	0.009624	6.0
580	-0.037911	199.577571	0.001328	7.3
581	-0.000000	199.401938	0.000000	6.0
582	-1.286433	199.226717	0.007106	5.9
583	-1.118986	199.051905	0.010529	7.2
584	-0.171261	198.877502	0.003170	6.0
585	-0.000000	198.703506	0.000000	5.8
586	-1.054193	198.529916	0.010258	6.6
587	-1.509546	198.356729	0.017066	5.8
588	-0.150622	198.183944	0.003075	6.5
589	-0.999141	198.011560	0.005967	6.2
590	-1.257596	197.839576	0.015329	6.1
591	-1.443434	197.667989	0.008604	6.4
592	-0.000000	197.496798	0.000000	5.8
593	-0.006871	197.326002	0.000741	6.0
594	-0.000000	197.155600	0.000000	6.6
595	-0.770216	196.985589	0.006828	5.8
596	-0.000000	196.815969	0.000000	6.2
597	-0.414195	196.646738	0.006752	5.7
598	-1.210882	196.477894	0.007935	5.9
599	-0.243505	196.309436	0.002825	6.5
600	-0.319439	196.141363	0.006183	6.0
601	-0.137871	195.973673	0.001156	5.8
602	-0.679331	195.806365	0.004770	6.6
603	-0.573447	195.639437	0.005543	5.6
604	-1.336685	195.472888	0.012069	6.0
605	-0.970082	195.306717	0.009387	6.1
606	-1.479600	195.140922	0.008876	5.6
607	-0.000000	194.975501	0.000000	6.2
608	-1.221043	194.810454	0.007640	5.6
609	-0.491780	194.645779	0.007926	6.1
610	-0.995978	194.481475	0.006643	6.3
611	-0.393360	194.317540	0.004044	5.7
612	-0.000000	194.153973	0.000000	5.8
613	-0.686039	193.990773	0.007067	7.2
614	-0.479307	193.827938	0.004996	5.8
615	-0.637502	193.665467	0.006593	7.0
616	-0.819848	193.503358	0.006374	5.5
617	-0.000000	193.341611	0.000000	5.6
618	-1.168790	193.180224	0.010275	7.0
619	-0.155512	193.019196	0.002566	5.8
620	-0.790044	192.858525	0.005997	6.4
621	-0.633918	192.698210	0.005819	5.9
622	-0.601779	192.538251	0.007437	6.1
623	-1.504224	192.378644	0.005270	7.0
624	-0.000000	192.219391	0.000000	6.1
625	-1.021175	192.060488	0.015077	6.6
626	-1.540974	191.901935	0.012610	6.5
627	-0.000143	191.743730	0.000022	6.0
628	-1.467420	191.585873	0.015351	6.3
629	-0.369420	191.428362	0.007381	6.0
630	-1.425670	191.271196	0.005486	6.0
631	-0.915778	191.114374	0.010352	6.4
632	-0.732120	190.957893	0.008050	6.1
633	-1.034846	190.801755	0.009047	5.9
634	-1.485700	190.645956	0.008734	6.2
635	-0.497480	190.490495	0.005773	5.9
636	-0.299292	190.335373	0.011823	6.6
637	-0.493232	190.180587	0.010964	6.5
638	-0.350693	190.026136	0.000828	6.1
639	-0.711283	189.872019	0.006900	6.7
640	-0.000063	189.718235	0.000008	5.9
641	-0.592991	189.564782	0.002408	6.4
642	-0.000000	189.411661	0.000000	6.1
643	-1.124278	189.258868	0.008373	5.6
644	-0.000954	189.106404	0.000121	7.1
645	-1.403480	188.954267	0.014046	5.8
646	-0.038820	188.802456	0.002150	6.2
647	-1.088570	188.650969	0.011616	6.2
648	-0.092518	188.499807	0.002571	5.8
649	-0.174166	188.348967	0.002806	6.6
650	-1.448700	188.198448	0.016627	5.8
651	-1.476760	188.048250	0.008271	6.1
652	-1.249298	187.898371	0.014409	6.6
653	-0.018994	187.748810	0.001259	5.6
654	-0.624338	187.599566	0.004001	5.8
655	-0.769389	187.450638	0.008248	6.1
656	-0.507300	187.302025	0.018624	5.5
657	-1.289512	187.153725	0.006610	5.9
658	-0.753361	187.005739	0.005465	6.0
659	-0.587647	186.858064	0.017003	5.5
660	-0.823508	186.710699	0.010998	6.2
661	-0.000001	186.563645	0.000000	5.7
662	-0.855902	186.416898	0.012164	5.7
663	-1.467148	186.270459	0.008177	6.7
664	-1.179810	186.124326	0.013666	5.8
665	-1.380410	185.978499	0.011413	5.7
666	-1.288691	185.832976	0.010629	5.9
667	-0.946073	185.687756	0.016425	5.5
668	-1.514152	185.542838	0.011411	5.9
669	-0.001144	185.398222	0.000211	6.8
670	-0.053025	185.253906	0.002623	6.0
671	-0.073930	185.109889	0.004678	6.4
672	-1.213781	184.966170	0.015763	5.9
673	-0.542365	184.822748	0.004725	6.0
674	-0.756468	184.679623	0.007276	7.0
675	-0.000000	184.536792	0.000000	5.9
676	-0.001690	184.394256	0.000080	6.4
677	-0.689150	184.252013	0.008219	6.0
678	-0.008383	184.110062	0.000379	6.4
679	-0.878217	183.968403	0.006913	6.3
680	-0.998550	183.827034	0.012909	6.7
681	-0.148418	183.685954	0.004331	5.7
682	-1.051156	183.545163	0.006865	6.3
683	-0.265178	183.404658	0.002872	6.0
684	-0.963409	183.264441	0.006253	6.6
685	-1.330581	183.124509	0.013336	6.0
686	-1.168981	182.984861	0.008221	5.9
687	-0.137335	182.845497	0.002516	6.5
688	-0.244650	182.706416	0.007023	6.0
689	-0.580528	182.567616	0.007989	6.1
690	-1.209407	182.429098	0.008536	6.5
691	-0.021251	182.290859	0.000621	5.9
692	-0.002867	182.152899	0.000285	6.7
693	-0.567801	182.015217	0.005304	6.0
694	-0.712521	181.877813	0.012763	6.0
695	-1.054442	181.740684	0.013350	6.3
696	-1.065425	181.603832	0.007417	6.2
697	-0.965226	181.467253	0.014550	5.9
698	-0.000365	181.330948	0.000050	6.5
699	-0.815964	181.194916	0.010169	6.0
700	-0.978781	181.059155	0.007748	6.5
701	-0.008573	180.923666	0.000425	6.2
702	-1.275433	180.788446	0.007032	5.5
703	-0.522805	180.653496	0.016041	6.3
704	-0.969219	180.518814	0.007111	5.5
705	-1.047051	180.384399	0.006418	5.8
706	-0.893449	180.250251	0.007916	6.7
707	-0.273805	180.116369	0.007114	5.9
708	-1.222548	179.982752	0.014093	5.9
709	-1.387510	179.849398	0.009695	5.6
710	-1.522254	179.716308	0.009939	6.0
711	-0.985242	179.583480	0.009602	6.0
712	-0.695716	179.450913	0.012216	5.9
713	-1.154919	179.318607	0.016627	6.1
714	-0.000000	179.186561	0.000000	6.6
715	-0.592431	179.054774	0.005527	5.9
716	-0.848527	178.923245	0.004967	5.9
717	-0.153071	178.791973	0.001907	6.7
718	-1.423367	178.660958	0.007972	6.0
719	-0.703591	178.530199	0.005245	6.2
720	-0.914868	178.399694	0.012318	5.9
721	-0.536059	178.269444	0.015612	6.0
722	-0.729591	178.139447	0.007609	6.1
723	-1.228685	178.009702	0.008975	6.2
724	-1.381486	177.880209	0.008100	5.9
725	-1.021271	177.750967	0.010892	6.6
726	-0.715595	177.621975	0.006896	6.1
727	-0.000000	177.493232	0.000000	6.4
728	-0.965269	177.364738	0.008500	6.6
729	-0.037334	177.236492	0.002142	5.8
730	-0.425060	177.108492	0.006494	7.0
731	-0.000007	176.980739	0.000002	5.7
732	-1.400641	176.853231	0.010869	6.5
733	-1.461766	176.725968	0.010978	6.1
734	-0.684403	176.598949	0.006262	5.9
735	-0.394433	176.472173	0.007428	6.6
736	-0.081160	176.345639	0.003367	5.7
737	-0.361724	176.219348	0.006122	5.9
738	-1.227955	176.093296	0.014976	6.9
739	-0.813278	175.967486	0.006453	5.9
740	-0.767793	175.841914	0.005692	7.0
741	-1.122999	175.716581	0.007288	6.3
742	-0.786124	175.591486	0.012884	7.0
743	-0.081332	175.466629	0.002507	6.5
744	-0.208287	175.342008	0.004040	5.3
745	-0.628402	175.217622	0.005581	6.5
746	-0.993815	175.093472	0.011345	5.6
747	-1.624821	174.969556	0.007346	5.6
748	-0.939543	174.845873	0.018729	6.7
749	-1.054741	174.722423	0.006658	6.2
750	-0.987114	174.599206	0.005754	5.7
751	-1.131614	174.476220	0.011821	6.2
752	-1.069910	174.353464	0.012407	5.9
753	-0.000178	174.230939	0.000027	6.1
754	-0.000000	174.108643	0.000000	5.6
755	-1.462000	173.986576	0.017262	5.7
756	-0.518272	173.864737	0.005763	5.9
757	-0.425660	173.743124	0.009996	6.0
758	-1.343891	173.621739	0.009476	5.9
759	-0.818296	173.500579	0.008436	7.0
760	-0.773983	173.379645	0.007668	5.6
761	-0.634950	173.258935	0.006363	5.9
762	-0.166490	173.138449	0.001325	6.2
763	-0.000704	173.018186	0.000072	5.7
764	-1.127342	172.898146	0.006330	6.6
765	-1.408121	172.778327	0.010289	6.7
766	-0.000001	172.658730	0.000000	5.7
767	-1.419472	172.539353	0.012291	6.1
768	-0.010379	172.420196	0.000436	5.7
769	-0.913953	172.301258	0.008747	5.7
770	-0.758669	172.182539	0.006456	6.2
771	-0.000000	172.064037	0.000000	6.4
772	-1.057514	171.945753	0.011098	5.9
773	-1.420564	171.827686	0.006520	5.7
774	-0.418581	171.709834	0.008498	6.1
775	-0.017767	171.592198	0.001445	6.4
776	-1.286511	171.474776	0.009669	5.7
777	-0.523420	171.357568	0.006558	6.3
778	-1.006669	171.240574	0.003877	6.3
779	-0.081697	171.123793	0.003552	5.9
780	-1.126279	171.007223	0.008465	5.9
781	-0.748441	170.890865	0.006795	6.9
782	-1.194944	170.774718	0.005732	6.1
783	-1.347762	170.658782	0.012621	6.6
784	-0.025053	170.543055	0.000954	5.7
785	-0.364325	170.427537	0.006548	6.3
786	-1.142475	170.312227	0.020138	6.5
787	-1.208707	170.197125	0.006654	5.8
788	-0.937984	170.082231	0.014078	6.2
789	-1.173998	169.967543	0.009843	6.5
790	-1.325523	169.853061	0.006381	5.8
791	-1.107606	169.738784	0.010589	6.7
792	-1.315821	169.624713	0.013820	5.7
793	-0.041678	169.510845	0.001438	5.9
794	-1.007477	169.397181	0.010279	6.8
795	-0.918405	169.283720	0.009106	5.7
796	-0.288557	169.170462	0.005233	6.5
797	-0.942393	169.057405	0.008678	5.6
798	-0.904237	168.944549	0.006683	5.8
799	-0.000087	168.831895	0.000017	6.2
800	-0.862723	168.719440	0.007147	6.0
801	-0.564603	168.607185	0.006984	6.3
802	-1.355618	168.495129	0.011525	6.0
803	-0.897453	168.383271	0.013466	5.8
804	-0.411326	168.271611	0.007568	5.8
805	-0.788117	168.160148	0.011969	5.9
806	-0.704427	168.048882	0.007241	5.8
807	-0.161778	167.937812	0.000764	6.3
808	-1.196338	167.826938	0.013296	5.8
809	-1.371463	167.716258	0.020721	5.7
810	-1.094766	167.605773	0.017693	6.0
811	-1.333396	167.495482	0.006237	5.6
812	-1.470436	167.385384	0.007215	5.8
813	-0.000000	167.275479	0.000000	6.6
814	-0.258599	167.165766	0.005363	5.7
815	-0.617472	167.056245	0.005572	5.7
816	-0.763834	166.946915	0.015640	6.2
817	-1.404169	166.837776	0.010897	6.0
818	-1.013837	166.728826	0.006952	5.9
819	-0.755782	166.620067	0.006402	5.6
820	-0.000000	166.511496	0.000000	6.3
821	-0.000012	166.403113	0.000002	7.7
822	-0.000002	166.294919	0.000000	9.3
823	-0.574657	166.186912	0.009592	8.2
824	-0.274485	166.079091	0.012014	7.0
825	-0.785792	165.971458	0.006285	7.9
826	-0.384317	165.864009	0.004762	6.4
827	-0.845936	165.756747	0.015475	7.0
828	-1.105181	165.649669	0.009148	7.4
829	-1.242424	165.542775	0.007628	8.8
830	-0.985124	165.436065	0.010073	8.9
831	-1.246738	165.329538	0.013160	10.0
832	-0.295555	165.223194	0.009363	7.6
833	-0.891581	165.117032	0.016064	7.2
834	-0.339465	165.011052	0.003767	6.9
835	-0.804782	164.905253	0.014549	8.1
836	-0.965847	164.799635	0.006668	6.3
837	-1.427555	164.694197	0.007939	6.1
838	-1.341767	164.588939	0.012389	7.4
839	-1.243247	164.483859	0.011388	6.5
840	-0.000205	164.378959	0.000042	7.8
841	-0.177033	164.274237	0.006092	6.4
842	-0.523154	164.169692	0.006139	6.0
843	-0.752787	164.065325	0.008580	7.0
844	-1.300417	163.961135	0.011474	6.1
845	-0.001058	163.857120	0.000135	6.2
846	-0.000000	163.753282	0.000000	6.6
847	-1.591173	163.649619	0.013733	6.3
848	-1.096152	163.546130	0.005653	6.6
849	-0.851437	163.442816	0.011300	6.4
850	-0.000285	163.339676	0.000057	6.4
851	-0.529265	163.236709	0.004756	5.8
852	-0.000355	163.133915	0.000053	5.8
853	-0.096145	163.031294	0.002387	6.6
854	-1.293717	162.928844	0.006233	6.0
855	-0.000004	162.826566	0.000001	6.1
856	-0.787869	162.724459	0.005567	6.7
857	-1.149202	162.622523	0.010002	6.0
858	-0.000000	162.520757	0.000000	6.5
859	-0.354786	162.419160	0.003875	6.1
860	-0.066272	162.317733	0.002257	6.2
861	-1.163215	162.216474	0.021955	6.4
862	-1.394949	162.115383	0.013406	7.0
863	-0.996175	162.014461	0.005376	6.1
864	-1.003664	161.913705	0.007350	6.2
865	-0.030548	161.813117	0.002545	6.5
866	-1.001836	161.712695	0.012890	6.8
867	-0.000000	161.612439	0.000000	5.9
868	-0.000000	161.512349	0.000000	6.2
869	-0.051060	161.412424	0.002708	6.7
870	-1.045110	161.312663	0.006698	5.7
871	-0.000441	161.213067	0.000079	6.8
872	-1.277321	161.113635	0.017635	5.9
873	-0.788015	161.014366	0.005727	5.9
874	-0.642485	160.915260	0.009881	7.0
875	-0.697456	160.816316	0.007258	6.2
876	-0.513444	160.717535	0.006635	6.3
877	-0.000000	160.618915	0.000000	6.2
878	-0.339283	160.520456	0.003258	5.9
879	-0.000000	160.422158	0.000000	6.1
880	-0.761753	160.324021	0.004245	7.3
881	-0.041454	160.226043	0.002213	6.0
882	-0.606792	160.128225	0.006982	6.3
883	-1.100847	160.030566	0.007959	5.8
884	-0.000045	159.933066	0.000006	7.1
885	-1.325073	159.835723	0.021849	5.7
886	-1.518801	159.738539	0.005912	6.1
887	-1.424502	159.641512	0.016534	6.6
888	-0.122580	159.544642	0.002409	5.4
889	-1.472483	159.447929	0.014806	6.0
890	-0.885490	159.351372	0.013242	6.3
891	-1.095188	159.254971	0.007215	6.1
892	-0.215100	159.158725	0.005110	6.4
893	-0.006636	159.062634	0.000514	5.9
894	-0.000000	158.966697	0.000000	6.3
895	-1.243040	158.870915	0.015470	7.9
896	-0.596164	158.775286	0.006307	6.1
897	-0.298178	158.679811	0.006234	6.9
898	-0.556919	158.584489	0.006800	6.1
899	-0.964298	158.489319	0.006207	5.9
900	-1.428008	158.394302	0.006980	6.6
901	-0.000000	158.299436	0.000000	5.5
902	-1.088924	158.204721	0.018004	6.2
903	-0.886314	158.110158	0.006086	6.0
904	-0.017571	158.015745	0.000764	5.6
905	-1.005930	157.921482	0.007280	6.4
906	-0.247357	157.827369	0.004439	5.6
907	-0.045304	157.733406	0.001988	5.5
908	-0.845846	157.639591	0.005734	6.5
909	-1.025857	157.545925	0.012074	5.8
910	-0.723349	157.452408	0.005038	5.8
911	-1.277685	157.359038	0.005879	5.6
912	-0.000000	157.265816	0.000000	6.0
913	-1.450271	157.172741	0.009832	6.0
914	-0.101513	157.079813	0.002424	6.0
915	-0.000000	156.987031	0.000000	5.8
916	-0.000542	156.894395	0.000057	6.4
917	-1.493072	156.801904	0.009622	5.7
918	-1.074763	156.709559	0.019599	5.7
919	-0.581848	156.617359	0.007377	6.8
920	-1.157207	156.525304	0.017643	6.0
921	-0.601854	156.433392	0.008240	5.8
922	-0.477072	156.341624	0.019797	6.2
923	0.000000	156.250000	0.000000	5.7
924	-0.751637	156.158519	0.009451	5.9
925	-0.326830	156.067180	0.009285	5.8
926	-0.000000	155.975984	0.000000	5.7
927	-0.756960	155.884930	0.014149	6.3
928	-0.055056	155.794017	0.002486	6.2
929	-0.651623	155.703246	0.009765	6.0
930	-1.456703	155.612615	0.004571	6.1
931	-0.591033	155.522125	0.010054	6.6
932	-0.558969	155.431775	0.007976	6.2
933	-0.000001	155.341565	0.000000	6.1
934	-0.947287	155.251495	0.009747	5.7
935	-1.334809	155.161563	0.014302	6.4
936	-1.199158	155.071771	0.005461	5.8
937	-0.953175	154.982117	0.011617	5.9
938	-0.845113	154.892601	0.007463	7.3
939	-1.485919	154.803222	0.008665	6.0
940	0.000000	154.713981	0.000000	6.9
941	-1.469584	154.624878	0.009594	6.4
942	-1.308168	154.535910	0.017640	6.0
943	-0.000014	154.447080	0.000003	6.4
944	-0.478309	154.358385	0.004488	5.8
945	-1.088730	154.269826	0.009134	6.1
946	-0.000000	154.181402	0.000000	6.3
947	-0.809796	154.093114	0.007789	6.0
948	-0.840054	154.004960	0.010786	6.8
949	-0.000002	153.916940	0.000001	5.8
950	-1.416127	153.829054	0.013649	6.2
951	-0.000000	153.741303	0.000000	6.3
952	-0.454885	153.653684	0.010813	6.1
953	-0.466251	153.566198	0.012370	7.0
954	-0.148387	153.478846	0.004952	5.6
955	-0.907518	153.391625	0.010268	6.2
956	-0.495547	153.304537	0.007933	6.4
957	-1.188779	153.217580	0.008718	6.2
958	-1.291797	153.130755	0.009708	6.0
959	-0.000000	153.044061	0.000000	6.5
960	-0.698781	152.957498	0.004698	6.5
961	-0.000028	152.871065	0.000005	6.6
962	-0.006542	152.784762	0.000474	6.1
963	-0.000000	152.698589	0.000000	5.7
964	-0.822602	152.612545	0.016041	6.3
965	-0.984892	152.526631	0.010439	6.2
966	-1.409035	152.440845	0.013796	5.6
967	-0.530294	152.355188	0.011718	5.9
968	-0.861894	152.269660	0.006172	5.7
969	-0.077433	152.184259	0.003810	5.9
970	-0.960908	152.098986	0.011828	5.4
971	-0.000034	152.013840	0.000008	6.0
972	-0.795662	151.928821	0.011087	6.3
973	-0.491147	151.843928	0.005201	5.6
974	-0.000001	151.759163	0.000000	5.8
975	-1.436889	151.674523	0.008332	6.0
976	-1.389870	151.590009	0.009140	6.1
977	-0.000368	151.505620	0.000036	5.9
978	0.000000	151.421357	0.000000	6.3
979	-1.254357	151.337218	0.019839	5.7
980	-0.051356	151.253204	0.001711	5.9
981	-1.338316	151.169314	0.012295	5.9
982	-1.181171	151.085549	0.005850	5.6
983	-1.000589	151.001907	0.009269	6.3
984	-1.534590	150.918388	0.008666	6.1
985	-0.011301	150.834992	0.000659	5.9
986	-0.000000	150.751719	0.000000	6.8
987	-0.687095	150.668569	0.008644	5.9
988	-1.391359	150.585541	0.008722	6.0
989	-0.806268	150.502634	0.005377	6.4
990	-0.821114	150.419849	0.009532	6.3
991	-1.049744	150.337186	0.006276	6.7
992	-1.111437	150.254644	0.011170	6.4
993	-0.307609	150.172222	0.006252	6.2
994	-1.438435	150.089921	0.006885	6.5
995	-0.378645	150.007740	0.010729	6.2
996	-0.494432	149.925679	0.009164	6.5
997	-0.000002	149.843737	0.000000	5.8
998	-1.464267	149.761915	0.012407	6.2
999	-1.185854	149.680212	0.007354	6.3
1000	-0.788952	149.598627	0.006753	6.6
1001	-0.494961	149.517161	0.006205	6.3
1002	-0.541466	149.435814	0.007754	6.0
1003	-0.000000	149.354584	0.000000	6.3
1004	-1.128868	149.273472	0.011281	6.0
1005	-0.000000	149.192477	0.000000	6.0
1006	-0.000014	149.111599	0.000003	5.8
1007	-0.291517	149.030838	0.003129	6.1
1008	-0.000000	148.950194	0.000000	5.6
1009	-0.369398	148.869666	0.009512	5.8
1010	-1.067801	148.789253	0.006850	6.2
1011	-0.008924	148.708957	0.001279	5.8
1012	-0.664590	148.628776	0.013380	6.0
1013	-0.001276	148.548710	0.000230	5.8
1014	-0.039066	148.468759	0.001908	7.1
1015	-0.000097	148.388923	0.000017	7.2
1016	-0.755845	148.309201	0.010998	6.6
1017	-0.311861	148.229594	0.003141	6.4
1018	-0.424189	148.150100	0.005807	7.0
1019	-1.001493	148.070719	0.006611	6.6
1020	-0.000001	147.991452	0.000000	7.1
1021	-0.919445	147.912298	0.007709	7.3
1022	-0.359523	147.833257	0.004166	8.7
1023	-0.380128	147.754329	0.012903	7.4
1024	-1.165374	147.675512	0.010384	7.2
1025	-1.179180	147.596808	0.018176	6.5
1026	-0.607450	147.518216	0.007440	7.2
1027	-1.213389	147.439735	0.006869	6.6
1028	-0.330979	147.361365	0.006541	6.5
1029	-1.484003	147.283106	0.011233	7.2
1030	-0.028307	147.204958	0.001611	7.1
1031	-0.645988	147.126920	0.008901	7.5
1032	-0.893613	147.048993	0.011613	7.5
1033	-0.772570	146.971175	0.009124	31.1
1034	-1.419379	146.893468	0.017719	6.7
1035	-0.374723	146.815869	0.005470	7.0
1036	-1.281386	146.738380	0.012264	12.3
1037	-0.695961	146.661000	0.015547	6.1
1038	-1.205791	146.583729	0.009208	6.6
1039	-1.214767	146.506566	0.012882	6.1
1040	-0.506705	146.429511	0.005080	6.0
1041	-0.000205	146.352565	0.000036	6.2
1042	-0.000000	146.275726	0.000000	6.6
1043	-1.415287	146.198994	0.011448	6.1
1044	-0.866289	146.122370	0.005954	6.1
1045	-0.630875	146.045853	0.007597	6.1
1046	-0.844846	145.969442	0.008367	6.3
1047	-0.763439	145.893139	0.008360	6.5
1048	-1.390464	145.816941	0.007351	6.4
1049	-1.146531	145.740849	0.013096	7.1
1050	-0.256713	145.664863	0.002880	6.2
1051	-0.686874	145.588983	0.002399	6.1
1052	-1.130159	145.513208	0.008586	6.9
1053	-1.342874	145.437538	0.019419	6.0
1054	-0.722664	145.361973	0.009753	6.4
1055	-0.194345	145.286513	0.006059	6.0
1056	-0.078403	145.211157	0.004973	6.0
1057	-0.180544	145.135905	0.003400	6.4
1058	-0.059806	145.060757	0.002589	6.1
1059	-0.005146	144.985712	0.000710	6.0
1060	-0.002940	144.910771	0.000388	7.1
1061	-0.029870	144.835934	0.001183	5.9
1062	-1.093509	144.761199	0.010894	6.5
1063	-1.278301	144.686567	0.014925	6.2
1064	-1.267763	144.612037	0.008935	6.0
1065	-0.876159	144.537610	0.007486	6.6
1066	-0.043638	144.463285	0.002871	6.0
1067	-1.136343	144.389062	0.020236	6.6
1068	-0.736192	144.314940	0.008299	6.1
1069	-0.715805	144.240920	0.004995	6.0
1070	-0.000515	144.167001	0.000076	6.5
1071	-0.372412	144.093182	0.003392	6.1
1072	-0.539789	144.019465	0.011449	5.9
1073	-1.432238	143.945848	0.004694	6.6
1074	-0.589159	143.872331	0.007366	5.9
1075	-0.000000	143.798914	0.000000	6.4
1076	-0.239161	143.725597	0.007271	6.5
1077	-1.400821	143.652380	0.013618	6.5
1078	-0.021835	143.579262	0.000877	6.2
1079	-0.455436	143.506243	0.009101	6.0
1080	-0.848233	143.433323	0.006222	5.8
1081	-1.260342	143.360502	0.008867	6.2
1082	-0.558442	143.287780	0.003231	5.8
1083	-1.093139	143.215155	0.006728	6.2
1084	-0.119389	143.142629	0.003817	5.8
1085	-1.083694	143.070201	0.006503	5.7
1086	-0.000000	142.997870	0.000000	6.3
1087	-0.817566	142.925637	0.009711	6.0
1088	-1.461194	142.853501	0.005504	5.7
1089	-1.244595	142.781462	0.010495	6.2
1090	-1.258513	142.709519	0.014179	5.9
1091	-1.283873	142.637674	0.012857	6.4
1092	-0.786527	142.565924	0.006196	5.7
1093	-1.488855	142.494271	0.012778	6.1
1094	-0.767159	142.422714	0.007956	5.7
1095	-1.386832	142.351252	0.010796	6.1
1096	-0.923389	142.279886	0.003264	6.4
1097	-0.040779	142.208616	0.001303	6.0
1098	-0.557981	142.137440	0.005787	5.7
1099	-1.387738	142.066360	0.011661	6.2
1100	-0.000000	141.995374	0.000000	6.6
1101	-1.573582	141.924483	0.018972	6.0
1102	-1.234995	141.853685	0.008606	6.4
1103	-0.512682	141.782983	0.009278	6.2
1104	-0.803856	141.712373	0.005014	6.0
1105	-1.526479	141.641858	0.007019	6.2
1106	-0.004963	141.571436	0.000361	5.9
1107	-0.693887	141.501108	0.006834	6.1
1108	-1.065890	141.430872	0.005284	6.1
1109	-1.099180	141.360730	0.007316	6.1
1110	-0.987689	141.290680	0.006743	6.1
1111	-1.013552	141.220722	0.007073	6.8
1112	-0.000000	141.150857	0.000000	6.0
1113	-0.000001	141.081084	0.000000	6.4
1114	-1.137758	141.011403	0.006285	5.8
1115	-0.002328	140.941813	0.000193	6.6
1116	-0.708765	140.872315	0.005390	6.1
1117	-1.044701	140.802909	0.017263	5.8
1118	-1.261056	140.733593	0.010634	6.7
1119	-0.599294	140.664369	0.004544	5.8
1120	-0.008442	140.595235	0.000822	6.3
1121	-1.061286	140.526192	0.010608	6.6
1122	-0.000000	140.457239	0.000000	5.8
1123	-0.476448	140.388376	0.006450	6.0
1124	-0.000000	140.319603	0.000000	5.7
1125	-0.532518	140.250920	0.005045	5.7
1126	-0.006157	140.182326	0.000443	5.9
1127	-0.574439	140.113822	0.005763	6.4
1128	-0.427963	140.045407	0.005788	5.9
1129	-0.927723	139.977081	0.008596	6.4
1130	-0.249704	139.908844	0.003778	5.7
1131	-0.616154	139.840696	0.007596	5.7
1132	-1.037980	139.772635	0.017093	6.2
1133	-0.457501	139.704664	0.006223	5.6
1134	-0.857951	139.636780	0.005164	6.5
1135	-0.977044	139.568984	0.016072	6.1
1136	-0.863352	139.501276	0.008768	5.7
1137	-1.379141	139.433655	0.009505	6.4
1138	-1.392550	139.366122	0.011899	5.5
1139	-0.845685	139.298676	0.021835	5.7
1140	-1.381120	139.231317	0.009743	6.1
1141	-0.782963	139.164045	0.011097	6.2
1142	-1.144329	139.096859	0.010882	6.1
1143	-0.752740	139.029760	0.015600	5.8
1144	-0.000000	138.962747	0.000000	5.9
1145	-0.964371	138.895820	0.005251	5.7
1146	-1.372425	138.828978	0.009496	6.6
1147	-1.022097	138.762223	0.009313	5.8
1148	-1.385859	138.695553	0.009128	6.5
1149	-1.237119	138.628969	0.015689	6.0
1150	-1.485193	138.562469	0.010858	5.9
1151	-1.228556	138.496055	0.006260	6.6
1152	-1.106988	138.429725	0.009598	5.8
1153	-1.322268	138.363481	0.018230	7.5
1154	-0.406131	138.297320	0.007947	5.9
1155	-0.000000	138.231244	0.000000	5.8
1156	-0.000000	138.165252	0.000000	6.4
1157	-0.616844	138.099344	0.006700	6.1
1158	-0.287834	138.033520	0.004378	6.1
1159	-0.128175	137.967779	0.002262	6.2
1160	-1.000570	137.902122	0.006084	5.8
1161	-0.010034	137.836548	0.000570	6.6
1162	-1.496888	137.771057	0.011512	6.5
1163	-1.505036	137.705649	0.011958	6.6
1164	-0.344174	137.640324	0.007423	8.5
1165	-0.899304	137.575081	0.007239	5.9
1166	-1.600867	137.509921	0.007986	6.6
1167	-0.000000	137.444842	0.000000	5.8
1168	-0.913319	137.379846	0.006616	5.8
1169	-0.239125	137.314932	0.004415	6.3
1170	-0.000000	137.250100	0.000000	5.7
1171	-1.406904	137.185349	0.010739	6.2
1172	-0.065707	137.120680	0.001768	6.0
1173	-1.311447	137.056092	0.004310	5.9
1174	-0.536364	136.991585	0.012534	6.4
1175	-1.204150	136.927158	0.010275	6.3
1176	-0.808922	136.862813	0.005616	5.7
1177	-0.543401	136.798548	0.007196	6.3
1178	-0.000000	136.734363	0.000000	5.5
1179	-0.033446	136.670259	0.001108	5.7
1180	-0.726882	136.606235	0.008201	6.2
1181	-0.000000	136.542291	0.000000	6.3
1182	-0.000174	136.478426	0.000033	6.2
1183	-0.000000	136.414641	0.000000	5.7
1184	-1.534478	136.350936	0.005643	5.7
1185	-1.161649	136.287310	0.007220	6.3
1186	-0.525509	136.223763	0.005545	5.6
1187	-0.817068	136.160295	0.008593	6.1
1188	-0.880514	136.096905	0.009478	6.0
1189	-0.000000	136.033594	0.000000	5.8
1190	-0.987702	135.970362	0.011931	6.0
1191	-0.819636	135.907208	0.013167	5.9
1192	-1.037373	135.844133	0.012293	5.6
1193	-1.443839	135.781135	0.009535	6.7
1194	-0.659347	135.718215	0.003217	5.8
1195	-1.252736	135.655373	0.011587	5.7
1196	-1.350821	135.592608	0.004247	6.7
1197	-0.828656	135.529921	0.012313	5.4
1198	0.000000	135.467311	0.000000	5.9
1199	-0.000000	135.404778	0.000000	7.0
1200	-0.000000	135.342322	0.000000	5.9
1201	-0.006406	135.279942	0.000465	6.2
1202	-0.618635	135.217640	0.008704	5.9
1203	-0.557702	135.155413	0.004043	6.0
1204	-0.132077	135.093263	0.001294	6.5
1205	-0.452222	135.031190	0.013737	6.0
1206	-0.778751	134.969192	0.007479	6.0
1207	-1.330944	134.907270	0.013262	7.4
1208	-1.447727	134.845424	0.016107	6.2
1209	-0.688645	134.783653	0.007192	6.9
1210	-0.016245	134.721958	0.000889	5.9
1211	-0.292310	134.660338	0.010470	6.0
1212	-0.035436	134.598793	0.001460	7.0
1213	-0.002375	134.537323	0.000318	6.2
1214	-1.491219	134.475927	0.006984	6.7
1215	-0.277428	134.414607	0.005078	5.7
1216	-0.608540	134.353361	0.005538	6.0
1217	-1.306887	134.292189	0.003376	6.6
1218	-0.943177	134.231092	0.008966	6.0
1219	-1.167051	134.170068	0.004309	6.2
1220	-1.008136	134.109119	0.008860	5.8
1221	-1.094558	134.048243	0.013893	5.7
1222	-0.994025	133.987441	0.007187	6.3
1223	-1.004476	133.926713	0.013515	5.8
1224	-0.493767	133.866057	0.006641	6.1
1225	-1.203478	133.805475	0.006531	6.1
1226	-0.611491	133.744966	0.006249	5.8
1227	-1.229949	133.684530	0.009608	6.1
1228	-1.017670	133.624167	0.004171	6.2
1229	-1.250142	133.563877	0.005721	5.8
1230	-1.443829	133.503658	0.015871	5.9
1231	-1.192730	133.443513	0.014173	6.8
1232	-0.167056	133.383439	0.003437	5.6
1233	-0.978142	133.323437	0.007375	6.3
1234	-1.430021	133.263508	0.013090	5.5
1235	-0.205027	133.203650	0.005496	5.5
1236	-0.351499	133.143864	0.004645	6.1
1237	-0.044914	133.084149	0.000916	6.0
1238	-0.299512	133.024506	0.004491	6.1
1239	-0.646852	132.964934	0.008263	5.9
1240	-0.753316	132.905433	0.014880	5.8
1241	-0.698760	132.846003	0.005680	6.4
1242	-1.341896	132.786643	0.015327	5.7
1243	-0.056270	132.727355	0.002813	5.8
1244	-0.042315	132.668137	0.000757	6.4
1245	-1.277502	132.608989	0.010772	6.0
1246	-0.619528	132.549912	0.012482	6.0
1247	-0.000000	132.490904	0.000000	5.8
1248	-0.261988	132.431967	0.002905	6.3
1249	-1.473116	132.373100	0.008525	5.9
1250	-1.653056	132.314302	0.010478	6.1
1251	-0.000045	132.255574	0.000007	6.0
1252	-1.135286	132.196916	0.012121	6.5
1253	-0.332815	132.138326	0.006037	5.9
1254	-0.458528	132.079806	0.004358	5.8
1255	-1.002898	132.021355	0.011042	6.4
1256	-1.335275	131.962973	0.004426	5.9
1257	-1.408545	131.904660	0.004332	6.4
1258	-1.382209	131.846415	0.007373	6.2
1259	-0.611784	131.788239	0.014879	5.8
1260	-1.328964	131.730131	0.012254	7.1
1261	-1.245026	131.672092	0.015004	6.0
1262	-0.000000	131.614121	0.000000	5.9
1263	-1.165949	131.556217	0.014510	7.0
1264	-0.990630	131.498382	0.009448	5.9
1265	-1.289432	131.440614	0.015039	6.3
1266	-0.930933	131.382914	0.012892	6.8
1267	-1.214177	131.325282	0.015940	6.5
1268	-1.062875	131.267717	0.008191	6.5
1269	-1.207540	131.210219	0.016801	5.7
1270	-0.090497	131.152788	0.001877	6.1
1271	-1.083439	131.095424	0.015222	5.9
1272	-0.430263	131.038127	0.006564	6.0
1273	-0.839651	130.980897	0.008340	6.1
1274	-1.037368	130.923733	0.006865	5.5
1275	-0.068692	130.866636	0.003793	5.7
1276	-1.215415	130.809605	0.005866	6.5
1277	-0.804285	130.752641	0.007833	5.8
1278	-1.383135	130.695742	0.014370	6.1
1279	-0.566823	130.638910	0.002983	6.4
1280	-1.377013	130.582143	0.015315	5.5
1281	-1.532672	130.525442	0.007666	6.4
1282	-1.467062	130.468807	0.009848	6.5
1283	-1.478206	130.412237	0.011805	6.0
1284	-0.464433	130.355733	0.004196	5.8
1285	-1.291889	130.299294	0.013523	6.1
1286	-1.297450	130.242920	0.010965	5.9
1287	-0.464325	130.186611	0.018240	5.9
1288	-0.016902	130.130366	0.000424	5.8
1289	-0.590579	130.074187	0.007763	5.9
1290	-0.005616	130.018072	0.000440	6.0
1291	-0.685984	129.962022	0.008284	5.8
1292	-0.736255	129.906036	0.005911	6.4
1293	-0.519721	129.850114	0.004048	5.9
1294	-0.252746	129.794257	0.003955	5.8
1295	-0.312186	129.738463	0.005023	6.1
1296	-0.116126	129.682734	0.002141	5.5
1297	-1.209185	129.627068	0.008131	6.1
1298	-1.099005	129.571466	0.009650	7.0
1299	-0.777493	129.515927	0.012638	6.0
1300	-0.686785	129.460452	0.005652	6.5
1301	-0.759824	129.405040	0.012487	5.7
1302	-0.000872	129.349692	0.000169	6.1
1303	-0.000000	129.294406	0.000000	6.2
1304	-0.000091	129.239183	0.000019	5.7
1305	-1.191396	129.184024	0.002662	5.8
1306	-0.207475	129.128927	0.004327	6.6
1307	-0.000000	129.073892	0.000000	5.9
1308	-1.450788	129.018921	0.012679	6.5
1309	-0.333571	128.964011	0.004450	5.8
1310	-0.952463	128.909164	0.008048	5.8
1311	-0.813987	128.854379	0.009019	6.8
1312	-0.000000	128.799656	0.000000	6.0
1313	-1.406277	128.744995	0.015373	6.4
1314	-1.162849	128.690396	0.008163	6.1
1315	-1.343023	128.635858	0.015744	6.1
1316	-0.398348	128.581382	0.004387	6.2
1317	-1.225523	128.526968	0.005707	7.0
1318	-0.068146	128.472615	0.001670	6.3
1319	-1.196233	128.418323	0.007401	6.4
1320	-0.000000	128.364092	0.000000	6.1
1321	-0.000000	128.309922	0.000000	6.3
1322	-1.294574	128.255814	0.016720	6.1
1323	-1.064202	128.201766	0.013720	6.0
1324	-1.496359	128.147778	0.007041	6.4
1325	-0.844118	128.093852	0.011236	5.8
1326	-1.016154	128.039985	0.003428	6.2
1327	-0.839880	127.986180	0.007886	6.1
1328	-1.319000	127.932434	0.020598	5.5
1329	-0.312417	127.878749	0.017091	6.2
1330	-0.396650	127.825123	0.011364	5.7
1331	-0.000000	127.771558	0.000000	5.5
1332	-0.307496	127.718052	0.007840	6.5
1333	-0.571679	127.664606	0.007995	6.1
1334	-0.103442	127.611220	0.001796	6.2
1335	-1.191948	127.557893	0.009772	6.4
1336	-1.193295	127.504625	0.011020	5.4
1337	-1.407982	127.451417	0.007885	5.8
1338	-1.008530	127.398268	0.012059	6.3
1339	-0.930795	127.345178	0.005866	5.6
1340	-0.897951	127.292147	0.003585	6.2
1341	-0.788903	127.239175	0.010222	5.9
1342	-1.454656	127.186261	0.009659	5.7
1343	-0.698570	127.133407	0.007678	6.4
1344	-0.506890	127.080610	0.011445	5.6
1345	-0.341555	127.027872	0.006022	5.8
1346	-0.508028	126.975193	0.004091	6.1
1347	-1.334974	126.922572	0.003107	5.6
1348	-1.426585	126.870008	0.008484	5.9
1349	-0.683552	126.817503	0.006506	6.8
1350	-0.000001	126.765056	0.000000	6.2
1351	-0.000000	126.712667	0.000000	6.3
1352	-0.846469	126.660335	0.008407	5.8
1353	-0.066005	126.608061	0.002751	5.8
1354	-0.000000	126.555844	0.000000	6.9
1355	-0.708465	126.503685	0.005097	5.9
1356	-0.602449	126.451583	0.008017	6.1
1357	-0.653915	126.399538	0.005938	6.4
1358	-1.118527	126.347550	0.011890	6.1
1359	-0.000843	126.295619	0.000135	7.0
1360	-0.753137	126.243745	0.007131	6.0
1361	-0.000065	126.191928	0.000014	5.9
1362	-0.133503	126.140168	0.005901	6.8
1363	-0.885374	126.088464	0.011512	5.8
1364	-0.722017	126.036817	0.009152	6.3
1365	-0.677035	125.985226	0.014421	6.3
1366	-1.559580	125.933691	0.009299	6.9
1367	-0.619938	125.882212	0.005114	6.6
1368	-0.462034	125.830790	0.007712	7.2
1369	-0.000044	125.779423	0.000007	6.8
1370	-1.306446	125.728113	0.014320	5.8
1371	-0.164954	125.676858	0.003388	5.9
1372	-0.000000	125.625659	0.000000	6.9
1373	-0.792247	125.574515	0.009811	5.8
1374	-0.000000	125.523427	0.000000	5.9
1375	-0.575722	125.472394	0.004058	6.5
1376	-0.800101	125.421417	0.009692	5.6
1377	-1.458886	125.370495	0.012751	6.0
1378	-1.503988	125.319628	0.005491	5.8
1379	-0.651341	125.268815	0.011500	5.7
1380	-1.237700	125.218058	0.014445	6.3
1381	-1.128930	125.167356	0.008964	6.0
1382	-1.141565	125.116708	0.013275	5.6
1383	-1.498994	125.066115	0.008324	6.1
1384	-0.000000	125.015576	0.000000	6.1
1385	-1.366349	124.965092	0.008456	5.9
1386	-1.349714	124.914662	0.005534	6.2
1387	-0.640125	124.864287	0.008298	5.9
1388	-0.224309	124.813965	0.002043	6.2
1389	-0.000000	124.763698	0.000000	5.6
1390	-0.337422	124.713485	0.005887	5.8
1391	-1.279730	124.663325	0.002760	6.2
1392	-0.382634	124.613219	0.010187	5.6
1393	-0.425235	124.563167	0.007846	6.0
1394	-1.137063	124.513168	0.009934	6.2
1395	-0.001813	124.463223	0.000236	5.7
1396	-1.580944	124.413332	0.008260	5.7
1397	-0.921959	124.363493	0.007955	6.1
1398	-0.903839	124.313708	0.011782	6.2
1399	-0.581934	124.263976	0.009709	6.2
1400	-0.000000	124.214297	0.000000	7.1
1401	-1.404556	124.164671	0.010684	6.0
1402	-1.115080	124.115097	0.006517	6.1
1403	-0.810450	124.065577	0.007776	6.2
1404	-0.542587	124.016109	0.007298	6.0
1405	-0.996789	123.966693	0.006068	6.3
1406	-1.277619	123.917330	0.011700	5.8
1407	-0.107732	123.868020	0.002489	6.1
1408	-1.490456	123.818762	0.007097	5.9
1409	-1.296972	123.769556	0.007249	6.0
1410	-0.000411	123.720402	0.000068	6.3
1411	-0.663158	123.671300	0.004356	6.0
1412	-1.059753	123.622250	0.005001	6.0
1413	-0.662185	123.573252	0.003879	6.3
1414	-1.309438	123.524305	0.009806	6.0
1415	-0.621192	123.475411	0.005844	6.2
1416	-0.025013	123.426568	0.002262	6.1
1417	-0.339376	123.377776	0.003322	5.7
1418	-0.240004	123.329036	0.004203	6.5
1419	-0.065574	123.280347	0.003162	6.2
1420	-0.354271	123.231709	0.006329	6.0
1421	-1.535268	123.183122	0.014525	6.6
1422	-0.392873	123.134587	0.005119	5.6
1423	-0.130002	123.086102	0.001912	6.1
1424	-0.452860	123.037669	0.006488	5.8
1425	-0.605488	122.989286	0.003527	5.8
1426	-1.439839	122.940954	0.004551	6.4
1427	-1.430086	122.892672	0.008427	5.7
1428	-0.026281	122.844441	0.001527	5.7
1429	-0.558327	122.796261	0.006261	6.1
1430	-0.000000	122.748130	0.000000	5.8
1431	-0.765114	122.700050	0.006925	6.1
1432	-1.161612	122.652021	0.006714	6.3
1433	-0.595225	122.604041	0.005574	5.9
1434	-0.000000	122.556111	0.000000	6.1
1435	-1.598119	122.508232	0.008646	6.3
1436	-0.354973	122.460402	0.005107	5.9
1437	-0.000000	122.412622	0.000000	5.9
1438	-1.040753	122.364891	0.007292	5.9
1439	-0.760356	122.317210	0.012591	5.8
1440	-0.000000	122.269579	0.000000	7.1
1441	-1.218113	122.221997	0.014841	5.7
1442	-0.810412	122.174465	0.004707	6.0
1443	-0.000000	122.126981	0.000000	5.9
1444	-1.330908	122.079547	0.016245	5.9
1445	-1.010316	122.032162	0.009053	6.4
1446	-1.521168	121.984826	0.019995	6.3
1447	-0.002777	121.937539	0.000384	6.0
1448	-0.137919	121.890301	0.001674	6.4
1449	-0.577290	121.843112	0.005728	6.3
1450	-1.065181	121.795971	0.007856	6.5
1451	-0.064835	121.748879	0.002262	5.9
1452	-0.012375	121.701835	0.001308	6.3
1453	-1.313916	121.654840	0.010891	6.3
1454	-1.066276	121.607893	0.016123	6.3
1455	-0.320958	121.560994	0.006252	6.6
1456	-1.072996	121.514144	0.021568	6.1
1457	-0.000153	121.467342	0.000028	6.0
1458	-1.507376	121.420588	0.007735	6.5
1459	-0.000147	121.373882	0.000032	6.4
1460	-1.120357	121.327223	0.015343	6.1
1461	-0.530795	121.280613	0.005207	6.1
1462	-1.106628	121.234050	0.012878	5.8
1463	-1.338588	121.187535	0.005018	6.1
1464	-1.032299	121.141067	0.008132	6.4
1465	-0.645231	121.094647	0.006946	6.3
1466	-0.000000	121.048274	0.000000	6.7
1467	-0.163031	121.001949	0.001599	5.8
1468	-0.924621	120.955671	0.008492	5.9
1469	-0.701171	120.909440	0.005562	6.4
1470	-0.106245	120.863256	0.002357	5.8
1471	-0.782131	120.817119	0.006521	6.2
1472	-1.131423	120.771029	0.007855	5.8
1473	-0.818453	120.724986	0.007678	5.7
1474	-1.176603	120.678990	0.014636	6.2
1475	-0.000000	120.633040	0.000000	6.0
1476	-0.624149	120.587137	0.007485	5.6
1477	-1.159954	120.541281	0.011334	6.4
1478	-1.469015	120.495471	0.008543	5.7
1479	-0.693805	120.449707	0.006380	5.7
1480	-0.985177	120.403990	0.005401	6.4
1481	-1.214328	120.358319	0.008319	5.8
1482	0.000000	120.312694	0.000000	6.4
1483	-1.495054	120.267115	0.012682	5.7
1484	-0.001609	120.221582	0.000222	5.7
1485	-0.003144	120.176096	0.000315	6.5
1486	-1.153649	120.130655	0.008680	5.5
1487	-1.366721	120.085260	0.012318	5.8
1488	-1.252197	120.039910	0.009374	5.8
1489	-1.357034	119.994606	0.007106	6.2
1490	-1.172088	119.949348	0.008745	6.2
1491	-0.187320	119.904135	0.004341	6.5
1492	-0.000171	119.858968	0.000034	6.4
1493	-0.546138	119.813846	0.007648	6.2
1494	-1.451441	119.768769	0.010135	7.0
1495	-0.712264	119.723738	0.007770	6.0
1496	-1.172744	119.678752	0.008735	6.4
1497	-0.561547	119.633810	0.005621	6.0
1498	-1.027303	119.588914	0.014193	6.6
1499	-0.614446	119.544062	0.005737	6.3
1500	-1.006826	119.499256	0.015013	6.0
1501	-0.000502	119.454494	0.000102	6.5
1502	-1.057266	119.409777	0.010377	5.9
1503	-0.496679	119.365104	0.008895	6.0
1504	-0.932030	119.320476	0.016490	5.9
1505	-0.792298	119.275893	0.006302	5.8
1506	-0.000000	119.231353	0.000000	6.2
1507	-0.574462	119.186859	0.008571	7.2
1508	-1.082573	119.142408	0.008568	6.1
1509	-1.147678	119.098002	0.014102	5.9
1510	-0.000000	119.053639	0.000000	5.9
1511	-1.123509	119.009321	0.008149	5.8
1512	-1.398968	118.965047	0.007634	6.1
1513	-1.224001	118.920816	0.004149	5.8
1514	-0.000000	118.876630	0.000000	6.6
1515	-1.106374	118.832487	0.012013	5.9
1516	-0.426149	118.788388	0.006393	5.7
1517	-0.456291	118.744332	0.010809	6.6
1518	-1.432918	118.700320	0.009452	5.4
1519	-1.241448	118.656352	0.002918	5.7
1520	-0.970812	118.612427	0.004657	6.5
1521	-0.828672	118.568545	0.010782	5.8
1522	-0.029232	118.524706	0.001443	6.8
1523	-1.355181	118.480911	0.010878	6.0
1524	-1.268763	118.437159	0.014413	5.7
1525	-1.393223	118.393450	0.008629	5.9
1526	-1.045406	118.349784	0.009336	5.7
1527	-1.346380	118.306160	0.013958	5.8
1528	-0.534577	118.262580	0.006673	6.8
1529	-1.297663	118.219042	0.015649	6.0
1530	-0.429414	118.175548	0.004504	5.8
1531	-1.404899	118.132095	0.012218	6.0
1532	-1.202617	118.088686	0.004648	6.0
1533	-1.427151	118.045319	0.006233	7.0
1534	-1.177734	118.001994	0.011585	5.8
1535	-0.009907	117.958712	0.000859	6.2
1536	-1.232884	117.915472	0.012093	7.3
1537	-1.127243	117.872274	0.008056	5.9
1538	-0.035389	117.829118	0.001008	6.8
1539	-0.579283	117.786005	0.005700	6.4
1540	-0.573174	117.742933	0.013064	6.0
1541	-1.046097	117.699904	0.009793	6.3
1542	-1.301200	117.656916	0.005546	5.9
1543	-0.227348	117.613971	0.004752	6.1
1544	-1.414108	117.571067	0.006270	6.4
1545	-1.284810	117.528205	0.005046	6.4
1546	-0.482411	117.485384	0.005289	6.8
1547	-1.215554	117.442605	0.012112	6.0
1548	-0.000365	117.399867	0.000076	6.2
1549	-1.154750	117.357171	0.018646	6.4
1550	-0.690860	117.314517	0.012427	6.0
1551	-0.622569	117.271903	0.010440	6.5
1552	-0.728129	117.229331	0.011247	6.1
1553	-0.003009	117.186800	0.000371	5.9
1554	-1.434742	117.144311	0.005007	6.2
1555	-0.040997	117.101862	0.001771	5.8
1556	-1.187760	117.059454	0.016269	5.9
1557	-1.300969	117.017087	0.009180	6.4
1558	-0.652385	116.974762	0.008381	6.5
1559	-0.213217	116.932476	0.004275	6.1
1560	-0.355185	116.890232	0.006974	5.8
1561	-0.613326	116.848028	0.008678	5.8
1562	-0.000005	116.805865	0.000001	6.2
1563	-0.234265	116.763743	0.003895	6.1
1564	-0.185034	116.721661	0.004286	5.7
1565	-0.184205	116.679619	0.003988	6.4
1566	-0.556674	116.637618	0.006668	5.5
1567	-0.501457	116.595657	0.007864	5.9
1568	-1.331974	116.553736	0.009489	6.5
1569	-1.294898	116.511855	0.018488	6.0
1570	-1.198884	116.470015	0.015867	6.7
1571	-0.000000	116.428214	0.000000	5.5
1572	-1.365708	116.386454	0.012039	6.3
1573	-0.670718	116.344733	0.005688	6.3
1574	-0.876707	116.303052	0.006463	6.5
1575	-1.291265	116.261412	0.008870	6.3
1576	-0.086362	116.219810	0.001409	6.9
1577	-1.151180	116.178249	0.007340	6.2
1578	-0.000022	116.136727	0.000005	7.2
1579	-0.288164	116.095245	0.004195	6.0
1580	-0.627472	116.053802	0.005017	6.7
1581	-0.676687	116.012398	0.007645	6.6
1582	-1.521540	115.971034	0.011024	6.2
1583	-1.447516	115.929710	0.016281	6.5
1584	-1.228960	115.888424	0.018888	6.3
1585	-1.463358	115.847178	0.016310	6.7
1586	-0.292837	115.805970	0.004124	6.3
1587	-0.000000	115.764802	0.000000	6.5
1588	-0.000000	115.723673	0.000000	7.1
1589	-0.886692	115.682583	0.014280	6.5
1590	-0.428995	115.641532	0.005014	6.5
1591	-0.963004	115.600519	0.010410	7.2
1592	-1.545767	115.559546	0.007218	6.4
1593	-0.001308	115.518610	0.000158	7.5
1594	-0.538283	115.477714	0.016276	6.2
1595	-1.365745	115.436856	0.005140	7.0
1596	-0.752742	115.396037	0.012590	6.1
1597	-0.116311	115.355256	0.004677	6.0
1598	-0.271129	115.314514	0.003899	6.5
1599	-1.541214	115.273810	0.013822	7.0
1600	-0.000000	115.233144	0.000000	6.8
1601	-0.112877	115.192517	0.002679	6.7
1602	-1.328425	115.151927	0.005231	5.9
1603	-0.000000	115.111376	0.000000	7.9
1604	-1.031529	115.070863	0.007174	6.1
1605	-1.518330	115.030388	0.012637	6.0
1606	-0.000007	114.989951	0.000002	9.1
1607	-0.901520	114.949551	0.007490	6.9
1608	-0.315976	114.909190	0.005765	5.9
1609	-1.020338	114.868866	0.009952	5.9
1610	-1.516771	114.828580	0.010582	7.2
1611	-0.882058	114.788332	0.014077	6.4
1612	-1.213443	114.748121	0.013323	6.9
1613	-1.394279	114.707948	0.011384	6.0
1614	-1.129489	114.667812	0.004449	6.5
1615	-0.397808	114.627714	0.006455	6.8
1616	-1.185550	114.587653	0.009795	6.2
1617	-0.932003	114.547629	0.008968	6.3
1618	-0.359721	114.507643	0.003580	6.4
1619	-1.129694	114.467693	0.005413	6.2
1620	-0.000000	114.427781	0.000000	7.0
1621	-0.000214	114.387907	0.000044	6.2
1622	-1.496773	114.348069	0.009362	7.8
1623	-1.353731	114.308268	0.012489	6.6
1624	-1.377001	114.268504	0.012810	6.5
1625	-0.646567	114.228777	0.011437	6.8
1626	-1.346549	114.189086	0.010874	5.8
1627	-1.132809	114.149433	0.016691	6.8
1628	-1.025730	114.109816	0.005642	7.0
1629	-0.003716	114.070235	0.000563	6.4
1630	-1.100749	114.030692	0.010363	6.3
1631	-0.000000	113.991185	0.000000	6.0
1632	-0.479048	113.951714	0.005090	7.4
1633	-0.496197	113.912280	0.020518	6.2
1634	-0.136474	113.872882	0.002432	6.7
1635	-1.076475	113.833521	0.011239	6.5
1636	-0.000000	113.794195	0.000000	6.3
1637	-0.326319	113.754906	0.005867	6.9
1638	-1.040932	113.715653	0.005979	6.5
1639	-0.471012	113.676437	0.008216	6.9
1640	-1.217262	113.637256	0.010385	6.6
1641	-1.255437	113.598111	0.010013	6.4
1642	-0.000001	113.559002	0.000000	7.3
1643	-0.000022	113.519929	0.000003	6.1
1644	-1.031620	113.480892	0.010039	6.2
1645	-1.012654	113.441891	0.011979	7.5
1646	-1.255086	113.402925	0.010821	6.2
1647	-0.000021	113.363995	0.000005	6.6
1648	-0.674478	113.325101	0.006279	7.1
1649	-1.134228	113.286242	0.010451	6.3
1650	-0.846976	113.247419	0.006881	6.6
1651	-1.376256	113.208631	0.009178	6.0
1652	-1.434805	113.169879	0.007847	6.9
1653	-1.133609	113.131162	0.021114	6.9
1654	-0.580547	113.092480	0.005592	6.4
1655	-0.464277	113.053833	0.005094	6.7
1656	-0.702508	113.015222	0.007128	5.9
1657	-0.712643	112.976646	0.012694	6.9
1658	-0.712874	112.938105	0.006334	6.4
1659	-1.243570	112.899599	0.007117	6.7
1660	-1.437954	112.861128	0.017278	6.5
1661	-0.030768	112.822692	0.000927	5.9
1662	-0.013112	112.784291	0.000758	6.6
1663	-0.000000	112.745924	0.000000	6.7
1664	-1.432505	112.707593	0.007375	6.1
1665	-0.350754	112.669296	0.004874	6.7
1666	-1.266374	112.631034	0.006849	6.4
1667	-1.436507	112.592806	0.016308	7.6
1668	-1.060537	112.554613	0.017775	6.9
1669	-0.000009	112.516455	0.000002	6.8
1670	-0.349169	112.478331	0.004055	6.1
1671	-0.049943	112.440241	0.000997	6.2
1672	-1.077109	112.402186	0.014429	7.1
1673	-0.000162	112.364165	0.000034	5.9
1674	-0.000000	112.326179	0.000000	6.4
1675	-1.533517	112.288227	0.011289	6.3
1676	-1.223753	112.250309	0.009960	6.0
1677	-0.732119	112.212425	0.007187	6.3
1678	-1.450760	112.174575	0.005227	6.2
1679	-0.281755	112.136759	0.005638	6.8
1680	-0.784066	112.098977	0.015411	7.1
1681	-1.040246	112.061229	0.006076	6.1
1682	-0.435126	112.023515	0.009322	7.5
1683	-0.000000	111.985834	0.000000	6.3
1684	-0.515197	111.948188	0.004614	7.0
1685	-1.258597	111.910575	0.006617	6.3
1686	-1.154066	111.872996	0.006337	6.2
1687	-1.006039	111.835450	0.005198	6.8
1688	-1.343905	111.797939	0.013737	6.2
1689	-0.425586	111.760460	0.003059	6.4
1690	-0.000000	111.723015	0.000000	6.0
1691	-0.440835	111.685604	0.005445	5.9
1692	-0.090140	111.648226	0.001079	6.7
1693	-0.001021	111.610881	0.000106	6.0
1694	-1.406808	111.573570	0.011786	6.0
1695	-0.310974	111.536292	0.003693	6.3
1696	-0.676549	111.499047	0.006044	6.0
1697	-1.233463	111.461835	0.013769	7.0
1698	-0.000002	111.424656	0.000000	6.0
1699	-0.009602	111.387510	0.000908	6.1
1700	-0.412314	111.350398	0.005883	6.9
1701	-1.193736	111.313318	0.006982	6.1
1702	-0.236682	111.276271	0.004605	6.1
1703	-0.010180	111.239257	0.000526	6.6
1704	-0.352995	111.202276	0.003862	5.9
1705	-1.123337	111.165328	0.012850	6.9
1706	-1.408060	111.128412	0.010977	5.7
1707	-1.084996	111.091529	0.009721	6.2
1708	-0.666254	111.054679	0.005826	6.5
1709	-1.393198	111.017861	0.007236	6.0
1710	-0.512129	110.981076	0.004442	6.8
1711	-1.490540	110.944323	0.005883	6.2
1712	-0.000000	110.907603	0.000000	6.0
1713	-0.000000	110.870915	0.000000	6.7
1714	-0.458949	110.834259	0.007681	6.0
1715	-1.360807	110.797636	0.014135	6.3
1716	-0.000000	110.761045	0.000000	6.2
1717	-0.601907	110.724486	0.004547	6.1
1718	-1.384767	110.687959	0.009746	6.4
1719	-0.929059	110.651465	0.005396	5.7
1720	-1.017463	110.615002	0.008301	6.3
1721	-0.619792	110.578572	0.006056	6.3
1722	-1.335153	110.542173	0.013267	6.0
1723	-0.000000	110.505807	0.000000	5.9
1724	-0.674076	110.469472	0.010057	6.0
1725	-0.025174	110.433169	0.002073	5.9
1726	-1.297119	110.396898	0.011663	5.7
1727	-0.798244	110.360659	0.016198	6.1
1728	-0.009064	110.324451	0.000733	5.8
1729	-1.426843	110.288276	0.007690	6.2
1730	-0.279452	110.252131	0.005102	5.5
1731	-0.396549	110.216019	0.013576	5.5
1732	-0.534588	110.179937	0.009113	6.4
1733	-1.301487	110.143888	0.007674	5.6
1734	-0.746458	110.107869	0.009900	5.6
1735	-1.148574	110.071882	0.007575	6.1
1736	-0.625704	110.035927	0.004266	6.4
1737	-0.335972	110.000003	0.005681	5.9
1738	-0.568066	109.964110	0.007853	6.0
1739	-1.325803	109.928248	0.004736	5.6
1740	-1.471128	109.892417	0.002076	6.4
1741	-0.916055	109.856618	0.003617	5.9
1742	-0.989397	109.820850	0.006902	6.0
1743	-0.794301	109.785112	0.017351	6.1
1744	-0.964189	109.749406	0.005929	5.9
1745	-0.966624	109.713730	0.007923	5.7
1746	-1.398566	109.678086	0.016455	6.2
1747	-0.018103	109.642472	0.000616	5.6
1748	-1.522001	109.606890	0.022696	6.2
1749	-0.510847	109.571337	0.002859	5.9
1750	-0.760940	109.535816	0.004454	5.7
1751	-0.000000	109.500326	0.000000	5.9
1752	-0.430043	109.464866	0.005529	6.4
1753	-0.000000	109.429436	0.000000	5.9
1754	-0.000722	109.394038	0.000111	6.6
1755	-1.224437	109.358669	0.012525	6.1
1756	-1.042277	109.323331	0.007978	6.5
1757	-1.516145	109.288024	0.006219	5.9
1758	-0.000261	109.252747	0.000045	6.0
1759	-0.853758	109.217501	0.010160	6.1
1760	-1.401161	109.182284	0.008619	6.2
1761	-0.658911	109.147098	0.006682	6.2
1762	-1.318973	109.111942	0.011073	6.9
1763	-0.000020	109.076817	0.000005	5.9
1764	-0.300112	109.041721	0.003232	7.0
1765	-1.566021	109.006656	0.015193	5.8
1766	-1.186664	108.971620	0.005563	6.0
1767	-1.013893	108.936615	0.008788	6.8
1768	-0.620802	108.901640	0.011246	6.8
1769	-1.410998	108.866694	0.009285	6.3
1770	-1.410687	108.831779	0.006309	5.9
1771	-1.258138	108.796893	0.010174	5.9
1772	-1.336405	108.762037	0.011344	6.4
1773	-0.000000	108.727211	0.000000	5.7
1774	-0.285226	108.692415	0.005357	6.2
1775	-0.000000	108.657648	0.000000	6.7
1776	-0.000000	108.622911	0.000000	5.8
1777	-0.646531	108.588203	0.004881	6.2
1778	-1.413718	108.553525	0.003058	6.1
1779	-0.712224	108.518877	0.010333	6.1
1780	-0.057161	108.484258	0.002876	6.1
1781	-0.636110	108.449668	0.011984	6.0
1782	-0.446103	108.415108	0.006720	5.5
1783	-1.093018	108.380578	0.018652	6.6
1784	-0.816945	108.346076	0.002593	6.2
1785	-0.033675	108.311604	0.000569	6.4
1786	-1.289332	108.277161	0.016801	5.7
1787	-1.113897	108.242747	0.007733	5.7
1788	-0.956719	108.208363	0.011066	6.0
1789	-1.171468	108.174007	0.013467	5.8
1790	-1.166737	108.139681	0.004478	5.7
1791	-0.167907	108.105383	0.004818	6.1
1792	-0.621424	108.071115	0.017130	5.8
1793	-0.550989	108.036875	0.005886	5.9
1794	-0.000000	108.002665	0.000000	6.5
1795	-0.364945	107.968483	0.004958	5.8
1796	-0.000447	107.934330	0.000081	6.1
1797	-0.000000	107.900206	0.000000	6.1
1798	-0.155355	107.866111	0.002576	5.6
1799	-0.274351	107.832044	0.002765	6.3
1800	-1.446229	107.798007	0.005603	6.3
1801	-1.335488	107.763997	0.007339	6.2
1802	-0.710393	107.730017	0.005861	6.3
1803	-0.158732	107.696065	0.003445	6.0
1804	-0.000001	107.662141	0.000000	6.4
1805	-1.242984	107.628246	0.010183	6.1
1806	-0.900660	107.594379	0.015673	6.6
1807	-0.634548	107.560541	0.009493	6.2
1808	-1.427863	107.526731	0.013051	6.3
1809	-1.161341	107.492949	0.011948	6.4
1810	-1.006434	107.459196	0.003444	6.5
1811	-0.000141	107.425471	0.000028	5.9
1812	-0.000042	107.391774	0.000007	6.5
1813	-1.272598	107.358106	0.009484	5.9
1814	-0.187327	107.324465	0.004552	6.0
1815	-1.182861	107.290853	0.011435	7.0
1816	-0.286183	107.257268	0.003856	5.8
1817	-0.706434	107.223712	0.006412	6.3
1818	-1.433550	107.190184	0.006336	6.8
1819	-0.000333	107.156683	0.000059	5.6
1820	-0.026420	107.123211	0.000783	6.4
1821	-1.031280	107.089766	0.009396	5.5
1822	-1.123931	107.056349	0.006734	5.7
1823	-1.266764	107.022960	0.011371	6.2
1824	-0.987500	106.989599	0.011849	5.7
1825	-0.895198	106.956265	0.005526	5.9
1826	-1.396999	106.922960	0.005845	6.1
1827	-1.287560	106.889681	0.010101	5.8
1828	-1.237636	106.856431	0.006455	6.1
1829	-0.040072	106.823208	0.001982	5.8
1830	-0.943230	106.790012	0.005085	5.4
1831	-0.434377	106.756844	0.007624	6.3
1832	-1.194042	106.723703	0.012163	5.7
1833	-0.045347	106.690590	0.001155	5.7
1834	-0.091155	106.657505	0.004382	6.2
1835	-0.991629	106.624446	0.016760	5.5
1836	-1.463377	106.591415	0.011568	5.7
1837	-1.360749	106.558411	0.013657	6.5
1838	-0.007792	106.525435	0.000674	6.0
1839	-1.445886	106.492485	0.009881	7.6
1840	-1.211249	106.459563	0.012317	6.5
1841	-0.003897	106.426668	0.000299	5.6
1842	-0.493609	106.393800	0.011379	6.3
1843	-0.628534	106.360959	0.012731	5.5
1844	-0.056416	106.328145	0.002518	6.4
1845	-0.487613	106.295358	0.004723	6.5
1846	-1.306592	106.262598	0.014044	5.9
1847	-1.341434	106.229865	0.006312	7.0
1848	-0.459654	106.197158	0.011008	6.0
1849	-0.845928	106.164479	0.014257	6.1
1850	-0.914699	106.131826	0.016016	6.5
1851	-0.374303	106.099201	0.005465	6.1
1852	-1.314468	106.066602	0.009558	6.0
1853	-1.201867	106.034029	0.014282	6.3
1854	-0.439101	106.001483	0.005190	5.7
1855	-0.420341	105.968964	0.004598	6.6
1856	-0.194131	105.936472	0.005078	5.9
1857	-1.148599	105.904006	0.006694	5.9
1858	-0.717122	105.871566	0.014698	6.7
1859	-0.629183	105.839153	0.007924	6.0
1860	-0.413532	105.806767	0.005152	6.5
1861	-0.499350	105.774407	0.006484	6.0
1862	-1.439166	105.742073	0.009501	5.7
1863	-1.229973	105.709766	0.008365	6.7
1864	-0.712991	105.677485	0.010012	5.9
1865	-1.149305	105.645230	0.016508	5.9
1866	-0.344472	105.613001	0.005838	6.9
1867	-0.045086	105.580799	0.003532	7.0
1868	-1.575121	105.548623	0.008635	6.7
1869	-0.000000	105.516473	0.000000	6.2
1870	-0.617989	105.484349	0.004945	6.1
1871	-0.345160	105.452251	0.011383	6.7
1872	-1.185026	105.420179	0.002402	5.8
1873	-0.789788	105.388133	0.014022	6.4
1874	-0.981479	105.356113	0.008547	5.5
1875	-0.814179	105.324119	0.008559	5.7
1876	-1.156637	105.292151	0.012927	6.1
1877	-0.326276	105.260209	0.004138	6.3
1878	-0.732999	105.228293	0.006063	5.9
1879	-1.112533	105.196402	0.016151	6.2
1880	-0.000000	105.164537	0.000000	5.6
1881	-1.216868	105.132698	0.010882	5.8
1882	-1.246979	105.100885	0.014234	6.3
1883	-0.654473	105.069097	0.007150	5.8
1884	-0.015597	105.037335	0.000827	6.3
1885	-0.021997	105.005598	0.001936	6.0
1886	-0.000000	104.973887	0.000000	5.9
1887	-0.997164	104.942202	0.005137	6.0
1888	-0.222704	104.910542	0.005111	6.7
1889	-0.983405	104.878907	0.003702	6.0
1890	-1.409721	104.847298	0.016360	6.0
1891	-1.443142	104.815715	0.004348	6.0
1892	-0.001161	104.784156	0.000159	6.2
1893	-1.271057	104.752623	0.012099	5.8
1894	-1.071716	104.721116	0.011611	5.7
1895	-1.335082	104.689633	0.007568	6.4
1896	-0.075816	104.658176	0.002705	5.6
1897	-0.345337	104.626744	0.006430	6.0
1898	-0.000000	104.595337	0.000000	6.2
1899	-0.329096	104.563955	0.004653	5.6
1900	-1.409012	104.532599	0.009915	5.8
1901	-0.159047	104.501267	0.002702	6.2
1902	-0.943551	104.469960	0.006822	6.7
1903	-0.999659	104.438679	0.007781	6.4
1904	-1.316710	104.407422	0.010167	6.1
1905	-0.000000	104.376191	0.000000	6.2
1906	-0.638610	104.344984	0.008304	6.4
1907	-1.192962	104.313802	0.006806	5.9
1908	-0.642389	104.282645	0.006377	6.5
1909	-1.336979	104.251513	0.006988	6.1
1910	-1.080015	104.220405	0.014111	6.0
1911	-0.605968	104.189323	0.016722	6.6
1912	-0.435376	104.158265	0.007646	6.1
1913	-0.000000	104.127231	0.000000	6.2
1914	-0.994000	104.096222	0.010961	6.5
1915	-1.146733	104.065238	0.015243	5.8
1916	-0.287321	104.034279	0.011411	6.3
1917	-0.000000	104.003344	0.000000	6.0
1918	-1.161957	103.972433	0.010607	6.1
1919	-0.131834	103.941547	0.003265	6.2
1920	-0.000065	103.910686	0.000014	5.8
1921	-1.264812	103.879849	0.015460	6.0
1922	-0.443647	103.849036	0.003230	6.2
1923	-0.000095	103.818248	0.000023	6.1
1924	-1.247968	103.787484	0.014261	6.1
1925	-0.318038	103.756744	0.004408	6.0
1926	-1.367552	103.726029	0.010172	5.7
1927	-0.603383	103.695338	0.008082	6.9
1928	-1.004995	103.664671	0.006957	5.7
1929	-0.358307	103.634028	0.005764	5.5
1930	-0.647615	103.603409	0.006612	6.4
1931	-0.220835	103.572814	0.002738	5.6
1932	-0.000000	103.542244	0.000000	5.4
1933	-1.447810	103.511698	0.011052	6.1
1934	-1.208710	103.481175	0.010153	6.1
1935	-0.958770	103.450677	0.016654	6.0
1936	-0.785842	103.420202	0.005948	6.0
1937	-1.105383	103.389752	0.006493	5.7
1938	-1.416603	103.359325	0.010583	6.4
1939	-1.362591	103.328922	0.015322	6.4
1940	-0.000000	103.298543	0.000000	6.0
1941	-0.066021	103.268188	0.001297	6.3
1942	-0.169745	103.237857	0.003419	5.6
1943	-1.386298	103.207549	0.016274	6.2
1944	-0.455302	103.177265	0.012198	6.1
1945	-0.730112	103.147005	0.006393	5.9
1946	-1.341474	103.116768	0.015413	6.6
1947	-1.560753	103.086556	0.010533	5.5
1948	-0.000000	103.056366	0.000000	5.9
1949	-0.936740	103.026200	0.007394	6.1
1950	-0.789704	102.996058	0.008412	5.9
1951	-1.232421	102.965939	0.009571	5.8
1952	-0.241730	102.935844	0.003081	6.6
1953	-0.962434	102.905772	0.005696	6.5
1954	-1.036433	102.875724	0.009320	6.0
1955	-1.528859	102.845699	0.010639	6.2
1956	-1.478055	102.815697	0.015008	5.9
1957	-0.006524	102.785719	0.000824	6.3
1958	-1.492453	102.755764	0.003265	6.0
1959	-1.513926	102.725832	0.012310	6.7
1960	-1.375240	102.695924	0.009891	6.3
1961	-1.263476	102.666038	0.003214	6.1
1962	-0.948004	102.636176	0.016030	6.6
1963	-1.090298	102.606337	0.014068	6.1
1964	-0.637390	102.576521	0.011332	6.0
1965	-0.459636	102.546728	0.005618	6.0
1966	-1.093100	102.516959	0.010339	6.4
1967	-1.107653	102.487212	0.012803	6.2
1968	-1.461787	102.457488	0.005279	5.8
1969	-0.000000	102.427788	0.000000	6.0
1970	-0.399911	102.398110	0.003397	6.8
1971	-1.348720	102.368455	0.013317	5.9
1972	-0.037392	102.338823	0.001341	5.8
1973	-1.150463	102.309214	0.009621	6.6
1974	-0.237524	102.279628	0.003768	6.5
1975	-0.566231	102.250064	0.007617	7.1
1976	-1.452166	102.220524	0.012687	5.8
1977	-1.190115	102.191006	0.016647	5.7
1978	-1.179784	102.161511	0.008591	6.5
1979	-0.000000	102.132038	0.000000	5.7
1980	-0.940839	102.102588	0.006510	6.4
1981	-1.042143	102.073161	0.007386	5.8
1982	-1.289992	102.043757	0.005054	5.7
1983	-1.001587	102.014375	0.005789	6.3
1984	-0.000000	101.985015	0.000000	5.9
1985	-1.270756	101.955678	0.002543	6.2
1986	-0.000000	101.926364	0.000000	6.7
1987	-1.505600	101.897072	0.013090	5.5
1988	-0.000000	101.867802	0.000000	6.1
1989	-1.196487	101.838555	0.003273	6.0
1990	-1.046100	101.809330	0.007670	6.0
1991	-0.002354	101.780128	0.000332	6.4
1992	-1.540330	101.750948	0.012001	5.9
1993	-1.318222	101.721790	0.008408	5.7
1994	-0.303159	101.692654	0.002920	6.6
1995	-1.620881	101.663541	0.004894	5.7
1996	-1.436225	101.634450	0.014625	5.8
1997	-0.000009	101.605381	0.000002	5.9
1998	-1.397356	101.576335	0.017738	6.7
1999	-0.299341	101.547310	0.006734	7.3
