1:ItNr	2:Metric	3:StepSize	4:||Gradient||	Time[ms]
0	-0.678400	627.201626	0.015943	781.1
1	-0.910197	623.504937	0.017123	5.1
2	-1.099571	619.865785	0.017212	5.0
3	-0.614750	616.282728	0.018877	5.1
4	0.000000	612.754375	0.000000	5.4
5	-0.349555	609.279381	0.003685	5.3
6	-0.517719	605.856447	0.019563	4.9
7	0.000000	602.484317	0.000000	5.5
8	0.000000	599.161779	0.000000	5.0
9	-0.604055	595.887656	0.013620	5.5
10	-0.000000	592.660813	0.000000	5.5
11	-0.468871	589.480151	0.012444	5.5
12	-0.584121	586.344606	0.008834	5.1
13	-0.249001	583.253145	0.002140	5.8
14	0.000000	580.204771	0.000000	5.2
15	-0.742144	577.198517	0.017227	5.7
16	-1.030108	574.233444	0.031232	5.7
17	-0.918754	571.308645	0.032824	5.4
18	-0.919568	568.423237	0.015849	5.6
19	-0.365569	565.576365	0.015529	5.7
20	0.000000	562.767201	0.000000	5.3
21	-0.873928	559.994938	0.014424	5.6
22	-0.458657	557.258797	0.009607	5.4
23	-0.038650	554.558018	0.001916	5.3
24	-0.962249	551.891865	0.019322	6.1
25	-0.891347	549.259621	0.016812	5.8
26	-0.533664	546.660592	0.027204	5.5
27	-0.575757	544.094102	0.016728	6.4
28	-0.531416	541.559494	0.007028	6.2
29	-0.405718	539.056129	0.009819	5.3
30	-0.000000	536.583387	0.000000	6.2
31	-0.606902	534.140663	0.013188	5.7
32	0.000000	531.727370	0.000000	6.0
33	-0.106809	529.342935	0.001819	6.4
34	-0.980763	526.986802	0.007924	5.9
35	-0.152835	524.658430	0.006765	6.5
36	-0.203976	522.357290	0.001900	5.7
37	0.000000	520.082868	0.000000	5.8
38	-0.011541	517.834665	0.000476	6.5
39	-0.800311	515.612193	0.011601	6.1
40	-0.770285	513.414976	0.011096	5.6
41	-0.320123	511.242551	0.003485	6.0
42	-0.999271	509.094468	0.020577	5.7
43	-0.874515	506.970285	0.018521	6.3
44	0.000000	504.869574	0.000000	5.7
45	-0.477412	502.791916	0.006247	5.5
46	-0.298739	500.736903	0.003757	6.0
47	-0.985649	498.704137	0.013591	6.4
48	-0.123353	496.693228	0.004172	6.1
49	0.000000	494.703798	0.000000	6.2
50	-0.000000	492.735476	0.000000	5.7
51	0.000000	490.787900	0.000000	5.7
52	-0.634503	488.860718	0.010293	6.1
53	-0.299961	486.953585	0.008167	6.0
54	-0.830870	485.066164	0.007971	6.1
55	-0.232197	483.198126	0.003172	6.0
56	-0.951152	481.349149	0.014206	5.6
57	-0.167636	479.518920	0.006138	6.4
58	-0.610822	477.707132	0.024000	5.9
59	-0.489194	475.913485	0.003876	5.9
60	-1.003530	474.137684	0.011915	6.4
61	-0.356226	472.379445	0.009251	5.9
62	0.000000	470.638485	0.000000	6.0
63	-0.272950	468.914531	0.004711	6.8
64	-0.468410	467.207315	0.007118	6.1
65	-0.977146	465.516573	0.010631	6.6
66	0.000000	463.842050	0.000000	6.2
67	-0.920778	462.183494	0.007883	5.8
68	-0.646587	460.540658	0.005255	6.3
69	-0.513690	458.913303	0.008641	6.0
70	-0.498268	457.301192	0.009039	6.1
71	-0.278422	455.704096	0.004984	5.9
72	0.000000	454.121787	0.000000	6.4
73	-1.021571	452.554045	0.007052	6.6
74	-0.521310	451.000653	0.012563	6.1
75	-0.735685	449.461399	0.008177	5.8
76	-0.000001	447.936075	0.000000	6.7
77	-0.775981	446.424477	0.015452	5.9
78	-0.017440	444.926406	0.000710	6.3
79	-0.641375	443.441666	0.008508	6.5
80	-0.838500	441.970065	0.009410	5.8
81	-0.633207	440.511415	0.017326	6.6
82	-0.758651	439.065533	0.022928	6.0
83	-0.513950	437.632238	0.011763	6.0
84	-0.396429	436.211351	0.005963	5.9
85	-0.000000	434.802701	0.000000	6.0
86	-0.707151	433.406117	0.011070	6.5
87	-0.045380	432.021430	0.004179	5.8
88	-0.000001	430.648479	0.000001	5.9
89	0.000000	429.287101	0.000000	6.6
90	-0.918787	427.937140	0.008014	5.9
91	-0.160996	426.598440	0.001351	6.2
92	-0.569663	425.270849	0.017297	6.3
93	-0.095433	423.954220	0.002555	6.0
94	-0.481729	422.648404	0.006414	6.4
95	-0.055418	421.353259	0.002132	6.4
96	-0.038556	420.068643	0.004212	5.9
97	-0.031609	418.794419	0.000398	6.3
98	-0.000000	417.530451	0.000000	5.9
99	-0.354279	416.276604	0.007451	6.3
100	-0.827303	415.032748	0.010533	5.8
101	-0.934531	413.798754	0.007740	5.9
102	0.000000	412.574495	0.000000	6.3
103	-0.709098	411.359849	0.010995	6.0
104	-0.956366	410.154691	0.016617	5.9
105	-0.599217	408.958904	0.009500	6.4
106	-0.471436	407.772368	0.009036	6.5
107	-0.509964	406.594968	0.005177	7.8
108	-0.911979	405.426590	0.011546	6.3
109	-0.000007	404.267122	0.000000	6.2
110	-0.528063	403.116456	0.004416	6.9
111	-0.989922	401.974481	0.020142	6.2
112	0.000000	400.841093	0.000000	6.7
113	-0.896596	399.716187	0.017001	6.7
114	-0.070592	398.599660	0.001517	6.1
115	0.000000	397.491411	0.000000	6.2
116	0.000000	396.391342	0.000000	6.4
117	-0.181636	395.299353	0.005130	6.2
118	-0.690100	394.215350	0.008051	6.6
119	-0.116941	393.139238	0.004530	6.2
120	-0.732950	392.070924	0.008562	7.0
121	-0.741605	391.010316	0.004551	6.0
122	-0.000144	389.957325	0.000043	6.0
123	-0.810001	388.911862	0.008728	6.7
124	-0.437601	387.873839	0.006990	6.0
125	-0.864594	386.843173	0.008700	6.9
126	-0.000000	385.819777	0.000000	6.1
127	-0.884355	384.803569	0.006555	6.3
128	-0.806912	383.794468	0.003594	6.5
129	-0.704305	382.792393	0.006734	6.8
130	-0.983159	381.797264	0.034382	6.6
131	-0.237738	380.809005	0.005765	6.1
132	-0.872578	379.827537	0.008366	6.2
133	-0.000223	378.852786	0.000082	6.5
134	-0.936423	377.884678	0.038428	6.0
135	-0.391621	376.923138	0.008691	6.2
136	-0.718926	375.968095	0.008244	6.1
137	-0.530333	375.019479	0.009467	6.0
138	-0.503248	374.077218	0.010778	6.2
139	-0.767101	373.141244	0.007451	5.9
140	-0.100099	372.211489	0.002667	6.5
141	-0.935948	371.287887	0.013967	6.6
142	-0.647838	370.370370	0.010419	6.0
143	-0.361664	369.458876	0.002240	6.2
144	-0.000000	368.553338	0.000000	6.3
145	-0.963521	367.653696	0.013891	6.2
146	-0.899627	366.759885	0.004394	6.2
147	-0.547673	365.871846	0.010315	6.0
148	-0.000248	364.989518	0.000068	6.0
149	-0.420605	364.112841	0.034271	6.2
150	0.000000	363.241757	0.000000	6.1
151	-0.385279	362.376208	0.011408	6.4
152	-0.019225	361.516137	0.002063	6.0
153	-0.433969	360.661488	0.007861	6.0
154	-0.591480	359.812206	0.009555	6.5
155	-0.088778	358.968236	0.006180	6.2
156	-0.531937	358.129524	0.009604	6.0
157	-0.450903	357.296018	0.006182	6.3
158	0.000000	356.467665	0.000000	5.9
159	-0.713144	355.644414	0.008269	6.8
160	-0.913691	354.826213	0.011389	6.0
161	-0.995123	354.013012	0.019808	6.2
162	0.000000	353.204763	0.000000	7.5
163	-0.719279	352.401415	0.007011	6.8
164	0.000000	351.602922	0.000000	6.4
165	-0.000000	350.809235	0.000000	6.1
166	-0.292935	350.020308	0.008946	6.0
167	-0.887573	349.236095	0.009680	7.4
168	-0.718754	348.456550	0.005755	6.1
169	0.000000	347.681627	0.000000	7.3
170	-0.822418	346.911283	0.014785	6.1
171	-0.667233	346.145474	0.007072	6.2
172	-0.245136	345.384157	0.004889	6.6
173	-1.071189	344.627288	0.036981	6.1
174	-0.972310	343.874826	0.017453	7.1
175	-0.000447	343.126729	0.000204	6.1
176	-0.843091	342.382957	0.010984	6.0
177	0.000000	341.643469	0.000000	6.5
178	-0.166486	340.908224	0.002774	7.1
179	-0.542247	340.177184	0.008647	6.4
180	-0.648923	339.450309	0.014207	6.8
181	0.000000	338.727561	0.000000	6.3
182	-0.092278	338.008902	0.003665	6.6
183	-0.726619	337.294295	0.011046	6.1
184	-0.337981	336.583703	0.005628	6.8
185	-0.898764	335.877089	0.012931	6.0
186	-0.329313	335.174416	0.005350	6.7
187	-0.988990	334.475651	0.013265	6.5
188	-0.761877	333.780756	0.011693	6.0
189	-0.000084	333.089698	0.000035	6.6
190	0.000000	332.402443	0.000000	6.3
191	-0.740031	331.718955	0.009716	6.3
192	-0.492031	331.039203	0.006387	6.2
193	-0.766208	330.363153	0.012120	6.8
194	-0.336591	329.690771	0.003415	6.6
195	0.000000	329.022027	0.000000	6.1
196	-1.035097	328.356888	0.012128	6.9
197	0.000000	327.695322	0.000000	6.8
198	-0.394286	327.037299	0.009301	6.8
199	0.000000	326.382787	0.000000	6.5
200	-0.319190	325.731758	0.005512	6.6
201	0.000000	325.084179	0.000000	5.8
202	-1.029404	324.440023	0.030136	6.7
203	-0.892752	323.799258	0.014787	6.0
204	-1.007231	323.161858	0.017518	6.0
205	-0.000285	322.527792	0.000162	7.1
206	-0.453922	321.897034	0.006578	6.0
207	-0.016461	321.269554	0.001441	6.5
208	-0.347526	320.645325	0.008163	6.5
209	-0.059389	320.024320	0.001852	6.0
210	-0.217713	319.406512	0.005694	6.8
211	-0.743313	318.791875	0.007410	7.0
212	-0.975072	318.180381	0.011083	6.5
213	0.000000	317.572005	0.000000	5.8
214	-0.547540	316.966721	0.009306	6.0
215	0.000000	316.364504	0.000000	6.4
216	0.000000	315.765329	0.000000	5.9
217	0.000000	315.169170	0.000000	6.2
218	-0.850044	314.576003	0.013757	6.6
219	-1.001277	313.985804	0.019842	6.2
220	-0.806803	313.398548	0.009353	6.8
221	0.000000	312.814213	0.000000	6.0
222	-0.557970	312.232773	0.006830	6.6
223	-1.028732	311.654207	0.017400	6.7
224	-0.351954	311.078491	0.004221	6.2
225	0.000000	310.505602	0.000000	6.4
226	0.000000	309.935518	0.000000	7.7
227	-0.748053	309.368217	0.007205	6.4
228	-0.893753	308.803676	0.018822	6.4
229	0.000000	308.241874	0.000000	6.4
230	-0.528520	307.682789	0.007562	7.4
231	-0.114279	307.126400	0.005284	6.2
232	0.000000	306.572687	0.000000	6.9
233	0.000000	306.021627	0.000000	6.4
234	-0.376668	305.473201	0.007246	6.2
235	-0.341901	304.927388	0.007827	7.2
236	-0.474121	304.384168	0.007882	6.2
237	0.000000	303.843521	0.000000	6.5
238	-0.684189	303.305427	0.006162	6.4
239	-0.907462	302.769867	0.011968	6.0
240	-0.862697	302.236821	0.015471	6.7
241	0.000000	301.706270	0.000000	6.0
242	-0.923134	301.178196	0.008398	6.0
243	0.000000	300.652580	0.000000	7.0
244	-0.570683	300.129402	0.010022	6.2
245	-0.772853	299.608645	0.007812	6.3
246	-0.132734	299.090291	0.003613	5.9
247	-0.462105	298.574321	0.006898	6.1
248	-0.877840	298.060718	0.006280	6.5
249	-0.915784	297.549465	0.024993	5.9
250	-0.665113	297.040543	0.007691	6.0
251	-0.470664	296.533936	0.010003	6.3
252	0.000000	296.029626	0.000000	5.8
253	-0.666125	295.527597	0.008231	6.2
254	-0.362027	295.027832	0.005257	6.4
255	-0.048981	294.530315	0.002481	5.9
256	-0.372201	294.035028	0.007081	6.3
257	-0.807675	293.541956	0.004867	6.0
258	0.000000	293.051083	0.000000	7.0
259	-0.508045	292.562393	0.007140	8.1
260	0.000000	292.075870	0.000000	6.4
261	-0.975633	291.591498	0.010946	6.7
262	-0.000000	291.109263	0.000000	6.1
263	-1.002942	290.629149	0.006932	7.0
264	-0.000136	290.151140	0.000020	6.2
265	-0.517277	289.675222	0.007764	6.3
266	-0.076692	289.201380	0.005332	6.6
267	0.000000	288.729600	0.000000	6.2
268	0.000000	288.259866	0.000000	6.8
269	-0.812668	287.792165	0.008527	6.3
270	0.000000	287.326481	0.000000	5.8
271	-0.817310	286.862802	0.006744	6.4
272	-0.002266	286.401113	0.000180	6.2
273	-0.135288	285.941400	0.003995	7.1
274	0.000000	285.483649	0.000000	6.3
275	-0.626016	285.027847	0.007483	6.3
276	-0.724715	284.573981	0.010867	6.9
277	-0.568804	284.122037	0.005664	6.8
278	-0.913038	283.672002	0.008911	7.4
279	-0.267842	283.223863	0.003314	6.4
280	-0.825226	282.777607	0.009709	5.9
281	0.000000	282.333221	0.000000	7.2
282	-0.660536	281.890692	0.006495	6.1
283	-0.378411	281.450008	0.006225	6.3
284	-0.731965	281.011157	0.011846	6.3
285	-0.941716	280.574125	0.005291	6.1
286	-0.732947	280.138901	0.007991	6.2
287	-0.227885	279.705473	0.006303	6.1
288	-0.432321	279.273829	0.005877	6.6
289	0.000000	278.843956	0.000000	6.6
290	-0.793039	278.415844	0.008578	6.6
291	-0.178669	277.989479	0.002740	6.0
292	-0.205205	277.564851	0.005853	6.3
293	-0.256601	277.141949	0.006432	6.1
294	-0.996286	276.720761	0.020953	6.6
295	-0.764037	276.301275	0.016234	5.8
296	-1.013303	275.883480	0.015842	6.3
297	-0.014927	275.467366	0.001016	6.1
298	0.000000	275.052922	0.000000	5.7
299	-0.242262	274.640136	0.003076	6.3
300	-0.805874	274.228998	0.005831	6.0
301	-0.442464	273.819497	0.005861	5.8
302	0.000000	273.411623	0.000000	6.0
303	-0.539750	273.005365	0.007902	5.8
304	-0.536265	272.600712	0.008522	6.8
305	0.000000	272.197655	0.000000	5.9
306	-0.008381	271.796184	0.000422	5.8
307	-0.190329	271.396287	0.004192	7.2
308	-0.518159	270.997956	0.004430	6.1
309	-0.785807	270.601180	0.025257	6.2
310	-0.000063	270.205949	0.000021	6.6
311	-0.641756	269.812254	0.007450	6.5
312	-0.651469	269.420085	0.006241	6.5
313	-0.899817	269.029432	0.015430	6.1
314	-0.475503	268.640287	0.007512	6.1
315	-0.794955	268.252638	0.011449	6.7
316	0.000000	267.866478	0.000000	6.0
317	-0.107190	267.481796	0.003512	6.3
318	-0.000054	267.098584	0.000021	5.9
319	0.000000	266.716833	0.000000	5.9
320	-0.392588	266.336533	0.005135	7.2
321	-0.651004	265.957676	0.009574	6.2
322	0.000000	265.580253	0.000000	6.5
323	-0.703476	265.204254	0.009747	6.4
324	-0.212855	264.829672	0.003521	6.2
325	-0.965648	264.456497	0.006765	6.7
326	-0.349279	264.084721	0.004834	7.1
327	-0.180670	263.714335	0.001947	6.6
328	-0.588933	263.345332	0.007223	6.0
329	-0.472778	262.977702	0.005878	6.1
330	-0.397929	262.611438	0.006689	7.2
331	-0.376280	262.246531	0.008915	6.3
332	-0.348978	261.882973	0.006807	5.7
333	-1.003247	261.520756	0.009605	6.4
334	-0.719983	261.159871	0.004856	6.1
335	-0.684612	260.800312	0.013427	7.3
336	-0.000000	260.442070	0.000000	5.9
337	-0.359601	260.085137	0.005879	5.8
338	-0.914080	259.729505	0.005683	6.3
339	-0.000000	259.375167	0.000000	5.8
340	-0.296239	259.022116	0.006987	7.1
341	-0.751813	258.670343	0.005514	6.6
342	-0.016911	258.319841	0.001589	6.0
343	-0.641512	257.970602	0.008247	6.5
344	-0.870160	257.622620	0.012859	6.0
345	-0.034284	257.275887	0.000430	6.0
346	-1.020720	256.930396	0.008797	6.3
347	-0.348270	256.586139	0.002334	6.1
348	-0.976021	256.243109	0.011125	6.2
349	-0.319725	255.901300	0.004152	5.9
350	-0.657904	255.560703	0.009177	5.8
351	-0.639434	255.221313	0.005984	6.8
352	-0.514493	254.883122	0.005545	5.7
353	-0.683636	254.546124	0.009222	5.7
354	-0.658465	254.210311	0.008421	6.5
355	-0.369344	253.875677	0.005939	5.9
356	-0.100967	253.542215	0.002226	6.5
357	-0.879405	253.209918	0.014601	6.6
358	-0.002870	252.878781	0.000151	6.3
359	-0.537457	252.548795	0.006859	6.4
360	-0.283676	252.219956	0.006031	5.9
361	-0.568213	251.892255	0.012453	6.8
362	-0.653923	251.565688	0.004743	6.2
363	0.000000	251.240247	0.000000	6.3
364	-0.059924	250.915926	0.002285	6.8
365	-0.000000	250.592720	0.000000	6.0
366	-0.934643	250.270621	0.012822	6.6
367	-0.540342	249.949624	0.008155	6.8
368	-0.394761	249.629723	0.009710	6.4
369	-0.000007	249.310911	0.000003	6.9
370	0.000000	248.993182	0.000000	6.0
371	-1.048617	248.676531	0.005328	6.3
372	-0.713793	248.360952	0.006830	7.0
373	0.000000	248.046438	0.000000	6.3
374	-0.000003	247.732984	0.000001	7.3
375	-0.846262	247.420584	0.005895	6.3
376	-0.645783	247.109233	0.006594	6.4
377	-0.024393	246.798924	0.002218	6.1
378	0.000000	246.489652	0.000000	6.1
379	0.000000	246.181412	0.000000	7.0
380	0.000000	245.874197	0.000000	6.5
381	-0.173227	245.568002	0.004660	6.5
382	-0.001182	245.262822	0.000073	6.7
383	-0.651549	244.958652	0.005343	9.4
384	-0.212074	244.655485	0.003672	7.4
385	-0.207183	244.353317	0.008027	6.6
386	-0.017937	244.052142	0.000331	7.5
387	-0.182623	243.751955	0.004326	6.2
388	-0.532712	243.452750	0.005105	6.7
389	-0.403077	243.154523	0.003755	8.3
390	-0.930798	242.857268	0.005647	6.8
391	-0.980163	242.560980	0.006403	7.1
392	-0.488385	242.265654	0.004973	6.2
393	0.000000	241.971285	0.000000	6.6
394	-0.686840	241.677868	0.009916	6.2
395	-0.724882	241.385397	0.020047	7.0
396	-0.345091	241.093869	0.004618	6.4
397	-0.916346	240.803278	0.012028	6.4
398	-0.000706	240.513619	0.000096	6.9
399	-0.362699	240.224887	0.004079	6.0
400	0.000000	239.937077	0.000000	6.7
401	-0.481356	239.650186	0.006453	6.6
402	0.000000	239.364207	0.000000	6.1
403	-0.889890	239.079136	0.003234	6.9
404	-0.685509	238.794969	0.016953	6.6
405	-0.000000	238.511701	0.000000	6.4
406	-1.085187	238.229327	0.006929	6.3
407	-1.007428	237.947843	0.006137	6.4
408	-1.042264	237.667244	0.007814	7.0
409	-0.009728	237.387526	0.000376	6.2
410	-0.000000	237.108684	0.000000	6.2
411	-0.749402	236.830714	0.003870	8.1
412	-0.142359	236.553610	0.002275	6.8
413	0.000000	236.277370	0.000000	8.1
414	0.000000	236.001989	0.000000	6.3
415	-0.000000	235.727461	0.000000	6.7
416	-0.559840	235.453784	0.004440	7.7
417	-0.599114	235.180952	0.007459	6.6
418	-0.322857	234.908962	0.005810	6.1
419	-0.414035	234.637809	0.006296	6.0
420	-0.197016	234.367488	0.003808	7.0
421	0.000000	234.097997	0.000000	7.5
422	-0.711407	233.829331	0.006752	6.6
423	-1.006608	233.561485	0.027922	6.1
424	-0.075318	233.294456	0.002902	6.3
425	-0.198121	233.028239	0.004847	7.0
426	-0.571630	232.762831	0.008249	6.5
427	-0.809164	232.498228	0.007918	6.6
428	-0.150308	232.234425	0.003092	6.2
429	-0.537408	231.971419	0.005077	6.0
430	-0.511982	231.709205	0.005107	6.6
431	-0.501907	231.447781	0.006414	6.1
432	-0.948178	231.187141	0.012783	6.1
433	-0.796190	230.927283	0.015192	6.6
434	0.000000	230.668202	0.000000	6.1
435	-0.000000	230.409895	0.000000	6.7
436	0.000000	230.152358	0.000000	7.1
437	0.000000	229.895587	0.000000	6.4
438	-0.017704	229.639578	0.001616	6.5
439	-0.584168	229.384329	0.007863	6.3
440	-0.782476	229.129834	0.003367	6.9
441	-0.883554	228.876091	0.012807	6.1
442	-1.058415	228.623096	0.004661	6.9
443	-0.981403	228.370846	0.005877	6.8
444	-0.337912	228.119336	0.003871	5.9
445	0.000000	227.868563	0.000000	6.6
446	-0.021753	227.618525	0.001049	6.2
447	-0.955734	227.369216	0.006071	6.7
448	-0.877570	227.120635	0.010752	6.5
449	-1.204144	226.872777	0.010220	6.0
450	-0.200914	226.625638	0.003525	6.5
451	-0.181423	226.379217	0.005032	6.6
452	-0.313635	226.133509	0.004033	6.5
453	-0.695138	225.888510	0.005496	6.8
454	-1.078057	225.644218	0.018521	6.5
455	0.000000	225.400630	0.000000	7.0
456	-0.836140	225.157741	0.010793	6.1
457	-0.494596	224.915549	0.009781	6.3
458	0.000000	224.674051	0.000000	6.6
459	0.000000	224.433242	0.000000	6.0
460	-0.031262	224.193121	0.000274	6.8
461	0.000000	223.953684	0.000000	6.3
462	-0.658932	223.714927	0.008346	6.0
463	-0.011692	223.476848	0.001144	6.7
464	-0.076095	223.239444	0.003748	6.0
465	-0.675581	223.002710	0.010109	6.2
466	-0.184691	222.766645	0.002042	6.2
467	-0.330542	222.531245	0.007673	6.1
468	-0.661693	222.296508	0.009642	6.0
469	-0.885637	222.062429	0.003700	6.6
470	-0.000000	221.829007	0.000000	6.0
471	-0.236767	221.596238	0.004526	6.8
472	-0.971818	221.364119	0.008616	5.7
473	-0.165008	221.132647	0.003391	6.5
474	-0.267286	220.901820	0.004720	6.0
475	-0.964720	220.671634	0.009342	6.2
476	-1.007737	220.442086	0.007559	6.6
477	-0.210543	220.213174	0.006790	5.6
478	-0.150215	219.984895	0.001951	6.1
479	-0.743479	219.757246	0.008216	6.6
480	-0.273654	219.530224	0.004561	5.6
481	-0.324778	219.303826	0.003147	6.8
482	-0.378284	219.078050	0.003655	6.4
483	0.000000	218.852893	0.000000	6.0
484	-0.994160	218.628352	0.012340	6.4
485	-0.985369	218.404424	0.005518	6.0
486	-0.064544	218.181106	0.001585	7.2
487	-0.688404	217.958397	0.009154	6.5
488	-0.000000	217.736292	0.000000	6.3
489	-0.000000	217.514790	0.000000	6.7
490	0.000000	217.293888	0.000000	6.1
491	0.000000	217.073584	0.000000	6.8
492	-0.012421	216.853873	0.000738	6.2
493	-0.443673	216.634755	0.005341	6.5
494	-0.847141	216.416227	0.007188	6.6
495	-0.599887	216.198285	0.003701	6.2
496	0.000000	215.980927	0.000000	6.1
497	-0.060546	215.764151	0.001974	6.1
498	-0.397309	215.547955	0.005409	6.2
499	-0.719171	215.332335	0.008177	6.6
500	-0.000000	215.117289	0.000000	6.3
501	-0.000000	214.902815	0.000000	6.2
502	-0.892598	214.688911	0.009323	7.5
503	-0.964599	214.475573	0.018284	6.4
504	-0.374995	214.262800	0.003500	7.0
505	-0.684311	214.050588	0.006375	6.3
506	-0.299130	213.838936	0.005749	6.2
507	-0.395696	213.627842	0.003673	6.7
508	-0.059793	213.417302	0.000352	6.2
509	0.000000	213.207314	0.000000	6.8
510	-0.037522	212.997877	0.002126	6.1
511	-0.994912	212.788987	0.004431	6.2
512	-0.037804	212.580642	0.000702	7.1
513	0.000000	212.372841	0.000000	5.9
514	-0.581038	212.165581	0.006967	6.2
515	-0.336864	211.958859	0.005509	6.3
516	-0.000000	211.752673	0.000000	6.0
517	-0.960855	211.547021	0.006692	6.5
518	-0.510865	211.341902	0.007325	5.7
519	-1.137772	211.137311	0.009877	6.2
520	-0.922857	210.933248	0.006285	6.8
521	-0.738958	210.729710	0.007004	6.0
522	-0.367030	210.526695	0.002994	7.1
523	-0.995706	210.324200	0.005148	5.9
524	-0.000003	210.122224	0.000001	5.7
525	0.000000	209.920765	0.000000	6.9
526	0.000000	209.719820	0.000000	5.9
527	-0.435915	209.519387	0.005129	6.7
528	-0.472162	209.319463	0.009721	5.7
529	-0.923400	209.120048	0.013173	6.2
530	-0.634645	208.921139	0.005381	6.3
531	-0.742971	208.722733	0.009357	6.0
532	-0.961426	208.524829	0.011453	6.5
533	-0.973916	208.327425	0.005625	6.6
534	0.000000	208.130518	0.000000	6.5
535	-0.981040	207.934107	0.007071	7.2
536	-0.894611	207.738189	0.008812	6.6
537	-0.993643	207.542762	0.014506	6.4
538	-0.775766	207.347825	0.006059	6.3
539	-0.483799	207.153376	0.007495	6.2
540	-0.000060	206.959412	0.000026	7.0
541	-0.467736	206.765932	0.007644	6.3
542	-0.542706	206.572933	0.009085	6.3
543	-0.950145	206.380414	0.005821	6.0
544	-0.416226	206.188373	0.004402	6.0
545	-0.010427	205.996807	0.000495	7.1
546	-0.007344	205.805716	0.000635	6.4
547	-0.694991	205.615096	0.009873	6.1
548	-1.039356	205.424946	0.008522	6.8
549	-0.036284	205.235265	0.000796	6.1
550	-0.966147	205.046050	0.009945	6.9
551	-0.543825	204.857299	0.006005	6.2
552	-0.827398	204.669011	0.010650	6.2
553	-0.298909	204.481184	0.003677	6.4
554	-0.000000	204.293816	0.000000	6.6
555	-0.815512	204.106905	0.017063	6.8
556	-0.511668	203.920449	0.004327	6.4
557	-0.760652	203.734447	0.007591	6.1
558	-1.175893	203.548896	0.013512	6.4
559	-0.701676	203.363795	0.008902	6.7
560	-0.354279	203.179143	0.003944	6.3
561	-0.104738	202.994937	0.006114	5.8
562	-0.959807	202.811176	0.008624	5.9
563	0.000000	202.627857	0.000000	6.6
564	-0.435509	202.444980	0.003584	6.7
565	-0.501988	202.262543	0.007540	6.5
566	0.000000	202.080543	0.000000	6.3
567	-0.877046	201.898979	0.009031	6.2
568	-0.586436	201.717849	0.006685	6.7
569	-0.714310	201.537153	0.008852	5.8
570	-0.516029	201.356887	0.007463	5.9
571	-0.588005	201.177050	0.007715	6.3
572	-0.183358	200.997642	0.003410	6.3
573	-0.121735	200.818659	0.002116	6.5
574	-0.606971	200.640100	0.007203	5.9
575	0.000000	200.461965	0.000000	5.7
576	-0.650634	200.284250	0.009548	6.4
577	-0.777194	200.106955	0.008077	6.5
578	-0.633257	199.930078	0.005982	6.4
579	-0.572329	199.753617	0.004119	6.8
580	-0.673345	199.577571	0.004810	5.9
581	-0.700674	199.401938	0.005787	6.6
582	-0.601105	199.226717	0.007620	6.2
583	-0.516064	199.051905	0.010070	6.2
584	-0.674842	198.877502	0.006715	6.4
585	-0.380257	198.703506	0.003381	6.0
586	-0.475348	198.529916	0.004736	6.8
587	-0.018746	198.356729	0.001002	7.1
588	-1.078000	198.183944	0.007282	6.2
589	0.000000	198.011560	0.000000	6.4
590	0.000000	197.839576	0.000000	6.4
591	-0.545096	197.667989	0.008731	6.4
592	-1.003524	197.496798	0.005377	6.2
593	-0.000000	197.326002	0.000000	6.4
594	-0.885731	197.155600	0.003902	6.6
595	-0.385936	196.985589	0.004315	6.2
596	-1.089644	196.815969	0.006482	6.3
597	0.000000	196.646738	0.000000	6.7
598	0.000000	196.477894	0.000000	5.9
599	-0.355545	196.309436	0.004812	6.6
600	0.000000	196.141363	0.000000	6.5
601	0.000000	195.973673	0.000000	6.2
602	-0.000093	195.806365	0.000063	7.9
603	-0.000000	195.639437	0.000000	7.0
604	-0.793467	195.472888	0.011217	7.1
605	-0.001962	195.306717	0.000137	6.1
606	-0.154135	195.140922	0.002232	6.7
607	-0.975594	194.975501	0.010731	6.2
608	0.000000	194.810454	0.000000	6.2
609	-0.868323	194.645779	0.007961	6.8
610	-0.000451	194.481475	0.000104	5.9
611	-0.001517	194.317540	0.000855	6.3
612	-1.069469	194.153973	0.009827	6.3
613	-0.624825	193.990773	0.010350	6.2
614	-0.690148	193.827938	0.004594	6.6
615	-0.001494	193.665467	0.000420	5.9
616	-0.590076	193.503358	0.004625	6.1
617	-0.980139	193.341611	0.008376	6.7
618	-0.000000	193.180224	0.000000	5.8
619	-0.000033	193.019196	0.000014	6.7
620	-0.432427	192.858525	0.007399	6.4
621	-1.036941	192.698210	0.007498	6.3
622	-0.000000	192.538251	0.000000	6.4
623	-0.997235	192.378644	0.011701	5.7
624	-0.124981	192.219391	0.003040	6.1
625	-0.739737	192.060488	0.007774	6.5
626	-0.686832	191.901935	0.011711	5.7
627	-0.584498	191.743730	0.003885	6.7
628	-0.411866	191.585873	0.004965	6.1
629	-0.806326	191.428362	0.010549	5.8
630	-0.143730	191.271196	0.003325	6.6
631	-1.050455	191.114374	0.009722	5.9
632	-0.000379	190.957893	0.000057	6.4
633	-0.640298	190.801755	0.005597	6.7
634	-1.160573	190.645956	0.023297	6.2
635	-0.814902	190.490495	0.005638	6.9
636	-0.855374	190.335373	0.004849	7.1
637	0.000000	190.180587	0.000000	6.5
638	-1.094126	190.026136	0.025247	6.2
639	-0.620960	189.872019	0.010177	6.2
640	-0.608184	189.718235	0.002941	6.7
641	-0.838405	189.564782	0.006082	6.4
642	-0.680604	189.411661	0.006590	6.4
643	-1.084522	189.258868	0.015177	6.3
644	-0.756758	189.106404	0.004764	6.0
645	-1.070370	188.954267	0.009699	6.4
646	-0.084497	188.802456	0.002750	6.6
647	-0.404147	188.650969	0.004615	6.1
648	-1.022044	188.499807	0.006227	6.6
649	-0.637156	188.348967	0.007133	6.1
650	-0.432152	188.198448	0.005586	6.6
651	-0.065483	188.048250	0.002517	6.2
652	-1.001272	187.898371	0.008526	6.2
653	-0.000000	187.748810	0.000000	6.4
654	-0.998513	187.599566	0.009276	6.7
655	-0.517027	187.450638	0.007315	6.6
656	-0.739886	187.302025	0.003322	6.3
657	-0.816426	187.153725	0.010780	6.4
658	-0.386102	187.005739	0.003544	6.4
659	-0.012514	186.858064	0.001353	6.1
660	-0.420420	186.710699	0.005543	6.4
661	-0.000526	186.563645	0.000142	6.4
662	0.000000	186.416898	0.000000	5.9
663	-0.333195	186.270459	0.003212	6.7
664	-0.591810	186.124326	0.008586	6.1
665	-0.036661	185.978499	0.001429	6.0
666	-0.867604	185.832976	0.007645	6.7
667	-0.553207	185.687756	0.011904	6.0
668	-0.950162	185.542838	0.011882	6.7
669	-0.000050	185.398222	0.000014	6.3
670	-0.828535	185.253906	0.009881	6.4
671	-0.459358	185.109889	0.005700	6.5
672	-0.345529	184.966170	0.003199	6.0
673	-0.559104	184.822748	0.006836	6.2
674	0.000000	184.679623	0.000000	5.8
675	-0.000001	184.536792	0.000000	5.8
676	-0.856502	184.394256	0.005688	6.5
677	-0.743253	184.252013	0.006428	5.6
678	-0.844623	184.110062	0.004389	5.9
679	0.000000	183.968403	0.000000	6.3
680	0.000000	183.827034	0.000000	6.0
681	-0.811875	183.685954	0.005349	6.1
682	0.000000	183.545163	0.000000	5.8
683	-0.778702	183.404658	0.010539	6.0
684	-0.271723	183.264441	0.004199	6.2
685	0.000000	183.124509	0.000000	6.8
686	-0.629426	182.984861	0.006061	7.2
687	-0.763413	182.845497	0.007217	6.9
688	-0.546237	182.706416	0.007897	6.1
689	-0.308846	182.567616	0.003239	6.7
690	0.000000	182.429098	0.000000	6.3
691	-0.000038	182.290859	0.000007	6.2
692	-0.562275	182.152899	0.004518	6.6
693	-0.596538	182.015217	0.007167	6.7
694	-0.689985	181.877813	0.006390	6.5
695	-0.846495	181.740684	0.008728	6.4
696	-0.915962	181.603832	0.009254	6.2
697	-0.255828	181.467253	0.004260	6.4
698	-0.718985	181.330948	0.005539	6.2
699	-0.447270	181.194916	0.003852	6.4
700	-0.000000	181.059155	0.000000	6.6
701	0.000000	180.923666	0.000000	6.1
702	-0.351564	180.788446	0.007312	6.7
703	-0.009062	180.653496	0.001144	6.7
704	-1.151998	180.518814	0.019311	6.4
705	-0.786090	180.384399	0.011431	6.7
706	-0.871983	180.250251	0.011710	6.2
707	-0.119568	180.116369	0.003135	6.5
708	-0.000000	179.982752	0.000000	6.3
709	-0.810586	179.849398	0.007173	6.2
710	0.000000	179.716308	0.000000	6.5
711	0.000000	179.583480	0.000000	6.2
712	-0.000000	179.450913	0.000000	6.3
713	-0.848357	179.318607	0.009284	6.1
714	-0.246126	179.186561	0.004648	6.3
715	-0.000000	179.054774	0.000000	6.6
716	-1.002316	178.923245	0.014848	5.8
717	-0.432253	178.791973	0.005967	7.3
718	0.000000	178.660958	0.000000	6.1
719	-0.526446	178.530199	0.004666	6.1
720	-0.653907	178.399694	0.007820	6.7
721	-1.047003	178.269444	0.016091	6.0
722	-0.935605	178.139447	0.008749	6.8
723	0.000000	178.009702	0.000000	6.1
724	-1.007630	177.880209	0.009909	6.1
725	-0.302008	177.750967	0.006476	6.7
726	-0.561079	177.621975	0.007098	6.0
727	-0.000000	177.493232	0.000000	5.9
728	-0.682095	177.364738	0.019301	6.0
729	-0.725273	177.236492	0.006483	5.9
730	-0.881742	177.108492	0.011148	6.1
731	-0.389487	176.980739	0.005244	5.9
732	-0.500176	176.853231	0.004814	6.3
733	-0.909014	176.725968	0.013468	6.3
734	-0.459743	176.598949	0.005885	6.8
735	-0.366508	176.472173	0.006098	6.0
736	-0.536883	176.345639	0.004204	6.6
737	-1.028210	176.219348	0.009141	6.1
738	-0.549958	176.093296	0.002431	7.1
739	-0.346518	175.967486	0.004526	6.1
740	-0.398658	175.841914	0.006856	6.0
741	-0.906181	175.716581	0.007849	6.5
742	-0.405173	175.591486	0.005853	6.3
743	-0.502711	175.466629	0.005872	6.4
744	-0.000000	175.342008	0.000000	6.3
745	0.000000	175.217622	0.000000	6.1
746	-0.001752	175.093472	0.000226	6.6
747	-0.731811	174.969556	0.010280	6.1
748	-1.096936	174.845873	0.005641	6.2
749	-0.614433	174.722423	0.006543	6.5
750	-0.269455	174.599206	0.003766	6.3
751	0.000000	174.476220	0.000000	7.2
752	-1.000551	174.353464	0.005269	6.6
753	-0.265589	174.230939	0.006445	6.3
754	-0.583755	174.108643	0.008761	6.5
755	-0.187012	173.986576	0.003804	6.1
756	-0.974451	173.864737	0.004295	7.0
757	-0.736407	173.743124	0.005071	6.0
758	-0.614910	173.621739	0.005286	6.2
759	-0.000003	173.500579	0.000001	6.3
760	-0.463374	173.379645	0.006245	6.1
761	-0.629308	173.258935	0.007848	6.2
762	-1.082945	173.138449	0.015045	6.0
763	0.000000	173.018186	0.000000	6.2
764	-0.876433	172.898146	0.008529	7.8
765	-0.676869	172.778327	0.006565	6.1
766	-0.000570	172.658730	0.000403	6.8
767	-0.722279	172.539353	0.006941	6.4
768	-0.906361	172.420196	0.005913	6.0
769	-0.315933	172.301258	0.003577	6.6
770	-0.022074	172.182539	0.001727	6.2
771	-0.289499	172.064037	0.005574	6.4
772	-1.016919	171.945753	0.011438	5.9
773	-0.074789	171.827686	0.000905	5.9
774	-1.112548	171.709834	0.021144	6.5
775	-0.129305	171.592198	0.003069	6.1
776	-0.937902	171.474776	0.004627	5.9
777	-0.897034	171.357568	0.008514	5.8
778	-0.904375	171.240574	0.008999	6.5
779	0.000000	171.123793	0.000000	6.3
780	-0.028903	171.007223	0.001976	6.1
781	-0.618528	170.890865	0.009435	6.1
782	-0.431795	170.774718	0.006347	7.1
783	-0.336669	170.658782	0.003846	6.0
784	-0.000000	170.543055	0.000000	5.9
785	-0.950136	170.427537	0.004985	7.4
786	0.000000	170.312227	0.000000	6.2
787	0.000000	170.197125	0.000000	6.5
788	-0.893308	170.082231	0.005224	6.2
789	0.000000	169.967543	0.000000	6.4
790	-1.091673	169.853061	0.008087	6.4
791	-0.052885	169.738784	0.001681	6.2
792	-0.171132	169.624713	0.004229	6.9
793	0.000000	169.510845	0.000000	6.0
794	-0.756731	169.397181	0.006510	6.4
795	-0.920425	169.283720	0.005513	7.0
796	-0.369754	169.170462	0.006666	6.1
797	-0.545514	169.057405	0.006267	6.9
798	-0.920237	168.944549	0.008804	6.1
799	0.000000	168.831895	0.000000	6.6
800	-0.485569	168.719440	0.003627	6.8
801	-0.941030	168.607185	0.013882	6.4
802	-0.485989	168.495129	0.005484	6.6
803	-0.947892	168.383271	0.005873	6.3
804	-0.583434	168.271611	0.007054	6.5
805	-0.911383	168.160148	0.011236	6.3
806	-0.000000	168.048882	0.000000	6.2
807	-0.000007	167.937812	0.000003	6.5
808	-0.991107	167.826938	0.004970	6.2
809	-0.687487	167.716258	0.010566	6.3
810	0.000000	167.605773	0.000000	6.9
811	-1.051967	167.495482	0.010947	6.2
812	-0.974749	167.385384	0.010826	6.2
813	0.000000	167.275479	0.000000	6.0
814	-0.181320	167.165766	0.005249	6.0
815	-0.828972	167.056245	0.011190	6.2
816	-0.443319	166.946915	0.008824	6.5
817	-0.000000	166.837776	0.000000	6.0
818	-0.000001	166.728826	0.000000	6.0
819	-0.449551	166.620067	0.003777	5.9
820	-0.129103	166.511496	0.003494	5.8
821	0.000000	166.403113	0.000000	5.9
822	-0.359637	166.294919	0.004543	6.1
823	-0.747936	166.186912	0.004521	6.6
824	-1.039593	166.079091	0.024309	5.8
825	-0.327710	165.971458	0.005817	6.2
826	-0.299623	165.864009	0.006041	6.4
827	-0.683816	165.756747	0.012438	6.3
828	-0.442381	165.649669	0.003523	6.6
829	-0.725892	165.542775	0.007411	6.1
830	-0.865197	165.436065	0.006519	6.1
831	-0.626464	165.329538	0.006536	6.9
832	-0.688721	165.223194	0.010114	6.0
833	-0.133706	165.117032	0.005547	6.0
834	-1.030348	165.011052	0.006927	6.6
835	-0.636957	164.905253	0.003339	6.4
836	-0.913581	164.799635	0.011026	6.7
837	-0.055211	164.694197	0.003188	6.3
838	-0.817799	164.588939	0.009519	6.1
839	-0.133812	164.483859	0.003709	6.2
840	0.000000	164.378959	0.000000	6.4
841	-0.000000	164.274237	0.000000	7.0
842	-0.363646	164.169692	0.009128	6.3
843	-0.540026	164.065325	0.008357	5.9
844	-1.094233	163.961135	0.008823	6.7
845	-0.000005	163.857120	0.000001	6.7
846	-0.733698	163.753282	0.007856	6.7
847	-0.467906	163.649619	0.005965	6.4
848	-0.045626	163.546130	0.001399	6.2
849	-0.150545	163.442816	0.003789	7.0
850	0.000000	163.339676	0.000000	6.6
851	-1.216438	163.236709	0.021891	6.4
852	0.000000	163.133915	0.000000	6.0
853	0.000000	163.031294	0.000000	6.3
854	0.000000	162.928844	0.000000	6.7
855	-0.013388	162.826566	0.000801	6.3
856	-1.063027	162.724459	0.020406	6.3
857	-0.362181	162.622523	0.007942	6.2
858	-0.584531	162.520757	0.003399	6.3
859	-0.000002	162.419160	0.000001	7.5
860	-0.941499	162.317733	0.005211	6.4
861	-0.000692	162.216474	0.000133	6.5
862	-0.564542	162.115383	0.006696	6.0
863	-0.520286	162.014461	0.005255	6.0
864	-0.000000	161.913705	0.000000	6.4
865	-0.793184	161.813117	0.011667	6.4
866	0.000000	161.712695	0.000000	6.5
867	-0.955154	161.612439	0.005449	6.1
868	-0.940947	161.512349	0.006088	6.3
869	-0.000000	161.412424	0.000000	6.2
870	-0.141150	161.312663	0.005698	5.9
871	0.000000	161.213067	0.000000	6.3
872	-0.000000	161.113635	0.000000	6.7
873	-0.011296	161.014366	0.000682	5.9
874	-0.000000	160.915260	0.000000	6.9
875	-0.329755	160.816316	0.002987	7.0
876	-0.850276	160.717535	0.007781	6.6
877	-0.534956	160.618915	0.005578	8.7
878	-0.001852	160.520456	0.000133	6.5
879	-1.164207	160.422158	0.016622	7.1
880	0.000000	160.324021	0.000000	6.2
881	-0.001902	160.226043	0.000160	6.4
882	0.000000	160.128225	0.000000	6.6
883	-0.393517	160.030566	0.007477	6.2
884	-0.000000	159.933066	0.000000	6.7
885	-0.000000	159.835723	0.000000	6.0
886	-0.966362	159.738539	0.008477	6.0
887	-0.116383	159.641512	0.003448	6.6
888	-0.791156	159.544642	0.006862	6.3
889	-0.583974	159.447929	0.005703	6.5
890	-1.120941	159.351372	0.025170	7.3
891	-0.296435	159.254971	0.004093	6.3
892	0.000000	159.158725	0.000000	6.6
893	-0.417495	159.062634	0.005043	6.0
894	-0.933118	158.966697	0.004900	7.2
895	-0.547160	158.870915	0.007626	5.9
896	-0.756045	158.775286	0.006269	6.0
897	-0.796748	158.679811	0.004057	6.8
898	-0.524606	158.584489	0.006518	6.1
899	-0.339403	158.489319	0.003799	7.2
900	-0.000000	158.394302	0.000000	6.6
901	-0.497366	158.299436	0.006223	6.0
902	-0.773887	158.204721	0.006938	6.5
903	-0.000000	158.110158	0.000000	6.4
904	0.000000	158.015745	0.000000	6.7
905	-0.846610	157.921482	0.005983	6.6
906	0.000000	157.827369	0.000000	6.1
907	0.000000	157.733406	0.000000	6.4
908	-0.184778	157.639591	0.002547	6.2
909	-0.854188	157.545925	0.006487	6.6
910	-0.143288	157.452408	0.003629	6.5
911	-0.939151	157.359038	0.003568	6.6
912	-0.524742	157.265816	0.004307	7.3
913	-1.134938	157.172741	0.012734	6.5
914	-0.958112	157.079813	0.006775	6.3
915	-0.564424	156.987031	0.007061	6.6
916	-0.000002	156.894395	0.000002	6.0
917	-0.888490	156.801904	0.006173	6.9
918	-1.064638	156.709559	0.005805	6.2
919	-0.293528	156.617359	0.005013	6.9
920	-0.550842	156.525304	0.006606	6.5
921	-0.783008	156.433392	0.004295	6.1
922	-1.171984	156.341624	0.029995	7.2
923	-0.986946	156.250000	0.009006	5.8
924	-0.996912	156.158519	0.005368	6.2
925	-0.744823	156.067180	0.006074	6.7
926	-1.008269	155.975984	0.009818	6.4
927	-0.906729	155.884930	0.009594	6.2
928	-0.475369	155.794017	0.002457	6.2
929	-0.872479	155.703246	0.004969	6.5
930	-0.645902	155.612615	0.004665	6.9
931	-0.379656	155.522125	0.005718	6.2
932	-0.000000	155.431775	0.000000	6.6
933	-0.837672	155.341565	0.007676	6.0
934	-0.862422	155.251495	0.008920	6.1
935	-0.537262	155.161563	0.008378	6.2
936	0.000000	155.071771	0.000000	5.8
937	-0.028892	154.982117	0.000448	6.2
938	-0.000001	154.892601	0.000000	6.0
939	-0.470988	154.803222	0.006783	5.8
940	0.000000	154.713981	0.000000	6.7
941	-0.299092	154.624878	0.010889	6.0
942	-0.842569	154.535910	0.010964	6.3
943	-0.594030	154.447080	0.008914	6.3
944	-1.051069	154.358385	0.005638	6.1
945	-0.006603	154.269826	0.000378	6.5
946	0.000000	154.181402	0.000000	6.5
947	-0.703739	154.093114	0.008434	6.2
948	-0.859515	154.004960	0.004914	7.7
949	-1.016008	153.916940	0.008668	6.6
950	-0.008493	153.829054	0.000064	6.6
951	-0.776412	153.741303	0.008951	6.0
952	-0.736446	153.653684	0.007190	6.3
953	-0.704507	153.566198	0.006352	6.6
954	-0.052755	153.478846	0.000969	6.1
955	-0.035442	153.391625	0.001017	6.6
956	-0.907223	153.304537	0.006562	6.2
957	-0.935277	153.217580	0.009045	6.0
958	-0.796241	153.130755	0.011201	6.3
959	-0.145709	153.044061	0.003460	6.5
960	-0.000060	152.957498	0.000026	5.9
961	-0.738725	152.871065	0.006029	7.1
962	-1.065406	152.784762	0.005819	6.2
963	-0.783651	152.698589	0.005148	6.4
964	-1.028500	152.612545	0.004086	6.7
965	-0.049391	152.526631	0.001868	6.2
966	-0.657849	152.440845	0.014389	6.9
967	-0.377765	152.355188	0.005267	6.3
968	-0.393867	152.269660	0.002656	6.6
969	-1.054601	152.184259	0.016630	6.3
970	-0.397645	152.098986	0.002373	6.1
971	-0.705228	152.013840	0.007024	6.6
972	-0.000000	151.928821	0.000000	6.2
973	-0.769299	151.843928	0.005304	6.2
974	-0.935679	151.759163	0.014432	6.1
975	-0.536717	151.674523	0.003154	5.7
976	-0.779218	151.590009	0.007324	6.2
977	-0.949655	151.505620	0.004657	5.9
978	-0.482021	151.421357	0.008208	6.0
979	0.000000	151.337218	0.000000	6.8
980	-0.617457	151.253204	0.007471	6.3
981	-0.778804	151.169314	0.006577	6.5
982	-0.421940	151.085549	0.005756	5.8
983	-0.946667	151.001907	0.012494	6.0
984	-0.818594	150.918388	0.009017	7.0
985	-0.405136	150.834992	0.005408	5.9
986	-0.000555	150.751719	0.000219	5.9
987	-0.473149	150.668569	0.005346	6.3
988	-1.038628	150.585541	0.026669	6.0
989	-0.640716	150.502634	0.004419	6.3
990	-0.608421	150.419849	0.006039	6.0
991	-0.675354	150.337186	0.003667	6.0
992	-0.044644	150.254644	0.002985	6.5
993	-0.545889	150.172222	0.004920	6.2
994	-0.879829	150.089921	0.004704	6.8
995	-0.008247	150.007740	0.000284	7.0
996	-1.085534	149.925679	0.010328	6.2
997	0.000000	149.843737	0.000000	6.5
998	-1.006937	149.761915	0.028053	6.5
999	-0.714837	149.680212	0.004977	6.4
1000	-1.039510	149.598627	0.004957	6.7
1001	-0.000878	149.517161	0.000159	6.3
1002	-0.475863	149.435814	0.007326	7.6
1003	-0.744706	149.354584	0.006210	6.2
1004	-0.792861	149.273472	0.011007	6.1
1005	-0.785739	149.192477	0.006928	6.1
1006	-1.059546	149.111599	0.008371	6.0
1007	-0.000000	149.030838	0.000000	6.5
1008	-0.736382	148.950194	0.007612	6.2
1009	-0.000000	148.869666	0.000000	6.4
1010	-0.690640	148.789253	0.005941	6.6
1011	-0.788102	148.708957	0.009305	6.9
1012	-0.600515	148.628776	0.004963	6.8
1013	-0.304361	148.548710	0.004846	6.6
1014	0.000000	148.468759	0.000000	6.1
1015	0.000000	148.388923	0.000000	6.8
1016	-0.999233	148.309201	0.009172	6.6
1017	-0.751784	148.229594	0.004324	6.8
1018	-0.628412	148.150100	0.004611	6.2
1019	-0.423770	148.070719	0.006108	7.0
1020	-0.673346	147.991452	0.006706	6.4
1021	-1.010376	147.912298	0.004064	6.2
1022	0.000000	147.833257	0.000000	6.3
1023	-0.698763	147.754329	0.005574	5.8
1024	-0.948714	147.675512	0.006904	6.3
1025	-0.807566	147.596808	0.009821	6.8
1026	-0.098896	147.518216	0.003925	6.6
1027	-0.491527	147.439735	0.005410	6.7
1028	0.000000	147.361365	0.000000	5.9
1029	-0.667786	147.283106	0.008962	5.8
1030	-0.662609	147.204958	0.009015	6.9
1031	-0.384304	147.126920	0.006623	7.0
1032	-0.249915	147.048993	0.002730	6.6
1033	-0.940044	146.971175	0.005331	6.2
1034	-0.514383	146.893468	0.014777	5.8
1035	-0.820407	146.815869	0.007461	6.3
1036	-1.208748	146.738380	0.011674	6.2
1037	-0.751154	146.661000	0.006503	6.0
1038	-0.888135	146.583729	0.007574	6.7
1039	-0.841059	146.506566	0.008235	5.8
1040	0.000000	146.429511	0.000000	7.0
1041	-0.229272	146.352565	0.005103	6.3
1042	-0.410361	146.275726	0.005765	6.4
1043	-0.000000	146.198994	0.000000	7.2
1044	0.000000	146.122370	0.000000	6.0
1045	-0.887778	146.045853	0.005783	6.2
1046	-0.015066	145.969442	0.000717	6.6
1047	-0.000109	145.893139	0.000008	6.6
1048	-0.000434	145.816941	0.000110	7.4
1049	-0.492380	145.740849	0.006701	6.4
1050	-0.350148	145.664863	0.005109	6.4
1051	-0.859759	145.588983	0.008305	6.4
1052	-0.803102	145.513208	0.006016	5.9
1053	-0.720662	145.437538	0.008643	6.9
1054	-0.435641	145.361973	0.006532	6.3
1055	-0.000000	145.286513	0.000000	6.6
1056	0.000000	145.211157	0.000000	6.2
1057	0.000000	145.135905	0.000000	6.1
1058	-0.769416	145.060757	0.008802	6.6
1059	0.000000	144.985712	0.000000	6.3
1060	-0.658521	144.910771	0.007036	6.5
1061	-0.403341	144.835934	0.006217	6.1
1062	-0.386819	144.761199	0.004134	6.1
1063	0.000000	144.686567	0.000000	6.4
1064	0.000000	144.612037	0.000000	6.5
1065	0.000000	144.537610	0.000000	6.4
1066	-0.468706	144.463285	0.006389	6.4
1067	-0.767619	144.389062	0.007015	6.1
1068	-0.620507	144.314940	0.004594	6.2
1069	-0.237369	144.240920	0.004935	5.7
1070	-0.826162	144.167001	0.015030	5.8
1071	-0.869379	144.093182	0.006570	7.4
1072	-0.620020	144.019465	0.007074	6.4
1073	-0.733159	143.945848	0.009325	6.6
1074	-0.883458	143.872331	0.011462	6.2
1075	-0.658840	143.798914	0.004962	5.8
1076	-0.241646	143.725597	0.004212	6.7
1077	-1.019060	143.652380	0.006182	6.2
1078	-0.974713	143.579262	0.004951	6.2
1079	-1.025620	143.506243	0.015826	7.5
1080	-1.108118	143.433323	0.012753	6.1
1081	-0.752732	143.360502	0.010107	6.3
1082	-0.759209	143.287780	0.007223	6.0
1083	-0.496379	143.215155	0.008964	6.1
1084	-0.273491	143.142629	0.003433	6.3
1085	-0.722797	143.070201	0.009789	5.7
1086	0.000000	142.997870	0.000000	6.4
1087	-0.573011	142.925637	0.005735	6.0
1088	-0.980197	142.853501	0.008407	6.6
1089	-0.557936	142.781462	0.005865	6.5
1090	-0.169135	142.709519	0.004306	6.0
1091	-0.566444	142.637674	0.005726	7.0
1092	-0.722006	142.565924	0.008555	6.0
1093	-0.716345	142.494271	0.007211	6.9
1094	-0.599539	142.422714	0.009235	7.4
1095	-0.436424	142.351252	0.004829	7.0
1096	-0.822098	142.279886	0.006852	6.8
1097	-0.466890	142.208616	0.008650	6.5
1098	0.000000	142.137440	0.000000	6.3
1099	-0.027608	142.066360	0.002154	6.4
1100	-0.843933	141.995374	0.007840	6.2
1101	0.000000	141.924483	0.000000	6.6
1102	-0.904803	141.853685	0.006337	6.3
1103	-0.880254	141.782983	0.010996	6.1
1104	-0.195544	141.712373	0.001813	6.5
1105	-0.227142	141.641858	0.002482	6.1
1106	-0.955251	141.571436	0.006207	6.1
1107	-0.393481	141.501108	0.005539	6.5
1108	-0.998149	141.430872	0.014546	6.7
1109	-0.297701	141.360730	0.006029	7.1
1110	0.000000	141.290680	0.000000	6.0
1111	-0.574325	141.220722	0.005786	6.2
1112	-0.764901	141.150857	0.005179	7.1
1113	-0.306771	141.081084	0.005809	6.6
1114	-0.227821	141.011403	0.004100	7.1
1115	0.000000	140.941813	0.000000	6.2
1116	-0.133915	140.872315	0.002353	6.2
1117	0.000000	140.802909	0.000000	6.3
1118	-0.002254	140.733593	0.000474	6.7
1119	0.000000	140.664369	0.000000	6.8
1120	0.000000	140.595235	0.000000	6.2
1121	0.000000	140.526192	0.000000	6.0
1122	-1.168444	140.457239	0.013964	6.4
1123	-0.476602	140.388376	0.010795	5.7
1124	0.000000	140.319603	0.000000	7.3
1125	-0.644929	140.250920	0.005537	5.9
1126	-1.045733	140.182326	0.012211	6.1
1127	-0.149231	140.113822	0.004333	6.1
1128	-0.094863	140.045407	0.001986	6.4
1129	-0.199666	139.977081	0.002678	6.4
1130	0.000000	139.908844	0.000000	6.7
1131	-0.014791	139.840696	0.000864	5.9
1132	-0.097175	139.772635	0.003391	7.5
1133	-0.009664	139.704664	0.001427	6.0
1134	-0.895197	139.636780	0.006865	6.9
1135	-0.190394	139.568984	0.004792	6.2
1136	0.000000	139.501276	0.000000	6.1
1137	0.000000	139.433655	0.000000	6.1
1138	-0.040234	139.366122	0.001624	6.0
1139	-0.000000	139.298676	0.000000	6.0
1140	-0.526365	139.231317	0.006056	6.7
1141	-0.278566	139.164045	0.005752	6.2
1142	-0.254792	139.096859	0.004537	6.8
1143	-0.468392	139.029760	0.005528	6.1
1144	-1.067886	138.962747	0.017627	6.3
1145	-0.725403	138.895820	0.008777	6.3
1146	0.000000	138.828978	0.000000	6.4
1147	-1.092196	138.762223	0.008205	8.1
1148	-0.991900	138.695553	0.007021	6.2
1149	-0.716372	138.628969	0.007823	6.4
1150	-0.001342	138.562469	0.000052	6.9
1151	0.000000	138.496055	0.000000	6.1
1152	-0.005521	138.429725	0.000439	7.0
1153	-0.977656	138.363481	0.005762	6.2
1154	-0.065579	138.297320	0.001798	6.2
1155	-0.339492	138.231244	0.003220	7.0
1156	-0.783920	138.165252	0.008321	6.0
1157	-0.000007	138.099344	0.000006	6.5
1158	-0.341378	138.033520	0.004140	6.3
1159	-0.351984	137.967779	0.005376	5.9
1160	0.000000	137.902122	0.000000	6.4
1161	-0.630246	137.836548	0.005101	6.9
1162	-0.230830	137.771057	0.002088	6.8
1163	-0.597721	137.705649	0.009912	6.0
1164	-0.886471	137.640324	0.006563	6.0
1165	-0.957236	137.575081	0.013606	6.9
1166	-0.876034	137.509921	0.003801	6.1
1167	-0.448142	137.444842	0.004489	6.5
1168	-0.714967	137.379846	0.008289	6.6
1169	-0.038179	137.314932	0.001633	5.8
1170	0.000000	137.250100	0.000000	6.7
1171	-1.065950	137.185349	0.007068	5.9
1172	-0.990164	137.120680	0.004181	5.9
1173	-0.000000	137.056092	0.000000	6.5
1174	-0.893121	136.991585	0.008709	5.9
1175	-0.807636	136.927158	0.006218	6.4
1176	-1.001420	136.862813	0.007681	6.6
1177	-0.601658	136.798548	0.007826	6.0
1178	-0.879788	136.734363	0.008156	8.0
1179	-0.659934	136.670259	0.007469	6.1
1180	-0.454567	136.606235	0.005478	6.6
1181	0.000000	136.542291	0.000000	6.1
1182	-1.097026	136.478426	0.021265	5.9
1183	-0.210833	136.414641	0.002937	6.6
1184	-0.476308	136.350936	0.010198	6.2
1185	-0.083275	136.287310	0.003250	6.1
1186	-0.004839	136.223763	0.000299	6.3
1187	-0.294008	136.160295	0.006328	6.3
1188	-0.766333	136.096905	0.006904	6.5
1189	-0.040213	136.033594	0.000828	6.1
1190	-0.302408	135.970362	0.005125	6.2
1191	-0.459905	135.907208	0.002382	7.0
1192	-0.353631	135.844133	0.011739	6.6
1193	-0.783151	135.781135	0.004928	7.1
1194	0.000000	135.718215	0.000000	6.4
1195	-0.295637	135.655373	0.005196	6.2
1196	-0.714838	135.592608	0.006626	6.7
1197	0.000000	135.529921	0.000000	6.2
1198	-0.018726	135.467311	0.001248	6.8
1199	-0.901894	135.404778	0.005525	6.0
1200	-0.663280	135.342322	0.006022	6.0
1201	-0.676327	135.279942	0.004679	7.5
1202	-0.018150	135.217640	0.001105	6.0
1203	-0.125553	135.155413	0.003333	6.4
1204	-0.664309	135.093263	0.005093	6.2
1205	-0.274432	135.031190	0.004094	5.9
1206	-0.407444	134.969192	0.006171	6.8
1207	-0.644647	134.907270	0.012122	6.2
1208	-0.215623	134.845424	0.002985	6.4
1209	-0.788514	134.783653	0.004602	6.8
1210	0.000000	134.721958	0.000000	6.3
1211	0.000000	134.660338	0.000000	7.4
1212	-0.574552	134.598793	0.005546	6.2
1213	-0.537300	134.537323	0.004175	6.7
1214	-0.783607	134.475927	0.004295	6.0
1215	-0.263915	134.414607	0.006330	6.3
1216	0.000000	134.353361	0.000000	7.1
1217	-0.878943	134.292189	0.003591	6.0
1218	-0.803129	134.231092	0.012460	6.1
1219	-0.652323	134.170068	0.006710	5.9
1220	0.000000	134.109119	0.000000	5.9
1221	-0.645697	134.048243	0.006895	6.6
1222	0.000000	133.987441	0.000000	6.3
1223	-0.661795	133.926713	0.006791	6.0
1224	-0.736272	133.866057	0.008770	6.8
1225	-0.690763	133.805475	0.007534	6.3
1226	-1.233148	133.744966	0.008638	6.6
1227	-0.013003	133.684530	0.000818	6.0
1228	-0.820379	133.624167	0.006718	6.2
1229	-0.534973	133.563877	0.004544	6.2
1230	-0.000000	133.503658	0.000000	6.0
1231	-0.846826	133.443513	0.005905	6.2
1232	-0.561437	133.383439	0.005077	6.6
1233	-0.523209	133.323437	0.006680	5.9
1234	-0.383786	133.263508	0.005027	6.5
1235	-0.968247	133.203650	0.004579	7.3
1236	-0.665225	133.143864	0.007411	8.4
1237	-0.860954	133.084149	0.006537	8.0
1238	-0.564411	133.024506	0.004271	7.1
1239	-0.848692	132.964934	0.005027	7.1
1240	-0.631382	132.905433	0.004825	6.2
1241	-1.168031	132.846003	0.008168	6.6
1242	-0.179489	132.786643	0.003962	6.4
1243	-0.890633	132.727355	0.004653	6.8
1244	-0.000000	132.668137	0.000000	6.2
1245	-0.685831	132.608989	0.004787	6.1
1246	0.000000	132.549912	0.000000	6.5
1247	-0.918156	132.490904	0.015812	6.3
1248	-0.000000	132.431967	0.000000	6.4
1249	-0.446556	132.373100	0.004609	6.3
1250	0.000000	132.314302	0.000000	6.1
1251	-0.879593	132.255574	0.004438	6.7
1252	-0.013577	132.196916	0.000593	6.7
1253	-0.924354	132.138326	0.008210	6.3
1254	-0.354713	132.079806	0.002936	7.8
1255	0.000000	132.021355	0.000000	6.2
1256	0.000000	131.962973	0.000000	6.9
1257	-0.037141	131.904660	0.001908	6.4
1258	-0.700543	131.846415	0.006451	6.5
1259	-0.242819	131.788239	0.002031	6.2
1260	-0.557803	131.730131	0.008938	6.7
1261	-0.704040	131.672092	0.005719	6.6
1262	-0.093413	131.614121	0.003767	6.3
1263	-0.229913	131.556217	0.004507	6.6
1264	-0.660262	131.498382	0.005655	6.1
1265	-0.238056	131.440614	0.003311	5.9
1266	-1.088896	131.382914	0.017964	7.4
1267	-0.715333	131.325282	0.011059	6.2
1268	0.000000	131.267717	0.000000	6.3
1269	-0.241919	131.210219	0.004496	6.6
1270	-0.416544	131.152788	0.005964	6.7
1271	-0.377905	131.095424	0.005176	7.2
1272	-0.410567	131.038127	0.004281	6.6
1273	-0.007848	130.980897	0.001199	6.1
1274	-0.701928	130.923733	0.005263	6.5
1275	-0.737033	130.866636	0.007525	6.4
1276	-0.346646	130.809605	0.001894	6.7
1277	-0.718394	130.752641	0.012366	6.1
1278	-0.168190	130.695742	0.003059	6.1
1279	-0.428760	130.638910	0.003107	6.1
1280	-1.013963	130.582143	0.006431	6.3
1281	0.000000	130.525442	0.000000	6.3
1282	-0.428280	130.468807	0.006243	5.7
1283	0.000000	130.412237	0.000000	5.9
1284	-0.961903	130.355733	0.006403	6.8
1285	-0.044251	130.299294	0.002279	6.0
1286	0.000000	130.242920	0.000000	5.8
1287	-0.000000	130.186611	0.000000	6.9
1288	-0.870553	130.130366	0.007920	5.8
1289	-1.006743	130.074187	0.009652	6.1
1290	-1.011560	130.018072	0.008015	6.9
1291	-0.901130	129.962022	0.008633	6.1
1292	0.000000	129.906036	0.000000	6.5
1293	-0.612874	129.850114	0.007149	6.0
1294	0.000000	129.794257	0.000000	6.9
1295	-0.936544	129.738463	0.003584	6.3
1296	0.000000	129.682734	0.000000	5.9
1297	-1.172326	129.627068	0.015867	6.3
1298	-0.271849	129.571466	0.002551	6.3
1299	-0.254318	129.515927	0.004620	6.4
1300	-0.000021	129.460452	0.000003	6.6
1301	-0.000000	129.405040	0.000000	6.2
1302	-0.712755	129.349692	0.006953	6.5
1303	-0.781003	129.294406	0.005659	6.1
1304	-0.153520	129.239183	0.004296	6.6
1305	-0.772382	129.184024	0.007214	6.7
1306	-0.622884	129.128927	0.006154	7.1
1307	-0.868263	129.073892	0.012103	6.6
1308	0.000000	129.018921	0.000000	6.1
1309	0.000000	128.964011	0.000000	6.3
1310	-0.001432	128.909164	0.000363	6.3
1311	-0.009650	128.854379	0.000885	6.7
1312	-0.332028	128.799656	0.004047	6.5
1313	-0.106967	128.744995	0.004350	6.3
1314	-0.864273	128.690396	0.006602	6.2
1315	-0.983066	128.635858	0.008677	6.3
1316	-0.914742	128.581382	0.004900	5.9
1317	-0.922290	128.526968	0.006435	7.4
1318	-0.000000	128.472615	0.000000	6.5
1319	-0.922783	128.418323	0.013329	6.2
1320	-0.888303	128.364092	0.008082	7.1
1321	-0.800977	128.309922	0.007910	6.9
1322	-0.495873	128.255814	0.004118	7.0
1323	-0.941266	128.201766	0.005730	6.0
1324	-0.858118	128.147778	0.007390	6.1
1325	-0.004163	128.093852	0.000487	7.1
1326	-0.607282	128.039985	0.006104	6.3
1327	-0.594224	127.986180	0.006270	6.4
1328	-0.940607	127.932434	0.004174	6.1
1329	-0.101225	127.878749	0.003802	5.7
1330	-0.000000	127.825123	0.000000	6.9
1331	0.000000	127.771558	0.000000	7.1
1332	0.000000	127.718052	0.000000	6.7
1333	-1.022288	127.664606	0.009160	5.9
1334	-0.150705	127.611220	0.002865	5.9
1335	-0.639762	127.557893	0.011741	7.5
1336	-0.000553	127.504625	0.000121	6.1
1337	-0.742040	127.451417	0.006832	6.7
1338	0.000000	127.398268	0.000000	6.2
1339	-0.808080	127.345178	0.010208	6.0
1340	-0.016205	127.292147	0.001655	6.3
1341	-0.543385	127.239175	0.006982	6.0
1342	-0.195733	127.186261	0.007410	6.1
1343	-0.992266	127.133407	0.003302	6.2
1344	-0.835313	127.080610	0.004923	6.0
1345	-0.900321	127.027872	0.004790	7.2
1346	-1.006794	126.975193	0.005395	6.2
1347	-0.390667	126.922572	0.006122	6.5
1348	-0.513261	126.870008	0.004358	6.7
1349	-0.006812	126.817503	0.001044	6.3
1350	-0.679899	126.765056	0.005753	6.9
1351	-0.458457	126.712667	0.005477	6.0
1352	-0.439749	126.660335	0.005222	6.2
1353	0.000000	126.608061	0.000000	7.4
1354	-0.015506	126.555844	0.000803	6.8
1355	-0.723909	126.503685	0.006232	7.0
1356	0.000000	126.451583	0.000000	6.1
1357	-0.681607	126.399538	0.007716	6.0
1358	-0.518834	126.347550	0.005494	6.5
1359	-0.222605	126.295619	0.005281	6.2
1360	-0.462598	126.243745	0.006348	6.5
1361	-0.032605	126.191928	0.000396	6.4
1362	-0.332656	126.140168	0.005300	6.1
1363	-0.587617	126.088464	0.002971	6.9
1364	0.000000	126.036817	0.000000	6.0
1365	0.000000	125.985226	0.000000	6.4
1366	-0.716900	125.933691	0.004463	6.9
1367	-0.133779	125.882212	0.002395	6.3
1368	-0.677198	125.830790	0.004927	6.9
1369	-0.739760	125.779423	0.006303	15.7
1370	-0.031459	125.728113	0.002912	26.3
1371	-0.297705	125.676858	0.005051	7.7
1372	-0.508740	125.625659	0.007597	6.5
1373	-0.956166	125.574515	0.008675	10.9
1374	-0.332848	125.523427	0.003184	8.4
1375	-0.550550	125.472394	0.005122	6.8
1376	-0.000908	125.421417	0.000263	7.2
1377	-0.005541	125.370495	0.000716	7.3
1378	-1.045163	125.319628	0.005504	7.1
1379	-1.160934	125.268815	0.020363	6.5
1380	-1.000885	125.218058	0.006556	6.9
1381	-0.554961	125.167356	0.005853	5.9
1382	-0.623492	125.116708	0.005033	7.2
1383	-0.455338	125.066115	0.004617	7.1
1384	-0.135839	125.015576	0.005877	7.6
1385	0.000000	124.965092	0.000000	6.1
1386	-0.924523	124.914662	0.005993	6.5
1387	-0.130278	124.864287	0.002796	6.7
1388	-0.492011	124.813965	0.008820	6.0
1389	-0.943121	124.763698	0.005636	6.7
1390	-0.671092	124.713485	0.008136	6.3
1391	-0.668738	124.663325	0.006390	6.0
1392	-0.542548	124.613219	0.005761	6.7
1393	-0.000000	124.563167	0.000000	6.3
1394	0.000000	124.513168	0.000000	6.2
1395	-0.948048	124.463223	0.010417	6.8
1396	-0.000000	124.413332	0.000000	6.9
1397	-0.733866	124.363493	0.004504	7.0
1398	-0.789342	124.313708	0.005828	6.3
1399	-0.786074	124.263976	0.006416	6.7
1400	-0.543236	124.214297	0.007692	6.5
1401	-0.308768	124.164671	0.005625	6.0
1402	-0.000000	124.115097	0.000000	6.4
1403	-0.510168	124.065577	0.006548	5.9
1404	-0.775989	124.016109	0.005420	6.0
1405	-0.718065	123.966693	0.010201	6.5
1406	-0.927989	123.917330	0.004201	5.9
1407	-0.018596	123.868020	0.002275	6.5
1408	-0.000000	123.818762	0.000000	6.1
1409	-0.619474	123.769556	0.005259	6.1
1410	-0.811407	123.720402	0.004955	6.4
1411	-0.688449	123.671300	0.006761	6.4
1412	-0.634703	123.622250	0.006883	6.4
1413	-0.015943	123.573252	0.001795	6.2
1414	-0.799944	123.524305	0.005569	5.9
1415	-1.045640	123.475411	0.007116	6.9
1416	-0.942512	123.426568	0.013265	5.8
1417	-0.000000	123.377776	0.000000	6.0
1418	-0.079723	123.329036	0.001718	6.5
1419	-0.080850	123.280347	0.002527	5.9
1420	-0.105272	123.231709	0.004510	6.7
1421	-0.509226	123.183122	0.003179	6.1
1422	-0.000000	123.134587	0.000000	5.9
1423	-0.673741	123.086102	0.008040	6.8
1424	-0.995277	123.037669	0.008864	6.0
1425	-0.914553	122.989286	0.004493	6.5
1426	0.000000	122.940954	0.000000	7.2
1427	-0.746999	122.892672	0.001861	6.3
1428	-0.495249	122.844441	0.005962	6.6
1429	-0.651340	122.796261	0.007856	6.5
1430	0.000000	122.748130	0.000000	6.9
1431	-0.271501	122.700050	0.004183	6.2
1432	-0.863290	122.652021	0.007018	6.4
1433	-0.544023	122.604041	0.005296	6.5
1434	-0.638651	122.556111	0.006467	6.3
1435	0.000000	122.508232	0.000000	7.0
1436	-0.370886	122.460402	0.004397	6.3
1437	-0.341941	122.412622	0.008297	6.0
1438	-0.836771	122.364891	0.008201	6.3
1439	-0.966528	122.317210	0.006036	6.2
1440	-0.000535	122.269579	0.000118	6.8
1441	-0.546525	122.221997	0.003969	6.2
1442	0.000000	122.174465	0.000000	5.8
1443	0.000000	122.126981	0.000000	6.8
1444	-0.771434	122.079547	0.009504	6.5
1445	-0.084520	122.032162	0.002369	6.7
1446	-0.618888	121.984826	0.005186	6.4
1447	-0.745731	121.937539	0.005595	6.5
1448	-0.653321	121.890301	0.008074	6.6
1449	-0.007379	121.843112	0.000596	6.1
1450	-1.009998	121.795971	0.012264	6.0
1451	-0.684414	121.748879	0.004816	6.5
1452	-0.534302	121.701835	0.002610	6.0
1453	-0.793597	121.654840	0.005285	6.4
1454	-0.008979	121.607893	0.000659	5.7
1455	-0.634989	121.560994	0.006962	6.0
1456	-0.777539	121.514144	0.011095	5.9
1457	-0.820165	121.467342	0.006558	5.9
1458	0.000000	121.420588	0.000000	6.1
1459	-0.562103	121.373882	0.002489	6.4
1460	-0.575182	121.327223	0.004167	6.6
1461	-0.866665	121.280613	0.018552	6.3
1462	-0.000013	121.234050	0.000009	6.1
1463	-0.000001	121.187535	0.000000	6.1
1464	-1.117713	121.141067	0.010614	6.3
1465	-0.485971	121.094647	0.005584	6.0
1466	-1.072100	121.048274	0.019599	6.6
1467	-0.451724	121.001949	0.005902	6.1
1468	-0.305109	120.955671	0.002737	6.0
1469	-0.931802	120.909440	0.015428	6.9
1470	-0.000000	120.863256	0.000000	6.4
1471	-0.000068	120.817119	0.000010	6.2
1472	0.000000	120.771029	0.000000	6.5
1473	-0.080617	120.724986	0.002374	6.0
1474	0.000000	120.678990	0.000000	6.7
1475	-0.996252	120.633040	0.005156	6.2
1476	-0.772170	120.587137	0.006207	6.0
1477	-0.440074	120.541281	0.003994	8.3
1478	-0.186676	120.495471	0.005057	6.6
1479	-0.000575	120.449707	0.000108	7.3
1480	-0.715321	120.403990	0.013964	6.0
1481	-0.311366	120.358319	0.004951	6.5
1482	-0.575118	120.312694	0.008873	6.5
1483	0.000000	120.267115	0.000000	6.0
1484	-0.101724	120.221582	0.001605	7.1
1485	-1.021809	120.176096	0.017273	6.1
1486	-0.556598	120.130655	0.005445	6.1
1487	-0.095130	120.085260	0.004172	6.4
1488	-0.181471	120.039910	0.002459	5.8
1489	-0.917038	119.994606	0.011814	6.6
1490	-0.082955	119.949348	0.000791	6.1
1491	-0.475432	119.904135	0.003707	6.8
1492	-0.315630	119.858968	0.003666	6.6
1493	-1.103628	119.813846	0.014383	7.2
1494	-0.582844	119.768769	0.004392	6.6
1495	-0.414383	119.723738	0.004860	6.1
1496	-0.861875	119.678752	0.003918	6.5
1497	-0.946872	119.633810	0.006738	6.8
1498	-0.919773	119.588914	0.008151	6.2
1499	-0.362200	119.544062	0.003783	6.8
1500	-1.045274	119.499256	0.011546	6.1
1501	-1.178679	119.454494	0.012281	6.2
1502	-0.000012	119.409777	0.000002	6.3
1503	-0.750632	119.365104	0.005656	6.2
1504	-0.900619	119.320476	0.010680	5.9
1505	-0.850959	119.275893	0.005068	6.0
1506	-0.641632	119.231353	0.005543	6.2
1507	-1.029331	119.186859	0.009640	6.2
1508	-0.797146	119.142408	0.008207	6.1
1509	-0.000000	119.098002	0.000000	5.9
1510	-0.938774	119.053639	0.008158	6.7
1511	-0.515594	119.009321	0.004778	6.6
1512	-0.392275	118.965047	0.003856	6.1
1513	-0.021016	118.920816	0.000616	6.0
1514	0.000000	118.876630	0.000000	5.5
1515	-0.746645	118.832487	0.008735	6.4
1516	-0.707045	118.788388	0.006526	6.7
1517	-0.899667	118.744332	0.007407	5.9
1518	0.000000	118.700320	0.000000	6.2
1519	-0.000000	118.656352	0.000000	6.0
1520	-1.068626	118.612427	0.008271	6.1
1521	-0.420329	118.568545	0.007003	6.3
1522	-1.007313	118.524706	0.005038	5.9
1523	-0.814960	118.480911	0.005214	7.4
1524	-0.004461	118.437159	0.000045	6.2
1525	-0.994414	118.393450	0.006089	6.5
1526	-0.694640	118.349784	0.005223	6.7
1527	-1.107368	118.306160	0.014980	6.2
1528	-0.319290	118.262580	0.004130	7.0
1529	-0.516424	118.219042	0.003578	6.8
1530	-0.732903	118.175548	0.005648	7.1
1531	-0.437875	118.132095	0.005059	6.2
1532	-0.181685	118.088686	0.003338	5.9
1533	-0.296491	118.045319	0.003621	6.7
1534	-0.200447	118.001994	0.002905	6.0
1535	0.000000	117.958712	0.000000	6.1
1536	-0.863492	117.915472	0.005657	6.3
1537	-0.343080	117.872274	0.005228	6.3
1538	-0.806471	117.829118	0.005351	6.5
1539	0.000000	117.786005	0.000000	6.0
1540	-0.041817	117.742933	0.002666	6.2
1541	-1.065918	117.699904	0.007033	7.0
1542	0.000000	117.656916	0.000000	6.2
1543	-0.979289	117.613971	0.015880	6.5
1544	0.000000	117.571067	0.000000	7.2
1545	-0.648084	117.528205	0.007690	6.1
1546	-0.581926	117.485384	0.009696	7.0
1547	-0.026483	117.442605	0.002700	6.2
1548	-0.976548	117.399867	0.003450	6.4
1549	-0.000001	117.357171	0.000001	6.2
1550	-0.119087	117.314517	0.003277	6.2
1551	-0.346086	117.271903	0.002496	6.3
1552	0.000000	117.229331	0.000000	6.4
1553	-0.661965	117.186800	0.011237	6.3
1554	-0.491676	117.144311	0.006263	6.2
1555	-0.912465	117.101862	0.009058	6.0
1556	-0.942074	117.059454	0.006907	6.4
1557	-0.793240	117.017087	0.006333	5.9
1558	-0.379449	116.974762	0.003828	6.0
1559	-0.511068	116.932476	0.004868	6.2
1560	-0.366230	116.890232	0.003501	6.1
1561	-0.201953	116.848028	0.003757	6.4
1562	-0.830839	116.805865	0.004268	6.0
1563	0.000000	116.763743	0.000000	5.7
1564	-1.018652	116.721661	0.008670	6.5
1565	-0.261239	116.679619	0.002330	5.8
1566	-0.486538	116.637618	0.005393	6.0
1567	-0.841346	116.595657	0.004762	6.3
1568	-0.992908	116.553736	0.008927	6.1
1569	0.000000	116.511855	0.000000	6.2
1570	-0.906256	116.470015	0.009175	6.4
1571	-0.675739	116.428214	0.004784	5.6
1572	-1.068119	116.386454	0.008791	6.4
1573	-0.980343	116.344733	0.007166	6.4
1574	-1.002217	116.303052	0.009074	6.0
1575	-0.097605	116.261412	0.004287	6.6
1576	-0.815637	116.219810	0.007006	6.2
1577	-0.753083	116.178249	0.004406	6.9
1578	-0.075642	116.136727	0.001185	6.7
1579	-0.544246	116.095245	0.010592	5.9
1580	-0.359000	116.053802	0.004251	6.3
1581	-0.908490	116.012398	0.007348	6.2
1582	-1.174496	115.971034	0.013554	7.0
1583	-0.940482	115.929710	0.005075	6.3
1584	-1.050842	115.888424	0.007150	6.3
1585	-0.798316	115.847178	0.004631	6.5
1586	0.000000	115.805970	0.000000	6.1
1587	0.000000	115.764802	0.000000	6.9
1588	-1.045426	115.723673	0.003618	7.2
1589	-0.013997	115.682583	0.002226	6.2
1590	-1.153756	115.641532	0.014230	6.5
1591	0.000000	115.600519	0.000000	6.0
1592	-0.717247	115.559546	0.008602	6.3
1593	-0.944829	115.518610	0.006238	6.6
1594	-1.095709	115.477714	0.008272	6.9
1595	-1.044987	115.436856	0.004154	6.5
1596	-0.923341	115.396037	0.006770	6.2
1597	-1.009353	115.355256	0.010765	6.2
1598	-1.037590	115.314514	0.008175	7.0
1599	-0.039370	115.273810	0.002381	6.4
1600	-0.746642	115.233144	0.005229	6.6
1601	-0.779442	115.192517	0.012322	6.1
1602	-0.050237	115.151927	0.002200	6.3
1603	-0.547959	115.111376	0.009763	6.5
1604	-0.001049	115.070863	0.000018	6.2
1605	-0.941489	115.030388	0.007531	6.6
1606	-0.381285	114.989951	0.005729	5.8
1607	-0.776689	114.949551	0.010994	6.6
1608	-0.892171	114.909190	0.006724	6.4
1609	-0.000000	114.868866	0.000000	6.0
1610	-0.766677	114.828580	0.009864	6.4
1611	-1.033016	114.788332	0.008483	6.8
1612	-0.956775	114.748121	0.005486	6.0
1613	-1.007820	114.707948	0.011291	6.2
1614	-0.531289	114.667812	0.005417	6.1
1615	-0.482256	114.627714	0.006146	5.8
1616	-0.868409	114.587653	0.009843	6.3
1617	-0.561377	114.547629	0.007911	5.8
1618	-0.805213	114.507643	0.007668	6.4
1619	-0.909584	114.467693	0.005326	6.1
1620	0.000000	114.427781	0.000000	5.9
1621	-0.087939	114.387907	0.004508	6.8
1622	-0.807128	114.348069	0.007733	5.7
1623	-0.707647	114.308268	0.006558	6.0
1624	-0.920408	114.268504	0.008401	7.0
1625	-0.523306	114.228777	0.004179	6.2
1626	-0.055027	114.189086	0.003152	6.5
1627	-0.733625	114.149433	0.007564	6.5
1628	-0.447787	114.109816	0.004764	6.3
1629	-0.466877	114.070235	0.006924	7.1
1630	-0.149566	114.030692	0.002616	6.1
1631	-0.457085	113.991185	0.005719	7.2
1632	-0.001703	113.951714	0.000171	8.0
1633	0.000000	113.912280	0.000000	6.8
1634	-1.007175	113.872882	0.004292	6.2
1635	-0.649836	113.833521	0.005263	6.0
1636	-0.329793	113.794195	0.004504	6.6
1637	-0.562267	113.754906	0.005066	5.9
1638	0.000000	113.715653	0.000000	6.9
1639	-0.956712	113.676437	0.005901	6.3
1640	0.000000	113.637256	0.000000	6.0
1641	-0.080629	113.598111	0.001693	6.5
1642	-0.000000	113.559002	0.000000	6.3
1643	-0.000000	113.519929	0.000000	6.3
1644	-0.995371	113.480892	0.004485	6.7
1645	-0.623695	113.441891	0.006242	6.2
1646	-0.649993	113.402925	0.011025	6.6
1647	-0.309655	113.363995	0.003369	6.1
1648	-0.925839	113.325101	0.010270	6.2
1649	-0.645958	113.286242	0.007762	6.9
1650	-0.085292	113.247419	0.001308	6.2
1651	-0.145682	113.208631	0.005427	6.6
1652	-0.730148	113.169879	0.004722	6.1
1653	-0.940439	113.131162	0.007157	6.5
1654	-0.758627	113.092480	0.004429	6.7
1655	-0.583132	113.053833	0.007555	6.2
1656	-0.044961	113.015222	0.000923	6.4
1657	-0.000000	112.976646	0.000000	5.8
1658	-0.080105	112.938105	0.003069	6.4
1659	-1.076855	112.899599	0.012722	6.7
1660	-0.335596	112.861128	0.002090	6.6
1661	-0.537058	112.822692	0.005639	6.4
1662	0.000000	112.784291	0.000000	6.2
1663	-0.221978	112.745924	0.002057	5.8
1664	0.000000	112.707593	0.000000	7.0
1665	-0.924885	112.669296	0.009825	6.0
1666	-0.400877	112.631034	0.006831	6.0
1667	-0.959185	112.592806	0.009555	7.0
1668	-0.691842	112.554613	0.006940	5.8
1669	-0.000000	112.516455	0.000000	6.3
1670	-1.075341	112.478331	0.005717	6.1
1671	-0.513302	112.440241	0.008337	5.7
1672	-0.795435	112.402186	0.006821	6.5
1673	-0.000000	112.364165	0.000000	5.8
1674	-0.821617	112.326179	0.003224	6.0
1675	-0.740163	112.288227	0.013569	6.6
1676	-0.000000	112.250309	0.000000	6.0
1677	-0.472118	112.212425	0.007918	7.8
1678	-0.969414	112.174575	0.008497	5.7
1679	-0.959833	112.136759	0.007640	5.8
1680	-1.095831	112.098977	0.015173	6.9
1681	-0.012335	112.061229	0.001052	6.1
1682	-0.950270	112.023515	0.003799	6.5
1683	-0.043447	111.985834	0.002831	6.1
1684	-1.106759	111.948188	0.010666	6.3
1685	-1.073329	111.910575	0.004398	6.8
1686	-0.935007	111.872996	0.003772	6.1
1687	-0.537980	111.835450	0.003332	6.6
1688	-0.206024	111.797939	0.004246	6.3
1689	-0.002783	111.760460	0.000507	6.0
1690	-0.568373	111.723015	0.005808	6.4
1691	-0.430338	111.685604	0.005067	40.8
1692	0.000000	111.648226	0.000000	11.1
1693	-0.658114	111.610881	0.003097	7.2
1694	-0.990228	111.573570	0.005374	7.3
1695	-1.042051	111.536292	0.006013	6.9
1696	-0.610818	111.499047	0.004822	6.8
1697	-1.134238	111.461835	0.010759	15.3
1698	-0.665701	111.424656	0.006384	27.0
1699	-0.663321	111.387510	0.003997	10.3
1700	0.000000	111.350398	0.000000	7.0
1701	0.000000	111.313318	0.000000	7.5
1702	-0.302459	111.276271	0.004452	10.2
1703	-0.521687	111.239257	0.008105	16.2
1704	-0.885661	111.202276	0.003839	9.9
1705	-0.851643	111.165328	0.005472	7.6
1706	-0.911526	111.128412	0.004644	7.2
1707	-0.000000	111.091529	0.000000	6.4
1708	-0.697721	111.054679	0.003275	6.4
1709	-0.598238	111.017861	0.007736	7.2
1710	-0.600473	110.981076	0.005589	6.1
1711	0.000000	110.944323	0.000000	7.1
1712	-0.692607	110.907603	0.004728	6.8
1713	0.000000	110.870915	0.000000	7.2
1714	-0.832287	110.834259	0.007433	6.2
1715	-0.949202	110.797636	0.010162	6.3
1716	-0.489819	110.761045	0.006779	6.7
1717	-0.779215	110.724486	0.008504	6.1
1718	-0.661723	110.687959	0.011759	7.0
1719	-0.048864	110.651465	0.001243	6.0
1720	-0.000000	110.615002	0.000000	6.3
1721	-0.496830	110.578572	0.006573	7.0
1722	-0.575854	110.542173	0.010735	6.5
1723	-0.636372	110.505807	0.006769	7.5
1724	-0.000000	110.469472	0.000000	6.5
1725	-0.321533	110.433169	0.002004	6.0
1726	-0.716175	110.396898	0.009266	6.7
1727	-0.018174	110.360659	0.000762	5.9
1728	-0.570589	110.324451	0.005333	6.9
1729	-0.935069	110.288276	0.006008	6.0
1730	-0.747716	110.252131	0.006735	6.3
1731	-0.327710	110.216019	0.004156	6.6
1732	-0.648476	110.179937	0.006052	6.6
1733	-1.052542	110.143888	0.007434	6.4
1734	-0.016348	110.107869	0.001187	6.0
1735	-1.121225	110.071882	0.006680	6.1
1736	-0.054932	110.035927	0.001543	6.6
1737	-0.726067	110.000003	0.007396	6.4
1738	-0.892197	109.964110	0.009006	7.0
1739	-0.420470	109.928248	0.010762	7.1
1740	0.000000	109.892417	0.000000	6.2
1741	-0.000000	109.856618	0.000000	6.8
1742	-1.007270	109.820850	0.011607	6.1
1743	-0.331851	109.785112	0.004746	6.9
1744	-0.021515	109.749406	0.000428	6.3
1745	-0.459960	109.713730	0.003905	6.0
1746	-0.003699	109.678086	0.000255	6.5
1747	-0.618156	109.642472	0.007594	6.1
1748	-0.139182	109.606890	0.001928	6.5
1749	-1.025304	109.571337	0.004274	6.2
1750	-0.608836	109.535816	0.004945	5.9
1751	0.000000	109.500326	0.000000	6.6
1752	-0.548600	109.464866	0.003249	6.3
1753	-0.009238	109.429436	0.001211	6.4
1754	-0.847248	109.394038	0.010307	7.0
1755	-0.856870	109.358669	0.003738	6.1
1756	-0.194495	109.323331	0.003480	6.7
1757	-0.899279	109.288024	0.003996	7.0
1758	0.000000	109.252747	0.000000	6.5
1759	-0.254978	109.217501	0.003587	8.4
1760	-0.778163	109.182284	0.009397	6.6
1761	0.000000	109.147098	0.000000	6.6
1762	-0.287906	109.111942	0.004593	6.0
1763	-0.660481	109.076817	0.002407	6.6
1764	-0.763105	109.041721	0.003827	6.0
1765	-0.000000	109.006656	0.000000	6.4
1766	-0.988077	108.971620	0.005608	6.5
1767	-0.488024	108.936615	0.004551	6.1
1768	-0.743112	108.901640	0.007499	7.2
1769	-0.609518	108.866694	0.005876	6.8
1770	-0.964024	108.831779	0.004966	6.5
1771	-0.310105	108.796893	0.005810	6.4
1772	-0.550287	108.762037	0.009530	6.6
1773	-0.237831	108.727211	0.004182	6.7
1774	-0.227152	108.692415	0.003651	6.2
1775	-0.927536	108.657648	0.011598	6.3
1776	0.000000	108.622911	0.000000	6.9
1777	-0.697721	108.588203	0.006718	6.1
1778	-0.715702	108.553525	0.005577	6.4
1779	-1.249528	108.518877	0.021918	6.4
1780	0.000000	108.484258	0.000000	6.2
1781	-0.957784	108.449668	0.007646	6.5
1782	-0.564140	108.415108	0.005969	6.5
1783	-0.572390	108.380578	0.005536	5.8
1784	-0.132952	108.346076	0.002893	6.5
1785	-0.911738	108.311604	0.006678	6.2
1786	-0.514797	108.277161	0.004819	6.4
1787	-0.871760	108.242747	0.015342	6.0
1788	-0.000107	108.208363	0.000042	5.9
1789	-0.235085	108.174007	0.004694	6.1
1790	-0.472294	108.139681	0.007135	6.6
1791	-0.224126	108.105383	0.004688	5.9
1792	-0.973169	108.071115	0.009043	6.4
1793	-0.908484	108.036875	0.020729	5.7
1794	-0.891700	108.002665	0.007259	6.2
1795	-1.029741	107.968483	0.007702	5.9
1796	-0.876399	107.934330	0.004785	5.9
1797	-0.679295	107.900206	0.010926	6.3
1798	-0.968903	107.866111	0.009664	5.9
1799	-0.565411	107.832044	0.005664	5.8
1800	-0.479155	107.798007	0.005087	7.2
1801	-0.661243	107.763997	0.003578	6.1
1802	-0.939536	107.730017	0.010681	7.3
1803	-0.341047	107.696065	0.004167	6.1
1804	-0.902618	107.662141	0.008018	6.1
1805	0.000000	107.628246	0.000000	7.0
1806	-0.593839	107.594379	0.004401	6.7
1807	-0.950821	107.560541	0.006179	6.9
1808	0.000000	107.526731	0.000000	6.2
1809	0.000000	107.492949	0.000000	6.3
1810	-0.788297	107.459196	0.003497	6.3
1811	-0.000000	107.425471	0.000000	5.9
1812	-0.688529	107.391774	0.005806	6.6
1813	-0.805738	107.358106	0.007372	7.1
1814	-0.938001	107.324465	0.007797	6.4
1815	-0.666462	107.290853	0.007737	7.5
1816	-1.019583	107.257268	0.010492	6.2
1817	0.000000	107.223712	0.000000	7.3
1818	-0.670608	107.190184	0.008188	6.1
1819	-0.610268	107.156683	0.003310	6.3
1820	-0.000000	107.123211	0.000000	7.1
1821	-0.209233	107.089766	0.004133	7.2
1822	0.000000	107.056349	0.000000	6.9
1823	-0.792831	107.022960	0.005249	6.3
1824	-0.223336	106.989599	0.004612	6.4
1825	-0.037733	106.956265	0.001651	6.2
1826	-0.933327	106.922960	0.007525	6.0
1827	0.000000	106.889681	0.000000	6.4
1828	-0.000000	106.856431	0.000000	6.1
1829	-0.769161	106.823208	0.006198	6.0
1830	-0.399349	106.790012	0.004904	6.5
1831	-0.054415	106.756844	0.002352	6.1
1832	-1.056600	106.723703	0.008054	6.6
1833	0.000000	106.690590	0.000000	6.3
1834	-1.110615	106.657505	0.006199	6.2
1835	-0.197824	106.624446	0.002464	6.4
1836	-0.785027	106.591415	0.007681	7.1
1837	-0.000000	106.558411	0.000000	6.5
1838	-0.860486	106.525435	0.010749	6.4
1839	-0.579979	106.492485	0.006328	6.4
1840	-0.208747	106.459563	0.004435	6.5
1841	-0.060652	106.426668	0.002205	6.0
1842	-0.952481	106.393800	0.006348	6.0
1843	-0.499713	106.360959	0.005307	6.4
1844	-0.716350	106.328145	0.007708	6.1
1845	-0.586840	106.295358	0.004833	6.8
1846	-0.835996	106.262598	0.007792	5.9
1847	-0.634709	106.229865	0.005387	5.8
1848	-0.546417	106.197158	0.005952	6.5
1849	0.000000	106.164479	0.000000	5.9
1850	0.000000	106.131826	0.000000	6.1
1851	-0.831431	106.099201	0.005428	6.2
1852	-0.422571	106.066602	0.005428	5.8
1853	-0.551607	106.034029	0.003704	6.5
1854	-0.413271	106.001483	0.007315	5.8
1855	-1.041958	105.968964	0.010635	5.8
1856	-0.380235	105.936472	0.003788	6.7
1857	-1.153469	105.904006	0.015684	6.2
1858	-0.972769	105.871566	0.007226	6.2
1859	-0.429613	105.839153	0.004746	6.1
1860	-0.177634	105.806767	0.004866	6.0
1861	0.000000	105.774407	0.000000	6.3
1862	-0.832216	105.742073	0.009100	6.0
1863	-0.486560	105.709766	0.004552	6.2
1864	-0.444099	105.677485	0.008531	6.4
1865	-0.600351	105.645230	0.004272	5.8
1866	0.000000	105.613001	0.000000	7.1
1867	0.000000	105.580799	0.000000	6.1
1868	-1.007080	105.548623	0.007217	6.2
1869	-0.008299	105.516473	0.000977	7.0
1870	0.000000	105.484349	0.000000	5.9
1871	0.000000	105.452251	0.000000	6.2
1872	0.000000	105.420179	0.000000	7.0
1873	-1.055593	105.388133	0.007259	6.5
1874	-0.117963	105.356113	0.001096	6.7
1875	-0.899729	105.324119	0.013720	6.2
1876	-0.000000	105.292151	0.000000	7.0
1877	-0.939844	105.260209	0.007527	6.3
1878	0.000000	105.228293	0.000000	6.1
1879	-0.529360	105.196402	0.003443	6.8
1880	-0.000507	105.164537	0.000026	6.2
1881	-0.794752	105.132698	0.009642	6.0
1882	-0.706103	105.100885	0.006743	6.6
1883	-0.927119	105.069097	0.004542	7.3
1884	0.000000	105.037335	0.000000	7.3
1885	-0.707331	105.005598	0.008506	6.2
1886	0.000000	104.973887	0.000000	6.7
1887	-0.543070	104.942202	0.007108	6.2
1888	-0.559472	104.910542	0.005031	6.7
1889	-0.177175	104.878907	0.001587	6.3
1890	-0.713246	104.847298	0.005975	7.5
1891	-0.786007	104.815715	0.007891	7.5
1892	-0.001098	104.784156	0.000228	6.0
1893	-0.000871	104.752623	0.000219	6.1
1894	-0.465487	104.721116	0.006878	6.8
1895	-0.616516	104.689633	0.006705	6.8
1896	-0.333539	104.658176	0.003969	7.5
1897	0.000000	104.626744	0.000000	6.3
1898	0.000000	104.595337	0.000000	6.8
1899	-1.093790	104.563955	0.008947	7.9
1900	-0.123903	104.532599	0.001961	7.2
1901	-0.845870	104.501267	0.004367	7.7
1902	-0.030328	104.469960	0.001110	7.4
1903	-0.405940	104.438679	0.006022	6.8
1904	-1.108549	104.407422	0.006960	12.0
1905	-0.117876	104.376191	0.005176	10.6
1906	0.000000	104.344984	0.000000	8.2
1907	-0.739075	104.313802	0.006768	7.4
1908	-0.707255	104.282645	0.005641	6.5
1909	-0.000006	104.251513	0.000004	7.4
1910	-0.628793	104.220405	0.007615	8.2
1911	-0.980801	104.189323	0.004908	8.1
1912	-0.494450	104.158265	0.002404	7.5
1913	0.000000	104.127231	0.000000	7.2
1914	0.000000	104.096222	0.000000	6.9
1915	-0.000000	104.065238	0.000000	8.4
1916	-0.055540	104.034279	0.000911	7.8
1917	-0.931878	104.003344	0.006843	8.4
1918	-1.043552	103.972433	0.006015	10.3
1919	-0.423027	103.941547	0.004006	9.6
1920	-0.126672	103.910686	0.003177	7.5
1921	-0.939411	103.879849	0.005599	7.4
1922	0.000000	103.849036	0.000000	7.1
1923	-0.768198	103.818248	0.009073	7.5
1924	-0.558734	103.787484	0.008632	6.6
1925	-0.950929	103.756744	0.004871	7.0
1926	-0.320231	103.726029	0.004815	7.3
1927	-0.760464	103.695338	0.009162	7.4
1928	0.000000	103.664671	0.000000	7.1
1929	-0.471279	103.634028	0.002123	6.9
1930	-0.772591	103.603409	0.006567	6.7
1931	-0.741331	103.572814	0.009631	7.3
1932	0.000000	103.542244	0.000000	7.3
1933	0.000000	103.511698	0.000000	7.6
1934	-0.995619	103.481175	0.008050	7.2
1935	-0.913936	103.450677	0.006547	6.8
1936	-0.554095	103.420202	0.007230	6.7
1937	-0.441049	103.389752	0.006783	7.9
1938	-0.761987	103.359325	0.005524	6.8
1939	-0.315460	103.328922	0.005383	7.1
1940	-0.035552	103.298543	0.002132	6.7
1941	-0.595869	103.268188	0.004882	7.6
1942	0.000000	103.237857	0.000000	6.7
1943	-1.021778	103.207549	0.006189	6.9
1944	-0.790901	103.177265	0.004010	8.7
1945	0.000000	103.147005	0.000000	6.9
1946	0.000000	103.116768	0.000000	7.1
1947	-0.878900	103.086556	0.004323	6.7
1948	-1.042168	103.056366	0.005130	7.1
1949	-0.970917	103.026200	0.006205	6.7
1950	-0.085094	102.996058	0.001432	7.7
1951	-0.000000	102.965939	0.000000	8.4
1952	0.000000	102.935844	0.000000	7.5
1953	-0.475051	102.905772	0.003311	6.8
1954	-0.144135	102.875724	0.002743	7.5
1955	-0.713222	102.845699	0.009481	7.4
1956	-0.365566	102.815697	0.005078	7.3
1957	-0.975432	102.785719	0.006693	8.2
1958	-0.526634	102.755764	0.005715	7.2
1959	-0.557892	102.725832	0.003265	6.9
1960	-0.860684	102.695924	0.004464	6.7
1961	-0.430323	102.666038	0.007367	7.1
1962	-0.026067	102.636176	0.001262	6.6
1963	-0.725679	102.606337	0.007573	6.4
1964	-0.995855	102.576521	0.008949	7.0
1965	-1.000024	102.546728	0.006443	6.8
1966	-0.936268	102.516959	0.005102	6.8
1967	-0.647599	102.487212	0.005896	6.7
1968	-0.317587	102.457488	0.005156	6.9
1969	-0.768063	102.427788	0.010939	6.8
1970	-0.000000	102.398110	0.000000	6.4
1971	0.000000	102.368455	0.000000	7.3
1972	-0.811654	102.338823	0.007770	6.7
1973	-0.032345	102.309214	0.001470	7.7
1974	-0.598108	102.279628	0.005545	7.3
1975	0.000000	102.250064	0.000000	8.5
1976	-0.045923	102.220524	0.000836	7.7
1977	0.000000	102.191006	0.000000	7.1
1978	-0.220778	102.161511	0.003377	8.2
1979	-1.078292	102.132038	0.006737	8.4
1980	-0.964665	102.102588	0.002896	6.7
1981	-0.768216	102.073161	0.004124	7.3
1982	-0.909792	102.043757	0.008666	7.0
1983	0.000000	102.014375	0.000000	6.9
1984	-0.829659	101.985015	0.005498	7.0
1985	-0.048479	101.955678	0.001448	6.8
1986	-0.403577	101.926364	0.003696	8.7
1987	-0.944828	101.897072	0.003681	7.3
1988	-0.913807	101.867802	0.006883	8.2
1989	-0.000019	101.838555	0.000006	6.8
1990	0.000000	101.809330	0.000000	7.1
1991	0.000000	101.780128	0.000000	7.3
1992	0.000000	101.750948	0.000000	7.0
1993	-0.000000	101.721790	0.000000	7.6
1994	-0.495252	101.692654	0.005365	6.9
1995	-0.413963	101.663541	0.005176	7.8
1996	-0.873481	101.634450	0.006372	6.8
1997	-0.000054	101.605381	0.000026	8.3
1998	-0.477740	101.576335	0.005091	7.2
1999	-0.057211	101.547310	0.001973	7.3
