1:ItNr	2:Metric	3:StepSize	4:||Gradient||	Time[ms]
0	-0.782644	627.201626	0.009219	828.9
1	-0.854004	623.504937	0.009270	7.8
2	-0.000000	619.865785	0.000000	7.8
3	-0.000000	616.282728	0.000000	7.6
4	-0.030487	612.754375	0.001218	8.4
5	-0.579709	609.279381	0.005292	7.7
6	-0.630996	605.856447	0.012135	8.0
7	-0.084642	602.484317	0.001940	7.6
8	-0.720749	599.161779	0.004011	7.9
9	-0.401806	595.887656	0.005903	7.9
10	-0.422841	592.660813	0.006415	8.2
11	-0.100785	589.480151	0.001181	8.4
12	-0.627275	586.344606	0.010246	8.3
13	0.000000	583.253145	0.000000	7.9
14	0.000000	580.204771	0.000000	8.2
15	-0.803174	577.198517	0.004606	16.5
16	-1.033673	574.233444	0.010506	10.1
17	-0.368809	571.308645	0.006711	8.5
18	-0.384529	568.423237	0.004672	8.8
19	-0.001645	565.576365	0.000748	8.5
20	-0.000023	562.767201	0.000009	8.4
21	-0.000000	559.994938	0.000000	7.7
22	-0.532901	557.258797	0.006389	8.2
23	-0.701373	554.558018	0.008563	9.7
24	-0.702412	551.891865	0.003549	9.2
25	-0.557714	549.259621	0.005289	8.5
26	-0.965215	546.660592	0.007391	9.5
27	-0.564509	544.094102	0.006025	7.9
28	-0.690135	541.559494	0.006529	8.5
29	-0.310553	539.056129	0.005320	7.9
30	-1.033068	536.583387	0.008540	8.3
31	-0.358437	534.140663	0.005788	8.1
32	-0.991030	531.727370	0.009182	8.5
33	-0.580467	529.342935	0.007436	8.0
34	-0.744248	526.986802	0.007795	9.2
35	-0.707783	524.658430	0.011177	8.8
36	-0.000000	522.357290	0.000000	8.6
37	-0.763939	520.082868	0.006768	8.4
38	-0.913385	517.834665	0.011575	8.4
39	-0.917226	515.612193	0.007470	8.2
40	-0.199726	513.414976	0.006968	8.7
41	-0.774330	511.242551	0.008042	8.9
42	-0.401710	509.094468	0.003501	8.2
43	-0.000000	506.970285	0.000000	9.0
44	-0.810949	504.869574	0.006070	8.2
45	-0.856583	502.791916	0.010329	9.1
46	-0.220627	500.736903	0.002617	8.2
47	-0.000000	498.704137	0.000000	8.9
48	-0.852556	496.693228	0.008318	8.7
49	-0.922353	494.703798	0.011826	8.9
50	-0.091819	492.735476	0.001695	8.3
51	-0.980150	490.787900	0.009387	8.6
52	-0.909765	488.860718	0.006191	8.2
53	-0.184849	486.953585	0.004015	8.9
54	-0.384799	485.066164	0.005964	8.4
55	-0.000000	483.198126	0.000000	8.5
56	-0.918819	481.349149	0.011450	8.1
57	-0.454509	479.518920	0.005118	8.9
58	-0.271365	477.707132	0.007005	8.3
59	-0.649320	475.913485	0.006071	10.6
60	-0.442026	474.137684	0.007471	9.1
61	-0.000000	472.379445	0.000000	8.4
62	-0.844186	470.638485	0.006293	9.4
63	-0.730324	468.914531	0.004876	8.4
64	-0.004868	467.207315	0.000656	8.9
65	-0.392922	465.516573	0.005205	8.2
66	-0.090825	463.842050	0.001367	8.9
67	-0.625594	462.183494	0.004004	8.2
68	-0.446323	460.540658	0.005945	9.2
69	-0.253860	458.913303	0.003321	8.3
70	-0.679910	457.301192	0.008126	8.9
71	-0.000000	455.704096	0.000000	8.3
72	-0.229016	454.121787	0.004193	8.9
73	-0.788197	452.554045	0.005115	8.5
74	-0.301747	451.000653	0.005725	8.7
75	-0.000000	449.461399	0.000000	9.0
76	-0.447929	447.936075	0.006845	8.5
77	-0.000000	446.424477	0.000000	9.0
78	-0.000000	444.926406	0.000000	8.3
79	-0.000000	443.441666	0.000000	8.8
80	-0.442136	441.970065	0.006556	8.8
81	-0.615678	440.511415	0.008025	8.8
82	-0.603292	439.065533	0.008004	8.7
83	-0.505447	437.632238	0.004870	8.7
84	-0.798893	436.211351	0.006424	8.8
85	-0.700792	434.802701	0.009809	9.3
86	-0.000000	433.406117	0.000000	8.2
87	-0.130088	432.021430	0.002095	9.3
88	-0.000000	430.648479	0.000000	8.1
89	-0.194010	429.287101	0.004488	9.1
90	-0.592113	427.937140	0.007623	8.6
91	-0.304559	426.598440	0.006179	8.5
92	-0.849993	425.270849	0.004490	8.7
93	-0.997482	423.954220	0.010516	8.9
94	-0.242303	422.648404	0.003242	9.0
95	-0.012121	421.353259	0.000190	8.3
96	-0.969978	420.068643	0.006201	9.1
97	-0.628613	418.794419	0.006987	8.9
98	-0.238705	417.530451	0.003602	8.7
99	-0.518478	416.276604	0.005332	8.3
100	-0.366546	415.032748	0.002014	9.0
101	-0.676855	413.798754	0.004604	8.3
102	-0.204633	412.574495	0.002641	9.0
103	-0.874582	411.359849	0.004137	8.5
104	0.000000	410.154691	0.000000	9.2
105	-0.756466	408.958904	0.007298	9.0
106	-0.752195	407.772368	0.007638	8.6
107	-0.351360	406.594968	0.002930	9.1
108	-0.826266	405.426590	0.005067	9.9
109	-0.284014	404.267122	0.006423	9.0
110	-0.281222	403.116456	0.005568	8.6
111	-0.792845	401.974481	0.009233	8.9
112	-1.046872	400.841093	0.012297	8.5
113	-0.943175	399.716187	0.006226	8.6
114	-0.022630	398.599660	0.002236	8.7
115	-0.517748	397.491411	0.005871	8.5
116	-0.020688	396.391342	0.001116	8.4
117	-0.476780	395.299353	0.003763	8.8
118	-0.386291	394.215350	0.005246	8.6
119	-0.570713	393.139238	0.008179	9.4
120	-0.635539	392.070924	0.008108	8.8
121	-0.216127	391.010316	0.001926	9.4
122	-0.060022	389.957325	0.001614	8.9
123	-0.013512	388.911862	0.001043	8.1
124	-0.512749	387.873839	0.007591	9.6
125	-0.400578	386.843173	0.006994	8.4
126	-0.000005	385.819777	0.000010	8.7
127	-0.129599	384.803569	0.002710	8.3
128	-0.222805	383.794468	0.003530	8.9
129	-0.157447	382.792393	0.003398	8.2
130	-0.000000	381.797264	0.000000	9.1
131	-0.000000	380.809005	0.000000	8.4
132	-0.000000	379.827537	0.000000	9.6
133	-0.815339	378.852786	0.007852	9.3
134	-0.814196	377.884678	0.005481	8.6
135	-1.077517	376.923138	0.016705	9.6
136	-0.835277	375.968095	0.008241	8.6
137	-0.265027	375.019479	0.004017	8.8
138	-0.847842	374.077218	0.005782	8.6
139	-0.566317	373.141244	0.007238	8.8
140	-0.449273	372.211489	0.006492	8.8
141	-0.678199	371.287887	0.007139	8.7
142	-0.016315	370.370370	0.000190	8.5
143	-0.010754	369.458876	0.000217	8.8
144	-0.060854	368.553338	0.003043	8.6
145	-0.000000	367.653696	0.000000	8.8
146	-0.000000	366.759885	0.000000	9.1
147	-0.089378	365.871846	0.002420	8.8
148	-0.851021	364.989518	0.007618	9.4
149	-0.852508	364.112841	0.008907	8.4
150	-0.016806	363.241757	0.000605	9.1
151	-0.457847	362.376208	0.006372	8.1
152	-0.592687	361.516137	0.007885	9.1
153	-0.865448	360.661488	0.005068	8.6
154	-0.259565	359.812206	0.002801	9.6
155	-0.590037	358.968236	0.003676	8.3
156	-0.803219	358.129524	0.005644	9.0
157	-0.255536	357.296018	0.003244	8.4
158	-0.000000	356.467665	0.000000	9.2
159	-0.713814	355.644414	0.004557	8.7
160	-0.308531	354.826213	0.002569	8.4
161	-0.000685	354.013012	0.000117	9.9
162	-0.000000	353.204763	0.000000	8.6
163	-0.005996	352.401415	0.000439	9.4
164	-0.268898	351.602922	0.003400	8.7
165	-0.712842	350.809235	0.007025	8.9
166	-0.841875	350.020308	0.009126	8.4
167	-0.478836	349.236095	0.004907	8.9
168	-0.480648	348.456550	0.006300	8.7
169	-0.496370	347.681627	0.006334	9.5
170	-0.904228	346.911283	0.005539	9.4
171	-0.874699	346.145474	0.009147	8.7
172	0.000000	345.384157	0.000000	10.3
173	-0.496279	344.627288	0.005502	8.7
174	-0.412604	343.874826	0.005775	9.6
175	-0.416130	343.126729	0.003951	8.5
176	-0.000000	342.382957	0.000000	9.4
177	-0.930059	341.643469	0.008942	8.7
178	-0.547362	340.908224	0.012574	9.0
179	-0.981225	340.177184	0.007092	8.6
180	-0.508696	339.450309	0.005796	9.5
181	-0.000000	338.727561	0.000000	9.4
182	-0.351695	338.008902	0.005644	8.5
183	-0.862928	337.294295	0.007560	9.0
184	-0.551934	336.583703	0.007411	8.2
185	-0.894416	335.877089	0.005935	9.0
186	-0.000000	335.174416	0.000000	8.6
187	-0.927251	334.475651	0.005328	9.3
188	-0.688055	333.780756	0.005695	8.4
189	-0.800414	333.089698	0.008542	9.2
190	-0.306311	332.402443	0.003882	8.4
191	-0.000000	331.718955	0.000000	9.8
192	-0.503696	331.039203	0.010273	9.5
193	-0.000000	330.363153	0.000000	8.2
194	-0.708647	329.690771	0.007316	9.3
195	-0.408478	329.022027	0.005800	8.3
196	-0.079293	328.356888	0.000759	8.9
197	-0.420681	327.695322	0.005614	8.4
198	0.000000	327.037299	0.000000	8.9
199	-0.628059	326.382787	0.011526	9.1
200	-0.487698	325.731758	0.006452	8.6
201	-0.000000	325.084179	0.000000	8.5
202	-0.665023	324.440023	0.003901	10.0
203	-0.369122	323.799258	0.005294	9.6
204	-0.698423	323.161858	0.006663	8.5
205	-0.421776	322.527792	0.006194	9.6
206	-1.057615	321.897034	0.008147	8.5
207	-0.548657	321.269554	0.006294	8.9
208	-0.845424	320.645325	0.004694	8.6
209	-0.054760	320.024320	0.001411	8.7
210	-1.002492	319.406512	0.008564	8.5
211	-0.000479	318.791875	0.000060	9.0
212	-0.002913	318.180381	0.000670	8.4
213	-0.230123	317.572005	0.006094	8.5
214	-0.709598	316.966721	0.004515	8.4
215	-0.000000	316.364504	0.000000	9.6
216	-0.207691	315.765329	0.003424	8.6
217	-0.517326	315.169170	0.005573	9.5
218	-0.000000	314.576003	0.000000	9.3
219	-0.435146	313.985804	0.006137	8.3
220	-0.919424	313.398548	0.007255	9.1
221	-0.910416	312.814213	0.007039	8.7
222	-0.223156	312.232773	0.003557	9.6
223	-0.009909	311.654207	0.000512	8.5
224	-0.000000	311.078491	0.000000	9.3
225	-0.579776	310.505602	0.005728	8.3
226	-0.781652	309.935518	0.006892	10.1
227	-0.006892	309.368217	0.000260	9.0
228	-0.628642	308.803676	0.005629	8.7
229	-0.085257	308.241874	0.002584	9.6
230	-0.000000	307.682789	0.000000	8.8
231	-0.424957	307.126400	0.005396	9.1
232	-0.679679	306.572687	0.007593	8.3
233	-0.900486	306.021627	0.012053	9.4
234	-0.000000	305.473201	0.000000	8.8
235	-0.000010	304.927388	0.000004	9.1
236	-0.813420	304.384168	0.005908	9.1
237	-0.784511	303.843521	0.007295	9.4
238	-0.570808	303.305427	0.005153	9.0
239	-0.554418	302.769867	0.006193	8.3
240	-0.460573	302.236821	0.007937	9.2
241	-0.948394	301.706270	0.005974	8.7
242	-0.697360	301.178196	0.006464	8.9
243	-0.867703	300.652580	0.005235	8.4
244	-0.845550	300.129402	0.008876	9.0
245	-0.005924	299.608645	0.000618	8.4
246	-0.840571	299.090291	0.010227	9.1
247	-0.036176	298.574321	0.001838	8.4
248	-0.634224	298.060718	0.006149	9.2
249	-0.395378	297.549465	0.005372	8.5
250	-0.467207	297.040543	0.005259	9.8
251	-0.475306	296.533936	0.005029	8.9
252	-0.449659	296.029626	0.004823	9.2
253	-0.096110	295.527597	0.001972	9.2
254	-0.154088	295.027832	0.003682	8.3
255	-0.397122	294.530315	0.004807	9.3
256	0.000000	294.035028	0.000000	8.3
257	-0.223773	293.541956	0.002634	9.1
258	-0.661798	293.051083	0.006779	8.4
259	-0.000000	292.562393	0.000000	9.3
260	-0.878528	292.075870	0.008446	8.6
261	-0.657659	291.591498	0.006869	9.6
262	-0.897783	291.109263	0.006813	9.7
263	-0.588661	290.629149	0.005944	8.2
264	-0.000000	290.151140	0.000000	9.1
265	-0.229475	289.675222	0.004109	8.6
266	-0.328902	289.201380	0.006859	9.1
267	-0.000000	288.729600	0.000000	8.4
268	-0.315263	288.259866	0.006007	9.4
269	-0.323008	287.792165	0.002812	8.5
270	-0.780537	287.326481	0.008150	8.7
271	-0.000000	286.862802	0.000000	8.4
272	-0.810805	286.401113	0.006378	10.0
273	-0.625311	285.941400	0.007871	8.7
274	-0.004298	285.483649	0.000456	8.5
275	-0.699599	285.027847	0.006904	9.2
276	-0.367678	284.573981	0.004677	8.4
277	-0.635517	284.122037	0.005563	9.2
278	-0.021509	283.672002	0.001279	9.3
279	-0.613656	283.223863	0.005590	9.3
280	-0.931261	282.777607	0.007490	8.2
281	-0.000000	282.333221	0.000000	9.4
282	-0.365691	281.890692	0.005132	9.0
283	-0.000000	281.450008	0.000000	8.8
284	-1.065636	281.011157	0.008442	8.7
285	-0.523194	280.574125	0.007300	10.0
286	-0.793952	280.138901	0.006077	9.1
287	-0.800944	279.705473	0.006738	8.2
288	-0.000000	279.273829	0.000000	9.4
289	-0.136159	278.843956	0.003477	8.2
290	-0.304630	278.415844	0.004498	9.0
291	-0.689424	277.989479	0.009246	8.4
292	-0.142461	277.564851	0.001763	9.1
293	-0.826949	277.141949	0.006676	8.5
294	-0.825218	276.720761	0.006468	9.0
295	-0.402087	276.301275	0.009790	8.4
296	-0.688577	275.883480	0.008171	9.7
297	-0.000000	275.467366	0.000000	9.1
298	-0.000000	275.052922	0.000000	8.7
299	-0.865511	274.640136	0.006013	9.6
300	0.000000	274.228998	0.000000	8.8
301	-0.000000	273.819497	0.000000	9.3
302	-0.021546	273.411623	0.000924	8.8
303	-1.021100	273.005365	0.007504	9.3
304	-1.080451	272.600712	0.018907	8.7
305	-0.473846	272.197655	0.005356	8.8
306	-0.894194	271.796184	0.008572	8.5
307	-0.966860	271.396287	0.008248	9.0
308	-0.000000	270.997956	0.000000	8.7
309	-0.012732	270.601180	0.000647	8.7
310	-0.845606	270.205949	0.005512	9.3
311	-0.875091	269.812254	0.007452	8.2
312	-0.563746	269.420085	0.005076	9.3
313	-0.631463	269.029432	0.006457	8.6
314	-0.019216	268.640287	0.000238	9.8
315	0.000000	268.252638	0.000000	8.6
316	-0.040185	267.866478	0.001478	9.2
317	-0.449699	267.481796	0.004913	8.5
318	-0.445234	267.098584	0.005255	9.1
319	-0.779619	266.716833	0.005805	8.5
320	-0.063753	266.336533	0.001266	9.5
321	-0.686432	265.957676	0.006058	9.3
322	-0.000000	265.580253	0.000000	8.3
323	-0.000000	265.204254	0.000000	9.0
324	-0.646110	264.829672	0.007343	8.1
325	-0.000000	264.456497	0.000000	9.2
326	-0.000000	264.084721	0.000000	8.5
327	-0.704581	263.714335	0.007813	8.7
328	-0.000000	263.345332	0.000000	8.8
329	-0.836654	262.977702	0.006230	8.5
330	-0.835072	262.611438	0.007946	9.2
331	-0.000003	262.246531	0.000002	9.1
332	-0.126357	261.882973	0.003102	8.6
333	-0.303090	261.520756	0.004728	8.5
334	-0.050776	261.159871	0.001725	8.8
335	-0.000000	260.800312	0.000000	8.5
336	-0.658267	260.442070	0.004595	9.0
337	-0.683207	260.085137	0.006032	8.9
338	-0.490815	259.729505	0.006593	9.4
339	-0.893508	259.375167	0.006476	8.7
340	-0.382443	259.022116	0.004719	9.3
341	-0.510224	258.670343	0.011673	8.3
342	-0.000000	258.319841	0.000000	8.8
343	-0.513886	257.970602	0.006456	8.7
344	-0.001038	257.622620	0.000360	9.2
345	-0.000000	257.275887	0.000000	8.2
346	-0.312481	256.930396	0.003083	9.2
347	-0.617021	256.586139	0.006408	8.9
348	0.000000	256.243109	0.000000	8.1
349	-0.000189	255.901300	0.000003	9.2
350	-0.757922	255.560703	0.005316	8.4
351	-0.000000	255.221313	0.000000	9.3
352	-0.020481	254.883122	0.001171	8.2
353	-0.824452	254.546124	0.006479	9.0
354	-0.817139	254.210311	0.008106	8.6
355	-0.805337	253.875677	0.004607	8.8
356	-0.561913	253.542215	0.005189	8.8
357	-0.381742	253.209918	0.004517	9.0
358	-0.006333	252.878781	0.000354	8.3
359	-0.000000	252.548795	0.000000	8.9
360	-0.682499	252.219956	0.004998	8.5
361	-0.394727	251.892255	0.005593	9.0
362	-0.758415	251.565688	0.007516	9.9
363	-0.549827	251.240247	0.005729	8.3
364	-0.001550	250.915926	0.000021	9.7
365	-0.437101	250.592720	0.008604	8.9
366	-0.765516	250.270621	0.006172	9.0
367	-0.068356	249.949624	0.002700	8.9
368	-0.522317	249.629723	0.006466	8.8
369	-0.000000	249.310911	0.000000	10.2
370	-0.048521	248.993182	0.000432	12.1
371	-0.687610	248.676531	0.006433	10.0
372	-0.605841	248.360952	0.006611	9.7
373	-0.558274	248.046438	0.007241	9.5
374	-0.500664	247.732984	0.006323	9.3
375	-0.000206	247.420584	0.000005	9.1
376	-0.750282	247.109233	0.006303	9.4
377	-0.000000	246.798924	0.000000	8.5
378	-0.024004	246.489652	0.000451	9.2
379	-0.040797	246.181412	0.000733	8.7
380	-0.187576	245.874197	0.002383	9.1
381	-0.732140	245.568002	0.008595	8.5
382	-0.000000	245.262822	0.000000	8.9
383	-0.565144	244.958652	0.006916	8.4
384	-0.743485	244.655485	0.006384	9.0
385	-0.446854	244.353317	0.004366	8.9
386	-0.217936	244.052142	0.001781	8.7
387	-0.985972	243.751955	0.009033	9.2
388	-0.000000	243.452750	0.000000	8.4
389	-0.661033	243.154523	0.007899	9.1
390	-0.744179	242.857268	0.009161	9.1
391	-0.820885	242.560980	0.005504	9.0
392	-0.598055	242.265654	0.006553	8.8
393	-1.175026	241.971285	0.016310	10.3
394	-0.000000	241.677868	0.000000	8.6
395	-0.585352	241.385397	0.006383	8.9
396	-0.016907	241.093869	0.001507	9.8
397	-0.417129	240.803278	0.006399	8.4
398	-0.000000	240.513619	0.000000	9.6
399	-0.902812	240.224887	0.006607	8.3
400	-0.000000	239.937077	0.000000	8.7
401	-0.760788	239.650186	0.007223	8.7
402	-0.995123	239.364207	0.006022	9.5
403	-0.464664	239.079136	0.004635	8.1
404	-0.862374	238.794969	0.006666	8.5
405	-0.076657	238.511701	0.001557	8.9
406	-0.927362	238.229327	0.005020	8.8
407	-0.360196	237.947843	0.005317	8.6
408	-0.648502	237.667244	0.006906	9.0
409	-0.726578	237.387526	0.006312	8.7
410	-0.000000	237.108684	0.000000	8.9
411	-0.464362	236.830714	0.003431	9.2
412	0.000000	236.553610	0.000000	8.3
413	-0.075351	236.277370	0.002238	9.3
414	-0.000000	236.001989	0.000000	9.3
415	-0.241554	235.727461	0.002884	9.0
416	-0.397926	235.453784	0.006400	8.4
417	-0.000170	235.180952	0.000100	8.8
418	-0.073049	234.908962	0.003587	8.5
419	-0.656411	234.637809	0.008704	9.4
420	-0.377548	234.367488	0.002943	9.0
421	-0.485316	234.097997	0.005939	8.6
422	-0.002994	233.829331	0.000104	9.5
423	-0.795102	233.561485	0.005184	8.6
424	-0.056638	233.294456	0.001049	9.8
425	-0.885788	233.028239	0.006601	9.0
426	-0.768511	232.762831	0.005554	9.5
427	-0.141262	232.498228	0.002953	9.0
428	-0.764211	232.234425	0.007137	9.3
429	-1.009739	231.971419	0.010544	8.6
430	-0.063615	231.709205	0.002840	9.2
431	-0.396809	231.447781	0.003941	8.9
432	-0.876892	231.187141	0.003894	8.5
433	-0.259779	230.927283	0.004333	9.3
434	-0.751373	230.668202	0.004306	8.1
435	-0.391527	230.409895	0.006623	9.0
436	-0.006477	230.152358	0.000035	8.4
437	-0.000000	229.895587	0.000000	9.0
438	-0.372633	229.639578	0.005360	8.6
439	-0.467484	229.384329	0.004240	9.1
440	-0.000000	229.129834	0.000000	8.2
441	-0.541574	228.876091	0.007408	8.7
442	-0.784774	228.623096	0.008369	8.8
443	-0.896432	228.370846	0.007802	9.1
444	-0.000000	228.119336	0.000000	8.6
445	-0.563594	227.868563	0.005627	8.2
446	-0.823034	227.618525	0.006461	9.3
447	-0.000000	227.369216	0.000000	8.5
448	-0.000000	227.120635	0.000000	8.8
449	-0.885330	226.872777	0.006976	9.5
450	-0.630349	226.625638	0.004402	8.8
451	-0.000000	226.379217	0.000000	8.2
452	-0.000076	226.133509	0.000068	8.6
453	-0.000000	225.888510	0.000000	8.5
454	-0.649788	225.644218	0.008111	9.1
455	-0.121193	225.400630	0.002707	8.8
456	-0.877666	225.157741	0.006317	9.9
457	-0.589117	224.915549	0.006908	8.9
458	-0.226281	224.674051	0.003503	9.1
459	-0.848257	224.433242	0.006855	9.0
460	-0.006290	224.193121	0.000172	8.3
461	-0.330846	223.953684	0.006483	9.2
462	-0.870143	223.714927	0.004663	9.4
463	-0.462081	223.476848	0.004696	9.3
464	-0.902448	223.239444	0.004130	8.7
465	-0.000000	223.002710	0.000000	8.9
466	-0.299765	222.766645	0.006570	8.5
467	-0.612519	222.531245	0.012842	8.9
468	-0.431605	222.296508	0.004430	9.0
469	-0.953346	222.062429	0.004310	8.6
470	-0.703858	221.829007	0.009637	8.7
471	-0.701847	221.596238	0.008835	8.9
472	-0.000000	221.364119	0.000000	8.9
473	-0.291280	221.132647	0.003631	9.2
474	-0.880223	220.901820	0.006011	9.0
475	-1.031661	220.671634	0.006927	8.6
476	-0.000008	220.442086	0.000004	8.9
477	-0.058344	220.213174	0.000277	8.4
478	-0.523086	219.984895	0.005950	9.0
479	-0.684020	219.757246	0.008279	8.3
480	-0.528641	219.530224	0.005036	9.4
481	-0.503762	219.303826	0.004206	8.3
482	-0.000000	219.078050	0.000000	9.1
483	-0.797449	218.852893	0.006500	8.8
484	-0.531193	218.628352	0.006808	9.7
485	-0.968314	218.404424	0.006874	9.3
486	-0.000000	218.181106	0.000000	8.4
487	-0.755596	217.958397	0.008648	9.2
488	-0.495302	217.736292	0.005222	8.2
489	-0.495226	217.514790	0.007717	9.1
490	-0.515447	217.293888	0.004348	8.6
491	-0.897663	217.073584	0.006358	10.3
492	-0.731844	216.853873	0.005350	9.1
493	-0.649222	216.634755	0.007335	8.7
494	-0.835725	216.416227	0.005980	9.9
495	-0.885201	216.198285	0.004666	9.0
496	-0.000000	215.980927	0.000000	9.1
497	-0.528276	215.764151	0.008122	9.3
498	-0.093593	215.547955	0.002676	9.2
499	-0.388812	215.332335	0.005238	8.7
500	-0.000000	215.117289	0.000000	9.3
501	-0.005284	214.902815	0.000200	8.8
502	0.000000	214.688911	0.000000	10.0
503	-0.391306	214.475573	0.004685	9.7
504	-0.502101	214.262800	0.006230	9.3
505	-0.172105	214.050588	0.002416	10.9
506	-0.899724	213.838936	0.006130	10.9
507	-0.600499	213.627842	0.004473	9.5
508	-0.798807	213.417302	0.006798	10.8
509	-0.000000	213.207314	0.000000	9.8
510	-0.816363	212.997877	0.004564	9.2
511	-0.822713	212.788987	0.008137	10.0
512	-0.429944	212.580642	0.006718	9.3
513	-0.000000	212.372841	0.000000	10.4
514	-0.997213	212.165581	0.008695	8.8
515	-0.498390	211.958859	0.003241	9.9
516	-0.398021	211.752673	0.005167	10.3
517	-0.000000	211.547021	0.000000	10.1
518	-0.547751	211.341902	0.005115	9.4
519	0.000000	211.137311	0.000000	10.1
520	0.000000	210.933248	0.000000	9.4
521	-0.000000	210.729710	0.000000	10.4
522	-0.040956	210.526695	0.000831	9.7
523	-0.638678	210.324200	0.006614	9.7
524	-0.241279	210.122224	0.002810	9.3
525	-0.123397	209.920765	0.002134	9.5
526	-0.644200	209.719820	0.007408	9.4
527	-0.045077	209.519387	0.000914	9.8
528	-0.017371	209.319463	0.000131	9.8
529	-0.241618	209.120048	0.004761	8.5
530	-0.838643	208.921139	0.005457	9.2
531	-0.396313	208.722733	0.005382	8.6
532	-0.269086	208.524829	0.002910	10.3
533	-0.177353	208.327425	0.002721	8.3
534	-0.866653	208.130518	0.007696	9.0
535	-0.292648	207.934107	0.004829	8.6
536	-0.526209	207.738189	0.004443	8.4
537	-0.000000	207.542762	0.000000	9.2
538	-0.000000	207.347825	0.000000	8.4
539	-0.595667	207.153376	0.007338	9.4
540	-0.385727	206.959412	0.006828	8.1
541	-0.144050	206.765932	0.003205	8.9
542	-0.000000	206.572933	0.000000	8.6
543	-0.051273	206.380414	0.001523	9.4
544	-0.596212	206.188373	0.006292	8.6
545	-0.572544	205.996807	0.007365	8.9
546	0.000000	205.805716	0.000000	8.2
547	-0.605626	205.615096	0.007456	8.8
548	-0.652616	205.424946	0.009575	8.4
549	-0.888695	205.235265	0.005470	8.8
550	-0.938617	205.046050	0.008924	8.3
551	-0.277757	204.857299	0.004677	9.4
552	0.000000	204.669011	0.000000	9.3
553	-0.716033	204.481184	0.007390	8.8
554	-0.008861	204.293816	0.000241	9.0
555	-0.000002	204.106905	0.000001	9.3
556	-0.000000	203.920449	0.000000	8.6
557	-0.360115	203.734447	0.002609	8.6
558	-0.806954	203.548896	0.008282	9.0
559	-0.837896	203.363795	0.005702	8.4
560	-0.615436	203.179143	0.005975	8.8
561	-0.000000	202.994937	0.000000	8.4
562	-0.755093	202.811176	0.006018	8.7
563	-0.736808	202.627857	0.007577	8.5
564	-0.294491	202.444980	0.004205	8.9
565	-0.833462	202.262543	0.006469	8.4
566	-1.050775	202.080543	0.005619	9.6
567	-0.638153	201.898979	0.006864	9.5
568	-0.000075	201.717849	0.000039	8.6
569	-0.170552	201.537153	0.003714	9.7
570	-0.941571	201.356887	0.006246	8.5
571	-0.021198	201.177050	0.001385	9.7
572	-0.690326	200.997642	0.005450	8.7
573	-0.692232	200.818659	0.006579	9.1
574	-0.701468	200.640100	0.005135	8.9
575	-0.000000	200.461965	0.000000	8.8
576	-0.779836	200.284250	0.005426	9.3
577	-0.739438	200.106955	0.006887	9.6
578	-0.705694	199.930078	0.006849	9.5
579	-0.764896	199.753617	0.007660	8.5
580	-0.000000	199.577571	0.000000	8.7
581	-0.745809	199.401938	0.004393	8.8
582	-0.574565	199.226717	0.006040	9.0
583	-0.388826	199.051905	0.006301	8.3
584	-0.553211	198.877502	0.007599	8.7
585	-0.738535	198.703506	0.005334	8.5
586	-0.000000	198.529916	0.000000	8.3
587	-0.000000	198.356729	0.000000	9.6
588	-1.073937	198.183944	0.009584	8.4
589	-0.960358	198.011560	0.007433	8.9
590	-0.613560	197.839576	0.003864	9.2
591	-0.000000	197.667989	0.000000	9.1
592	-0.217269	197.496798	0.004301	8.7
593	-0.546766	197.326002	0.007000	8.8
594	-0.720088	197.155600	0.007702	8.3
595	-0.399588	196.985589	0.005085	9.6
596	-0.306660	196.815969	0.005253	8.4
597	-0.433379	196.646738	0.003251	8.7
598	-0.832531	196.477894	0.007382	8.5
599	-0.000003	196.309436	0.000002	8.7
600	-0.362271	196.141363	0.007440	8.7
601	-0.743348	195.973673	0.010508	9.6
602	-0.713580	195.806365	0.006221	9.1
603	-0.003519	195.639437	0.000061	8.4
604	-0.853087	195.472888	0.006798	9.1
605	-0.102433	195.306717	0.002083	8.4
606	-0.000000	195.140922	0.000000	9.2
607	-0.341787	194.975501	0.004371	8.4
608	-0.550882	194.810454	0.007259	11.0
609	-0.447744	194.645779	0.002978	8.9
610	-0.764813	194.481475	0.006505	9.4
611	-0.317909	194.317540	0.003091	8.9
612	-0.363181	194.153973	0.007914	9.4
613	-0.322613	193.990773	0.003854	9.3
614	-0.711426	193.827938	0.005568	8.2
615	-0.002327	193.665467	0.000279	9.5
616	-0.000000	193.503358	0.000000	8.8
617	-0.731535	193.341611	0.005406	9.0
618	-0.578156	193.180224	0.005578	8.6
619	-0.000000	193.019196	0.000000	9.2
620	-0.563102	192.858525	0.005201	8.9
621	-0.541004	192.698210	0.007272	8.9
622	-0.609187	192.538251	0.007830	9.4
623	-0.092547	192.378644	0.001347	8.4
624	-0.710561	192.219391	0.006533	9.5
625	-0.310230	192.060488	0.004859	9.0
626	0.000000	191.901935	0.000000	9.3
627	-0.835692	191.743730	0.006052	8.9
628	-0.006016	191.585873	0.000368	9.0
629	-0.378430	191.428362	0.005272	8.6
630	0.000000	191.271196	0.000000	8.4
631	-0.954532	191.114374	0.009648	8.8
632	-0.699285	190.957893	0.004298	8.7
633	-0.218993	190.801755	0.002749	9.2
634	-0.336141	190.645956	0.004394	8.3
635	-0.066456	190.490495	0.001914	8.8
636	-0.392745	190.335373	0.004108	9.7
637	-0.895244	190.180587	0.007082	9.5
638	-0.254759	190.026136	0.003385	8.4
639	-0.224197	189.872019	0.003096	8.8
640	-0.882414	189.718235	0.004398	8.3
641	-0.000000	189.564782	0.000000	8.9
642	-0.675171	189.411661	0.003100	8.6
643	-0.701409	189.258868	0.006185	9.2
644	-0.000022	189.106404	0.000022	8.6
645	-1.001193	188.954267	0.008951	8.8
646	-0.155062	188.802456	0.003889	9.5
647	-0.511510	188.650969	0.003481	8.2
648	-0.083899	188.499807	0.003256	9.4
649	-0.006065	188.348967	0.000322	8.9
650	-0.763220	188.198448	0.006832	9.0
651	-0.561380	188.048250	0.006299	8.3
652	-0.663727	187.898371	0.006235	9.1
653	-0.911445	187.748810	0.006942	8.4
654	-0.351647	187.599566	0.004796	8.7
655	-0.586223	187.450638	0.007263	8.4
656	-0.015182	187.302025	0.001722	8.6
657	-0.387326	187.153725	0.002743	8.5
658	-0.769991	187.005739	0.006266	8.9
659	-0.509079	186.858064	0.004390	8.5
660	-0.000000	186.710699	0.000000	10.0
661	-0.366754	186.563645	0.004145	9.1
662	-0.000000	186.416898	0.000000	8.2
663	-0.547361	186.270459	0.006338	9.3
664	-0.412810	186.124326	0.008221	8.5
665	-0.857023	185.978499	0.007296	8.8
666	-0.000000	185.832976	0.000000	8.6
667	-0.722691	185.687756	0.004456	9.4
668	-0.690703	185.542838	0.007085	8.4
669	0.000000	185.398222	0.000000	9.0
670	-0.737943	185.253906	0.006288	8.3
671	-0.825910	185.109889	0.004043	9.7
672	-0.445024	184.966170	0.003818	8.8
673	-0.018935	184.822748	0.000392	8.1
674	-0.000000	184.679623	0.000000	9.4
675	-0.509693	184.536792	0.005447	8.4
676	-0.006074	184.394256	0.000557	9.2
677	-0.802313	184.252013	0.005237	8.2
678	-0.619103	184.110062	0.007766	9.0
679	-0.000000	183.968403	0.000000	8.5
680	-0.000000	183.827034	0.000000	8.5
681	-0.000000	183.685954	0.000000	9.4
682	-0.840360	183.545163	0.007264	9.1
683	-0.796117	183.404658	0.005712	9.3
684	-0.803636	183.264441	0.004752	9.6
685	-0.000000	183.124509	0.000000	10.3
686	-0.193597	182.984861	0.005254	10.9
687	-1.032282	182.845497	0.008069	10.7
688	-0.000000	182.706416	0.000000	10.6
689	-0.917568	182.567616	0.007656	9.8
690	-0.902786	182.429098	0.004784	9.9
691	-0.000219	182.290859	0.000128	10.7
692	-0.161569	182.152899	0.002206	10.0
693	-0.104122	182.015217	0.001690	11.0
694	-0.883789	181.877813	0.009473	9.4
695	-0.663532	181.740684	0.006340	9.5
696	-0.526456	181.603832	0.004046	10.0
697	-0.977073	181.467253	0.006476	8.9
698	-0.854095	181.330948	0.007552	9.8
699	-0.757281	181.194916	0.005278	8.9
700	-0.012890	181.059155	0.000286	9.2
701	-0.000000	180.923666	0.000000	8.6
702	-0.508480	180.788446	0.008336	10.0
703	-0.015815	180.653496	0.000176	9.8
704	-0.250019	180.518814	0.003318	9.0
705	-0.826626	180.384399	0.004590	10.0
706	0.000000	180.250251	0.000000	10.0
707	-0.066305	180.116369	0.001684	9.7
708	-0.000000	179.982752	0.000000	8.8
709	-0.834892	179.849398	0.006665	9.4
710	-0.779947	179.716308	0.005137	9.6
711	-0.690639	179.583480	0.004831	9.2
712	-0.000000	179.450913	0.000000	9.9
713	-0.398191	179.318607	0.002601	9.8
714	-1.043730	179.186561	0.006252	10.1
715	-0.729458	179.054774	0.006737	10.3
716	-0.315020	178.923245	0.003598	10.9
717	-0.023662	178.791973	0.001034	10.6
718	-0.507898	178.660958	0.005356	12.0
719	-0.000000	178.530199	0.000000	9.3
720	-0.956269	178.399694	0.007886	11.2
721	-0.000000	178.269444	0.000000	9.3
722	-0.914943	178.139447	0.006431	10.4
723	-0.145973	178.009702	0.002633	10.9
724	-0.622665	177.880209	0.004885	10.2
725	-0.424864	177.750967	0.002531	11.2
726	-0.875369	177.621975	0.008076	10.0
727	-0.533582	177.493232	0.006400	10.3
728	-0.719069	177.364738	0.007360	10.3
729	-0.304535	177.236492	0.004682	9.2
730	-0.788805	177.108492	0.007924	9.8
731	-0.897763	176.980739	0.004663	10.2
732	-0.446279	176.853231	0.006245	9.5
733	-0.682042	176.725968	0.004299	10.7
734	-0.000068	176.598949	0.000024	10.1
735	-0.702515	176.472173	0.007631	11.3
736	-0.000000	176.345639	0.000000	10.9
737	-0.875970	176.219348	0.005303	10.3
738	-0.809931	176.093296	0.004556	10.5
739	-0.000000	175.967486	0.000000	10.7
740	-0.309614	175.841914	0.005718	9.8
741	-0.776390	175.716581	0.004966	9.8
742	-0.273595	175.591486	0.002795	10.3
743	-0.756814	175.466629	0.005495	9.9
744	-0.558914	175.342008	0.006761	10.0
745	-0.667600	175.217622	0.004985	9.2
746	-0.571607	175.093472	0.005269	11.3
747	-0.215707	174.969556	0.003192	10.4
748	-0.664250	174.845873	0.003697	10.1
749	-0.000000	174.722423	0.000000	9.9
750	-0.000000	174.599206	0.000000	9.5
751	-0.030435	174.476220	0.002449	9.5
752	-0.967026	174.353464	0.006985	10.5
753	-0.346292	174.230939	0.003865	9.1
754	-0.093928	174.108643	0.001944	10.1
755	-0.038025	173.986576	0.002720	9.4
756	-1.035297	173.864737	0.007604	10.3
757	-0.000000	173.743124	0.000000	9.3
758	-0.123540	173.621739	0.004018	9.8
759	-0.751045	173.500579	0.004269	9.7
760	-0.794346	173.379645	0.009037	8.7
761	-0.286251	173.258935	0.004312	9.9
762	-0.043036	173.138449	0.001397	9.3
763	-0.664187	173.018186	0.005002	9.3
764	0.000000	172.898146	0.000000	10.2
765	-0.010986	172.778327	0.000694	9.2
766	-0.022253	172.658730	0.001169	10.0
767	-1.029050	172.539353	0.006994	10.6
768	-0.000000	172.420196	0.000000	10.0
769	-0.719014	172.301258	0.007074	9.9
770	-0.047363	172.182539	0.001726	8.6
771	-0.645164	172.064037	0.006261	10.0
772	-0.681506	171.945753	0.007269	8.7
773	-0.016305	171.827686	0.000811	9.5
774	-0.753607	171.709834	0.006899	10.3
775	-0.000000	171.592198	0.000000	9.4
776	-0.290270	171.474776	0.002041	9.9
777	-0.621731	171.357568	0.005257	9.0
778	-0.112980	171.240574	0.002651	10.4
779	-0.609775	171.123793	0.004593	9.7
780	-0.364126	171.007223	0.005188	9.3
781	-0.000000	170.890865	0.000000	9.8
782	-0.564404	170.774718	0.005672	9.1
783	-0.882675	170.658782	0.006447	9.7
784	-0.000000	170.543055	0.000000	9.4
785	-0.347499	170.427537	0.006344	10.5
786	-0.791270	170.312227	0.005851	10.1
787	-0.000000	170.197125	0.000000	9.1
788	-0.000000	170.082231	0.000000	9.6
789	-0.009019	169.967543	0.000214	9.1
790	-0.059075	169.853061	0.001974	9.5
791	-0.621089	169.738784	0.007664	8.9
792	-0.549415	169.624713	0.005743	10.4
793	-0.035033	169.510845	0.002079	10.0
794	-0.002469	169.397181	0.000191	8.7
795	-0.130556	169.283720	0.002916	9.8
796	-0.504619	169.170462	0.005124	10.2
797	-0.991263	169.057405	0.005973	9.9
798	-0.556496	168.944549	0.009678	9.6
799	-0.938300	168.831895	0.005166	8.9
800	-0.827358	168.719440	0.006511	9.6
801	-0.763960	168.607185	0.003926	9.6
802	-0.387697	168.495129	0.005048	9.7
803	-0.857068	168.383271	0.004938	10.0
804	-0.540090	168.271611	0.004808	9.1
805	-0.000000	168.160148	0.000000	9.6
806	-0.000001	168.048882	0.000001	9.4
807	-0.982482	167.937812	0.005286	10.2
808	-0.363961	167.826938	0.004658	8.7
809	-0.004548	167.716258	0.000527	9.7
810	-0.821595	167.605773	0.005000	9.4
811	-0.000000	167.495482	0.000000	10.6
812	-0.699540	167.385384	0.005915	9.8
813	-0.398606	167.275479	0.005028	9.2
814	-0.360847	167.165766	0.004345	9.3
815	-0.769463	167.056245	0.005110	9.5
816	-0.868079	166.946915	0.006891	8.8
817	-0.799877	166.837776	0.003964	9.4
818	-0.727156	166.728826	0.007458	9.6
819	-0.130417	166.620067	0.001739	9.8
820	-0.000000	166.511496	0.000000	9.1
821	-0.000000	166.403113	0.000000	11.0
822	-0.714341	166.294919	0.004973	9.9
823	-0.495598	166.186912	0.004812	8.9
824	-0.738839	166.079091	0.007091	10.6
825	-0.816880	165.971458	0.004501	8.7
826	-0.540132	165.864009	0.005011	10.1
827	-0.577925	165.756747	0.007346	9.5
828	-0.623292	165.649669	0.006292	8.5
829	-0.460508	165.542775	0.004577	9.1
830	-0.000000	165.436065	0.000000	8.8
831	-0.631271	165.329538	0.004593	9.4
832	-0.716597	165.223194	0.004531	8.5
833	-0.000000	165.117032	0.000000	8.8
834	-0.768975	165.011052	0.004969	8.9
835	-0.000000	164.905253	0.000000	8.9
836	-0.985811	164.799635	0.006966	9.0
837	-0.388115	164.694197	0.005388	8.5
838	-0.737162	164.588939	0.005932	9.0
839	-0.786968	164.483859	0.005419	8.7
840	-0.000000	164.378959	0.000000	9.3
841	-0.000000	164.274237	0.000000	8.2
842	-0.758477	164.169692	0.005204	9.0
843	-0.000000	164.065325	0.000000	8.7
844	-0.731231	163.961135	0.006208	9.2
845	-0.549942	163.857120	0.005441	8.8
846	-0.000000	163.753282	0.000000	9.3
847	-0.146511	163.649619	0.002772	9.0
848	-0.969135	163.546130	0.006365	9.0
849	-0.000000	163.442816	0.000000	9.1
850	-0.774984	163.339676	0.005225	9.6
851	-0.490047	163.236709	0.004954	9.5
852	-0.879580	163.133915	0.006056	8.5
853	-0.087247	163.031294	0.001504	9.1
854	-0.945185	162.928844	0.009715	8.6
855	-0.622119	162.826566	0.005155	8.9
856	-0.460809	162.724459	0.005031	8.3
857	-0.506498	162.622523	0.007088	9.2
858	-0.000000	162.520757	0.000000	8.8
859	-1.013758	162.419160	0.005415	8.9
860	-0.000000	162.317733	0.000000	8.3
861	-0.000000	162.216474	0.000000	9.3
862	-0.407564	162.115383	0.003599	9.2
863	-0.876771	162.014461	0.007624	8.3
864	-0.000000	161.913705	0.000000	9.4
865	-0.287032	161.813117	0.003907	8.5
866	-0.457711	161.712695	0.004660	9.2
867	-0.000000	161.612439	0.000000	8.1
868	-0.039156	161.512349	0.000149	9.1
869	-0.571821	161.412424	0.007325	8.9
870	-0.000000	161.312663	0.000000	9.0
871	-0.857006	161.213067	0.004984	8.5
872	-0.711837	161.113635	0.007748	8.9
873	-0.479269	161.014366	0.003975	8.8
874	-0.356403	160.915260	0.004192	8.5
875	-0.816895	160.816316	0.006620	9.2
876	-0.102357	160.717535	0.001597	8.4
877	-0.382702	160.618915	0.005263	9.3
878	-0.017388	160.520456	0.000283	8.7
879	-0.123880	160.422158	0.003803	10.6
880	-0.069374	160.324021	0.001933	8.8
881	-0.268123	160.226043	0.003371	10.1
882	-0.170446	160.128225	0.002801	9.4
883	-0.000000	160.030566	0.000000	8.7
884	0.000000	159.933066	0.000000	9.3
885	-0.184694	159.835723	0.005004	8.8
886	-0.791178	159.738539	0.006792	9.3
887	-0.745822	159.641512	0.006265	9.0
888	-0.073378	159.544642	0.001325	9.3
889	-0.656404	159.447929	0.004635	9.7
890	-0.000000	159.351372	0.000000	9.5
891	-0.644021	159.254971	0.006207	9.1
892	-0.499282	159.158725	0.006088	9.4
893	-0.763659	159.062634	0.006958	9.1
894	-0.000000	158.966697	0.000000	8.2
895	-0.062887	158.870915	0.001824	9.0
896	-0.942709	158.775286	0.006656	8.5
897	-0.000000	158.679811	0.000000	8.8
898	-0.894065	158.584489	0.005137	8.6
899	-0.477611	158.489319	0.005549	9.8
900	-0.098053	158.394302	0.003535	8.2
901	-0.490638	158.299436	0.006007	8.9
902	-0.837358	158.204721	0.004903	8.9
903	-0.515148	158.110158	0.002498	9.2
904	-0.930633	158.015745	0.006268	9.8
905	-0.720895	157.921482	0.006151	8.5
906	-0.770831	157.827369	0.007673	9.3
907	-0.910894	157.733406	0.004882	8.1
908	-0.717381	157.639591	0.005981	9.6
909	-0.723370	157.545925	0.007197	8.6
910	-0.000000	157.452408	0.000000	8.7
911	-1.016853	157.359038	0.007271	8.5
912	-0.577636	157.265816	0.006778	9.1
913	-0.000000	157.172741	0.000000	8.6
914	-0.342924	157.079813	0.003628	8.7
915	-0.000000	156.987031	0.000000	8.4
916	-0.585650	156.894395	0.006774	9.6
917	0.000000	156.801904	0.000000	9.6
918	-0.387436	156.709559	0.004216	8.8
919	-0.395831	156.617359	0.003205	9.3
920	-1.001627	156.525304	0.010283	8.4
921	-0.954654	156.433392	0.006012	8.9
922	-0.692785	156.341624	0.004367	9.1
923	-0.562969	156.250000	0.002885	8.7
924	-0.542642	156.158519	0.005075	8.1
925	-0.979342	156.067180	0.006591	8.5
926	-1.071028	155.975984	0.007196	8.4
927	-0.750422	155.884930	0.004583	10.0
928	-0.410964	155.794017	0.003012	9.6
929	-0.772271	155.703246	0.009067	9.1
930	-0.000000	155.612615	0.000000	9.2
931	-0.632796	155.522125	0.006621	8.5
932	-0.000000	155.431775	0.000000	8.7
933	-0.359152	155.341565	0.006551	8.4
934	-0.904434	155.251495	0.004833	9.0
935	-0.131517	155.161563	0.002957	8.3
936	-0.413198	155.071771	0.001821	9.2
937	-0.051805	154.982117	0.003162	8.3
938	-0.000000	154.892601	0.000000	9.4
939	-0.686913	154.803222	0.004507	8.7
940	-0.843836	154.713981	0.007416	8.3
941	-0.732666	154.624878	0.005579	9.5
942	0.000000	154.535910	0.000000	8.4
943	-0.000900	154.447080	0.000149	9.1
944	-0.903168	154.358385	0.005886	8.8
945	-0.000139	154.269826	0.000022	8.5
946	-0.640746	154.181402	0.004325	8.6
947	-0.000000	154.093114	0.000000	9.3
948	-0.062217	154.004960	0.000475	8.3
949	-0.000000	153.916940	0.000000	8.9
950	-0.289074	153.829054	0.007057	8.5
951	-0.080989	153.741303	0.002518	9.3
952	-0.540543	153.653684	0.004380	8.0
953	-0.926136	153.566198	0.006934	9.7
954	-0.448586	153.478846	0.005445	8.8
955	-0.424478	153.391625	0.005204	8.5
956	-0.579786	153.304537	0.006371	9.6
957	-0.876560	153.217580	0.008241	8.9
958	-0.682929	153.130755	0.007010	8.9
959	-0.000000	153.044061	0.000000	8.9
960	-0.471814	152.957498	0.005588	9.5
961	-0.004611	152.871065	0.000124	8.6
962	0.000000	152.784762	0.000000	9.6
963	-0.735488	152.698589	0.006852	9.2
964	-0.738403	152.612545	0.003760	9.6
965	-0.484193	152.526631	0.006346	9.6
966	-0.868375	152.440845	0.005514	8.4
967	-0.704035	152.355188	0.006059	9.2
968	-0.910923	152.269660	0.007332	8.4
969	-0.748001	152.184259	0.007131	8.7
970	-0.000000	152.098986	0.000000	8.2
971	-0.991699	152.013840	0.005100	8.8
972	-0.040187	151.928821	0.001987	8.6
973	-0.462395	151.843928	0.005359	9.2
974	-0.934662	151.759163	0.005672	8.5
975	-0.000000	151.674523	0.000000	9.3
976	-0.574482	151.590009	0.006926	9.1
977	-0.601262	151.505620	0.006836	8.3
978	-0.408642	151.421357	0.006124	9.6
979	-0.153931	151.337218	0.001866	8.4
980	-0.585022	151.253204	0.006417	9.0
981	-0.332763	151.169314	0.002994	8.2
982	-0.775592	151.085549	0.007729	9.2
983	-0.906104	151.001907	0.006029	8.2
984	-0.641682	150.918388	0.004232	9.1
985	-1.244023	150.834992	0.009927	8.9
986	-0.485906	150.751719	0.004922	9.6
987	-0.901325	150.668569	0.005231	8.4
988	-0.555148	150.585541	0.006744	8.6
989	-0.000000	150.502634	0.000000	8.8
990	-0.000000	150.419849	0.000000	8.9
991	-0.423399	150.337186	0.004971	9.3
992	-0.755066	150.254644	0.004784	8.3
993	-0.330960	150.172222	0.003013	9.2
994	-0.467874	150.089921	0.005489	8.5
995	-0.017790	150.007740	0.001196	9.0
996	-0.054953	149.925679	0.000942	8.9
997	-0.878542	149.843737	0.007669	8.7
998	-0.348033	149.761915	0.002957	8.6
999	-0.595381	149.680212	0.009496	9.0
1000	-0.607394	149.598627	0.008383	8.2
1001	-0.362421	149.517161	0.004426	9.0
1002	-0.000000	149.435814	0.000000	9.1
1003	-0.000000	149.354584	0.000000	8.4
1004	-0.000000	149.273472	0.000000	9.2
1005	-0.752752	149.192477	0.005648	8.0
1006	-0.000000	149.111599	0.000000	9.5
1007	-0.001885	149.030838	0.000053	8.1
1008	-0.000000	148.950194	0.000000	9.4
1009	-0.148630	148.869666	0.001617	8.8
1010	-0.121822	148.789253	0.002345	9.0
1011	-0.725095	148.708957	0.006440	8.5
1012	-0.303701	148.628776	0.004051	9.0
1013	-0.000648	148.548710	0.000183	8.7
1014	-0.298589	148.468759	0.002164	9.0
1015	-0.000000	148.388923	0.000000	8.2
1016	-0.654021	148.309201	0.006799	10.2
1017	-0.551395	148.229594	0.005169	9.1
1018	-0.000019	148.150100	0.000008	8.5
1019	-0.000000	148.070719	0.000000	9.3
1020	-0.842939	147.991452	0.004966	8.4
1021	-0.000004	147.912298	0.000000	9.0
1022	-0.963886	147.833257	0.005174	9.6
1023	-0.068347	147.754329	0.002614	9.4
1024	-0.000000	147.675512	0.000000	8.7
1025	-0.893660	147.596808	0.007876	9.2
1026	0.000000	147.518216	0.000000	8.8
1027	-0.000893	147.439735	0.000302	8.3
1028	-0.702245	147.361365	0.005338	9.2
1029	-0.000000	147.283106	0.000000	8.2
1030	-0.000000	147.204958	0.000000	9.4
1031	-0.831976	147.126920	0.007067	8.3
1032	-0.511693	147.048993	0.005987	9.2
1033	-0.782023	146.971175	0.003854	9.0
1034	-0.143331	146.893468	0.003649	8.8
1035	-0.688131	146.815869	0.004150	8.6
1036	-0.630208	146.738380	0.006946	8.7
1037	0.000000	146.661000	0.000000	8.7
1038	-0.888835	146.583729	0.005727	9.7
1039	-0.181913	146.506566	0.002113	10.2
1040	-0.026497	146.429511	0.000765	8.5
1041	-0.710599	146.352565	0.005782	9.7
1042	-1.057662	146.275726	0.005876	8.7
1043	-0.974629	146.198994	0.005330	9.9
1044	-0.898611	146.122370	0.004154	8.8
1045	-0.669034	146.045853	0.005303	8.7
1046	-0.472632	145.969442	0.004742	8.7
1047	-0.704476	145.893139	0.004403	9.5
1048	-0.878736	145.816941	0.005487	9.2
1049	-0.913013	145.740849	0.006493	8.1
1050	-0.501631	145.664863	0.004965	9.1
1051	-0.000000	145.588983	0.000000	8.4
1052	-0.731624	145.513208	0.004858	9.1
1053	-0.469166	145.437538	0.005121	8.3
1054	-0.000831	145.361973	0.000303	9.2
1055	-0.716437	145.286513	0.005400	8.4
1056	-0.384975	145.211157	0.002777	9.3
1057	-0.290739	145.135905	0.004362	8.6
1058	-0.431893	145.060757	0.008192	8.8
1059	-0.568781	144.985712	0.002547	8.7
1060	0.000000	144.910771	0.000000	8.5
1061	-0.320042	144.835934	0.002847	8.7
1062	-0.607792	144.761199	0.006274	9.0
1063	-0.726485	144.686567	0.007515	9.0
1064	-0.885868	144.612037	0.005122	8.3
1065	-0.000000	144.537610	0.000000	9.3
1066	-0.476752	144.463285	0.005175	8.4
1067	-0.055103	144.389062	0.001184	8.9
1068	-0.615559	144.314940	0.006224	8.8
1069	-0.610347	144.240920	0.005190	9.0
1070	-0.120734	144.167001	0.002993	8.2
1071	-0.012482	144.093182	0.000112	9.3
1072	-0.762981	144.019465	0.006799	8.6
1073	-0.910743	143.945848	0.007633	8.8
1074	-0.265107	143.872331	0.003471	8.5
1075	-0.690144	143.798914	0.004129	8.7
1076	-0.885295	143.725597	0.005219	8.7
1077	-0.671581	143.652380	0.006602	9.0
1078	-0.903432	143.579262	0.005293	9.0
1079	-0.691063	143.506243	0.005446	8.4
1080	-0.730928	143.433323	0.006989	9.1
1081	-0.351905	143.360502	0.003653	9.3
1082	-0.785993	143.287780	0.006657	9.1
1083	-0.720246	143.215155	0.008999	8.9
1084	-0.456472	143.142629	0.005326	9.0
1085	-0.781580	143.070201	0.009463	8.4
1086	-0.715897	142.997870	0.006630	8.7
1087	-0.000000	142.925637	0.000000	8.7
1088	-0.691188	142.853501	0.007983	8.5
1089	-0.273867	142.781462	0.003796	8.8
1090	-0.913607	142.709519	0.005329	8.7
1091	-0.812555	142.637674	0.006863	9.1
1092	-0.291563	142.565924	0.003852	9.1
1093	-0.019070	142.494271	0.000620	9.4
1094	-0.137742	142.422714	0.003377	8.5
1095	-0.807393	142.351252	0.004866	9.2
1096	-0.000000	142.279886	0.000000	8.4
1097	-0.978332	142.208616	0.007434	9.0
1098	-0.000000	142.137440	0.000000	8.7
1099	-0.846084	142.066360	0.008291	8.7
1100	-0.090948	141.995374	0.002290	8.8
1101	-0.171374	141.924483	0.002761	9.1
1102	-0.674539	141.853685	0.004680	9.4
1103	-0.631066	141.782983	0.006214	8.8
1104	-0.742573	141.712373	0.005363	8.9
1105	-0.870069	141.641858	0.005286	9.2
1106	0.000000	141.571436	0.000000	8.7
1107	-0.236476	141.501108	0.002328	8.5
1108	-0.381608	141.430872	0.007593	9.2
1109	-0.482757	141.360730	0.005497	8.5
1110	0.000000	141.290680	0.000000	9.0
1111	-0.934805	141.220722	0.006592	8.4
1112	-0.512077	141.150857	0.005773	8.7
1113	-0.000000	141.081084	0.000000	8.6
1114	-0.816446	141.011403	0.005761	9.3
1115	-0.374843	140.941813	0.004715	8.7
1116	-0.564683	140.872315	0.005641	8.9
1117	-0.599776	140.802909	0.004199	9.7
1118	-0.346135	140.733593	0.003780	8.4
1119	0.000000	140.664369	0.000000	9.1
1120	-0.476826	140.595235	0.006377	8.2
1121	-0.000000	140.526192	0.000000	8.9
1122	-0.374217	140.457239	0.005740	8.3
1123	-0.000000	140.388376	0.000000	8.9
1124	-0.344924	140.319603	0.004772	8.3
1125	-0.004509	140.250920	0.000057	8.9
1126	-0.700895	140.182326	0.006018	8.9
1127	-0.000000	140.113822	0.000000	9.6
1128	-0.386231	140.045407	0.002993	8.7
1129	-0.686439	139.977081	0.006533	8.6
1130	-0.000000	139.908844	0.000000	9.0
1131	-0.000000	139.840696	0.000000	8.4
1132	-0.385096	139.772635	0.004625	9.4
1133	-0.091236	139.704664	0.002590	8.4
1134	-0.332792	139.636780	0.003901	9.0
1135	-0.845577	139.568984	0.007242	8.7
1136	-0.000000	139.501276	0.000000	8.9
1137	-0.577313	139.433655	0.006766	8.5
1138	-0.766882	139.366122	0.005710	9.1
1139	-1.108568	139.298676	0.006745	8.2
1140	-0.643610	139.231317	0.005608	10.0
1141	-0.865167	139.164045	0.003790	9.6
1142	-0.582256	139.096859	0.005246	8.6
1143	-1.108507	139.029760	0.009733	9.5
1144	-0.000000	138.962747	0.000000	8.4
1145	-0.707542	138.895820	0.004192	8.9
1146	-0.000000	138.828978	0.000000	8.8
1147	-0.000000	138.762223	0.000000	8.9
1148	-0.292064	138.695553	0.003320	8.5
1149	-0.002517	138.628969	0.000355	9.5
1150	-0.924846	138.562469	0.004664	8.7
1151	-0.000000	138.496055	0.000000	9.4
1152	-0.780484	138.429725	0.006206	9.6
1153	-0.468397	138.363481	0.003441	8.6
1154	-0.000000	138.297320	0.000000	9.7
1155	-0.000000	138.231244	0.000000	8.6
1156	-0.065675	138.165252	0.003030	9.1
1157	-0.801999	138.099344	0.003900	8.4
1158	-0.006055	138.033520	0.000498	9.2
1159	-0.385610	137.967779	0.004215	8.9
1160	-0.000881	137.902122	0.000239	8.9
1161	-0.000698	137.836548	0.000027	8.9
1162	-0.000000	137.771057	0.000000	10.0
1163	-0.384464	137.705649	0.005396	9.4
1164	-0.757570	137.640324	0.006665	8.5
1165	-0.966604	137.575081	0.005112	9.0
1166	-0.943040	137.509921	0.005934	8.7
1167	-0.039377	137.444842	0.001445	9.2
1168	-0.893409	137.379846	0.005004	8.4
1169	-0.295561	137.314932	0.002056	8.6
1170	-0.631187	137.250100	0.007217	8.2
1171	0.000000	137.185349	0.000000	8.9
1172	-0.397567	137.120680	0.006098	8.4
1173	-0.844556	137.056092	0.007171	8.6
1174	-0.532499	136.991585	0.005729	8.6
1175	-0.000593	136.927158	0.000046	8.9
1176	-0.000000	136.862813	0.000000	8.4
1177	-0.002599	136.798548	0.000119	8.8
1178	-1.043679	136.734363	0.008509	8.7
1179	-0.000000	136.670259	0.000000	8.4
1180	-1.100721	136.606235	0.007821	9.6
1181	-0.668559	136.542291	0.006311	8.6
1182	-0.445115	136.478426	0.006107	9.4
1183	-0.714455	136.414641	0.004933	8.4
1184	-0.553156	136.350936	0.003587	9.6
1185	-0.508539	136.287310	0.003372	8.5
1186	-0.902295	136.223763	0.008231	10.2
1187	-0.000445	136.160295	0.000061	8.5
1188	-0.382098	136.096905	0.004369	8.3
1189	-1.059066	136.033594	0.007864	9.0
1190	-0.861626	135.970362	0.006319	8.2
1191	-0.746844	135.907208	0.008415	9.6
1192	-0.000032	135.844133	0.000017	8.2
1193	-0.216948	135.781135	0.004578	9.3
1194	-0.019490	135.718215	0.001063	8.1
1195	-0.006476	135.655373	0.000555	8.8
1196	-0.884430	135.592608	0.008283	8.4
1197	-0.009803	135.529921	0.000185	8.8
1198	-0.743378	135.467311	0.004561	8.9
1199	-0.963643	135.404778	0.005471	8.6
1200	-0.490202	135.342322	0.007340	8.9
1201	-0.000000	135.279942	0.000000	9.1
1202	-0.004076	135.217640	0.000537	8.8
1203	-0.621001	135.155413	0.005056	8.5
1204	-0.000007	135.093263	0.000001	8.9
1205	-0.310060	135.031190	0.003078	8.6
1206	-0.293712	134.969192	0.003366	9.7
1207	-0.039261	134.907270	0.001705	8.8
1208	-0.702059	134.845424	0.005074	9.2
1209	-0.015514	134.783653	0.000660	8.5
1210	-0.000000	134.721958	0.000000	9.9
1211	-0.000000	134.660338	0.000000	8.4
1212	-0.216692	134.598793	0.003382	9.2
1213	-0.020959	134.537323	0.001132	8.6
1214	-0.907720	134.475927	0.006570	8.9
1215	-0.621834	134.414607	0.005569	9.3
1216	-0.947622	134.353361	0.004893	8.3
1217	-0.783959	134.292189	0.005010	9.5
1218	-1.073980	134.231092	0.005819	8.6
1219	-0.000000	134.170068	0.000000	9.0
1220	-0.001548	134.109119	0.000054	8.5
1221	-0.618819	134.048243	0.005180	9.1
1222	-0.393747	133.987441	0.005900	8.6
1223	0.000000	133.926713	0.000000	8.6
1224	-0.840311	133.866057	0.006088	8.4
1225	-0.698626	133.805475	0.006815	8.6
1226	-0.000000	133.744966	0.000000	9.0
1227	-0.891561	133.684530	0.003704	8.9
1228	-0.000000	133.624167	0.000000	8.8
1229	-1.005462	133.563877	0.006178	8.6
1230	-0.524839	133.503658	0.004435	9.3
1231	-0.316604	133.443513	0.007437	8.3
1232	0.000000	133.383439	0.000000	9.0
1233	-0.890718	133.323437	0.006240	9.3
1234	-0.700681	133.263508	0.006408	9.2
1235	-0.001117	133.203650	0.000351	8.7
1236	-0.927374	133.143864	0.005425	9.0
1237	-0.836878	133.084149	0.004232	8.4
1238	-0.000000	133.024506	0.000000	9.7
1239	-0.899992	132.964934	0.006025	9.8
1240	-0.447875	132.905433	0.006131	9.4
1241	-1.152559	132.846003	0.007283	9.3
1242	-0.000000	132.786643	0.000000	8.4
1243	-0.204753	132.727355	0.002044	9.2
1244	-0.769971	132.668137	0.004563	9.2
1245	0.000000	132.608989	0.000000	8.5
1246	-0.524160	132.549912	0.008215	8.6
1247	-0.849271	132.490904	0.005473	9.4
1248	-0.545249	132.431967	0.004252	9.1
1249	-0.000000	132.373100	0.000000	8.6
1250	-0.849720	132.314302	0.006525	9.3
1251	-0.678272	132.255574	0.004816	8.2
1252	-0.696961	132.196916	0.006854	9.5
1253	-0.000000	132.138326	0.000000	8.3
1254	0.000000	132.079806	0.000000	9.0
1255	-0.001800	132.021355	0.000415	8.4
1256	-0.870639	131.962973	0.008413	9.4
1257	-0.723561	131.904660	0.007865	8.3
1258	0.000000	131.846415	0.000000	9.7
1259	-0.185149	131.788239	0.001703	9.0
1260	-0.610951	131.730131	0.008049	8.7
1261	-0.488730	131.672092	0.005153	10.5
1262	-0.000000	131.614121	0.000000	9.6
1263	-0.536787	131.556217	0.007592	9.3
1264	-0.666414	131.498382	0.007302	9.1
1265	-0.426220	131.440614	0.005061	8.9
1266	-0.093630	131.382914	0.002404	8.8
1267	-0.000000	131.325282	0.000000	9.8
1268	-0.000000	131.267717	0.000000	10.1
1269	-0.770542	131.210219	0.006268	8.9
1270	-0.471254	131.152788	0.007728	9.2
1271	-0.000000	131.095424	0.000000	8.7
1272	-0.000000	131.038127	0.000000	9.3
1273	-0.741311	130.980897	0.005501	8.5
1274	-0.972462	130.923733	0.006228	9.0
1275	-0.000850	130.866636	0.000609	8.3
1276	-0.856527	130.809605	0.006750	8.7
1277	-0.071181	130.752641	0.002855	8.1
1278	-0.898562	130.695742	0.005014	9.6
1279	-0.429475	130.638910	0.003783	8.8
1280	-0.987807	130.582143	0.004645	9.2
1281	-0.798188	130.525442	0.004591	9.1
1282	-0.000000	130.468807	0.000000	8.6
1283	-0.991758	130.412237	0.006844	9.7
1284	-0.057345	130.355733	0.001954	8.6
1285	0.000000	130.299294	0.000000	9.1
1286	-0.657312	130.242920	0.004392	8.5
1287	-0.285729	130.186611	0.004781	8.7
1288	-0.737451	130.130366	0.006352	8.6
1289	-0.021755	130.074187	0.001212	9.0
1290	-0.998013	130.018072	0.005884	8.6
1291	-0.000000	129.962022	0.000000	9.7
1292	-0.576415	129.906036	0.003743	9.7
1293	-0.271781	129.850114	0.002960	8.7
1294	-0.161149	129.794257	0.002524	8.9
1295	-0.840623	129.738463	0.005222	8.9
1296	-0.821810	129.682734	0.007235	8.8
1297	-0.907224	129.627068	0.005207	8.4
1298	-0.856536	129.571466	0.006007	9.1
1299	-0.627027	129.515927	0.005849	8.4
1300	-0.311058	129.460452	0.004666	8.9
1301	-0.000000	129.405040	0.000000	8.4
1302	-0.691259	129.349692	0.005854	9.0
1303	-0.443088	129.294406	0.002694	9.2
1304	-0.000000	129.239183	0.000000	9.2
1305	-0.078311	129.184024	0.001242	9.4
1306	-0.000005	129.128927	0.000001	8.4
1307	-0.504467	129.073892	0.002521	9.0
1308	-0.773534	129.018921	0.006818	8.7
1309	-0.000000	128.964011	0.000000	9.0
1310	-0.799273	128.909164	0.005534	8.3
1311	-0.001206	128.854379	0.000031	9.5
1312	-0.000000	128.799656	0.000000	8.1
1313	-0.582349	128.744995	0.005942	8.9
1314	-0.000000	128.690396	0.000000	8.1
1315	-0.000000	128.635858	0.000000	9.2
1316	-0.724174	128.581382	0.006550	8.7
1317	-0.981271	128.526968	0.005511	9.7
1318	-0.301548	128.472615	0.003263	9.6
1319	-0.349295	128.418323	0.004690	8.4
1320	-0.909311	128.364092	0.005476	9.0
1321	-0.623591	128.309922	0.005217	8.0
1322	-0.877274	128.255814	0.004918	9.1
1323	-0.184196	128.201766	0.001821	8.7
1324	-0.060042	128.147778	0.002163	8.6
1325	-0.026124	128.093852	0.001843	8.8
1326	-0.754578	128.039985	0.005072	9.0
1327	-0.110026	127.986180	0.002029	8.5
1328	-0.872229	127.932434	0.006152	9.3
1329	-0.000000	127.878749	0.000000	9.6
1330	-0.000000	127.825123	0.000000	8.4
1331	-0.000000	127.771558	0.000000	9.7
1332	-0.310676	127.718052	0.004739	8.6
1333	-0.001087	127.664606	0.000104	9.1
1334	-0.547156	127.611220	0.005987	8.9
1335	-0.473503	127.557893	0.003828	9.4
1336	-0.000000	127.504625	0.000000	8.7
1337	-0.036979	127.451417	0.000327	9.2
1338	-0.517674	127.398268	0.004884	9.3
1339	-0.000000	127.345178	0.000000	9.3
1340	-0.221455	127.292147	0.002213	9.2
1341	-1.153030	127.239175	0.008918	8.5
1342	-0.392648	127.186261	0.005551	9.4
1343	-0.025525	127.133407	0.000441	8.3
1344	-0.533818	127.080610	0.006075	9.0
1345	-0.429400	127.027872	0.004348	8.6
1346	-0.788086	126.975193	0.007449	9.0
1347	-0.000000	126.922572	0.000000	8.4
1348	-0.368241	126.870008	0.005826	8.9
1349	-0.597084	126.817503	0.005796	8.1
1350	-0.233993	126.765056	0.002910	9.0
1351	-0.000000	126.712667	0.000000	9.3
1352	-0.000000	126.660335	0.000000	8.6
1353	-0.081188	126.608061	0.001942	9.0
1354	-0.052205	126.555844	0.001517	8.5
1355	-0.514043	126.503685	0.006171	9.4
1356	-0.493700	126.451583	0.006881	8.4
1357	-0.000000	126.399538	0.000000	8.8
1358	-0.000000	126.347550	0.000000	8.4
1359	-1.032335	126.295619	0.007569	8.9
1360	-0.034416	126.243745	0.001230	8.4
1361	-0.569012	126.191928	0.004954	9.2
1362	-0.755111	126.140168	0.006471	8.4
1363	-0.408227	126.088464	0.005729	8.9
1364	-0.540116	126.036817	0.005518	8.5
1365	-0.040641	125.985226	0.001758	8.5
1366	-0.587177	125.933691	0.006614	8.2
1367	-0.000000	125.882212	0.000000	9.3
1368	-0.087394	125.830790	0.004202	8.8
1369	-0.158186	125.779423	0.003865	8.2
1370	-0.510392	125.728113	0.005663	9.4
1371	-0.723283	125.676858	0.006823	8.8
1372	-0.584607	125.625659	0.002580	9.7
1373	-0.466242	125.574515	0.005120	8.5
1374	-0.826086	125.523427	0.005901	9.2
1375	-0.857330	125.472394	0.004900	9.0
1376	-0.176565	125.421417	0.002304	9.4
1377	-0.357252	125.370495	0.005093	9.4
1378	0.000000	125.319628	0.000000	8.4
1379	-0.628611	125.268815	0.006962	9.6
1380	-0.000000	125.218058	0.000000	8.5
1381	-0.861671	125.167356	0.003550	9.1
1382	-0.800961	125.116708	0.006414	8.5
1383	-0.000000	125.066115	0.000000	9.1
1384	-0.687016	125.015576	0.007463	8.2
1385	-0.000000	124.965092	0.000000	9.3
1386	-0.010073	124.914662	0.001329	8.3
1387	-0.623615	124.864287	0.005921	8.9
1388	-0.921501	124.813965	0.006393	8.8
1389	-0.638031	124.763698	0.004155	8.7
1390	-0.327253	124.713485	0.004125	8.4
1391	-1.021696	124.663325	0.006089	9.1
1392	-0.895371	124.613219	0.006486	9.3
1393	-0.000000	124.563167	0.000000	8.1
1394	-0.473054	124.513168	0.003678	9.6
1395	0.000000	124.463223	0.000000	8.4
1396	-0.000376	124.413332	0.000005	9.1
1397	0.000000	124.363493	0.000000	8.9
1398	-0.008425	124.313708	0.000450	8.7
1399	-0.877601	124.263976	0.005571	8.5
1400	-0.000000	124.214297	0.000000	9.0
1401	-0.749038	124.164671	0.003552	8.3
1402	-0.605901	124.115097	0.006034	9.2
1403	-0.487138	124.065577	0.005141	8.7
1404	-0.000000	124.016109	0.000000	9.5
1405	-0.000000	123.966693	0.000000	9.3
1406	-0.635573	123.917330	0.005713	9.2
1407	-0.295952	123.868020	0.004014	8.9
1408	-0.393729	123.818762	0.007727	8.5
1409	-0.000000	123.769556	0.000000	9.3
1410	-0.000000	123.720402	0.000000	8.8
1411	-0.556307	123.671300	0.006856	9.0
1412	-0.384541	123.622250	0.002684	8.4
1413	-0.410448	123.573252	0.002873	8.9
1414	-0.258585	123.524305	0.003770	8.5
1415	-0.638464	123.475411	0.002465	8.9
1416	-0.789159	123.426568	0.005928	9.4
1417	-0.700375	123.377776	0.004441	8.5
1418	0.000000	123.329036	0.000000	9.4
1419	-0.000000	123.280347	0.000000	8.5
1420	-0.194499	123.231709	0.002258	9.0
1421	-0.945548	123.183122	0.008366	9.1
1422	-0.621850	123.134587	0.006388	8.9
1423	-0.889465	123.086102	0.005498	8.3
1424	-0.378689	123.037669	0.002691	8.5
1425	-0.782718	122.989286	0.004229	8.7
1426	-0.036253	122.940954	0.001302	8.6
1427	-0.680011	122.892672	0.004381	8.4
1428	-0.483454	122.844441	0.005099	8.6
1429	-0.826284	122.796261	0.008838	8.4
1430	-0.940472	122.748130	0.005686	8.9
1431	-0.826602	122.700050	0.007577	8.8
1432	-0.000000	122.652021	0.000000	9.2
1433	-0.985467	122.604041	0.006248	9.3
1434	-0.838870	122.556111	0.005762	8.7
1435	-0.343089	122.508232	0.004704	9.0
1436	-0.000000	122.460402	0.000000	8.3
1437	-0.021845	122.412622	0.001160	9.3
1438	-0.314928	122.364891	0.003892	8.3
1439	-0.547365	122.317210	0.005577	9.7
1440	-0.374009	122.269579	0.004981	8.4
1441	-0.020852	122.221997	0.000721	8.9
1442	-0.577073	122.174465	0.005867	9.1
1443	-0.424687	122.126981	0.005665	8.7
1444	-0.104594	122.079547	0.001614	8.8
1445	0.000000	122.032162	0.000000	9.3
1446	-0.786879	121.984826	0.005337	9.1
1447	-0.619245	121.937539	0.005818	8.6
1448	-0.843239	121.890301	0.007557	8.9
1449	-0.000000	121.843112	0.000000	8.8
1450	-0.737469	121.795971	0.005815	8.7
1451	-0.000287	121.748879	0.000113	8.4
1452	-0.784877	121.701835	0.004726	8.8
1453	-0.000000	121.654840	0.000000	8.4
1454	-0.336153	121.607893	0.004602	8.7
1455	-0.057302	121.560994	0.002364	8.5
1456	-0.054025	121.514144	0.001084	9.6
1457	-0.594096	121.467342	0.003740	9.1
1458	-0.954655	121.420588	0.006418	8.1
1459	-0.990588	121.373882	0.006335	10.5
1460	-1.045044	121.327223	0.008441	8.6
1461	-1.191398	121.280613	0.009421	9.9
1462	-0.438646	121.234050	0.006557	8.8
1463	-0.857275	121.187535	0.005410	9.0
1464	-0.159106	121.141067	0.002337	9.6
1465	-0.387683	121.094647	0.002608	8.8
1466	-0.000000	121.048274	0.000000	10.2
1467	-0.830825	121.001949	0.005522	9.8
1468	-0.034477	120.955671	0.001241	8.7
1469	-0.882749	120.909440	0.009706	8.4
1470	-0.306431	120.863256	0.003667	9.2
1471	-0.844936	120.817119	0.005678	8.2
1472	-0.587671	120.771029	0.006517	8.9
1473	-0.788166	120.724986	0.006175	8.6
1474	-0.301131	120.678990	0.002507	9.0
1475	-0.598644	120.633040	0.005055	9.5
1476	-0.000000	120.587137	0.000000	8.6
1477	-1.092574	120.541281	0.009028	9.2
1478	-0.787034	120.495471	0.005741	8.7
1479	-0.380456	120.449707	0.005555	9.3
1480	-0.002544	120.403990	0.000315	8.8
1481	-0.548862	120.358319	0.004948	9.5
1482	-0.863228	120.312694	0.004830	8.1
1483	-0.808184	120.267115	0.005054	11.0
1484	-0.010633	120.221582	0.000897	9.6
1485	-0.531827	120.176096	0.007819	8.7
1486	-0.028623	120.130655	0.000967	9.2
1487	-0.000664	120.085260	0.000079	8.6
1488	-0.126370	120.039910	0.002372	8.6
1489	-1.033056	119.994606	0.006018	8.4
1490	-0.000000	119.949348	0.000000	9.3
1491	-0.172036	119.904135	0.003138	8.4
1492	-0.139584	119.858968	0.002905	9.0
1493	-0.783832	119.813846	0.006709	8.8
1494	-0.911987	119.768769	0.008895	9.1
1495	-0.109398	119.723738	0.002653	9.4
1496	-0.805113	119.678752	0.005385	8.5
1497	-0.022591	119.633810	0.000898	8.9
1498	-0.037611	119.588914	0.001493	8.6
1499	-0.677725	119.544062	0.003737	9.3
1500	-0.076658	119.499256	0.001490	8.5
1501	-0.996952	119.454494	0.008516	8.9
1502	-0.110266	119.409777	0.002163	9.0
1503	-0.952583	119.365104	0.007516	9.9
1504	-0.057496	119.320476	0.002531	9.8
1505	-0.824018	119.275893	0.005682	9.0
1506	-0.284620	119.231353	0.003972	10.2
1507	-1.062673	119.186859	0.006786	9.2
1508	-0.000000	119.142408	0.000000	9.2
1509	-0.150372	119.098002	0.003477	8.3
1510	-0.000000	119.053639	0.000000	9.0
1511	-0.513147	119.009321	0.005500	8.1
1512	-0.012920	118.965047	0.000355	9.4
1513	-0.000210	118.920816	0.000022	8.2
1514	-0.546087	118.876630	0.006591	9.8
1515	0.000000	118.832487	0.000000	9.4
1516	-0.000000	118.788388	0.000000	9.2
1517	-0.655786	118.744332	0.007604	9.5
1518	-0.003808	118.700320	0.000719	8.6
1519	-0.954419	118.656352	0.006502	9.3
1520	-0.875900	118.612427	0.007752	9.1
1521	-0.372324	118.568545	0.004386	8.9
1522	-0.149544	118.524706	0.001711	9.1
1523	-0.552133	118.480911	0.005424	9.4
1524	-0.285951	118.437159	0.002150	9.3
1525	-0.531057	118.393450	0.005107	8.7
1526	-0.000000	118.349784	0.000000	9.5
1527	-0.608772	118.306160	0.004838	9.0
1528	-0.634246	118.262580	0.008444	8.9
1529	-0.035824	118.219042	0.001810	8.9
1530	-0.000000	118.175548	0.000000	8.9
1531	-0.000000	118.132095	0.000000	8.1
1532	-0.481671	118.088686	0.006011	9.3
1533	-0.000000	118.045319	0.000000	8.0
1534	-0.706081	118.001994	0.007119	8.8
1535	-0.961927	117.958712	0.008545	8.7
1536	-0.771686	117.915472	0.006694	8.7
1537	-0.993099	117.872274	0.005451	9.2
1538	-0.000000	117.829118	0.000000	8.4
1539	-0.201791	117.786005	0.001712	9.1
1540	-0.975988	117.742933	0.007027	9.3
1541	-0.591340	117.699904	0.003716	9.0
1542	-0.803830	117.656916	0.006489	8.2
1543	-0.358640	117.613971	0.005390	9.2
1544	-0.348993	117.571067	0.004986	8.5
1545	-0.748067	117.528205	0.004804	8.9
1546	-0.000000	117.485384	0.000000	8.3
1547	-0.018695	117.442605	0.001494	8.9
1548	-0.603755	117.399867	0.004997	8.4
1549	-0.514604	117.357171	0.003567	8.8
1550	-0.271621	117.314517	0.002384	9.0
1551	-0.000000	117.271903	0.000000	9.2
1552	-0.000001	117.229331	0.000001	9.6
1553	0.000000	117.186800	0.000000	8.3
1554	-0.993800	117.144311	0.006634	9.6
1555	-0.893315	117.101862	0.005475	9.0
1556	-0.508783	117.059454	0.005194	8.9
1557	-0.514589	117.017087	0.005566	8.1
1558	-0.882417	116.974762	0.005752	8.7
1559	-0.000000	116.932476	0.000000	8.7
1560	-0.000000	116.890232	0.000000	8.7
1561	-0.948693	116.848028	0.006360	8.1
1562	-0.000000	116.805865	0.000000	10.0
1563	-0.596001	116.763743	0.006263	8.7
1564	-0.459514	116.721661	0.004420	8.7
1565	-0.611353	116.679619	0.004784	9.8
1566	-0.163151	116.637618	0.002291	9.0
1567	-0.892897	116.595657	0.005614	9.2
1568	-0.721822	116.553736	0.005201	8.4
1569	-0.905693	116.511855	0.005440	9.4
1570	-0.445950	116.470015	0.002796	8.6
1571	-0.000000	116.428214	0.000000	8.5
1572	-0.471663	116.386454	0.005099	9.4
1573	-0.003011	116.344733	0.000179	9.9
1574	-0.826544	116.303052	0.005412	9.3
1575	-0.000000	116.261412	0.000000	8.3
1576	-0.651106	116.219810	0.004148	9.6
1577	-0.257763	116.178249	0.004219	8.5
1578	-0.000000	116.136727	0.000000	8.9
1579	-0.000000	116.095245	0.000000	8.4
1580	-0.947242	116.053802	0.004254	8.8
1581	-0.344393	116.012398	0.002815	8.6
1582	-0.000000	115.971034	0.000000	8.9
1583	-0.509557	115.929710	0.004204	8.9
1584	-0.963160	115.888424	0.004485	9.5
1585	-0.111883	115.847178	0.001726	9.2
1586	-0.620457	115.805970	0.007071	10.3
1587	-0.108324	115.764802	0.003359	9.2
1588	-0.530665	115.723673	0.005745	8.9
1589	-0.908066	115.682583	0.004056	9.5
1590	-0.000000	115.641532	0.000000	8.6
1591	-1.064034	115.600519	0.006437	10.6
1592	-0.027883	115.559546	0.001564	9.7
1593	-0.764735	115.518610	0.004675	8.5
1594	-0.819339	115.477714	0.006004	9.6
1595	-0.390463	115.436856	0.005066	8.2
1596	-0.924977	115.396037	0.006143	9.6
1597	-0.026198	115.355256	0.000621	8.8
1598	-0.000000	115.314514	0.000000	8.7
1599	-0.224125	115.273810	0.003725	8.5
1600	-0.000000	115.233144	0.000000	8.8
1601	-0.798128	115.192517	0.005623	8.7
1602	-0.001255	115.151927	0.000178	8.6
1603	-0.000000	115.111376	0.000000	8.7
1604	-0.205882	115.070863	0.003769	8.5
1605	-0.000000	115.030388	0.000000	9.6
1606	-0.522452	114.989951	0.006883	8.3
1607	-0.649586	114.949551	0.005525	9.0
1608	-0.926074	114.909190	0.008490	9.2
1609	-0.616342	114.868866	0.006946	8.9
1610	-0.986413	114.828580	0.006667	8.4
1611	-0.573281	114.788332	0.006308	9.5
1612	-0.808793	114.748121	0.004919	8.2
1613	0.000000	114.707948	0.000000	9.1
1614	-0.739703	114.667812	0.008699	8.5
1615	-1.093802	114.627714	0.005523	9.4
1616	-0.478057	114.587653	0.005827	9.0
1617	-0.337284	114.547629	0.004228	8.4
1618	-0.823975	114.507643	0.005163	10.0
1619	-0.718036	114.467693	0.004808	9.0
1620	-0.924511	114.427781	0.004986	8.8
1621	-0.331638	114.387907	0.004563	8.2
1622	-0.803861	114.348069	0.005592	9.2
1623	-0.999890	114.308268	0.007384	8.5
1624	-0.484708	114.268504	0.006012	8.6
1625	-0.811865	114.228777	0.011067	9.1
1626	-0.657391	114.189086	0.008100	9.2
1627	-0.646037	114.149433	0.006232	8.9
1628	-0.650025	114.109816	0.005468	8.8
1629	-0.099748	114.070235	0.004310	9.7
1630	-0.357354	114.030692	0.005277	8.9
1631	-0.480388	113.991185	0.005189	9.3
1632	-0.794705	113.951714	0.006221	9.6
1633	-0.216534	113.912280	0.004000	9.2
1634	-0.769535	113.872882	0.005013	8.6
1635	-0.000005	113.833521	0.000004	9.2
1636	-0.743827	113.794195	0.006308	9.0
1637	-1.055301	113.754906	0.007406	8.6
1638	-0.568232	113.715653	0.005516	9.5
1639	-0.000000	113.676437	0.000000	8.1
1640	-0.008025	113.637256	0.000041	9.8
1641	-0.721287	113.598111	0.006091	8.5
1642	-0.757035	113.559002	0.005169	8.8
1643	-0.609155	113.519929	0.005461	9.1
1644	0.000000	113.480892	0.000000	9.5
1645	-0.852233	113.441891	0.004650	8.3
1646	-0.755904	113.402925	0.003978	8.7
1647	-0.004143	113.363995	0.000154	8.4
1648	-0.000040	113.325101	0.000028	9.1
1649	-0.149693	113.286242	0.004561	9.6
1650	-0.000000	113.247419	0.000000	8.2
1651	-0.001621	113.208631	0.000087	9.4
1652	-0.349073	113.169879	0.004219	8.5
1653	-0.000000	113.131162	0.000000	9.2
1654	-0.006671	113.092480	0.000210	8.6
1655	-0.460671	113.053833	0.004348	9.7
1656	-0.482303	113.015222	0.005325	8.4
1657	-0.003771	112.976646	0.000568	8.6
1658	-0.696310	112.938105	0.002427	8.7
1659	-0.006588	112.899599	0.000998	8.9
1660	-0.490166	112.861128	0.003264	8.5
1661	-1.065744	112.822692	0.006553	8.8
1662	-0.733810	112.784291	0.005414	9.0
1663	-0.001529	112.745924	0.000167	8.3
1664	-0.954065	112.707593	0.005952	9.4
1665	-0.442207	112.669296	0.004158	8.6
1666	-0.683092	112.631034	0.006649	9.4
1667	-1.027805	112.592806	0.006118	8.9
1668	0.000000	112.554613	0.000000	9.6
1669	-0.000127	112.516455	0.000023	8.6
1670	-0.303017	112.478331	0.001913	8.9
1671	-1.061796	112.440241	0.007576	8.2
1672	-0.498850	112.402186	0.003765	9.2
1673	-0.100117	112.364165	0.001887	9.0
1674	-0.573585	112.326179	0.003349	8.3
1675	-0.583121	112.288227	0.004184	9.3
1676	-0.459969	112.250309	0.004248	8.6
1677	-0.425849	112.212425	0.007921	9.5
1678	-0.450675	112.174575	0.005030	8.4
1679	-0.170100	112.136759	0.002845	9.5
1680	0.000000	112.098977	0.000000	9.1
1681	-0.817524	112.061229	0.005964	8.9
1682	-0.000000	112.023515	0.000000	9.1
1683	-0.928534	111.985834	0.004931	8.8
1684	-0.741873	111.948188	0.007041	8.7
1685	-0.025373	111.910575	0.000834	8.6
1686	-0.662850	111.872996	0.004366	9.0
1687	-0.812996	111.835450	0.006703	8.3
1688	-0.330484	111.797939	0.003081	9.2
1689	-0.888705	111.760460	0.005567	8.8
1690	-0.688503	111.723015	0.007358	9.4
1691	-0.172927	111.685604	0.002505	9.2
1692	-0.856475	111.648226	0.005149	9.2
1693	-0.290994	111.610881	0.004482	8.9
1694	-0.585120	111.573570	0.005845	8.7
1695	-0.788379	111.536292	0.008312	8.8
1696	-0.782711	111.499047	0.005870	9.4
1697	-0.000000	111.461835	0.000000	9.2
1698	-0.000000	111.424656	0.000000	8.6
1699	-0.010721	111.387510	0.000070	9.8
1700	-0.423460	111.350398	0.006150	8.7
1701	-0.205350	111.313318	0.002056	9.2
1702	-0.012066	111.276271	0.000434	8.5
1703	-0.784691	111.239257	0.004058	10.4
1704	-0.691455	111.202276	0.005880	9.8
1705	-0.655528	111.165328	0.005486	8.9
1706	-0.743530	111.128412	0.005781	9.6
1707	-0.952920	111.091529	0.004019	8.5
1708	-0.000000	111.054679	0.000000	9.1
1709	-0.924249	111.017861	0.005856	8.8
1710	-0.779312	110.981076	0.005954	8.9
1711	-0.923902	110.944323	0.006227	8.4
1712	-0.890381	110.907603	0.006188	9.1
1713	-0.431790	110.870915	0.002916	8.6
1714	-0.000000	110.834259	0.000000	9.7
1715	-0.383532	110.797636	0.004250	9.1
1716	-0.724805	110.761045	0.005159	8.4
1717	-0.000000	110.724486	0.000000	9.4
1718	-0.945109	110.687959	0.006024	8.7
1719	-0.685997	110.651465	0.004956	8.8
1720	-0.000000	110.615002	0.000000	8.5
1721	-0.516280	110.578572	0.002906	9.0
1722	-0.703216	110.542173	0.004723	8.6
1723	-0.433507	110.505807	0.004624	8.7
1724	-0.975193	110.469472	0.005918	8.5
1725	-0.000000	110.433169	0.000000	9.5
1726	-0.764872	110.396898	0.005517	9.2
1727	-0.871126	110.360659	0.003776	10.3
1728	-0.317075	110.324451	0.004407	9.5
1729	-0.852634	110.288276	0.004933	8.4
1730	-0.997175	110.252131	0.006882	9.0
1731	-0.033390	110.216019	0.001186	8.9
1732	-0.896590	110.179937	0.008775	9.2
1733	-0.781213	110.143888	0.005751	8.4
1734	0.000000	110.107869	0.000000	9.3
1735	-0.000000	110.071882	0.000000	8.5
1736	-0.369957	110.035927	0.004580	9.0
1737	-0.822972	110.000003	0.006907	9.2
1738	-0.000000	109.964110	0.000000	9.0
1739	-0.530172	109.928248	0.006148	9.8
1740	-0.000000	109.892417	0.000000	8.6
1741	-0.000000	109.856618	0.000000	9.2
1742	-0.602903	109.820850	0.004554	8.7
1743	-0.188942	109.785112	0.002794	9.3
1744	-0.019684	109.749406	0.002553	8.7
1745	-0.078237	109.713730	0.003347	9.3
1746	-0.001874	109.678086	0.000449	9.2
1747	-0.264748	109.642472	0.003342	8.5
1748	-0.055646	109.606890	0.000748	9.5
1749	-0.105995	109.571337	0.001629	9.7
1750	-0.326717	109.535816	0.003531	8.7
1751	-0.440202	109.500326	0.005197	8.6
1752	-0.352125	109.464866	0.005687	8.6
1753	-0.898888	109.429436	0.006432	8.4
1754	-0.678170	109.394038	0.005850	8.7
1755	-0.000000	109.358669	0.000000	8.3
1756	-0.000000	109.323331	0.000000	8.9
1757	-0.000000	109.288024	0.000000	8.4
1758	-0.223226	109.252747	0.002271	9.2
1759	-0.711611	109.217501	0.007859	8.3
1760	-0.063169	109.182284	0.001114	8.7
1761	-0.022045	109.147098	0.002188	8.3
1762	-0.351803	109.111942	0.003324	10.1
1763	-0.002357	109.076817	0.000068	9.3
1764	-0.686423	109.041721	0.004125	8.1
1765	-0.162545	109.006656	0.003673	9.4
1766	-0.741055	108.971620	0.006188	8.6
1767	-0.421104	108.936615	0.004674	9.4
1768	-0.265940	108.901640	0.004725	8.3
1769	-0.212719	108.866694	0.003389	9.2
1770	-0.036796	108.831779	0.002026	8.5
1771	-0.809511	108.796893	0.003463	8.7
1772	-0.278773	108.762037	0.003586	8.2
1773	-0.507423	108.727211	0.004179	9.3
1774	-0.383382	108.692415	0.004098	8.9
1775	-0.621648	108.657648	0.005248	8.6
1776	-0.788569	108.622911	0.004968	9.3
1777	-0.000000	108.588203	0.000000	8.1
1778	-0.651765	108.553525	0.005484	9.5
1779	-0.781350	108.518877	0.005665	8.2
1780	-0.119339	108.484258	0.002259	8.9
1781	-0.040396	108.449668	0.000882	8.6
1782	-0.835136	108.415108	0.005285	8.3
1783	-0.003830	108.380578	0.000455	8.6
1784	-0.000000	108.346076	0.000000	8.9
1785	-0.000000	108.311604	0.000000	8.8
1786	-0.083472	108.277161	0.001893	10.0
1787	-0.000000	108.242747	0.000000	9.3
1788	-0.819737	108.208363	0.005511	8.9
1789	-0.989039	108.174007	0.006897	9.8
1790	-0.017243	108.139681	0.000369	8.0
1791	-0.000000	108.105383	0.000000	9.1
1792	-0.987121	108.071115	0.005410	8.4
1793	-0.801908	108.036875	0.006379	8.8
1794	-0.122333	108.002665	0.003321	8.5
1795	-0.801087	107.968483	0.005330	9.4
1796	-0.948404	107.934330	0.008619	9.0
1797	-0.647236	107.900206	0.004592	9.1
1798	-0.000000	107.866111	0.000000	8.7
1799	-0.732228	107.832044	0.006567	8.6
1800	-0.713477	107.798007	0.005700	9.2
1801	-0.832838	107.763997	0.005963	8.5
1802	-0.885616	107.730017	0.006021	9.2
1803	-0.000000	107.696065	0.000000	8.5
1804	-0.949159	107.662141	0.005438	8.7
1805	-0.671388	107.628246	0.006031	8.5
1806	-0.778511	107.594379	0.006494	9.0
1807	-0.742601	107.560541	0.006265	8.3
1808	-1.220927	107.526731	0.008633	9.1
1809	0.000000	107.492949	0.000000	9.0
1810	-0.002906	107.459196	0.000471	9.4
1811	-0.914639	107.425471	0.005709	9.2
1812	-0.578284	107.391774	0.005242	9.5
1813	-0.488370	107.358106	0.004819	9.7
1814	-0.939227	107.324465	0.008383	8.9
1815	-0.698484	107.290853	0.007011	9.5
1816	-0.202243	107.257268	0.003816	9.1
1817	-0.420829	107.223712	0.004333	8.8
1818	-0.552526	107.190184	0.006434	8.5
1819	-0.650858	107.156683	0.007269	10.4
1820	-0.043356	107.123211	0.001959	9.7
1821	0.000000	107.089766	0.000000	8.3
1822	-0.713256	107.056349	0.005391	9.4
1823	-0.000000	107.022960	0.000000	8.8
1824	-0.000000	106.989599	0.000000	8.8
1825	-0.389388	106.956265	0.004140	8.6
1826	-0.824052	106.922960	0.004700	8.7
1827	-0.477161	106.889681	0.006555	8.8
1828	-0.919392	106.856431	0.007560	8.7
1829	-0.574701	106.823208	0.002877	8.7
1830	-0.871400	106.790012	0.005421	8.8
1831	-0.688478	106.756844	0.006377	9.3
1832	-0.412220	106.723703	0.004719	8.4
1833	-0.816739	106.690590	0.005744	9.0
1834	-0.181880	106.657505	0.003904	8.8
1835	-0.216705	106.624446	0.002174	9.3
1836	-0.603356	106.591415	0.006461	8.4
1837	-0.615864	106.558411	0.002783	8.4
1838	-0.676211	106.525435	0.005921	8.3
1839	-0.467412	106.492485	0.005858	8.9
1840	-0.519569	106.459563	0.005299	8.4
1841	-0.931486	106.426668	0.006211	9.3
1842	-0.863912	106.393800	0.005006	8.6
1843	-0.464438	106.360959	0.003767	9.5
1844	-0.855317	106.328145	0.005522	8.5
1845	-0.745378	106.295358	0.005694	9.9
1846	-1.034107	106.262598	0.007247	9.3
1847	-0.464345	106.229865	0.006790	8.4
1848	-0.000000	106.197158	0.000000	8.9
1849	-1.073396	106.164479	0.007883	8.3
1850	-0.042493	106.131826	0.000761	8.9
1851	0.000000	106.099201	0.000000	8.2
1852	-0.000000	106.066602	0.000000	9.1
1853	0.000000	106.034029	0.000000	8.4
1854	-1.091561	106.001483	0.006806	8.7
1855	-0.475011	105.968964	0.006687	8.6
1856	-0.748836	105.936472	0.005273	9.5
1857	-0.000000	105.904006	0.000000	8.9
1858	-0.000000	105.871566	0.000000	9.2
1859	-0.452707	105.839153	0.006780	9.1
1860	-0.000000	105.806767	0.000000	8.4
1861	-0.448721	105.774407	0.003827	9.2
1862	-0.052036	105.742073	0.001622	8.6
1863	-0.000000	105.709766	0.000000	9.4
1864	-0.280510	105.677485	0.003748	8.5
1865	-0.979840	105.645230	0.006176	9.8
1866	-0.891972	105.613001	0.004351	8.9
1867	-0.821322	105.580799	0.005379	9.3
1868	-0.712579	105.548623	0.004698	9.6
1869	-0.838225	105.516473	0.004566	8.6
1870	-0.543498	105.484349	0.006595	9.0
1871	-0.524367	105.452251	0.005865	8.3
1872	-0.945144	105.420179	0.006897	8.8
1873	-1.101707	105.388133	0.005794	8.7
1874	-0.000000	105.356113	0.000000	9.0
1875	-0.044619	105.324119	0.001460	8.6
1876	-1.092469	105.292151	0.007725	8.9
1877	-0.611964	105.260209	0.007318	8.5
1878	-0.440076	105.228293	0.003884	8.7
1879	-0.000000	105.196402	0.000000	8.7
1880	-0.816747	105.164537	0.005843	9.0
1881	-0.187748	105.132698	0.002351	8.3
1882	-0.725849	105.100885	0.005596	8.7
1883	-0.872216	105.069097	0.006056	8.6
1884	-0.002272	105.037335	0.000288	8.4
1885	-0.728525	105.005598	0.007292	8.6
1886	-0.728762	104.973887	0.005740	8.8
1887	-0.208862	104.942202	0.002857	9.3
1888	-0.003320	104.910542	0.000041	8.2
1889	-0.262227	104.878907	0.002692	9.3
1890	-0.335200	104.847298	0.004516	8.3
1891	-0.004810	104.815715	0.000883	9.1
1892	-0.904499	104.784156	0.005889	8.5
1893	-0.594642	104.752623	0.005611	8.6
1894	-0.665981	104.721116	0.007104	8.8
1895	-0.000000	104.689633	0.000000	8.8
1896	-1.015097	104.658176	0.006858	8.4
1897	-0.752637	104.626744	0.004794	9.0
1898	-0.173914	104.595337	0.002262	8.9
1899	-0.892234	104.563955	0.003765	10.4
1900	-0.407652	104.532599	0.004753	9.2
1901	0.000000	104.501267	0.000000	8.4
1902	-0.625247	104.469960	0.007338	9.7
1903	-0.616965	104.438679	0.004571	8.6
1904	-0.744242	104.407422	0.004839	10.1
1905	-0.708037	104.376191	0.006135	8.7
1906	-0.178754	104.344984	0.004039	8.8
1907	-1.042301	104.313802	0.005401	9.5
1908	-0.549459	104.282645	0.004604	8.7
1909	-0.832278	104.251513	0.005989	9.7
1910	-0.000000	104.220405	0.000000	8.5
1911	-0.000103	104.189323	0.000049	9.1
1912	-0.602263	104.158265	0.008286	8.6
1913	-0.000000	104.127231	0.000000	9.0
1914	-0.049022	104.096222	0.002195	9.2
1915	-0.779887	104.065238	0.004846	9.6
1916	-0.217921	104.034279	0.004089	9.3
1917	-0.018908	104.003344	0.001546	9.2
1918	0.000000	103.972433	0.000000	9.3
1919	-0.974067	103.941547	0.004195	8.6
1920	-0.773448	103.910686	0.005657	9.1
1921	-0.334419	103.879849	0.002462	8.7
1922	-0.151744	103.849036	0.002274	9.1
1923	-0.587367	103.818248	0.005224	8.8
1924	-0.501115	103.787484	0.003712	9.5
1925	0.000000	103.756744	0.000000	8.2
1926	-0.074568	103.726029	0.002160	9.1
1927	-0.924594	103.695338	0.004966	8.5
1928	-0.000000	103.664671	0.000000	9.0
1929	-0.273050	103.634028	0.004250	9.3
1930	-0.000000	103.603409	0.000000	8.2
1931	-0.818525	103.572814	0.007473	9.4
1932	-0.677838	103.542244	0.004837	8.3
1933	-0.596646	103.511698	0.004589	8.8
1934	-0.855776	103.481175	0.005646	8.4
1935	-0.968699	103.450677	0.006308	9.1
1936	-0.454865	103.420202	0.003455	8.6
1937	-0.000000	103.389752	0.000000	8.5
1938	-0.000000	103.359325	0.000000	8.7
1939	-0.683639	103.328922	0.007864	9.3
1940	-0.000000	103.298543	0.000000	8.9
1941	-0.831854	103.268188	0.003737	9.1
1942	-0.725671	103.237857	0.008049	8.9
1943	-0.676181	103.207549	0.006277	8.3
1944	-0.000000	103.177265	0.000000	9.0
1945	-0.626574	103.147005	0.003134	8.5
1946	-0.000000	103.116768	0.000000	9.2
1947	-0.000000	103.086556	0.000000	8.6
1948	-0.125788	103.056366	0.003429	8.7
1949	-0.486614	103.026200	0.005576	8.6
1950	-0.639828	102.996058	0.003919	8.8
1951	-0.765673	102.965939	0.004285	8.5
1952	-0.861027	102.935844	0.005780	8.9
1953	-0.936555	102.905772	0.006594	8.8
1954	-0.751747	102.875724	0.005598	8.6
1955	-1.097476	102.845699	0.007371	8.2
1956	-0.000906	102.815697	0.000029	9.6
1957	-0.769745	102.785719	0.005329	9.3
1958	0.000000	102.755764	0.000000	8.4
1959	-0.293156	102.725832	0.003598	9.1
1960	-0.856114	102.695924	0.006227	8.8
1961	-0.000000	102.666038	0.000000	9.2
1962	-0.780497	102.636176	0.004975	8.7
1963	-0.877321	102.606337	0.005430	9.7
1964	-0.738252	102.576521	0.004481	9.8
1965	-0.000000	102.546728	0.000000	9.4
1966	-0.863240	102.516959	0.006208	9.4
1967	-0.076569	102.487212	0.002998	8.6
1968	-0.000000	102.457488	0.000000	9.4
1969	-0.000000	102.427788	0.000000	8.2
1970	-0.000000	102.398110	0.000000	8.8
1971	-0.674774	102.368455	0.006481	9.2
1972	-0.781121	102.338823	0.006112	8.9
1973	-0.549041	102.309214	0.006300	8.5
1974	-0.772844	102.279628	0.004517	9.0
1975	-0.166104	102.250064	0.002887	8.6
1976	-0.629072	102.220524	0.006253	9.0
1977	-0.200248	102.191006	0.003035	8.5
1978	-0.486668	102.161511	0.003600	8.5
1979	-0.111935	102.132038	0.002405	8.4
1980	-0.826243	102.102588	0.006611	9.2
1981	-0.940756	102.073161	0.005824	9.0
1982	-1.067620	102.043757	0.006409	8.6
1983	-0.756977	102.014375	0.004800	9.0
1984	-0.000000	101.985015	0.000000	8.3
1985	-0.000000	101.955678	0.000000	9.3
1986	-0.056460	101.926364	0.001475	8.3
1987	-0.000000	101.897072	0.000000	9.1
1988	-0.596050	101.867802	0.003802	8.6
1989	-0.191396	101.838555	0.001621	8.5
1990	-0.300897	101.809330	0.004006	8.6
1991	-0.638167	101.780128	0.004111	8.5
1992	-0.750654	101.750948	0.006100	8.4
1993	-1.056542	101.721790	0.004994	8.5
1994	-0.868266	101.692654	0.004991	8.5
1995	-0.130775	101.663541	0.002284	8.6
1996	-0.050474	101.634450	0.002139	8.7
1997	-0.306039	101.605381	0.003528	9.3
1998	-0.027094	101.576335	0.001533	9.6
1999	-0.302583	101.547310	0.002506	9.0
