1:ItNr	2:Metric	3:StepSize	4:||Gradient||	Time[ms]
0	-0.791171	627.201626	0.010657	924.7
1	-0.897838	623.504937	0.010780	9.5
2	-0.000000	619.865785	0.000000	9.1
3	0.000000	616.282728	0.000000	9.1
4	-0.021856	612.754375	0.002262	8.9
5	-0.590796	609.279381	0.007521	8.5
6	-0.723776	605.856447	0.008392	8.8
7	-0.085395	602.484317	0.003459	8.9
8	-0.741039	599.161779	0.011142	8.6
9	-0.458456	595.887656	0.007216	11.7
10	-0.410795	592.660813	0.009673	10.8
11	-0.104770	589.480151	0.002821	10.0
12	-0.660166	586.344606	0.012426	9.9
13	0.000000	583.253145	0.000000	9.3
14	0.000000	580.204771	0.000000	8.7
15	-0.815884	577.198517	0.007176	9.2
16	-1.079126	574.233444	0.010939	8.4
17	-0.507160	571.308645	0.007408	9.4
18	-0.416657	568.423237	0.006141	8.7
19	-0.003819	565.576365	0.001399	9.5
20	-0.000000	562.767201	0.000000	8.9
21	0.000000	559.994938	0.000000	9.7
22	-0.556422	557.258797	0.009028	9.6
23	-0.739705	554.558018	0.008488	10.0
24	-0.688831	551.891865	0.007640	10.0
25	-0.505805	549.259621	0.007860	8.5
26	-0.976798	546.660592	0.006817	10.2
27	-0.554283	544.094102	0.006028	8.6
28	-0.685362	541.559494	0.008405	9.9
29	-0.398039	539.056129	0.008804	9.6
30	-1.034362	536.583387	0.014219	9.1
31	-0.327292	534.140663	0.005365	9.2
32	-0.903327	531.727370	0.005977	8.8
33	-0.569522	529.342935	0.007357	9.8
34	-0.713407	526.986802	0.007151	9.1
35	-0.809099	524.658430	0.010048	9.9
36	0.000000	522.357290	0.000000	9.2
37	-0.760109	520.082868	0.010608	8.5
38	-1.056250	517.834665	0.012508	9.4
39	-0.923067	515.612193	0.005657	9.0
40	-0.223692	513.414976	0.002020	9.9
41	-0.819298	511.242551	0.010243	8.8
42	-0.382253	509.094468	0.006081	8.5
43	0.000000	506.970285	0.000000	9.0
44	-0.832493	504.869574	0.005574	9.4
45	-0.824207	502.791916	0.009614	9.7
46	-0.214762	500.736903	0.005841	8.6
47	0.000000	498.704137	0.000000	9.5
48	-0.854663	496.693228	0.010784	11.0
49	-0.901129	494.703798	0.009123	9.5
50	-0.096813	492.735476	0.002362	9.9
51	-0.910799	490.787900	0.008295	8.7
52	-0.915772	488.860718	0.006733	9.8
53	-0.227788	486.953585	0.005564	8.9
54	-0.514229	485.066164	0.005452	9.7
55	0.000000	483.198126	0.000000	9.2
56	-0.930467	481.349149	0.023535	10.0
57	-0.586869	479.518920	0.006333	9.6
58	-0.256004	477.707132	0.009261	9.4
59	-0.635568	475.913485	0.006874	9.8
60	-0.443793	474.137684	0.007113	10.0
61	-0.000000	472.379445	0.000000	9.8
62	-0.875299	470.638485	0.010202	9.5
63	-0.764028	468.914531	0.006756	10.4
64	-0.006870	467.207315	0.000206	9.3
65	-0.387008	465.516573	0.006270	8.9
66	-0.093008	463.842050	0.001285	9.2
67	-0.661075	462.183494	0.011752	8.9
68	-0.465864	460.540658	0.005570	9.3
69	-0.248218	458.913303	0.004663	8.9
70	-0.753522	457.301192	0.007686	10.3
71	-0.000000	455.704096	0.000000	9.6
72	-0.234910	454.121787	0.004450	9.0
73	-0.807702	452.554045	0.005530	9.6
74	-0.319399	451.000653	0.006201	8.8
75	0.000000	449.461399	0.000000	9.4
76	-0.496105	447.936075	0.006389	8.9
77	0.000000	446.424477	0.000000	9.1
78	0.000000	444.926406	0.000000	9.3
79	0.000000	443.441666	0.000000	9.3
80	-0.463112	441.970065	0.006474	9.7
81	-0.688800	440.511415	0.011607	9.2
82	-0.661824	439.065533	0.005159	9.9
83	-0.489160	437.632238	0.005566	9.2
84	-0.785674	436.211351	0.007601	10.0
85	-0.728200	434.802701	0.010646	9.7
86	0.000000	433.406117	0.000000	9.1
87	-0.123697	432.021430	0.004704	9.3
88	-0.000000	430.648479	0.000000	8.8
89	-0.201429	429.287101	0.004907	9.3
90	-0.657125	427.937140	0.007640	9.1
91	-0.461476	426.598440	0.008549	9.5
92	-0.844669	425.270849	0.005517	9.4
93	-0.987038	423.954220	0.014404	9.8
94	-0.226168	422.648404	0.005059	10.1
95	-0.012546	421.353259	0.000458	9.1
96	-0.952074	420.068643	0.007934	9.8
97	-0.629881	418.794419	0.006264	10.2
98	-0.297663	417.530451	0.004335	9.0
99	-0.544256	416.276604	0.006593	10.0
100	-0.372146	415.032748	0.003140	8.9
101	-0.666007	413.798754	0.014551	9.9
102	-0.209043	412.574495	0.005861	9.1
103	-0.867323	411.359849	0.005603	10.7
104	0.000000	410.154691	0.000000	9.8
105	-0.842158	408.958904	0.010074	9.6
106	-0.791387	407.772368	0.008911	9.9
107	-0.353763	406.594968	0.003697	9.2
108	-0.853351	405.426590	0.006787	9.8
109	-0.447314	404.267122	0.006916	9.7
110	-0.517460	403.116456	0.007345	9.6
111	-0.861961	401.974481	0.009228	9.1
112	-0.950052	400.841093	0.011931	10.2
113	-0.909765	399.716187	0.006951	9.5
114	-0.029350	398.599660	0.002204	9.4
115	-0.471808	397.491411	0.005925	10.4
116	-0.019759	396.391342	0.001156	9.6
117	-0.475123	395.299353	0.006077	9.3
118	-0.393196	394.215350	0.005255	9.5
119	-0.635027	393.139238	0.007135	9.5
120	-0.657348	392.070924	0.011150	8.8
121	-0.208901	391.010316	0.008304	9.8
122	-0.055840	389.957325	0.002566	8.9
123	-0.013863	388.911862	0.000952	9.5
124	-0.671988	387.873839	0.007339	9.0
125	-0.405925	386.843173	0.005070	11.0
126	-0.000009	385.819777	0.000009	9.8
127	-0.171650	384.803569	0.002511	10.3
128	-0.265688	383.794468	0.003377	9.7
129	-0.151593	382.792393	0.004401	9.4
130	0.000000	381.797264	0.000000	9.6
131	0.000000	380.809005	0.000000	10.2
132	0.000000	379.827537	0.000000	9.3
133	-0.844358	378.852786	0.009746	9.9
134	-0.921765	377.884678	0.012915	9.3
135	-1.093005	376.923138	0.018427	10.9
136	-0.828025	375.968095	0.014480	9.7
137	-0.256713	375.019479	0.003588	10.5
138	-0.927109	374.077218	0.009638	9.6
139	-0.652621	373.141244	0.005303	8.9
140	-0.559079	372.211489	0.007661	9.4
141	-0.674534	371.287887	0.007346	9.4
142	-0.017592	370.370370	0.000445	9.2
143	-0.010572	369.458876	0.000382	9.7
144	-0.063865	368.553338	0.002364	9.2
145	0.000000	367.653696	0.000000	9.8
146	0.000000	366.759885	0.000000	9.1
147	-0.082122	365.871846	0.002817	10.2
148	-0.846004	364.989518	0.008271	10.4
149	-0.887992	364.112841	0.008413	11.1
150	-0.015260	363.241757	0.000383	9.2
151	-0.447014	362.376208	0.007496	9.2
152	-0.689608	361.516137	0.007101	9.6
153	-0.850166	360.661488	0.007944	9.1
154	-0.264681	359.812206	0.003857	9.6
155	-0.566019	358.968236	0.006157	9.7
156	-0.827448	358.129524	0.006562	8.7
157	-0.253930	357.296018	0.006847	9.8
158	0.000000	356.467665	0.000000	9.3
159	-0.760761	355.644414	0.006154	9.9
160	-0.316177	354.826213	0.003570	10.8
161	-0.000615	354.013012	0.000034	9.4
162	0.000000	353.204763	0.000000	9.4
163	-0.006777	352.401415	0.000432	9.4
164	-0.258782	351.602922	0.008776	10.1
165	-0.809721	350.809235	0.007165	9.5
166	-0.802282	350.020308	0.008237	9.9
167	-0.610761	349.236095	0.005841	9.8
168	-0.598529	348.456550	0.007767	9.3
169	-0.576802	347.681627	0.007092	10.3
170	-0.923790	346.911283	0.013105	10.0
171	-0.835793	346.145474	0.013062	10.8
172	0.000000	345.384157	0.000000	9.9
173	-0.511898	344.627288	0.006870	9.3
174	-0.427572	343.874826	0.006721	10.3
175	-0.394376	343.126729	0.005604	9.5
176	0.000000	342.382957	0.000000	8.9
177	-0.881804	341.643469	0.012417	10.1
178	-0.534393	340.908224	0.011317	9.1
179	-0.906697	340.177184	0.009076	9.9
180	-0.539893	339.450309	0.004285	8.8
181	0.000000	338.727561	0.000000	10.2
182	-0.309470	338.008902	0.005060	9.9
183	-0.946030	337.294295	0.008616	9.3
184	-0.587476	336.583703	0.005971	9.8
185	-0.895303	335.877089	0.011004	9.1
186	0.000000	335.174416	0.000000	10.1
187	-0.900393	334.475651	0.005819	9.5
188	-0.745723	333.780756	0.008887	11.2
189	-0.806774	333.089698	0.007900	11.2
190	-0.289507	332.402443	0.003712	10.3
191	0.000000	331.718955	0.000000	11.2
192	-0.630405	331.039203	0.011687	10.4
193	0.000000	330.363153	0.000000	12.4
194	-0.722721	329.690771	0.013596	10.6
195	-0.469210	329.022027	0.009724	11.4
196	-0.069205	328.356888	0.002511	10.8
197	-0.406659	327.695322	0.005258	11.2
198	0.000000	327.037299	0.000000	11.4
199	-0.703132	326.382787	0.011229	10.3
200	-0.445046	325.731758	0.005675	9.6
201	0.000000	325.084179	0.000000	10.9
202	-0.681182	324.440023	0.007737	12.6
203	-0.416866	323.799258	0.011394	11.4
204	-0.666795	323.161858	0.009537	13.2
205	-0.465688	322.527792	0.006624	11.2
206	-1.033623	321.897034	0.013249	12.8
207	-0.475046	321.269554	0.007278	10.8
208	-0.815968	320.645325	0.007557	11.1
209	-0.055919	320.024320	0.001571	10.2
210	-0.993812	319.406512	0.011562	10.2
211	-0.000126	318.791875	0.000105	11.1
212	-0.001195	318.180381	0.000868	12.9
213	-0.233204	317.572005	0.007406	11.4
214	-0.676136	316.966721	0.005756	11.2
215	0.000000	316.364504	0.000000	11.3
216	-0.206358	315.765329	0.003218	11.4
217	-0.466585	315.169170	0.005492	11.7
218	0.000000	314.576003	0.000000	14.1
219	-0.433456	313.985804	0.009359	11.1
220	-0.905292	313.398548	0.007996	11.1
221	-0.955585	312.814213	0.008106	12.1
222	-0.222097	312.232773	0.004985	11.6
223	-0.011314	311.654207	0.000410	11.8
224	0.000000	311.078491	0.000000	10.4
225	-0.573662	310.505602	0.006436	10.0
226	-0.813265	309.935518	0.008364	9.7
227	-0.006274	309.368217	0.000597	10.8
228	-0.674511	308.803676	0.007796	10.7
229	-0.115185	308.241874	0.003489	9.8
230	0.000000	307.682789	0.000000	13.3
231	-0.587346	307.126400	0.005503	10.5
232	-0.715364	306.572687	0.009642	9.0
233	-0.948836	306.021627	0.018267	10.2
234	0.000000	305.473201	0.000000	11.1
235	-0.000000	304.927388	0.000000	9.7
236	-0.828727	304.384168	0.008878	10.2
237	-0.874761	303.843521	0.007190	9.8
238	-0.557731	303.305427	0.006453	10.1
239	-0.617709	302.769867	0.006626	12.0
240	-0.592237	302.236821	0.009195	10.7
241	-0.907615	301.706270	0.010184	10.5
242	-0.653719	301.178196	0.007296	12.4
243	-0.841517	300.652580	0.012049	9.5
244	-0.874550	300.129402	0.008655	10.7
245	-0.019174	299.608645	0.000932	10.4
246	-0.893971	299.090291	0.013607	10.0
247	-0.040760	298.574321	0.002000	10.0
248	-0.695917	298.060718	0.008306	9.8
249	-0.461073	297.549465	0.005014	10.0
250	-0.567060	297.040543	0.004689	10.1
251	-0.454195	296.533936	0.005888	10.8
252	-0.409896	296.029626	0.008373	10.2
253	-0.092411	295.527597	0.001294	9.7
254	-0.152733	295.027832	0.003791	9.7
255	-0.394185	294.530315	0.008056	10.4
256	0.000000	294.035028	0.000000	9.5
257	-0.212410	293.541956	0.003452	10.2
258	-0.718558	293.051083	0.010830	10.3
259	0.000000	292.562393	0.000000	9.0
260	-0.932238	292.075870	0.013550	10.2
261	-0.740493	291.591498	0.012952	9.4
262	-0.884303	291.109263	0.009111	9.9
263	-0.606556	290.629149	0.008360	10.2
264	0.000000	290.151140	0.000000	9.3
265	-0.231612	289.675222	0.005443	9.7
266	-0.512700	289.201380	0.006491	9.3
267	0.000000	288.729600	0.000000	10.0
268	-0.396055	288.259866	0.006898	9.4
269	-0.318742	287.792165	0.004407	10.2
270	-0.816583	287.326481	0.005881	10.6
271	-0.000000	286.862802	0.000000	10.7
272	-0.843638	286.401113	0.008883	10.3
273	-0.773349	285.941400	0.009090	9.8
274	-0.004434	285.483649	0.000232	9.5
275	-0.711098	285.027847	0.007196	9.9
276	-0.438132	284.573981	0.006000	9.7
277	-0.603894	284.122037	0.005133	9.9
278	-0.018125	283.672002	0.001468	11.3
279	-0.658365	283.223863	0.006485	9.7
280	-1.025101	282.777607	0.016035	9.6
281	-0.000012	282.333221	0.000001	9.1
282	-0.323577	281.890692	0.005128	9.8
283	-0.000000	281.450008	0.000000	9.9
284	-1.097699	281.011157	0.014626	8.8
285	-0.593513	280.574125	0.008026	9.8
286	-0.794939	280.138901	0.007405	8.9
287	-0.842563	279.705473	0.009343	9.5
288	0.000000	279.273829	0.000000	8.9
289	-0.138434	278.843956	0.002472	10.1
290	-0.319526	278.415844	0.005443	9.2
291	-0.758084	277.989479	0.010135	9.0
292	-0.133446	277.564851	0.001625	10.1
293	-0.913187	277.141949	0.008407	9.0
294	-0.834861	276.720761	0.007807	10.5
295	-0.424821	276.301275	0.011640	9.2
296	-0.732785	275.883480	0.007926	9.5
297	0.000000	275.467366	0.000000	10.2
298	-0.000000	275.052922	0.000000	9.5
299	-0.800226	274.640136	0.007564	10.1
300	0.000000	274.228998	0.000000	9.0
301	0.000000	273.819497	0.000000	9.6
302	-0.019184	273.411623	0.000453	10.1
303	-1.022601	273.005365	0.012315	9.4
304	-1.086226	272.600712	0.022007	10.4
305	-0.456667	272.197655	0.009351	10.1
306	-0.835196	271.796184	0.008938	10.4
307	-0.942156	271.396287	0.021517	10.0
308	0.000000	270.997956	0.000000	9.1
309	-0.021967	270.601180	0.000331	9.6
310	-0.861957	270.205949	0.005268	9.1
311	-0.927480	269.812254	0.006905	10.1
312	-0.593029	269.420085	0.005650	10.0
313	-0.714025	269.029432	0.009846	9.4
314	-0.019403	268.640287	0.000206	10.4
315	0.000000	268.252638	0.000000	9.4
316	-0.040365	267.866478	0.001381	9.9
317	-0.442186	267.481796	0.007105	9.9
318	-0.439371	267.098584	0.005489	9.8
319	-0.787473	266.716833	0.007261	9.9
320	-0.077228	266.336533	0.001901	9.6
321	-0.716785	265.957676	0.011205	9.7
322	0.000000	265.580253	0.000000	8.8
323	0.000000	265.204254	0.000000	10.2
324	-0.552922	264.829672	0.006495	9.6
325	0.000000	264.456497	0.000000	9.6
326	-0.000000	264.084721	0.000000	9.4
327	-0.709778	263.714335	0.012596	10.1
328	0.000000	263.345332	0.000000	9.8
329	-0.800850	262.977702	0.007389	9.3
330	-0.870993	262.611438	0.012173	9.0
331	-0.000000	262.246531	0.000000	9.6
332	-0.125385	261.882973	0.003036	8.7
333	-0.302420	261.520756	0.009075	10.1
334	-0.049016	261.159871	0.002511	9.2
335	-0.000000	260.800312	0.000000	9.3
336	-0.672736	260.442070	0.007554	10.2
337	-0.719840	260.085137	0.008222	9.7
338	-0.488771	259.729505	0.005325	9.5
339	-0.877042	259.375167	0.009987	9.9
340	-0.434698	259.022116	0.005288	9.9
341	-0.493550	258.670343	0.006176	10.0
342	0.000000	258.319841	0.000000	9.3
343	-0.520332	257.970602	0.007804	11.0
344	-0.002662	257.622620	0.000281	10.8
345	0.000000	257.275887	0.000000	9.9
346	-0.323824	256.930396	0.003081	10.1
347	-0.602119	256.586139	0.009519	9.5
348	0.000000	256.243109	0.000000	9.9
349	-0.000193	255.901300	0.000011	9.8
350	-0.774020	255.560703	0.007358	10.3
351	-0.000000	255.221313	0.000000	10.4
352	-0.026110	254.883122	0.003579	9.0
353	-0.885077	254.546124	0.007341	9.8
354	-0.853072	254.210311	0.010192	9.5
355	-0.823535	253.875677	0.004758	9.6
356	-0.632907	253.542215	0.009171	9.5
357	-0.397751	253.209918	0.005266	9.0
358	-0.004554	252.878781	0.000674	10.0
359	0.000000	252.548795	0.000000	8.9
360	-0.647533	252.219956	0.007044	9.8
361	-0.403283	251.892255	0.005764	10.6
362	-0.841990	251.565688	0.006970	9.6
363	-0.535791	251.240247	0.005358	9.4
364	-0.001405	250.915926	0.000017	9.0
365	-0.517305	250.592720	0.009365	9.0
366	-0.793165	250.270621	0.007889	9.4
367	-0.145966	249.949624	0.001784	9.8
368	-0.637712	249.629723	0.007249	9.1
369	-0.000007	249.310911	0.000005	9.7
370	-0.048351	248.993182	0.002484	9.4
371	-0.707414	248.676531	0.007882	9.8
372	-0.614753	248.360952	0.006503	10.3
373	-0.594415	248.046438	0.007346	9.5
374	-0.499676	247.732984	0.006166	9.7
375	-0.000000	247.420584	0.000000	9.9
376	-0.707846	247.109233	0.007237	9.5
377	0.000000	246.798924	0.000000	10.3
378	-0.024207	246.489652	0.000538	9.8
379	-0.041011	246.181412	0.001294	9.7
380	-0.175169	245.874197	0.002490	9.7
381	-0.808984	245.568002	0.006108	9.7
382	-0.000000	245.262822	0.000000	10.1
383	-0.566064	244.958652	0.009595	9.5
384	-0.731603	244.655485	0.011120	10.5
385	-0.432497	244.353317	0.007938	9.8
386	-0.213564	244.052142	0.002893	9.5
387	-0.984743	243.751955	0.012506	10.0
388	0.000000	243.452750	0.000000	9.3
389	-0.802535	243.154523	0.013356	10.2
390	-0.780135	242.857268	0.011770	9.4
391	-0.789540	242.560980	0.009943	9.3
392	-0.558557	242.265654	0.006691	9.1
393	-1.197948	241.971285	0.016637	9.9
394	0.000000	241.677868	0.000000	10.4
395	-0.585947	241.385397	0.006397	10.1
396	-0.016385	241.093869	0.001897	9.3
397	-0.504951	240.803278	0.009336	9.5
398	0.000000	240.513619	0.000000	9.0
399	-0.872682	240.224887	0.005562	10.4
400	0.000000	239.937077	0.000000	9.1
401	-0.749221	239.650186	0.007841	9.8
402	-0.935700	239.364207	0.007379	9.9
403	-0.462438	239.079136	0.005144	10.3
404	-0.916053	238.794969	0.007000	10.7
405	-0.082624	238.511701	0.002134	9.4
406	-0.922063	238.229327	0.008153	9.3
407	-0.397592	237.947843	0.006220	9.5
408	-0.642139	237.667244	0.007229	9.3
409	-0.802204	237.387526	0.010484	9.8
410	-0.000000	237.108684	0.000000	9.4
411	-0.474974	236.830714	0.006036	9.5
412	0.000000	236.553610	0.000000	9.4
413	-0.075853	236.277370	0.002041	10.0
414	0.000000	236.001989	0.000000	9.7
415	-0.232067	235.727461	0.002129	10.4
416	-0.401514	235.453784	0.004958	9.3
417	-0.000034	235.180952	0.000050	9.7
418	-0.094597	234.908962	0.004067	9.7
419	-0.563277	234.637809	0.006196	9.6
420	-0.402733	234.367488	0.003556	9.0
421	-0.632836	234.097997	0.006129	10.4
422	-0.000160	233.829331	0.000241	8.9
423	-0.816007	233.561485	0.008995	9.9
424	-0.057994	233.294456	0.002627	9.4
425	-0.850284	233.028239	0.005757	10.5
426	-0.778775	232.762831	0.006112	9.5
427	-0.139266	232.498228	0.004044	9.2
428	-0.837525	232.234425	0.007242	9.6
429	-1.027806	231.971419	0.010982	9.0
430	-0.091256	231.709205	0.002085	9.1
431	-0.374925	231.447781	0.005357	10.0
432	-0.909787	231.187141	0.004876	9.3
433	-0.255697	230.927283	0.003938	9.5
434	-0.675927	230.668202	0.004735	8.8
435	-0.441229	230.409895	0.006209	10.2
436	-0.002433	230.152358	0.000474	9.8
437	0.000000	229.895587	0.000000	10.3
438	-0.513765	229.639578	0.009045	10.2
439	-0.475973	229.384329	0.007250	9.3
440	0.000000	229.129834	0.000000	10.5
441	-0.638862	228.876091	0.011921	10.3
442	-0.764381	228.623096	0.009073	9.4
443	-0.943236	228.370846	0.009927	10.2
444	0.000000	228.119336	0.000000	9.4
445	-0.540504	227.868563	0.006617	12.2
446	-0.833625	227.618525	0.010619	10.1
447	0.000000	227.369216	0.000000	9.9
448	0.000000	227.120635	0.000000	9.9
449	-0.870845	226.872777	0.008055	10.3
450	-0.647877	226.625638	0.006170	9.6
451	0.000000	226.379217	0.000000	10.0
452	-0.000151	226.133509	0.000173	10.2
453	0.000000	225.888510	0.000000	10.1
454	-0.651658	225.644218	0.006477	9.7
455	-0.120742	225.400630	0.002774	9.4
456	-0.885128	225.157741	0.008833	10.0
457	-0.776318	224.915549	0.008237	9.6
458	-0.219909	224.674051	0.005931	9.8
459	-0.770671	224.433242	0.007461	9.4
460	-0.005350	224.193121	0.000635	9.3
461	-0.594946	223.953684	0.008874	9.5
462	-0.872507	223.714927	0.006114	8.7
463	-0.686083	223.476848	0.006325	10.7
464	-0.930300	223.239444	0.005944	9.1
465	0.000000	223.002710	0.000000	9.5
466	-0.311428	222.766645	0.004938	9.5
467	-0.677387	222.531245	0.014094	8.8
468	-0.427852	222.296508	0.005790	9.4
469	-0.978539	222.062429	0.005327	10.0
470	-0.735708	221.829007	0.014480	9.9
471	-0.732661	221.596238	0.012462	9.4
472	-0.000000	221.364119	0.000000	9.5
473	-0.304372	221.132647	0.004139	9.8
474	-0.896909	220.901820	0.006281	9.5
475	-1.098447	220.671634	0.012021	10.1
476	-0.000000	220.442086	0.000000	9.2
477	-0.063517	220.213174	0.000463	9.4
478	-0.531230	219.984895	0.005660	9.2
479	-0.709272	219.757246	0.021898	10.5
480	-0.523569	219.530224	0.006508	9.6
481	-0.504668	219.303826	0.004398	9.5
482	0.000000	219.078050	0.000000	10.6
483	-0.828083	218.852893	0.008470	9.7
484	-0.551937	218.628352	0.006156	9.2
485	-1.097301	218.404424	0.009142	10.0
486	0.000000	218.181106	0.000000	8.9
487	-0.761908	217.958397	0.006959	9.5
488	-0.534092	217.736292	0.005720	9.2
489	-0.579144	217.514790	0.007522	9.7
490	-0.490588	217.293888	0.005043	9.7
491	-0.909280	217.073584	0.006739	9.7
492	-0.781535	216.853873	0.006256	9.9
493	-0.761273	216.634755	0.006070	8.8
494	-0.875068	216.416227	0.009954	9.4
495	-0.900680	216.198285	0.005169	8.8
496	0.000000	215.980927	0.000000	9.3
497	-0.643641	215.764151	0.006875	9.9
498	-0.115743	215.547955	0.003716	9.7
499	-0.441651	215.332335	0.005381	9.7
500	0.000000	215.117289	0.000000	9.7
501	-0.005154	214.902815	0.000060	10.3
502	-0.000000	214.688911	0.000000	9.3
503	-0.406170	214.475573	0.005726	9.7
504	-0.543529	214.262800	0.006122	9.7
505	-0.171365	214.050588	0.003477	9.2
506	-0.896368	213.838936	0.008543	10.6
507	-0.594516	213.627842	0.006600	9.9
508	-0.776207	213.417302	0.021465	9.6
509	-0.000000	213.207314	0.000000	10.2
510	-0.873647	212.997877	0.007146	9.5
511	-0.860759	212.788987	0.007227	9.5
512	-0.555073	212.580642	0.012657	9.4
513	0.000000	212.372841	0.000000	9.6
514	-0.975853	212.165581	0.010344	10.0
515	-0.555590	211.958859	0.004645	10.2
516	-0.422835	211.752673	0.004671	9.6
517	-0.000000	211.547021	0.000000	9.5
518	-0.542539	211.341902	0.006059	9.5
519	0.000000	211.137311	0.000000	9.6
520	0.000000	210.933248	0.000000	9.1
521	0.000000	210.729710	0.000000	12.1
522	-0.037502	210.526695	0.001484	9.5
523	-0.604562	210.324200	0.007253	9.8
524	-0.247717	210.122224	0.004250	10.1
525	-0.125718	209.920765	0.004559	9.3
526	-0.744426	209.719820	0.008335	9.8
527	-0.046880	209.519387	0.000593	8.8
528	-0.017752	209.319463	0.000230	10.0
529	-0.271334	209.120048	0.005550	9.5
530	-0.903617	208.921139	0.006143	9.7
531	-0.403821	208.722733	0.006221	9.7
532	-0.268334	208.524829	0.003837	8.7
533	-0.169932	208.327425	0.002749	9.8
534	-0.845701	208.130518	0.019221	9.3
535	-0.319068	207.934107	0.004299	10.5
536	-0.573753	207.738189	0.005844	9.9
537	0.000000	207.542762	0.000000	9.6
538	0.000000	207.347825	0.000000	9.9
539	-0.608490	207.153376	0.004404	10.1
540	-0.431247	206.959412	0.006280	10.3
541	-0.153544	206.765932	0.003913	10.9
542	-0.000000	206.572933	0.000000	9.0
543	-0.053256	206.380414	0.001760	10.1
544	-0.695408	206.188373	0.005946	9.8
545	-0.715383	205.996807	0.006019	9.6
546	0.000000	205.805716	0.000000	10.3
547	-0.637177	205.615096	0.013752	10.2
548	-0.637780	205.424946	0.016617	10.2
549	-0.876897	205.235265	0.006578	9.5
550	-0.959998	205.046050	0.006955	9.4
551	-0.273758	204.857299	0.006191	9.9
552	0.000000	204.669011	0.000000	9.5
553	-0.835445	204.481184	0.007156	9.6
554	-0.007481	204.293816	0.001053	9.1
555	-0.000001	204.106905	0.000000	11.2
556	-0.000000	203.920449	0.000000	9.6
557	-0.336164	203.734447	0.004355	9.2
558	-0.824773	203.548896	0.006789	10.2
559	-0.914137	203.363795	0.012726	8.8
560	-0.735040	203.179143	0.007668	9.2
561	0.000000	202.994937	0.000000	9.5
562	-0.760258	202.811176	0.007174	9.8
563	-0.777829	202.627857	0.006629	10.4
564	-0.367695	202.444980	0.004664	9.1
565	-0.822575	202.262543	0.008211	11.7
566	-1.004479	202.080543	0.011682	10.5
567	-0.839556	201.898979	0.009298	9.0
568	-0.000028	201.717849	0.000025	9.4
569	-0.166746	201.537153	0.003758	10.5
570	-0.906920	201.356887	0.006604	9.7
571	-0.052274	201.177050	0.000946	9.8
572	-0.731681	200.997642	0.007014	9.0
573	-0.672865	200.818659	0.007527	9.9
574	-0.699889	200.640100	0.005438	9.1
575	0.000000	200.461965	0.000000	9.8
576	-0.769158	200.284250	0.008979	10.2
577	-0.929823	200.106955	0.011423	10.5
578	-0.746841	199.930078	0.007064	9.9
579	-0.848082	199.753617	0.016002	9.6
580	0.000000	199.577571	0.000000	9.2
581	-0.747402	199.401938	0.005320	10.0
582	-0.578139	199.226717	0.008738	9.3
583	-0.400740	199.051905	0.005898	10.0
584	-0.570949	198.877502	0.008517	9.2
585	-0.739095	198.703506	0.006256	9.6
586	0.000000	198.529916	0.000000	8.8
587	0.000000	198.356729	0.000000	10.6
588	-0.964895	198.183944	0.010253	9.3
589	-0.912697	198.011560	0.007197	9.2
590	-0.629530	197.839576	0.005727	9.9
591	0.000000	197.667989	0.000000	8.6
592	-0.227522	197.496798	0.003564	10.2
593	-0.463212	197.326002	0.006461	9.0
594	-0.714763	197.155600	0.008425	9.5
595	-0.560430	196.985589	0.005784	9.5
596	-0.457318	196.815969	0.006116	9.2
597	-0.406599	196.646738	0.006021	9.9
598	-0.846484	196.477894	0.009896	9.0
599	-0.000019	196.309436	0.000011	10.2
600	-0.356094	196.141363	0.010206	10.8
601	-0.911321	195.973673	0.009160	9.6
602	-0.746769	195.806365	0.005718	9.9
603	-0.002360	195.639437	0.000095	9.3
604	-0.860375	195.472888	0.007264	10.1
605	-0.102851	195.306717	0.002012	9.3
606	0.000000	195.140922	0.000000	9.6
607	-0.506009	194.975501	0.005732	9.8
608	-0.627494	194.810454	0.007856	9.3
609	-0.429262	194.645779	0.008306	9.7
610	-0.774913	194.481475	0.006519	9.3
611	-0.334294	194.317540	0.003688	10.7
612	-0.519055	194.153973	0.009132	10.3
613	-0.306851	193.990773	0.003547	9.4
614	-0.697529	193.827938	0.008727	10.6
615	-0.014115	193.665467	0.000419	9.3
616	0.000000	193.503358	0.000000	9.9
617	-0.755804	193.341611	0.005784	10.5
618	-0.687314	193.180224	0.006494	9.1
619	0.000000	193.019196	0.000000	9.3
620	-0.530803	192.858525	0.005950	8.5
621	-0.671748	192.698210	0.007504	10.3
622	-0.618319	192.538251	0.007711	10.7
623	-0.097920	192.378644	0.001825	9.9
624	-0.734259	192.219391	0.006763	9.4
625	-0.308000	192.060488	0.008832	9.2
626	0.000000	191.901935	0.000000	9.4
627	-0.876676	191.743730	0.011928	9.5
628	-0.004843	191.585873	0.000548	9.4
629	-0.560703	191.428362	0.006470	9.4
630	0.000000	191.271196	0.000000	9.1
631	-0.968223	191.114374	0.012457	10.1
632	-0.691765	190.957893	0.007193	9.3
633	-0.211474	190.801755	0.005349	9.2
634	-0.464206	190.645956	0.005039	9.7
635	-0.068191	190.490495	0.001701	9.5
636	-0.432156	190.335373	0.006249	10.1
637	-0.906668	190.180587	0.012485	9.7
638	-0.264152	190.026136	0.002249	9.6
639	-0.222255	189.872019	0.004107	9.3
640	-0.794982	189.718235	0.006721	10.6
641	0.000000	189.564782	0.000000	10.4
642	-0.702291	189.411661	0.004588	9.2
643	-0.732170	189.258868	0.008318	9.9
644	-0.000102	189.106404	0.000071	10.4
645	-1.018214	188.954267	0.012328	9.7
646	-0.135322	188.802456	0.006437	9.9
647	-0.519765	188.650969	0.005260	9.5
648	-0.083698	188.499807	0.004469	11.3
649	-0.008097	188.348967	0.000175	10.2
650	-0.877845	188.198448	0.009083	9.1
651	-0.590014	188.048250	0.006739	9.8
652	-0.788985	187.898371	0.007672	9.0
653	-0.915189	187.748810	0.006691	9.7
654	-0.356123	187.599566	0.006435	9.1
655	-0.507312	187.450638	0.006359	10.1
656	-0.014375	187.302025	0.002098	9.7
657	-0.374606	187.153725	0.006196	9.2
658	-0.810681	187.005739	0.007533	9.8
659	-0.475808	186.858064	0.007081	8.5
660	0.000000	186.710699	0.000000	8.9
661	-0.370258	186.563645	0.003819	8.6
662	0.000000	186.416898	0.000000	9.7
663	-0.694978	186.270459	0.007226	9.5
664	-0.362918	186.124326	0.005207	9.9
665	-0.893135	185.978499	0.008136	9.8
666	0.000000	185.832976	0.000000	9.2
667	-0.763061	185.687756	0.006436	9.4
668	-0.638560	185.542838	0.005688	9.5
669	0.000000	185.398222	0.000000	9.5
670	-0.793550	185.253906	0.008349	10.0
671	-0.787758	185.109889	0.004435	9.2
672	-0.431614	184.966170	0.004339	10.7
673	-0.015193	184.822748	0.002297	9.5
674	0.000000	184.679623	0.000000	9.6
675	-0.508322	184.536792	0.006675	10.0
676	-0.005331	184.394256	0.000691	10.5
677	-0.844744	184.252013	0.006075	10.4
678	-0.682145	184.110062	0.007388	10.9
679	0.000000	183.968403	0.000000	9.5
680	0.000000	183.827034	0.000000	10.0
681	0.000000	183.685954	0.000000	9.3
682	-0.931600	183.545163	0.013260	10.1
683	-0.807901	183.404658	0.007399	10.1
684	-0.889100	183.264441	0.007566	9.1
685	0.000000	183.124509	0.000000	9.7
686	-0.198444	182.984861	0.004907	10.2
687	-1.042484	182.845497	0.010817	9.5
688	0.000000	182.706416	0.000000	9.7
689	-0.879947	182.567616	0.008461	9.3
690	-0.925398	182.429098	0.007215	10.0
691	-0.000118	182.290859	0.000049	9.1
692	-0.159786	182.152899	0.003247	9.6
693	-0.101176	182.015217	0.003909	8.9
694	-0.948307	181.877813	0.018058	8.9
695	-0.703533	181.740684	0.007566	9.4
696	-0.552988	181.603832	0.004101	10.0
697	-0.969845	181.467253	0.013740	10.2
698	-0.898919	181.330948	0.008317	10.0
699	-0.790812	181.194916	0.004840	10.0
700	-0.011489	181.059155	0.000219	9.4
701	0.000000	180.923666	0.000000	10.4
702	-0.513056	180.788446	0.006986	10.3
703	-0.015247	180.653496	0.000627	11.4
704	-0.242303	180.518814	0.003158	9.9
705	-0.772469	180.384399	0.008719	10.7
706	0.000000	180.250251	0.000000	9.8
707	-0.057749	180.116369	0.001278	10.4
708	0.000000	179.982752	0.000000	10.8
709	-0.931676	179.849398	0.009910	9.5
710	-0.787866	179.716308	0.005264	10.1
711	-0.680664	179.583480	0.005807	9.8
712	0.000000	179.450913	0.000000	10.8
713	-0.414356	179.318607	0.006521	10.0
714	-1.063570	179.186561	0.014084	9.7
715	-0.802414	179.054774	0.007309	10.2
716	-0.363495	178.923245	0.004163	10.1
717	-0.020035	178.791973	0.000401	10.4
718	-0.572154	178.660958	0.006332	10.1
719	0.000000	178.530199	0.000000	10.1
720	-0.924818	178.399694	0.007732	10.0
721	0.000000	178.269444	0.000000	10.0
722	-0.945886	178.139447	0.007105	10.1
723	-0.144861	178.009702	0.003263	10.3
724	-0.563922	177.880209	0.003138	9.6
725	-0.447164	177.750967	0.005126	11.1
726	-0.813454	177.621975	0.006531	10.9
727	-0.560383	177.493232	0.006693	9.9
728	-0.704166	177.364738	0.006614	10.5
729	-0.289322	177.236492	0.004745	10.1
730	-0.897436	177.108492	0.009880	10.5
731	-0.946440	176.980739	0.007088	11.0
732	-0.424612	176.853231	0.005634	9.5
733	-0.724857	176.725968	0.005492	10.7
734	-0.000080	176.598949	0.000020	10.7
735	-0.678266	176.472173	0.005910	9.6
736	0.000000	176.345639	0.000000	12.2
737	-0.855434	176.219348	0.006915	9.8
738	-0.808756	176.093296	0.005818	10.7
739	0.000000	175.967486	0.000000	10.7
740	-0.309099	175.841914	0.004200	10.6
741	-0.840419	175.716581	0.007039	10.1
742	-0.280750	175.591486	0.004907	10.9
743	-0.873151	175.466629	0.007911	10.2
744	-0.594167	175.342008	0.007363	9.8
745	-0.697098	175.217622	0.006111	11.0
746	-0.577351	175.093472	0.007379	9.8
747	-0.218741	174.969556	0.003988	13.7
748	-0.635611	174.845873	0.003974	10.6
749	0.000000	174.722423	0.000000	9.3
750	-0.000000	174.599206	0.000000	10.0
751	-0.029016	174.476220	0.002896	10.2
752	-0.954611	174.353464	0.008197	9.4
753	-0.341928	174.230939	0.005351	10.4
754	-0.093439	174.108643	0.003084	9.6
755	-0.036995	173.986576	0.002889	10.2
756	-0.933122	173.864737	0.004865	10.1
757	0.000000	173.743124	0.000000	9.5
758	-0.145731	173.621739	0.003867	10.6
759	-0.755294	173.500579	0.006664	9.5
760	-0.764761	173.379645	0.007221	10.0
761	-0.432577	173.258935	0.005032	10.1
762	-0.039256	173.138449	0.001936	9.0
763	-0.743255	173.018186	0.008514	9.7
764	0.000000	172.898146	0.000000	9.2
765	-0.010082	172.778327	0.000748	9.3
766	-0.018110	172.658730	0.000543	9.7
767	-1.059076	172.539353	0.017922	8.9
768	0.000000	172.420196	0.000000	10.1
769	-0.753042	172.301258	0.007807	10.0
770	-0.054419	172.182539	0.002946	10.6
771	-0.621439	172.064037	0.007255	10.7
772	-0.765175	171.945753	0.009021	9.3
773	-0.023584	171.827686	0.000588	10.0
774	-0.767092	171.709834	0.004821	9.4
775	0.000000	171.592198	0.000000	10.2
776	-0.289172	171.474776	0.002961	10.0
777	-0.638309	171.357568	0.005137	9.4
778	-0.122968	171.240574	0.003869	10.7
779	-0.619396	171.123793	0.006980	9.3
780	-0.361380	171.007223	0.005017	10.9
781	0.000000	170.890865	0.000000	9.9
782	-0.638788	170.774718	0.005418	9.3
783	-0.924184	170.658782	0.008657	9.7
784	-0.000000	170.543055	0.000000	9.1
785	-0.544797	170.427537	0.009012	10.3
786	-0.785960	170.312227	0.007538	11.2
787	0.000000	170.197125	0.000000	9.3
788	0.000000	170.082231	0.000000	10.1
789	-0.008326	169.967543	0.000728	10.6
790	-0.060334	169.853061	0.002096	9.7
791	-0.603955	169.738784	0.006882	10.0
792	-0.534007	169.624713	0.010348	9.3
793	-0.035284	169.510845	0.002261	9.8
794	-0.000623	169.397181	0.000165	8.6
795	-0.150733	169.283720	0.003247	9.4
796	-0.483203	169.170462	0.007523	10.7
797	-0.968671	169.057405	0.007073	9.2
798	-0.629348	168.944549	0.007225	9.6
799	-0.984056	168.831895	0.007728	9.2
800	-0.884813	168.719440	0.007635	10.5
801	-0.755916	168.607185	0.005577	9.6
802	-0.398599	168.495129	0.005278	9.4
803	-0.822894	168.383271	0.006786	10.0
804	-0.540003	168.271611	0.005399	9.4
805	-0.000000	168.160148	0.000000	9.4
806	-0.000007	168.048882	0.000002	8.9
807	-0.929059	167.937812	0.012149	9.3
808	-0.341597	167.826938	0.004623	8.9
809	-0.005447	167.716258	0.000247	8.9
810	-0.872209	167.605773	0.009039	9.6
811	0.000000	167.495482	0.000000	10.9
812	-0.674484	167.385384	0.006131	10.1
813	-0.398869	167.275479	0.005883	9.5
814	-0.367620	167.165766	0.006504	9.3
815	-0.723126	167.056245	0.007230	10.9
816	-0.889073	166.946915	0.006428	9.8
817	-0.756800	166.837776	0.007513	10.0
818	-0.722304	166.728826	0.007189	9.3
819	-0.128208	166.620067	0.002891	9.2
820	0.000000	166.511496	0.000000	9.8
821	0.000000	166.403113	0.000000	9.2
822	-0.745509	166.294919	0.007367	9.7
823	-0.645018	166.186912	0.005695	9.9
824	-0.765848	166.079091	0.006191	9.4
825	-0.833025	165.971458	0.005803	10.5
826	-0.517518	165.864009	0.005031	9.5
827	-0.590689	165.756747	0.007683	9.6
828	-0.602133	165.649669	0.006068	8.7
829	-0.525248	165.542775	0.003629	9.1
830	-0.000000	165.436065	0.000000	9.0
831	-0.670242	165.329538	0.005798	10.1
832	-0.675499	165.223194	0.006280	9.5
833	-0.000000	165.117032	0.000000	9.5
834	-0.759909	165.011052	0.006176	9.2
835	0.000000	164.905253	0.000000	9.9
836	-0.991943	164.799635	0.005668	9.4
837	-0.477120	164.694197	0.006321	9.7
838	-0.879843	164.588939	0.009799	10.0
839	-0.792618	164.483859	0.005962	8.8
840	0.000000	164.378959	0.000000	8.9
841	0.000000	164.274237	0.000000	9.8
842	-0.785525	164.169692	0.004835	9.4
843	0.000000	164.065325	0.000000	9.5
844	-0.781727	163.961135	0.007154	9.9
845	-0.571067	163.857120	0.005921	9.9
846	0.000000	163.753282	0.000000	9.8
847	-0.137464	163.649619	0.002722	10.6
848	-1.051294	163.546130	0.008924	10.0
849	0.000000	163.442816	0.000000	9.5
850	-0.801922	163.339676	0.007259	9.8
851	-0.471354	163.236709	0.004735	10.5
852	-0.859264	163.133915	0.008009	9.0
853	-0.087321	163.031294	0.001415	9.8
854	-0.946570	162.928844	0.012718	10.0
855	-0.652611	162.826566	0.004913	9.6
856	-0.605513	162.724459	0.006245	9.8
857	-0.565177	162.622523	0.006522	10.0
858	0.000000	162.520757	0.000000	10.2
859	-1.022586	162.419160	0.007870	9.9
860	0.000000	162.317733	0.000000	9.1
861	0.000000	162.216474	0.000000	9.8
862	-0.402647	162.115383	0.002981	9.2
863	-0.907857	162.014461	0.014291	9.6
864	0.000000	161.913705	0.000000	9.1
865	-0.432061	161.813117	0.005691	10.5
866	-0.458659	161.712695	0.005450	9.7
867	-0.000000	161.612439	0.000000	9.2
868	-0.042169	161.512349	0.000707	11.0
869	-0.592886	161.412424	0.007052	9.7
870	0.000000	161.312663	0.000000	9.4
871	-0.813713	161.213067	0.017814	9.5
872	-0.700507	161.113635	0.007854	8.9
873	-0.552219	161.014366	0.004321	9.3
874	-0.385093	160.915260	0.003860	9.2
875	-0.853652	160.816316	0.009021	9.2
876	-0.102650	160.717535	0.002372	8.9
877	-0.363808	160.618915	0.005041	9.6
878	-0.014349	160.520456	0.000165	9.3
879	-0.148816	160.422158	0.003639	9.8
880	-0.075796	160.324021	0.001669	9.8
881	-0.272330	160.226043	0.004688	9.4
882	-0.197067	160.128225	0.002479	9.6
883	-0.000000	160.030566	0.000000	9.5
884	0.000000	159.933066	0.000000	9.3
885	-0.175301	159.835723	0.002929	10.4
886	-0.778671	159.738539	0.007715	9.3
887	-0.738232	159.641512	0.012369	10.0
888	-0.073989	159.544642	0.002250	9.3
889	-0.611716	159.447929	0.006531	10.4
890	-0.000000	159.351372	0.000000	10.0
891	-0.574115	159.254971	0.005689	10.6
892	-0.635260	159.158725	0.005832	9.4
893	-0.780617	159.062634	0.007219	9.4
894	0.000000	158.966697	0.000000	9.7
895	-0.067978	158.870915	0.001313	10.2
896	-0.961408	158.775286	0.008878	9.2
897	0.000000	158.679811	0.000000	9.5
898	-0.967856	158.584489	0.006776	9.2
899	-0.481231	158.489319	0.004624	10.1
900	-0.119174	158.394302	0.004265	9.2
901	-0.485879	158.299436	0.005308	9.2
902	-0.851182	158.204721	0.007608	10.3
903	-0.464096	158.110158	0.004192	9.2
904	-0.917155	158.015745	0.007986	9.2
905	-0.742652	157.921482	0.005138	9.0
906	-0.799643	157.827369	0.011082	9.7
907	-0.857292	157.733406	0.004674	9.3
908	-0.729477	157.639591	0.007558	9.6
909	-0.774758	157.545925	0.005632	10.0
910	0.000000	157.452408	0.000000	9.0
911	-1.047901	157.359038	0.008501	9.5
912	-0.604489	157.265816	0.006221	9.2
913	0.000000	157.172741	0.000000	10.5
914	-0.341225	157.079813	0.003539	11.3
915	0.000000	156.987031	0.000000	9.5
916	-0.789302	156.894395	0.008333	9.5
917	0.000000	156.801904	0.000000	9.3
918	-0.403129	156.709559	0.006411	9.6
919	-0.393612	156.617359	0.005948	10.1
920	-1.038445	156.525304	0.010772	9.6
921	-0.864838	156.433392	0.004389	9.5
922	-0.729282	156.341624	0.005918	9.5
923	-0.564913	156.250000	0.005155	10.2
924	-0.580092	156.158519	0.005474	10.3
925	-1.003853	156.067180	0.008326	9.4
926	-1.101662	155.975984	0.010174	10.7
927	-0.764409	155.884930	0.005402	9.3
928	-0.453999	155.794017	0.005076	9.6
929	-0.847529	155.703246	0.016150	9.7
930	-0.000000	155.612615	0.000000	9.2
931	-0.697602	155.522125	0.007568	9.3
932	0.000000	155.431775	0.000000	8.5
933	-0.469166	155.341565	0.006136	9.9
934	-0.923424	155.251495	0.005906	9.9
935	-0.129457	155.161563	0.004305	10.4
936	-0.410376	155.071771	0.003911	9.6
937	-0.049957	154.982117	0.004608	9.8
938	-0.000000	154.892601	0.000000	9.4
939	-0.675868	154.803222	0.004547	9.2
940	-0.979693	154.713981	0.011958	9.4
941	-0.779968	154.624878	0.005502	9.3
942	0.000000	154.535910	0.000000	9.2
943	-0.000815	154.447080	0.000415	9.8
944	-0.938314	154.358385	0.005750	9.4
945	-0.000042	154.269826	0.000001	10.5
946	-0.660819	154.181402	0.006065	9.8
947	0.000000	154.093114	0.000000	9.8
948	-0.061799	154.004960	0.001281	10.0
949	-0.000000	153.916940	0.000000	9.1
950	-0.566096	153.829054	0.010660	10.9
951	-0.084926	153.741303	0.002432	11.1
952	-0.548680	153.653684	0.003386	9.5
953	-0.926970	153.566198	0.013409	10.3
954	-0.473816	153.478846	0.006097	9.1
955	-0.530768	153.391625	0.005535	9.8
956	-0.649308	153.304537	0.007378	10.0
957	-0.835847	153.217580	0.008319	10.3
958	-0.708609	153.130755	0.006193	9.8
959	0.000000	153.044061	0.000000	9.4
960	-0.601734	152.957498	0.006934	9.8
961	-0.003207	152.871065	0.000373	9.4
962	0.000000	152.784762	0.000000	9.4
963	-0.688857	152.698589	0.007643	9.7
964	-0.758614	152.612545	0.007399	9.3
965	-0.499789	152.526631	0.006452	9.6
966	-0.856141	152.440845	0.007002	9.1
967	-0.694367	152.355188	0.006894	10.6
968	-0.939183	152.269660	0.008180	9.9
969	-0.710331	152.184259	0.006383	8.7
970	0.000000	152.098986	0.000000	9.4
971	-0.968430	152.013840	0.005623	9.5
972	-0.044973	151.928821	0.000759	8.9
973	-0.529810	151.843928	0.006060	8.9
974	-0.977171	151.759163	0.007859	9.8
975	0.000000	151.674523	0.000000	9.7
976	-0.604849	151.590009	0.007144	9.1
977	-0.602316	151.505620	0.008102	10.3
978	-0.525124	151.421357	0.006758	8.9
979	-0.146613	151.337218	0.004764	10.5
980	-0.698744	151.253204	0.006945	9.8
981	-0.335244	151.169314	0.004293	9.3
982	-0.934145	151.085549	0.009928	9.9
983	-0.894126	151.001907	0.005124	9.3
984	-0.690149	150.918388	0.008424	9.8
985	-1.276259	150.834992	0.015788	9.4
986	-0.561686	150.751719	0.007070	9.8
987	-0.928497	150.668569	0.006854	10.4
988	-0.578861	150.585541	0.005683	9.2
989	0.000000	150.502634	0.000000	10.1
990	0.000000	150.419849	0.000000	9.3
991	-0.429713	150.337186	0.009009	9.8
992	-0.761589	150.254644	0.005028	10.1
993	-0.349299	150.172222	0.002902	9.0
994	-0.474454	150.089921	0.005731	9.9
995	-0.027043	150.007740	0.000266	8.9
996	-0.052772	149.925679	0.000608	10.0
997	-0.868976	149.843737	0.006874	9.6
998	-0.353273	149.761915	0.004509	9.9
999	-0.675869	149.680212	0.010663	9.7
1000	-0.740720	149.598627	0.006517	9.1
1001	-0.470228	149.517161	0.005454	10.0
1002	0.000000	149.435814	0.000000	9.0
1003	0.000000	149.354584	0.000000	9.2
1004	0.000000	149.273472	0.000000	9.2
1005	-0.740324	149.192477	0.009096	9.0
1006	0.000000	149.111599	0.000000	9.3
1007	-0.000688	149.030838	0.000208	8.9
1008	0.000000	148.950194	0.000000	9.3
1009	-0.149391	148.869666	0.003536	9.1
1010	-0.119039	148.789253	0.001249	9.9
1011	-0.739919	148.708957	0.007239	9.9
1012	-0.312296	148.628776	0.007712	9.8
1013	-0.000194	148.548710	0.000111	9.1
1014	-0.282326	148.468759	0.005023	9.7
1015	0.000000	148.388923	0.000000	9.6
1016	-0.715292	148.309201	0.006931	9.0
1017	-0.647093	148.229594	0.005658	9.9
1018	-0.000136	148.150100	0.000024	9.5
1019	0.000000	148.070719	0.000000	10.0
1020	-0.843961	147.991452	0.005525	9.7
1021	-0.000000	147.912298	0.000000	9.4
1022	-1.021482	147.833257	0.009508	11.0
1023	-0.100119	147.754329	0.004020	9.9
1024	0.000000	147.675512	0.000000	9.3
1025	-0.896960	147.596808	0.009398	10.0
1026	0.000000	147.518216	0.000000	9.0
1027	-0.001040	147.439735	0.000368	9.6
1028	-0.740437	147.361365	0.005941	9.3
1029	0.000000	147.283106	0.000000	10.6
1030	0.000000	147.204958	0.000000	9.7
1031	-0.839293	147.126920	0.007675	9.1
1032	-0.509976	147.048993	0.005667	10.4
1033	-0.765147	146.971175	0.005767	9.0
1034	-0.141867	146.893468	0.004716	10.5
1035	-0.696614	146.815869	0.005233	10.0
1036	-0.629367	146.738380	0.006041	9.2
1037	0.000000	146.661000	0.000000	9.9
1038	-0.840795	146.583729	0.005581	8.6
1039	-0.188153	146.506566	0.002697	9.6
1040	-0.026316	146.429511	0.000714	9.3
1041	-0.778136	146.352565	0.009023	8.8
1042	-1.048917	146.275726	0.010678	10.5
1043	-1.003793	146.198994	0.007633	9.1
1044	-0.957620	146.122370	0.007168	10.1
1045	-0.692146	146.045853	0.005779	9.1
1046	-0.498658	145.969442	0.005840	9.9
1047	-0.659692	145.893139	0.005546	9.8
1048	-0.931177	145.816941	0.009288	8.9
1049	-0.891052	145.740849	0.009794	10.1
1050	-0.492878	145.664863	0.004415	9.1
1051	-0.000000	145.588983	0.000000	9.9
1052	-0.759785	145.513208	0.006260	10.2
1053	-0.516155	145.437538	0.006213	10.1
1054	-0.002828	145.361973	0.000370	10.7
1055	-0.765940	145.286513	0.004500	9.4
1056	-0.346391	145.211157	0.005222	10.0
1057	-0.409071	145.135905	0.004405	10.2
1058	-0.445967	145.060757	0.006954	9.6
1059	-0.571259	144.985712	0.008102	10.1
1060	0.000000	144.910771	0.000000	9.1
1061	-0.342312	144.835934	0.003729	10.0
1062	-0.768469	144.761199	0.006941	9.5
1063	-0.871723	144.686567	0.010609	9.9
1064	-0.977133	144.612037	0.008031	9.9
1065	0.000000	144.537610	0.000000	8.8
1066	-0.491148	144.463285	0.004993	9.4
1067	-0.033509	144.389062	0.000468	9.1
1068	-0.823706	144.314940	0.010169	10.2
1069	-0.609998	144.240920	0.006799	9.7
1070	-0.140168	144.167001	0.004048	9.5
1071	-0.010263	144.093182	0.000319	9.3
1072	-0.711754	144.019465	0.005795	9.2
1073	-0.910965	143.945848	0.007234	9.4
1074	-0.272733	143.872331	0.005160	9.1
1075	-0.761666	143.798914	0.006766	9.0
1076	-0.922089	143.725597	0.005668	9.7
1077	-0.699263	143.652380	0.009047	8.8
1078	-0.936544	143.579262	0.008120	9.8
1079	-0.691841	143.506243	0.006948	9.5
1080	-0.766996	143.433323	0.007591	10.4
1081	-0.379995	143.360502	0.006949	9.8
1082	-0.819718	143.287780	0.009128	9.1
1083	-0.726873	143.215155	0.007483	10.3
1084	-0.429711	143.142629	0.005855	9.2
1085	-0.917974	143.070201	0.008649	9.6
1086	-0.766190	142.997870	0.008037	9.2
1087	-0.000000	142.925637	0.000000	9.8
1088	-0.776132	142.853501	0.007572	10.1
1089	-0.383671	142.781462	0.004470	9.2
1090	-0.917490	142.709519	0.007779	10.2
1091	-0.882775	142.637674	0.008800	9.4
1092	-0.453710	142.565924	0.004573	10.7
1093	-0.017591	142.494271	0.001422	11.0
1094	-0.136733	142.422714	0.004218	9.7
1095	-0.800545	142.351252	0.006181	9.5
1096	0.000000	142.279886	0.000000	9.0
1097	-0.987384	142.208616	0.006079	9.9
1098	0.000000	142.137440	0.000000	9.7
1099	-0.894798	142.066360	0.009517	8.9
1100	-0.089032	141.995374	0.003609	9.7
1101	-0.163854	141.924483	0.003814	8.6
1102	-0.716235	141.853685	0.005260	10.0
1103	-0.694522	141.782983	0.008603	10.0
1104	-0.724514	141.712373	0.005556	8.8
1105	-0.813388	141.641858	0.006988	10.3
1106	0.000000	141.571436	0.000000	8.7
1107	-0.234571	141.501108	0.003459	9.4
1108	-0.665405	141.430872	0.009028	9.7
1109	-0.480042	141.360730	0.006318	9.4
1110	0.000000	141.290680	0.000000	9.4
1111	-0.920340	141.220722	0.005581	9.1
1112	-0.518349	141.150857	0.005974	9.9
1113	0.000000	141.081084	0.000000	10.6
1114	-0.933302	141.011403	0.006526	10.3
1115	-0.379053	140.941813	0.005067	10.7
1116	-0.612554	140.872315	0.004011	9.8
1117	-0.595981	140.802909	0.006150	9.8
1118	-0.339304	140.733593	0.004222	9.6
1119	0.000000	140.664369	0.000000	9.2
1120	-0.692669	140.595235	0.007354	10.2
1121	0.000000	140.526192	0.000000	9.5
1122	-0.381841	140.457239	0.008083	9.9
1123	0.000000	140.388376	0.000000	8.7
1124	-0.501620	140.319603	0.005320	10.2
1125	-0.004203	140.250920	0.000202	9.2
1126	-0.700418	140.182326	0.005741	8.7
1127	-0.000000	140.113822	0.000000	9.3
1128	-0.398843	140.045407	0.004266	9.4
1129	-0.811658	139.977081	0.007354	9.4
1130	0.000000	139.908844	0.000000	9.0
1131	-0.000000	139.840696	0.000000	10.0
1132	-0.404286	139.772635	0.008188	9.2
1133	-0.089170	139.704664	0.001762	10.0
1134	-0.356202	139.636780	0.004628	9.2
1135	-0.850876	139.568984	0.007322	10.8
1136	0.000000	139.501276	0.000000	9.1
1137	-0.612449	139.433655	0.007688	8.6
1138	-0.908746	139.366122	0.007262	9.6
1139	-1.160006	139.298676	0.009227	9.1
1140	-0.654059	139.231317	0.006158	9.7
1141	-0.821341	139.164045	0.005245	9.5
1142	-0.586855	139.096859	0.006824	9.2
1143	-1.103840	139.029760	0.015576	9.3
1144	0.000000	138.962747	0.000000	8.6
1145	-0.707043	138.895820	0.005532	9.7
1146	-0.000000	138.828978	0.000000	8.6
1147	0.000000	138.762223	0.000000	10.2
1148	-0.292683	138.695553	0.002711	9.9
1149	-0.010698	138.628969	0.000577	9.7
1150	-0.985831	138.562469	0.011184	10.4
1151	0.000000	138.496055	0.000000	9.5
1152	-0.760916	138.429725	0.007066	10.1
1153	-0.502817	138.363481	0.005170	9.7
1154	0.000000	138.297320	0.000000	12.1
1155	0.000000	138.231244	0.000000	10.0
1156	-0.078699	138.165252	0.002938	9.3
1157	-0.818877	138.099344	0.005273	10.2
1158	-0.006563	138.033520	0.000529	10.0
1159	-0.398605	137.967779	0.005282	9.3
1160	-0.000755	137.902122	0.000070	9.9
1161	-0.000026	137.836548	0.000020	9.5
1162	0.000000	137.771057	0.000000	10.3
1163	-0.368320	137.705649	0.005291	10.0
1164	-0.858368	137.640324	0.006333	9.3
1165	-0.979555	137.575081	0.005902	10.3
1166	-0.938152	137.509921	0.006529	8.8
1167	-0.037010	137.444842	0.003366	9.2
1168	-0.845606	137.379846	0.005305	9.5
1169	-0.288479	137.314932	0.003529	9.9
1170	-0.752499	137.250100	0.009124	10.1
1171	0.000000	137.185349	0.000000	9.1
1172	-0.600474	137.120680	0.007400	9.7
1173	-0.903251	137.056092	0.007508	9.9
1174	-0.600965	136.991585	0.007362	9.1
1175	-0.001686	136.927158	0.000156	9.8
1176	0.000000	136.862813	0.000000	8.8
1177	-0.000178	136.798548	0.000115	9.6
1178	-1.095454	136.734363	0.013663	9.2
1179	0.000000	136.670259	0.000000	10.5
1180	-1.178906	136.606235	0.011354	10.7
1181	-0.671960	136.542291	0.006502	9.2
1182	-0.542801	136.478426	0.006121	9.9
1183	-0.720118	136.414641	0.005504	9.8
1184	-0.604653	136.350936	0.003572	9.9
1185	-0.512255	136.287310	0.003735	9.8
1186	-0.940531	136.223763	0.008633	10.1
1187	-0.000584	136.160295	0.000009	9.8
1188	-0.377501	136.096905	0.005198	8.9
1189	-1.052257	136.033594	0.010626	10.0
1190	-0.926426	135.970362	0.006117	10.1
1191	-0.688498	135.907208	0.006259	9.5
1192	-0.000067	135.844133	0.000008	10.1
1193	-0.215296	135.781135	0.004281	9.6
1194	-0.019641	135.718215	0.000783	10.3
1195	-0.007216	135.655373	0.000271	9.4
1196	-0.943455	135.592608	0.006818	10.4
1197	-0.007500	135.529921	0.000420	9.8
1198	-0.836866	135.467311	0.008141	9.0
1199	-0.945848	135.404778	0.004607	10.5
1200	-0.740539	135.342322	0.008912	10.2
1201	0.000000	135.279942	0.000000	9.1
1202	-0.006571	135.217640	0.000362	10.1
1203	-0.634114	135.155413	0.009028	9.1
1204	-0.000004	135.093263	0.000000	9.8
1205	-0.353705	135.031190	0.005357	9.4
1206	-0.312571	134.969192	0.005046	9.4
1207	-0.035539	134.907270	0.002057	9.1
1208	-0.736425	134.845424	0.007090	8.7
1209	-0.012210	134.783653	0.000736	9.6
1210	0.000000	134.721958	0.000000	8.6
1211	0.000000	134.660338	0.000000	9.6
1212	-0.203570	134.598793	0.003732	9.2
1213	-0.017803	134.537323	0.001674	9.8
1214	-0.895331	134.475927	0.005428	10.0
1215	-0.614495	134.414607	0.006075	9.4
1216	-0.936969	134.353361	0.005431	9.6
1217	-0.843086	134.292189	0.005626	9.2
1218	-1.108277	134.231092	0.007002	9.2
1219	0.000000	134.170068	0.000000	9.1
1220	-0.001527	134.109119	0.000026	9.2
1221	-0.594426	134.048243	0.005566	9.1
1222	-0.553459	133.987441	0.006463	10.4
1223	0.000000	133.926713	0.000000	10.8
1224	-0.973624	133.866057	0.009182	9.1
1225	-0.646760	133.805475	0.006319	10.3
1226	0.000000	133.744966	0.000000	9.1
1227	-0.907341	133.684530	0.005719	9.3
1228	0.000000	133.624167	0.000000	9.7
1229	-1.025902	133.563877	0.009255	9.1
1230	-0.536131	133.503658	0.005388	9.9
1231	-0.375946	133.443513	0.007437	9.1
1232	0.000000	133.383439	0.000000	9.6
1233	-0.938796	133.323437	0.006266	10.2
1234	-0.643287	133.263508	0.006023	9.4
1235	-0.000716	133.203650	0.000256	9.8
1236	-1.040528	133.143864	0.009614	8.9
1237	-0.839194	133.084149	0.005097	9.1
1238	0.000000	133.024506	0.000000	9.1
1239	-0.890650	132.964934	0.007860	9.2
1240	-0.482506	132.905433	0.005179	9.6
1241	-1.207452	132.846003	0.010545	9.5
1242	0.000000	132.786643	0.000000	9.7
1243	-0.236052	132.727355	0.002910	8.6
1244	-0.804051	132.668137	0.006205	9.4
1245	0.000000	132.608989	0.000000	10.8
1246	-0.570957	132.549912	0.005481	9.6
1247	-0.896563	132.490904	0.006708	10.2
1248	-0.598474	132.431967	0.006094	9.4
1249	0.000000	132.373100	0.000000	9.7
1250	-0.885770	132.314302	0.007302	9.2
1251	-0.693392	132.255574	0.007494	9.9
1252	-0.750840	132.196916	0.006882	10.6
1253	0.000000	132.138326	0.000000	9.2
1254	0.000000	132.079806	0.000000	9.7
1255	-0.001210	132.021355	0.000370	10.4
1256	-0.961123	131.962973	0.011283	9.7
1257	-0.777479	131.904660	0.006978	10.0
1258	0.000000	131.846415	0.000000	9.7
1259	-0.185407	131.788239	0.004212	9.8
1260	-0.694987	131.730131	0.007119	10.8
1261	-0.555098	131.672092	0.005942	9.6
1262	0.000000	131.614121	0.000000	9.9
1263	-0.706813	131.556217	0.011187	9.1
1264	-0.756928	131.498382	0.008882	10.1
1265	-0.497692	131.440614	0.005400	8.8
1266	-0.122260	131.382914	0.001956	9.4
1267	0.000000	131.325282	0.000000	10.3
1268	0.000000	131.267717	0.000000	9.1
1269	-0.793783	131.210219	0.007092	9.7
1270	-0.577783	131.152788	0.007547	9.1
1271	0.000000	131.095424	0.000000	9.5
1272	0.000000	131.038127	0.000000	9.6
1273	-0.786467	130.980897	0.008293	9.6
1274	-0.930986	130.923733	0.010571	10.5
1275	-0.000560	130.866636	0.000453	9.0
1276	-0.858673	130.809605	0.006050	9.4
1277	-0.078426	130.752641	0.002242	8.7
1278	-0.896013	130.695742	0.005411	10.7
1279	-0.448163	130.638910	0.004266	10.5
1280	-0.957826	130.582143	0.005229	9.0
1281	-0.809890	130.525442	0.003699	9.9
1282	-0.000000	130.468807	0.000000	9.2
1283	-1.005796	130.412237	0.008688	9.3
1284	-0.060652	130.355733	0.004747	9.4
1285	0.000000	130.299294	0.000000	9.6
1286	-0.671376	130.242920	0.004357	10.0
1287	-0.267400	130.186611	0.003175	9.5
1288	-0.818697	130.130366	0.007102	11.0
1289	-0.022233	130.074187	0.000975	9.9
1290	-0.993231	130.018072	0.006078	9.2
1291	0.000000	129.962022	0.000000	10.5
1292	-0.596055	129.906036	0.004033	8.8
1293	-0.283128	129.850114	0.002376	10.0
1294	-0.168832	129.794257	0.004267	9.0
1295	-0.916980	129.738463	0.006577	9.8
1296	-0.883981	129.682734	0.008087	10.0
1297	-0.934375	129.627068	0.006930	8.8
1298	-0.960520	129.571466	0.007953	10.3
1299	-0.729435	129.515927	0.005994	8.7
1300	-0.305619	129.460452	0.004586	9.6
1301	-0.000000	129.405040	0.000000	9.8
1302	-0.828082	129.349692	0.007451	9.4
1303	-0.431929	129.294406	0.003916	9.5
1304	0.000000	129.239183	0.000000	9.0
1305	-0.079614	129.184024	0.001957	9.7
1306	-0.000000	129.128927	0.000000	8.7
1307	-0.535819	129.073892	0.006767	9.2
1308	-0.855203	129.018921	0.007753	9.2
1309	0.000000	128.964011	0.000000	9.8
1310	-0.903686	128.909164	0.007855	9.2
1311	-0.001014	128.854379	0.000022	9.8
1312	0.000000	128.799656	0.000000	10.2
1313	-0.594560	128.744995	0.005193	9.9
1314	0.000000	128.690396	0.000000	9.8
1315	0.000000	128.635858	0.000000	9.8
1316	-0.758112	128.581382	0.006581	9.4
1317	-0.982705	128.526968	0.005212	9.7
1318	-0.294188	128.472615	0.004037	9.3
1319	-0.493230	128.418323	0.005232	9.2
1320	-0.913663	128.364092	0.009665	9.3
1321	-0.626811	128.309922	0.005113	9.7
1322	-0.906098	128.255814	0.006801	9.8
1323	-0.190901	128.201766	0.002405	9.9
1324	-0.059448	128.147778	0.002091	9.9
1325	-0.024595	128.093852	0.002193	9.2
1326	-0.778426	128.039985	0.008038	10.3
1327	-0.098046	127.986180	0.002444	10.1
1328	-0.951352	127.932434	0.006845	9.8
1329	0.000000	127.878749	0.000000	10.0
1330	0.000000	127.825123	0.000000	9.1
1331	0.000000	127.771558	0.000000	9.5
1332	-0.342176	127.718052	0.005372	9.9
1333	-0.000388	127.664606	0.000213	9.7
1334	-0.549985	127.611220	0.006005	10.5
1335	-0.445187	127.557893	0.005513	9.4
1336	0.000000	127.504625	0.000000	9.8
1337	-0.038204	127.451417	0.001958	9.9
1338	-0.536475	127.398268	0.005307	9.4
1339	0.000000	127.345178	0.000000	9.5
1340	-0.225963	127.292147	0.002262	9.4
1341	-1.151582	127.239175	0.008730	9.6
1342	-0.476808	127.186261	0.004656	9.4
1343	-0.023512	127.133407	0.000236	9.5
1344	-0.565669	127.080610	0.006269	9.9
1345	-0.462011	127.027872	0.004892	10.5
1346	-0.789168	126.975193	0.009153	9.6
1347	0.000000	126.922572	0.000000	9.9
1348	-0.489549	126.870008	0.006058	9.6
1349	-0.731647	126.817503	0.005782	10.7
1350	-0.264305	126.765056	0.003385	9.2
1351	0.000000	126.712667	0.000000	9.5
1352	-0.000000	126.660335	0.000000	9.2
1353	-0.069275	126.608061	0.002750	9.8
1354	-0.051666	126.555844	0.002132	9.9
1355	-0.483088	126.503685	0.005689	10.8
1356	-0.614803	126.451583	0.005434	10.3
1357	0.000000	126.399538	0.000000	9.4
1358	-0.000000	126.347550	0.000000	9.3
1359	-1.004452	126.295619	0.007147	10.6
1360	-0.019066	126.243745	0.001986	10.2
1361	-0.570444	126.191928	0.005872	10.3
1362	-0.777088	126.140168	0.006368	10.3
1363	-0.489542	126.088464	0.005910	9.8
1364	-0.570920	126.036817	0.005634	9.4
1365	-0.080950	125.985226	0.001806	9.8
1366	-0.615079	125.933691	0.006991	9.8
1367	-0.000000	125.882212	0.000000	8.7
1368	-0.086317	125.830790	0.006013	9.3
1369	-0.160896	125.779423	0.004564	10.0
1370	-0.594649	125.728113	0.006852	9.6
1371	-0.757793	125.676858	0.006789	10.2
1372	-0.564255	125.625659	0.006067	8.6
1373	-0.461405	125.574515	0.007914	9.7
1374	-0.838905	125.523427	0.006396	9.4
1375	-0.895309	125.472394	0.004436	10.2
1376	-0.180812	125.421417	0.002731	9.9
1377	-0.531565	125.370495	0.006414	10.2
1378	0.000000	125.319628	0.000000	9.8
1379	-0.643675	125.268815	0.006099	9.8
1380	0.000000	125.218058	0.000000	9.7
1381	-0.810531	125.167356	0.005088	10.1
1382	-0.881349	125.116708	0.008570	9.8
1383	-0.000000	125.066115	0.000000	9.9
1384	-0.769355	125.015576	0.006168	10.1
1385	0.000000	124.965092	0.000000	9.5
1386	-0.014969	124.914662	0.000466	10.1
1387	-0.604351	124.864287	0.006294	10.2
1388	-0.929846	124.813965	0.007778	9.8
1389	-0.621410	124.763698	0.008871	9.7
1390	-0.327874	124.713485	0.003593	9.2
1391	-0.980010	124.663325	0.006242	10.3
1392	-0.895113	124.613219	0.004991	9.6
1393	0.000000	124.563167	0.000000	9.9
1394	-0.470688	124.513168	0.004057	8.9
1395	0.000000	124.463223	0.000000	9.6
1396	-0.000421	124.413332	0.000025	10.4
1397	0.000000	124.363493	0.000000	10.0
1398	-0.004042	124.313708	0.000705	9.5
1399	-1.007304	124.263976	0.005676	8.9
1400	0.000000	124.214297	0.000000	9.7
1401	-0.786041	124.164671	0.006806	9.3
1402	-0.700151	124.115097	0.007501	9.7
1403	-0.481218	124.065577	0.005312	9.6
1404	0.000000	124.016109	0.000000	9.2
1405	0.000000	123.966693	0.000000	10.0
1406	-0.750172	123.917330	0.007334	8.7
1407	-0.380802	123.868020	0.005626	10.3
1408	-0.605257	123.818762	0.008744	11.0
1409	0.000000	123.769556	0.000000	9.4
1410	0.000000	123.720402	0.000000	9.9
1411	-0.562313	123.671300	0.007538	9.9
1412	-0.453053	123.622250	0.006105	10.2
1413	-0.387444	123.573252	0.003746	10.0
1414	-0.262867	123.524305	0.005091	9.2
1415	-0.609410	123.475411	0.004471	9.9
1416	-0.783100	123.426568	0.005916	9.4
1417	-0.717066	123.377776	0.004687	9.5
1418	0.000000	123.329036	0.000000	10.1
1419	0.000000	123.280347	0.000000	9.8
1420	-0.212539	123.231709	0.005076	10.4
1421	-1.024125	123.183122	0.015250	9.3
1422	-0.738573	123.134587	0.008104	10.0
1423	-0.888615	123.086102	0.007551	9.9
1424	-0.352724	123.037669	0.003691	9.3
1425	-0.774295	122.989286	0.004355	9.7
1426	-0.036458	122.940954	0.001429	8.8
1427	-0.690385	122.892672	0.005217	10.5
1428	-0.495614	122.844441	0.007694	10.3
1429	-0.753279	122.796261	0.006043	9.2
1430	-0.944741	122.748130	0.007437	9.9
1431	-0.877835	122.700050	0.008732	9.8
1432	-0.000000	122.652021	0.000000	9.7
1433	-1.003322	122.604041	0.007723	9.5
1434	-0.926817	122.556111	0.005782	9.2
1435	-0.337509	122.508232	0.005277	10.1
1436	0.000000	122.460402	0.000000	9.0
1437	-0.021240	122.412622	0.000917	10.0
1438	-0.300684	122.364891	0.003985	8.8
1439	-0.536664	122.317210	0.004958	10.6
1440	-0.402905	122.269579	0.004573	9.7
1441	-0.020059	122.221997	0.000205	10.2
1442	-0.628609	122.174465	0.006173	9.4
1443	-0.530938	122.126981	0.006579	8.7
1444	-0.105534	122.079547	0.002121	10.0
1445	0.000000	122.032162	0.000000	9.7
1446	-0.843151	121.984826	0.008184	9.9
1447	-0.594818	121.937539	0.005941	9.8
1448	-0.848604	121.890301	0.011812	9.3
1449	-0.000000	121.843112	0.000000	9.6
1450	-0.709034	121.795971	0.004108	9.5
1451	-0.000622	121.748879	0.000045	9.7
1452	-0.845983	121.701835	0.005243	10.2
1453	0.000000	121.654840	0.000000	9.8
1454	-0.496672	121.607893	0.005272	10.0
1455	-0.057554	121.560994	0.002522	9.0
1456	-0.048696	121.514144	0.000837	10.4
1457	-0.640830	121.467342	0.005034	10.3
1458	-0.948583	121.420588	0.010541	9.2
1459	-1.027027	121.373882	0.011010	10.4
1460	-1.005733	121.327223	0.010584	9.1
1461	-1.199250	121.280613	0.010048	11.7
1462	-0.613755	121.234050	0.006327	10.7
1463	-0.912338	121.187535	0.006399	9.9
1464	-0.154706	121.141067	0.002621	10.2
1465	-0.378261	121.094647	0.003407	9.2
1466	0.000000	121.048274	0.000000	8.7
1467	-0.867503	121.001949	0.011572	10.1
1468	-0.034017	120.955671	0.003663	9.3
1469	-0.893899	120.909440	0.007976	9.3
1470	-0.337576	120.863256	0.006029	9.1
1471	-0.876150	120.817119	0.010637	9.8
1472	-0.603729	120.771029	0.005879	10.1
1473	-0.832078	120.724986	0.008711	9.6
1474	-0.301517	120.678990	0.002627	9.4
1475	-0.704287	120.633040	0.006741	10.8
1476	0.000000	120.587137	0.000000	10.4
1477	-1.198211	120.541281	0.011866	10.2
1478	-0.836105	120.495471	0.008126	9.9
1479	-0.478958	120.449707	0.005906	10.1
1480	-0.002112	120.403990	0.000473	10.1
1481	-0.529060	120.358319	0.004722	10.0
1482	-0.862187	120.312694	0.005827	10.3
1483	-0.884146	120.267115	0.007848	9.1
1484	-0.036484	120.221582	0.000749	9.6
1485	-0.605610	120.176096	0.007836	9.2
1486	-0.030109	120.130655	0.000706	10.7
1487	-0.000036	120.085260	0.000029	10.0
1488	-0.131013	120.039910	0.003759	9.2
1489	-1.059893	119.994606	0.007023	9.6
1490	0.000000	119.949348	0.000000	9.2
1491	-0.172692	119.904135	0.005772	9.8
1492	-0.135668	119.858968	0.002398	10.0
1493	-0.808825	119.813846	0.006931	8.8
1494	-0.972877	119.768769	0.007285	9.7
1495	-0.110077	119.723738	0.003218	9.5
1496	-0.919727	119.678752	0.007455	9.5
1497	-0.028573	119.633810	0.004509	9.4
1498	-0.043844	119.588914	0.002082	9.1
1499	-0.633878	119.544062	0.004010	10.8
1500	-0.073059	119.499256	0.001848	8.9
1501	-0.998051	119.454494	0.006774	9.8
1502	-0.108452	119.409777	0.002544	9.3
1503	-1.042262	119.365104	0.008597	9.5
1504	-0.060707	119.320476	0.002315	10.0
1505	-0.835415	119.275893	0.006711	9.8
1506	-0.291819	119.231353	0.005468	10.2
1507	-1.072336	119.186859	0.009530	10.0
1508	0.000000	119.142408	0.000000	10.4
1509	-0.154062	119.098002	0.004303	10.6
1510	0.000000	119.053639	0.000000	8.7
1511	-0.562139	119.009321	0.005540	9.7
1512	-0.009889	118.965047	0.000237	9.1
1513	-0.000177	118.920816	0.000029	10.0
1514	-0.617668	118.876630	0.005911	9.6
1515	0.000000	118.832487	0.000000	9.5
1516	0.000000	118.788388	0.000000	10.1
1517	-0.723425	118.744332	0.006860	8.9
1518	-0.002320	118.700320	0.000528	10.6
1519	-1.049074	118.656352	0.007635	9.8
1520	-0.888915	118.612427	0.007576	9.4
1521	-0.420129	118.568545	0.004261	10.2
1522	-0.149730	118.524706	0.002715	8.6
1523	-0.593801	118.480911	0.005492	10.2
1524	-0.281185	118.437159	0.003794	9.0
1525	-0.515328	118.393450	0.005185	8.8
1526	-0.000000	118.349784	0.000000	9.0
1527	-0.637568	118.306160	0.006317	9.8
1528	-0.646796	118.262580	0.008430	9.7
1529	-0.031095	118.219042	0.000671	9.8
1530	-0.000000	118.175548	0.000000	9.4
1531	0.000000	118.132095	0.000000	9.6
1532	-0.607886	118.088686	0.005431	10.0
1533	0.000000	118.045319	0.000000	9.5
1534	-0.736588	118.001994	0.005960	10.0
1535	-1.053481	117.958712	0.007792	9.6
1536	-0.837787	117.915472	0.006389	8.9
1537	-1.064538	117.872274	0.008435	9.0
1538	0.000000	117.829118	0.000000	8.9
1539	-0.200687	117.786005	0.002126	10.0
1540	-0.976709	117.742933	0.008184	9.9
1541	-0.577404	117.699904	0.005246	10.9
1542	-0.894312	117.656916	0.006795	10.2
1543	-0.398627	117.613971	0.005401	10.0
1544	-0.332383	117.571067	0.003358	10.1
1545	-0.869564	117.528205	0.006626	9.8
1546	0.000000	117.485384	0.000000	8.9
1547	-0.021236	117.442605	0.002520	10.4
1548	-0.589201	117.399867	0.005949	9.8
1549	-0.520571	117.357171	0.006475	9.4
1550	-0.322896	117.314517	0.005514	10.4
1551	0.000000	117.271903	0.000000	9.6
1552	-0.000000	117.229331	0.000000	10.1
1553	0.000000	117.186800	0.000000	9.2
1554	-1.054323	117.144311	0.008482	10.1
1555	-0.942281	117.101862	0.005797	10.4
1556	-0.504677	117.059454	0.005942	9.5
1557	-0.484558	117.017087	0.005395	9.9
1558	-0.969535	116.974762	0.006651	8.9
1559	0.000000	116.932476	0.000000	10.0
1560	0.000000	116.890232	0.000000	10.0
1561	-1.086285	116.848028	0.007945	9.3
1562	0.000000	116.805865	0.000000	10.3
1563	-0.638785	116.763743	0.008330	9.8
1564	-0.459022	116.721661	0.006132	10.2
1565	-0.632092	116.679619	0.005464	9.9
1566	-0.174547	116.637618	0.003099	9.4
1567	-0.912325	116.595657	0.008194	10.0
1568	-0.693965	116.553736	0.004518	8.9
1569	-0.938042	116.511855	0.007583	9.5
1570	-0.447785	116.470015	0.005372	10.1
1571	0.000000	116.428214	0.000000	9.2
1572	-0.503277	116.386454	0.005119	9.8
1573	-0.000803	116.344733	0.000270	9.4
1574	-0.867257	116.303052	0.005543	10.2
1575	0.000000	116.261412	0.000000	9.6
1576	-0.784526	116.219810	0.007146	9.4
1577	-0.267589	116.178249	0.006525	10.2
1578	0.000000	116.136727	0.000000	8.8
1579	-0.000000	116.095245	0.000000	10.0
1580	-0.998795	116.053802	0.007539	9.1
1581	-0.350733	116.012398	0.005692	10.5
1582	0.000000	115.971034	0.000000	10.2
1583	-0.544390	115.929710	0.005928	9.1
1584	-0.978648	115.888424	0.013112	9.5
1585	-0.105241	115.847178	0.001824	9.1
1586	-0.739452	115.805970	0.006913	10.0
1587	-0.126584	115.764802	0.002906	9.0
1588	-0.577928	115.723673	0.006697	10.1
1589	-0.931765	115.682583	0.004510	10.1
1590	0.000000	115.641532	0.000000	8.8
1591	-1.082985	115.600519	0.010374	10.5
1592	-0.028405	115.559546	0.001831	9.0
1593	-0.732915	115.518610	0.007105	9.7
1594	-0.869209	115.477714	0.007265	10.4
1595	-0.461960	115.436856	0.005599	9.2
1596	-0.944642	115.396037	0.008302	10.7
1597	-0.018282	115.355256	0.001139	9.0
1598	0.000000	115.314514	0.000000	9.8
1599	-0.227411	115.273810	0.004796	10.3
1600	0.000000	115.233144	0.000000	9.5
1601	-0.783421	115.192517	0.009231	9.5
1602	-0.001002	115.151927	0.000660	8.9
1603	-0.000000	115.111376	0.000000	9.7
1604	-0.226484	115.070863	0.004840	9.3
1605	0.000000	115.030388	0.000000	9.6
1606	-0.524781	114.989951	0.007868	10.4
1607	-0.704901	114.949551	0.006459	9.5
1608	-0.927520	114.909190	0.008390	10.4
1609	-0.615266	114.868866	0.009783	9.3
1610	-1.022201	114.828580	0.008091	10.0
1611	-0.622683	114.788332	0.006579	10.5
1612	-0.787335	114.748121	0.006154	9.5
1613	0.000000	114.707948	0.000000	9.6
1614	-0.786053	114.667812	0.008661	9.9
1615	-1.132589	114.627714	0.011799	9.8
1616	-0.502272	114.587653	0.005800	10.0
1617	-0.391692	114.547629	0.004964	9.0
1618	-0.864963	114.507643	0.005563	9.5
1619	-0.783811	114.467693	0.006368	10.4
1620	-0.960185	114.427781	0.008669	9.7
1621	-0.314659	114.387907	0.004889	10.2
1622	-0.811991	114.348069	0.008286	9.4
1623	-1.066903	114.308268	0.009162	9.9
1624	-0.528229	114.268504	0.007248	9.2
1625	-0.815890	114.228777	0.009194	10.1
1626	-0.866039	114.189086	0.008656	10.3
1627	-0.788430	114.149433	0.006782	9.1
1628	-0.635968	114.109816	0.006077	9.5
1629	-0.095148	114.070235	0.003858	9.6
1630	-0.399627	114.030692	0.005172	9.1
1631	-0.514037	113.991185	0.005420	9.4
1632	-0.837943	113.951714	0.009225	9.7
1633	-0.198940	113.912280	0.004363	10.0
1634	-0.784307	113.872882	0.007301	9.1
1635	-0.000000	113.833521	0.000000	9.4
1636	-0.822979	113.794195	0.006004	8.4
1637	-0.957095	113.754906	0.005749	9.5
1638	-0.575944	113.715653	0.006046	9.5
1639	0.000000	113.676437	0.000000	10.1
1640	-0.007814	113.637256	0.000040	9.8
1641	-0.762783	113.598111	0.005236	9.0
1642	-0.760027	113.559002	0.005315	10.2
1643	-0.723881	113.519929	0.007676	9.2
1644	0.000000	113.480892	0.000000	10.2
1645	-0.952378	113.441891	0.007148	10.6
1646	-0.741891	113.402925	0.004194	9.3
1647	-0.003904	113.363995	0.000053	10.2
1648	-0.000434	113.325101	0.000195	10.1
1649	-0.154483	113.286242	0.004415	10.7
1650	0.000000	113.247419	0.000000	10.5
1651	-0.003416	113.208631	0.000196	8.9
1652	-0.352131	113.169879	0.005410	11.0
1653	0.000000	113.131162	0.000000	9.8
1654	-0.006815	113.092480	0.000321	9.6
1655	-0.605997	113.053833	0.006303	10.1
1656	-0.609452	113.015222	0.006167	9.4
1657	-0.009962	112.976646	0.000645	10.4
1658	-0.684035	112.938105	0.004559	10.1
1659	-0.006065	112.899599	0.000867	9.0
1660	-0.490045	112.861128	0.004524	9.8
1661	-1.051657	112.822692	0.008070	9.8
1662	-0.757529	112.784291	0.006859	9.9
1663	-0.001685	112.745924	0.000329	9.7
1664	-0.960617	112.707593	0.006877	9.2
1665	-0.438788	112.669296	0.003894	10.5
1666	-0.647793	112.631034	0.008358	10.2
1667	-0.953423	112.592806	0.006909	9.8
1668	0.000000	112.554613	0.000000	9.9
1669	-0.000103	112.516455	0.000016	9.3
1670	-0.308067	112.478331	0.002538	9.9
1671	-1.021655	112.440241	0.008458	9.1
1672	-0.506262	112.402186	0.005125	9.7
1673	-0.088729	112.364165	0.001107	8.8
1674	-0.546064	112.326179	0.005788	11.1
1675	-0.616098	112.288227	0.003594	9.6
1676	-0.509018	112.250309	0.005375	9.1
1677	-0.487553	112.212425	0.006468	9.9
1678	-0.451379	112.174575	0.008927	9.1
1679	-0.170142	112.136759	0.003614	10.3
1680	-0.000000	112.098977	0.000000	10.8
1681	-0.829370	112.061229	0.006711	9.1
1682	-0.000000	112.023515	0.000000	9.8
1683	-1.053359	111.985834	0.007723	9.6
1684	-0.763768	111.948188	0.009230	10.5
1685	-0.023432	111.910575	0.001793	10.0
1686	-0.650083	111.872996	0.005787	9.5
1687	-0.826703	111.835450	0.006295	9.6
1688	-0.320991	111.797939	0.005538	8.8
1689	-0.916966	111.760460	0.006755	9.4
1690	-0.704964	111.723015	0.007068	9.6
1691	-0.186366	111.685604	0.003149	9.8
1692	-0.894137	111.648226	0.005415	9.7
1693	-0.272910	111.610881	0.005010	8.9
1694	-0.609114	111.573570	0.004063	10.1
1695	-0.811308	111.536292	0.008169	9.3
1696	-0.790947	111.499047	0.006840	9.4
1697	0.000000	111.461835	0.000000	9.7
1698	0.000000	111.424656	0.000000	9.0
1699	-0.010048	111.387510	0.000095	9.9
1700	-0.606394	111.350398	0.006117	8.8
1701	-0.207481	111.313318	0.001829	9.4
1702	-0.007992	111.276271	0.000573	8.8
1703	-0.841345	111.239257	0.008594	10.0
1704	-0.770047	111.202276	0.006032	9.5
1705	-0.709722	111.165328	0.005815	9.9
1706	-0.791388	111.128412	0.007180	10.0
1707	-0.879118	111.091529	0.006651	9.0
1708	-0.000000	111.054679	0.000000	9.9
1709	-0.918122	111.017861	0.007970	9.7
1710	-0.803231	110.981076	0.007791	9.3
1711	-0.969123	110.944323	0.007235	10.1
1712	-0.936669	110.907603	0.007000	9.3
1713	-0.423055	110.870915	0.005990	10.0
1714	-0.000000	110.834259	0.000000	9.1
1715	-0.346969	110.797636	0.004006	10.4
1716	-0.801462	110.761045	0.006890	10.3
1717	0.000000	110.724486	0.000000	8.7
1718	-0.890606	110.687959	0.006390	9.4
1719	-0.726365	110.651465	0.006583	9.4
1720	0.000000	110.615002	0.000000	10.6
1721	-0.504990	110.578572	0.004786	10.3
1722	-0.655224	110.542173	0.003937	8.9
1723	-0.423743	110.505807	0.004342	10.4
1724	-1.059015	110.469472	0.008119	9.2
1725	-0.000000	110.433169	0.000000	9.3
1726	-0.820130	110.396898	0.007549	9.3
1727	-0.959847	110.360659	0.006793	10.1
1728	-0.341773	110.324451	0.004128	9.6
1729	-0.909034	110.288276	0.007094	9.0
1730	-0.978175	110.252131	0.007028	9.9
1731	-0.027231	110.216019	0.002577	9.1
1732	-0.992768	110.179937	0.007148	9.5
1733	-0.778434	110.143888	0.006357	9.2
1734	0.000000	110.107869	0.000000	9.4
1735	0.000000	110.071882	0.000000	9.8
1736	-0.429328	110.035927	0.007556	9.4
1737	-0.875689	110.000003	0.006818	10.1
1738	0.000000	109.964110	0.000000	8.9
1739	-0.533652	109.928248	0.004746	10.8
1740	0.000000	109.892417	0.000000	10.1
1741	0.000000	109.856618	0.000000	9.7
1742	-0.595949	109.820850	0.008146	10.2
1743	-0.187652	109.785112	0.003031	9.2
1744	-0.018220	109.749406	0.002289	10.1
1745	-0.079084	109.713730	0.002894	10.3
1746	-0.001249	109.678086	0.000393	9.0
1747	-0.272886	109.642472	0.006709	9.9
1748	-0.056482	109.606890	0.000456	9.5
1749	-0.105185	109.571337	0.002520	10.7
1750	-0.376934	109.535816	0.005150	10.1
1751	-0.471978	109.500326	0.005355	9.5
1752	-0.473584	109.464866	0.006372	10.5
1753	-0.932363	109.429436	0.008469	9.4
1754	-0.717454	109.394038	0.006190	10.1
1755	0.000000	109.358669	0.000000	10.0
1756	-0.000000	109.323331	0.000000	10.0
1757	-0.000000	109.288024	0.000000	9.4
1758	-0.227772	109.252747	0.002734	9.1
1759	-0.916808	109.217501	0.009793	10.8
1760	-0.064141	109.182284	0.001233	9.9
1761	-0.032133	109.147098	0.001255	9.3
1762	-0.377058	109.111942	0.005427	9.8
1763	-0.001830	109.076817	0.000152	9.2
1764	-0.688837	109.041721	0.006163	10.0
1765	-0.170804	109.006656	0.003102	10.0
1766	-0.738262	108.971620	0.006546	10.2
1767	-0.493326	108.936615	0.006343	9.8
1768	-0.376795	108.901640	0.004172	9.1
1769	-0.208768	108.866694	0.002952	9.5
1770	-0.028556	108.831779	0.003505	9.1
1771	-0.765633	108.796893	0.003460	10.2
1772	-0.279907	108.762037	0.005224	9.8
1773	-0.523137	108.727211	0.006861	9.6
1774	-0.385289	108.692415	0.003905	9.8
1775	-0.636281	108.657648	0.005904	9.0
1776	-0.838325	108.622911	0.008200	9.6
1777	0.000000	108.588203	0.000000	10.3
1778	-0.648117	108.553525	0.005381	9.3
1779	-0.857658	108.518877	0.006370	9.7
1780	-0.104861	108.484258	0.002864	9.2
1781	-0.041364	108.449668	0.000732	10.2
1782	-0.921892	108.415108	0.006998	11.1
1783	-0.011012	108.380578	0.000517	9.3
1784	0.000000	108.346076	0.000000	10.0
1785	0.000000	108.311604	0.000000	9.4
1786	-0.080006	108.277161	0.003676	9.7
1787	0.000000	108.242747	0.000000	10.1
1788	-0.792456	108.208363	0.006159	9.6
1789	-0.988761	108.174007	0.007242	9.8
1790	-0.015029	108.139681	0.000482	9.1
1791	0.000000	108.105383	0.000000	9.3
1792	-1.008456	108.071115	0.007212	9.1
1793	-0.747824	108.036875	0.007847	10.6
1794	-0.119719	108.002665	0.003990	10.0
1795	-0.868574	107.968483	0.007416	9.2
1796	-1.054505	107.934330	0.009188	9.7
1797	-0.625689	107.900206	0.006991	8.8
1798	0.000000	107.866111	0.000000	9.1
1799	-0.731124	107.832044	0.007480	9.2
1800	-0.728099	107.798007	0.006362	9.4
1801	-0.903732	107.763997	0.006636	9.5
1802	-0.932740	107.730017	0.008348	9.6
1803	0.000000	107.696065	0.000000	9.8
1804	-0.920001	107.662141	0.007033	9.1
1805	-0.754321	107.628246	0.007219	10.8
1806	-0.846748	107.594379	0.005855	10.0
1807	-0.686867	107.560541	0.006978	8.7
1808	-1.223663	107.526731	0.010460	10.0
1809	0.000000	107.492949	0.000000	9.5
1810	-0.001715	107.459196	0.000293	9.9
1811	-1.031028	107.425471	0.006682	9.9
1812	-0.607922	107.391774	0.005845	10.2
1813	-0.519744	107.358106	0.005076	10.0
1814	-1.008543	107.324465	0.008897	9.0
1815	-0.627745	107.290853	0.007042	10.8
1816	-0.225300	107.257268	0.003807	10.2
1817	-0.465471	107.223712	0.007167	9.5
1818	-0.547647	107.190184	0.005805	10.3
1819	-0.746185	107.156683	0.007415	8.9
1820	-0.085116	107.123211	0.001724	9.7
1821	0.000000	107.089766	0.000000	9.9
1822	-0.746513	107.056349	0.006346	9.1
1823	0.000000	107.022960	0.000000	10.4
1824	0.000000	106.989599	0.000000	9.0
1825	-0.391210	106.956265	0.004871	9.5
1826	-0.859656	106.922960	0.004234	8.6
1827	-0.467638	106.889681	0.006387	10.9
1828	-0.876087	106.856431	0.006950	9.8
1829	-0.599753	106.823208	0.005501	8.8
1830	-0.954333	106.790012	0.007271	9.6
1831	-0.732148	106.756844	0.006726	8.7
1832	-0.414943	106.723703	0.004795	9.0
1833	-0.828121	106.690590	0.008250	8.5
1834	-0.165430	106.657505	0.006484	9.4
1835	-0.221337	106.624446	0.004465	9.2
1836	-0.592393	106.591415	0.006205	9.4
1837	-0.575399	106.558411	0.003613	9.6
1838	-0.660820	106.525435	0.005175	9.3
1839	-0.470982	106.492485	0.007455	9.5
1840	-0.553761	106.459563	0.005435	8.9
1841	-0.926851	106.426668	0.007926	9.8
1842	-0.954633	106.393800	0.008867	9.9
1843	-0.491525	106.360959	0.003345	9.0
1844	-0.837630	106.328145	0.006044	9.9
1845	-0.693038	106.295358	0.006305	9.0
1846	-1.081590	106.262598	0.011235	9.6
1847	-0.486210	106.229865	0.007069	8.9
1848	0.000000	106.197158	0.000000	11.1
1849	-1.052810	106.164479	0.005251	9.9
1850	-0.041174	106.131826	0.001460	9.2
1851	0.000000	106.099201	0.000000	10.5
1852	-0.000003	106.066602	0.000002	8.7
1853	0.000000	106.034029	0.000000	10.4
1854	-1.119955	106.001483	0.011244	10.7
1855	-0.624390	105.968964	0.007913	9.1
1856	-0.736766	105.936472	0.006344	10.3
1857	0.000000	105.904006	0.000000	9.2
1858	0.000000	105.871566	0.000000	10.1
1859	-0.429017	105.839153	0.005432	10.2
1860	0.000000	105.806767	0.000000	9.9
1861	-0.450876	105.774407	0.003825	9.6
1862	-0.047582	105.742073	0.001626	9.2
1863	0.000000	105.709766	0.000000	10.1
1864	-0.347475	105.677485	0.004356	9.9
1865	-0.974730	105.645230	0.006286	8.8
1866	-0.908912	105.613001	0.005479	9.6
1867	-0.864174	105.580799	0.005484	8.8
1868	-0.783990	105.548623	0.006017	10.1
1869	-0.912944	105.516473	0.005119	9.8
1870	-0.612994	105.484349	0.006847	11.9
1871	-0.516984	105.452251	0.005723	10.2
1872	-0.996078	105.420179	0.007483	9.1
1873	-1.099363	105.388133	0.006872	10.3
1874	0.000000	105.356113	0.000000	10.1
1875	-0.046940	105.324119	0.001898	9.3
1876	-1.172036	105.292151	0.008670	9.6
1877	-0.685661	105.260209	0.005866	9.3
1878	-0.438165	105.228293	0.006167	9.7
1879	0.000000	105.196402	0.000000	9.4
1880	-0.848091	105.164537	0.005168	10.0
1881	-0.171588	105.132698	0.002060	10.2
1882	-0.729338	105.100885	0.005950	10.3
1883	-0.936909	105.069097	0.007347	9.6
1884	-0.008303	105.037335	0.000722	9.5
1885	-0.762293	105.005598	0.005284	9.6
1886	-0.787174	104.973887	0.004888	9.9
1887	-0.213979	104.942202	0.003582	9.3
1888	-0.002650	104.910542	0.000327	9.6
1889	-0.301298	104.878907	0.003480	10.2
1890	-0.327224	104.847298	0.003871	10.2
1891	-0.003909	104.815715	0.001093	9.9
1892	-0.935344	104.784156	0.005822	10.4
1893	-0.611081	104.752623	0.004357	9.0
1894	-0.658445	104.721116	0.007284	9.2
1895	0.000000	104.689633	0.000000	10.2
1896	-1.077291	104.658176	0.011309	9.8
1897	-0.776347	104.626744	0.005932	8.9
1898	-0.186551	104.595337	0.001955	9.7
1899	-0.921218	104.563955	0.007542	9.0
1900	-0.399333	104.532599	0.004247	9.5
1901	-0.000000	104.501267	0.000000	8.9
1902	-0.625595	104.469960	0.007318	9.5
1903	-0.621916	104.438679	0.006586	9.8
1904	-0.871466	104.407422	0.005801	10.3
1905	-0.847815	104.376191	0.006582	9.3
1906	-0.175368	104.344984	0.003901	9.1
1907	-1.127737	104.313802	0.006684	9.3
1908	-0.589927	104.282645	0.004039	10.0
1909	-0.959285	104.251513	0.010739	9.7
1910	0.000000	104.220405	0.000000	10.1
1911	-0.000012	104.189323	0.000006	9.2
1912	-0.685959	104.158265	0.006937	10.0
1913	-0.000000	104.127231	0.000000	9.4
1914	-0.044596	104.096222	0.001726	10.1
1915	-0.755794	104.065238	0.004019	9.7
1916	-0.213092	104.034279	0.003449	9.3
1917	-0.019163	104.003344	0.001364	10.2
1918	0.000000	103.972433	0.000000	9.5
1919	-0.966929	103.941547	0.009196	10.0
1920	-0.862201	103.910686	0.005968	10.6
1921	-0.337500	103.879849	0.003626	8.8
1922	-0.151713	103.849036	0.003840	10.0
1923	-0.591360	103.818248	0.005921	8.9
1924	-0.468411	103.787484	0.003185	11.0
1925	0.000000	103.756744	0.000000	10.0
1926	-0.070811	103.726029	0.004333	8.9
1927	-0.949106	103.695338	0.006986	9.9
1928	0.000000	103.664671	0.000000	9.3
1929	-0.258124	103.634028	0.004712	10.5
1930	0.000000	103.603409	0.000000	9.2
1931	-0.928129	103.572814	0.007446	9.0
1932	-0.707912	103.542244	0.008072	9.8
1933	-0.574653	103.511698	0.004810	8.9
1934	-0.863784	103.481175	0.007975	9.7
1935	-1.026483	103.450677	0.008751	9.1
1936	-0.479834	103.420202	0.003480	10.2
1937	-0.000000	103.389752	0.000000	10.2
1938	0.000000	103.359325	0.000000	9.2
1939	-0.696653	103.328922	0.007729	10.2
1940	-0.000000	103.298543	0.000000	9.2
1941	-0.877607	103.268188	0.005573	9.9
1942	-0.756961	103.237857	0.008736	9.9
1943	-0.879133	103.207549	0.008302	9.2
1944	0.000000	103.177265	0.000000	10.1
1945	-0.632645	103.147005	0.003282	8.9
1946	0.000000	103.116768	0.000000	10.0
1947	0.000000	103.086556	0.000000	10.0
1948	-0.100440	103.056366	0.004493	10.8
1949	-0.499009	103.026200	0.006672	11.5
1950	-0.642029	102.996058	0.005886	9.7
1951	-0.802965	102.965939	0.005394	9.5
1952	-0.825733	102.935844	0.007746	10.0
1953	-0.980464	102.905772	0.007703	9.4
1954	-0.752719	102.875724	0.006186	9.6
1955	-1.160180	102.845699	0.010255	9.1
1956	-0.000499	102.815697	0.000069	10.1
1957	-0.765382	102.785719	0.005961	10.0
1958	-0.000000	102.755764	0.000000	10.4
1959	-0.326325	102.725832	0.007220	9.9
1960	-0.995009	102.695924	0.009030	9.1
1961	0.000000	102.666038	0.000000	9.7
1962	-0.846178	102.636176	0.005659	9.9
1963	-0.852374	102.606337	0.006817	8.5
1964	-0.773383	102.576521	0.006258	10.1
1965	-0.000000	102.546728	0.000000	9.4
1966	-0.883361	102.516959	0.006127	9.9
1967	-0.084314	102.487212	0.001719	9.1
1968	0.000000	102.457488	0.000000	9.8
1969	0.000000	102.427788	0.000000	10.5
1970	-0.000000	102.398110	0.000000	10.9
1971	-0.679121	102.368455	0.006519	9.5
1972	-0.891249	102.338823	0.006614	9.8
1973	-0.561178	102.309214	0.006544	9.4
1974	-0.826689	102.279628	0.007725	10.3
1975	-0.173750	102.250064	0.005472	9.2
1976	-0.634276	102.220524	0.006459	10.7
1977	-0.252624	102.191006	0.003165	9.6
1978	-0.524819	102.161511	0.004855	9.3
1979	-0.110368	102.132038	0.003196	9.9
1980	-0.884398	102.102588	0.008873	9.2
1981	-0.993555	102.073161	0.007424	9.5
1982	-1.064952	102.043757	0.007712	8.9
1983	-0.759923	102.014375	0.005590	9.8
1984	0.000000	101.985015	0.000000	9.0
1985	0.000000	101.955678	0.000000	8.9
1986	-0.055815	101.926364	0.001923	10.3
1987	0.000000	101.897072	0.000000	9.3
1988	-0.643648	101.867802	0.006300	9.5
1989	-0.192530	101.838555	0.002855	9.0
1990	-0.269868	101.809330	0.008979	10.0
1991	-0.642547	101.780128	0.004939	9.5
1992	-0.825246	101.750948	0.008017	9.7
1993	-1.103031	101.721790	0.010841	10.0
1994	-0.878172	101.692654	0.005766	8.8
1995	-0.131579	101.663541	0.004276	10.4
1996	-0.046723	101.634450	0.003951	11.2
1997	-0.374838	101.605381	0.004103	10.3
1998	-0.069342	101.576335	0.000693	10.7
1999	-0.314897	101.547310	0.002290	10.5
