1:ItNr	2:Metric	3:StepSize	4:||Gradient||	Time[ms]
0	-0.105148	627.201626	0.002998	932.1
1	-0.848156	623.504937	0.022621	5.9
2	-0.000000	619.865785	0.000000	6.6
3	-0.653620	616.282728	0.011825	5.5
4	-0.000000	612.754375	0.000000	6.3
5	-0.012218	609.279381	0.001976	6.2
6	-0.906105	605.856447	0.009667	5.3
7	-0.842374	602.484317	0.018082	6.5
8	-0.277488	599.161779	0.000993	5.5
9	-0.000000	595.887656	0.000000	5.4
10	-0.442763	592.660813	0.006891	6.5
11	-0.001279	589.480151	0.000403	6.0
12	-0.779644	586.344606	0.017432	6.4
13	-0.666570	583.253145	0.014186	5.8
14	-0.649169	580.204771	0.007947	5.5
15	-0.000000	577.198517	0.000000	6.2
16	-0.895783	574.233444	0.031528	5.8
17	-0.532533	571.308645	0.029260	5.6
18	-0.000002	568.423237	0.000001	6.7
19	-0.734907	565.576365	0.018645	6.7
20	-0.036361	562.767201	0.002236	6.9
21	-0.005855	559.994938	0.000268	6.2
22	-0.824661	557.258797	0.031245	7.0
23	-1.047824	554.558018	0.011322	7.1
24	-0.720450	551.891865	0.006793	5.7
25	-0.832825	549.259621	0.014215	7.3
26	-0.594131	546.660592	0.009567	7.2
27	-0.897206	544.094102	0.009937	7.6
28	-0.041993	541.559494	0.001530	6.4
29	-0.000277	539.056129	0.000078	6.4
30	-1.110188	536.583387	0.013279	7.4
31	-0.464329	534.140663	0.014014	6.7
32	-0.260563	531.727370	0.002461	6.5
33	-0.905071	529.342935	0.017625	5.9
34	-1.027066	526.986802	0.028436	6.2
35	-1.029000	524.658430	0.013029	6.9
36	-0.548349	522.357290	0.016916	5.9
37	-0.693244	520.082868	0.020501	7.2
38	-0.854413	517.834665	0.020135	5.8
39	-0.000000	515.612193	0.000000	6.5
40	-0.839111	513.414976	0.015815	7.7
41	-0.816312	511.242551	0.008304	7.0
42	-1.065006	509.094468	0.032401	8.0
43	-0.957577	506.970285	0.029994	8.0
44	-0.124155	504.869574	0.001056	7.1
45	-0.940389	502.791916	0.011056	6.5
46	-0.047133	500.736903	0.003339	6.9
47	-0.800920	498.704137	0.014854	6.8
48	-0.532107	496.693228	0.014715	7.8
49	-0.611737	494.703798	0.003873	7.6
50	-0.000000	492.735476	0.000000	6.7
51	-0.794988	490.787900	0.007722	8.1
52	-0.619435	488.860718	0.029267	7.6
53	-1.155677	486.953585	0.016543	8.2
54	-0.483856	485.066164	0.007065	6.6
55	-0.485124	483.198126	0.013459	7.6
56	-0.812692	481.349149	0.035080	7.8
57	-0.635780	479.518920	0.010776	8.4
58	-0.325090	477.707132	0.008161	7.2
59	-0.877925	475.913485	0.010226	8.1
60	-0.000403	474.137684	0.000070	7.0
61	-1.080939	472.379445	0.010331	6.9
62	-0.000000	470.638485	0.000000	7.6
63	-0.991462	468.914531	0.025456	8.2
64	-0.977958	467.207315	0.028482	10.1
65	-0.457570	465.516573	0.010635	8.7
66	-0.000000	463.842050	0.000000	7.3
67	-0.628225	462.183494	0.011402	6.7
68	-1.140615	460.540658	0.023001	6.6
69	-0.000077	458.913303	0.000020	8.2
70	-0.882515	457.301192	0.053500	8.5
71	-0.800399	455.704096	0.014888	6.6
72	-0.778474	454.121787	0.005821	7.6
73	-0.000350	452.554045	0.000107	6.6
74	-0.000000	451.000653	0.000000	7.7
75	-0.759442	449.461399	0.016370	6.4
76	-0.000000	447.936075	0.000000	6.4
77	-0.379207	446.424477	0.007738	6.8
78	-0.000000	444.926406	0.000000	7.4
79	-0.259001	443.441666	0.010199	7.9
80	-0.802722	441.970065	0.014042	6.9
81	-0.254604	440.511415	0.005429	8.8
82	-0.723599	439.065533	0.012096	7.2
83	-0.000000	437.632238	0.000000	6.9
84	-0.667134	436.211351	0.008755	6.7
85	-0.290101	434.802701	0.005019	8.0
86	-0.337630	433.406117	0.005749	7.0
87	-0.479399	432.021430	0.016866	7.0
88	-0.496459	430.648479	0.008894	8.3
89	-0.000000	429.287101	0.000000	7.5
90	-0.631643	427.937140	0.013379	7.4
91	-0.957325	426.598440	0.010267	6.2
92	-0.721031	425.270849	0.009075	6.7
93	-1.104289	423.954220	0.015559	6.6
94	-0.768619	422.648404	0.007169	7.4
95	-0.773576	421.353259	0.012864	6.6
96	-0.624611	420.068643	0.007573	6.4
97	-0.620561	418.794419	0.010153	7.2
98	-0.092044	417.530451	0.002377	7.5
99	-0.000000	416.276604	0.000000	7.2
100	-0.895349	415.032748	0.024452	7.0
101	-0.911303	413.798754	0.009156	7.5
102	-0.596276	412.574495	0.007278	7.3
103	-0.915964	411.359849	0.011833	7.8
104	-0.727482	410.154691	0.008012	8.2
105	-0.968573	408.958904	0.018190	7.6
106	-0.651828	407.772368	0.011930	7.5
107	-1.019218	406.594968	0.038620	7.0
108	-0.656954	405.426590	0.009445	6.7
109	-0.882749	404.267122	0.012182	6.5
110	-0.000000	403.116456	0.000000	6.8
111	-0.000000	401.974481	0.000000	7.5
112	-0.403147	400.841093	0.005991	6.7
113	-0.627357	399.716187	0.009950	7.4
114	-1.062378	398.599660	0.009922	6.8
115	-0.571105	397.491411	0.009068	9.0
116	-0.309770	396.391342	0.008523	6.8
117	-0.000000	395.299353	0.000000	8.0
118	-0.835086	394.215350	0.010630	7.7
119	-1.146298	393.139238	0.013802	7.1
120	-0.694506	392.070924	0.007074	7.1
121	-0.000000	391.010316	0.000000	6.2
122	-0.555641	389.957325	0.007752	8.3
123	-0.000000	388.911862	0.000000	7.3
124	-0.778377	387.873839	0.027745	7.3
125	-0.568622	386.843173	0.009852	7.5
126	-0.478968	385.819777	0.011712	9.0
127	-0.733181	384.803569	0.019224	6.4
128	-0.767393	383.794468	0.009351	6.9
129	-0.943521	382.792393	0.023512	6.3
130	-0.127448	381.797264	0.004045	6.7
131	-0.828468	380.809005	0.012172	7.0
132	0.000000	379.827537	0.000000	6.5
133	-0.880246	378.852786	0.017308	6.3
134	-0.713267	377.884678	0.005946	6.5
135	-0.188765	376.923138	0.005560	8.0
136	-0.483759	375.968095	0.002441	6.1
137	-0.036363	375.019479	0.003227	6.1
138	-0.562484	374.077218	0.002191	6.3
139	-0.763079	373.141244	0.007769	6.0
140	-0.000000	372.211489	0.000000	6.6
141	-0.012527	371.287887	0.001118	6.5
142	-0.175222	370.370370	0.004301	5.8
143	-1.019761	369.458876	0.014906	7.4
144	-0.113374	368.553338	0.002495	6.0
145	-0.533508	367.653696	0.015807	6.6
146	-0.073756	366.759885	0.001263	7.4
147	-0.628365	365.871846	0.005186	6.6
148	-0.913488	364.989518	0.008466	7.3
149	-0.458962	364.112841	0.007204	6.9
150	-0.817328	363.241757	0.013007	6.2
151	-0.958108	362.376208	0.022264	7.6
152	-0.000695	361.516137	0.000189	6.1
153	-0.729595	360.661488	0.005814	6.9
154	-0.869192	359.812206	0.010084	5.9
155	-0.060656	358.968236	0.003263	6.8
156	-0.754371	358.129524	0.010820	6.1
157	-0.589177	357.296018	0.018873	6.0
158	-0.214334	356.467665	0.004763	7.6
159	-0.112696	355.644414	0.003953	6.0
160	-0.134302	354.826213	0.004827	6.9
161	-1.021219	354.013012	0.009198	6.0
162	-0.000116	353.204763	0.000025	6.0
163	0.000000	352.401415	0.000000	6.5
164	-1.173085	351.602922	0.009538	6.2
165	-1.001879	350.809235	0.015252	6.4
166	-0.172424	350.020308	0.004712	6.4
167	-0.810294	349.236095	0.016996	6.8
168	-0.024212	348.456550	0.000726	6.8
169	-0.981328	347.681627	0.007715	6.0
170	-0.000000	346.911283	0.000000	6.3
171	-0.993566	346.145474	0.014908	6.4
172	-0.890309	345.384157	0.007107	6.4
173	-0.374926	344.627288	0.004574	7.5
174	-0.792384	343.874826	0.011097	6.7
175	-0.976986	343.126729	0.016436	7.3
176	-0.884791	342.382957	0.010010	5.9
177	-1.173945	341.643469	0.018232	6.2
178	-0.555031	340.908224	0.014822	6.7
179	-0.583260	340.177184	0.003781	6.5
180	-0.138981	339.450309	0.004737	6.9
181	-0.205980	338.727561	0.006620	7.2
182	-1.136800	338.008902	0.038731	6.0
183	-0.677377	337.294295	0.004034	6.9
184	-1.014452	336.583703	0.006665	7.6
185	-0.981610	335.877089	0.018562	6.7
186	-0.950582	335.174416	0.002858	6.4
187	-0.066346	334.475651	0.003634	5.9
188	-0.478996	333.780756	0.017507	6.9
189	-0.569816	333.089698	0.046900	7.0
190	-0.958293	332.402443	0.014064	7.3
191	-0.000000	331.718955	0.000000	6.5
192	-0.876350	331.039203	0.015870	6.8
193	-0.000000	330.363153	0.000000	6.6
194	-0.211078	329.690771	0.006244	6.4
195	-0.521104	329.022027	0.008386	7.2
196	-0.864805	328.356888	0.012477	6.5
197	-0.001150	327.695322	0.000247	6.0
198	-0.252055	327.037299	0.006250	6.4
199	-0.898920	326.382787	0.011625	6.5
200	-0.601260	325.731758	0.011531	6.4
201	-0.031513	325.084179	0.002558	6.0
202	-0.061168	324.440023	0.003049	6.7
203	-0.000000	323.799258	0.000000	6.5
204	-0.930338	323.161858	0.011568	6.7
205	-0.072905	322.527792	0.001014	7.5
206	-0.523689	321.897034	0.007514	6.7
207	-0.000023	321.269554	0.000007	6.5
208	-1.092323	320.645325	0.029187	6.3
209	-0.536113	320.024320	0.010078	6.4
210	-1.186496	319.406512	0.035550	7.4
211	-1.142706	318.791875	0.011599	6.8
212	-1.049732	318.180381	0.038996	7.2
213	-1.092807	317.572005	0.005702	6.3
214	-0.000000	316.966721	0.000000	6.4
215	-0.065360	316.364504	0.002501	6.2
216	-0.000000	315.765329	0.000000	6.7
217	-0.215244	315.169170	0.004517	6.8
218	-0.006452	314.576003	0.000831	6.2
219	-0.000639	313.985804	0.000069	6.8
220	-1.208889	313.398548	0.025897	6.7
221	-0.526957	312.814213	0.012356	6.9
222	-0.394266	312.232773	0.005184	6.7
223	-1.095635	311.654207	0.022661	6.4
224	-0.157026	311.078491	0.009125	6.2
225	-0.000000	310.505602	0.000000	6.6
226	-0.850625	309.935518	0.009438	6.1
227	-0.000000	309.368217	0.000000	7.3
228	-1.069534	308.803676	0.025121	6.5
229	-0.816186	308.241874	0.012388	5.9
230	-0.090065	307.682789	0.004318	7.9
231	-0.000103	307.126400	0.000036	7.5
232	-0.055033	306.572687	0.003441	7.0
233	-0.811976	306.021627	0.019178	6.1
234	-0.297661	305.473201	0.004809	7.3
235	-0.828029	304.927388	0.011052	6.0
236	-0.938467	304.384168	0.016993	5.9
237	-0.174645	303.843521	0.003467	6.3
238	-0.537935	303.305427	0.012019	6.5
239	-0.387302	302.769867	0.006838	6.2
240	-0.015330	302.236821	0.000922	7.7
241	-0.978072	301.706270	0.010921	6.1
242	-0.866745	301.178196	0.010965	6.6
243	-0.529881	300.652580	0.007068	6.7
244	-0.356195	300.129402	0.005723	7.0
245	-0.873162	299.608645	0.011797	6.2
246	-1.098287	299.090291	0.015342	5.8
247	-1.045438	298.574321	0.006834	9.3
248	-0.000000	298.060718	0.000000	7.5
249	-0.000000	297.549465	0.000000	7.8
250	-0.054215	297.040543	0.002539	7.3
251	-0.647037	296.533936	0.009952	7.1
252	-0.265127	296.029626	0.004089	5.8
253	-0.743068	295.527597	0.004701	6.1
254	-0.000000	295.027832	0.000000	6.8
255	-0.577525	294.530315	0.006670	6.2
256	-0.748982	294.035028	0.007418	6.7
257	-0.656762	293.541956	0.010409	6.1
258	-1.041767	293.051083	0.008422	6.5
259	-0.975521	292.562393	0.010452	6.0
260	-0.000000	292.075870	0.000000	6.1
261	-0.934453	291.591498	0.021395	7.4
262	-0.766501	291.109263	0.009494	6.1
263	-0.090210	290.629149	0.002867	6.3
264	-0.035548	290.151140	0.002400	6.9
265	-0.803757	289.675222	0.013141	6.1
266	-0.839071	289.201380	0.012217	6.7
267	-0.560518	288.729600	0.006773	6.1
268	-0.092767	288.259866	0.001650	7.2
269	-1.166019	287.792165	0.013402	6.7
270	-0.658684	287.326481	0.011638	6.1
271	-0.859021	286.862802	0.007180	6.7
272	-0.317971	286.401113	0.007143	6.0
273	-0.828305	285.941400	0.009025	6.9
274	-0.820456	285.483649	0.015876	6.6
275	-0.000780	285.027847	0.000138	6.3
276	-1.106937	284.573981	0.011050	7.0
277	-0.773130	284.122037	0.011507	6.2
278	-0.421124	283.672002	0.008077	6.3
279	-0.000000	283.223863	0.000000	7.4
280	-1.039944	282.777607	0.032933	6.0
281	-0.000000	282.333221	0.000000	6.5
282	-0.238140	281.890692	0.004878	6.3
283	-0.000000	281.450008	0.000000	6.2
284	-0.637728	281.011157	0.012307	6.5
285	-0.386114	280.574125	0.013450	6.0
286	-0.517661	280.138901	0.008150	6.7
287	-0.705019	279.705473	0.012328	6.3
288	-1.054298	279.273829	0.010844	6.1
289	-0.627956	278.843956	0.012290	7.1
290	-0.225175	278.415844	0.004456	5.9
291	0.000000	277.989479	0.000000	6.7
292	-0.993254	277.564851	0.017339	6.1
293	-0.827478	277.141949	0.022043	6.3
294	-0.957778	276.720761	0.016604	6.2
295	-1.094206	276.301275	0.013886	6.2
296	-0.000000	275.883480	0.000000	7.2
297	-0.510322	275.467366	0.020593	6.3
298	-0.910575	275.052922	0.017261	6.0
299	-0.942003	274.640136	0.019902	6.4
300	-0.122190	274.228998	0.003835	5.6
301	-1.122071	273.819497	0.010600	6.1
302	-0.684184	273.411623	0.009425	6.6
303	-0.000000	273.005365	0.000000	6.1
304	-0.363803	272.600712	0.004700	7.1
305	-0.000000	272.197655	0.000000	5.7
306	-0.000000	271.796184	0.000000	6.3
307	-0.000122	271.396287	0.000040	6.9
308	-0.001139	270.997956	0.000142	6.1
309	-0.000000	270.601180	0.000000	5.9
310	-0.000000	270.205949	0.000000	6.2
311	-0.465876	269.812254	0.010626	5.8
312	-0.682175	269.420085	0.009044	7.1
313	-0.691112	269.029432	0.017224	6.9
314	-0.000000	268.640287	0.000000	6.2
315	-0.706345	268.252638	0.008319	6.5
316	-0.308304	267.866478	0.006603	5.8
317	-0.157864	267.481796	0.004298	7.4
318	-0.912510	267.098584	0.017141	5.8
319	-0.899378	266.716833	0.005972	6.5
320	-0.350773	266.336533	0.009076	6.4
321	-0.000000	265.957676	0.000000	6.4
322	-1.041204	265.580253	0.011460	6.5
323	-0.205430	265.204254	0.004904	6.0
324	-0.800700	264.829672	0.011789	6.3
325	-0.471626	264.456497	0.006681	6.9
326	-1.091549	264.084721	0.021634	6.2
327	-0.554632	263.714335	0.012024	6.9
328	-0.000000	263.345332	0.000000	6.3
329	-0.000600	262.977702	0.000154	6.5
330	-1.175830	262.611438	0.025871	7.1
331	-0.379093	262.246531	0.002640	6.8
332	-0.561622	261.882973	0.011917	6.6
333	-0.592170	261.520756	0.007712	6.5
334	-0.732865	261.159871	0.008428	6.5
335	-0.219024	260.800312	0.004857	6.1
336	-1.205864	260.442070	0.009782	5.8
337	-0.636003	260.085137	0.009053	7.8
338	-0.320525	259.729505	0.009879	6.1
339	-0.095133	259.375167	0.000765	6.2
340	-0.000000	259.022116	0.000000	6.6
341	-0.000000	258.670343	0.000000	5.9
342	-1.120790	258.319841	0.013111	7.2
343	-1.114401	257.970602	0.008771	6.0
344	-1.085009	257.622620	0.013600	6.4
345	-1.139177	257.275887	0.022636	6.7
346	-0.904201	256.930396	0.007582	7.2
347	-1.056666	256.586139	0.045073	7.6
348	0.000000	256.243109	0.000000	5.9
349	-0.758058	255.901300	0.018279	6.4
350	-0.057580	255.560703	0.002919	6.8
351	-0.960151	255.221313	0.031508	6.0
352	-0.686303	254.883122	0.015703	6.8
353	-0.761127	254.546124	0.019897	6.1
354	-0.000522	254.210311	0.000147	6.2
355	-0.721727	253.875677	0.019966	6.9
356	-0.719593	253.542215	0.012059	5.9
357	-0.987117	253.209918	0.012083	6.5
358	-0.000000	252.878781	0.000000	6.0
359	-0.195122	252.548795	0.004842	5.8
360	-0.000209	252.219956	0.000042	6.8
361	-0.054329	251.892255	0.001219	7.1
362	-0.796980	251.565688	0.008070	7.0
363	-0.988152	251.240247	0.020310	6.4
364	-1.020361	250.915926	0.015705	5.9
365	-0.833474	250.592720	0.015105	6.9
366	-0.035069	250.270621	0.000795	5.6
367	-0.630836	249.949624	0.008559	6.3
368	-0.017661	249.629723	0.001238	5.8
369	-0.102552	249.310911	0.008548	5.8
370	-0.833221	248.993182	0.022835	6.9
371	-0.997917	248.676531	0.016414	6.1
372	-0.000000	248.360952	0.000000	5.9
373	-0.919542	248.046438	0.009914	6.5
374	-0.000018	247.732984	0.000006	5.6
375	-0.000434	247.420584	0.000124	6.1
376	-1.066250	247.109233	0.031613	5.9
377	-0.893706	246.798924	0.007148	5.9
378	-0.000000	246.489652	0.000000	6.4
379	-0.010081	246.181412	0.001293	7.5
380	-0.000000	245.874197	0.000000	7.1
381	-1.037107	245.568002	0.007621	6.3
382	-0.850390	245.262822	0.010453	5.8
383	-0.003633	244.958652	0.000763	7.2
384	-1.042642	244.655485	0.009314	6.5
385	-0.000000	244.353317	0.000000	6.5
386	-0.698405	244.052142	0.009438	6.6
387	-0.259522	243.751955	0.005272	6.1
388	-0.294431	243.452750	0.002193	6.6
389	-0.143237	243.154523	0.002468	6.2
390	-0.812744	242.857268	0.020574	6.0
391	-1.188786	242.560980	0.044610	6.9
392	-0.226162	242.265654	0.007112	6.6
393	-0.195664	241.971285	0.005686	7.2
394	-0.029736	241.677868	0.004099	6.6
395	-0.726289	241.385397	0.012369	7.2
396	-1.187456	241.093869	0.023516	7.1
397	-0.151127	240.803278	0.005915	6.3
398	-0.393798	240.513619	0.009294	6.5
399	-0.763763	240.224887	0.010126	6.4
400	-1.021802	239.937077	0.008810	6.9
401	-1.147740	239.650186	0.019713	6.3
402	-0.636094	239.364207	0.011532	6.2
403	-0.034005	239.079136	0.002434	7.6
404	-1.014456	238.794969	0.016069	6.3
405	-0.966765	238.511701	0.016384	6.8
406	-0.112237	238.229327	0.005310	6.4
407	-0.014569	237.947843	0.001591	6.1
408	-0.000000	237.667244	0.000000	6.2
409	-0.436412	237.387526	0.011977	7.0
410	-0.799560	237.108684	0.008076	6.9
411	-0.526577	236.830714	0.012186	6.2
412	-0.385767	236.553610	0.004982	6.3
413	-0.986562	236.277370	0.011955	7.3
414	-1.133652	236.001989	0.027264	6.1
415	-0.912152	235.727461	0.012421	6.9
416	-0.780433	235.453784	0.034797	6.1
417	-0.710932	235.180952	0.007568	6.2
418	-0.044948	234.908962	0.001429	6.5
419	-0.774414	234.637809	0.007294	6.3
420	-0.484237	234.367488	0.013329	6.6
421	-1.155579	234.097997	0.026272	6.2
422	-0.310034	233.829331	0.004649	6.0
423	-0.000000	233.561485	0.000000	6.8
424	-0.850409	233.294456	0.010517	6.4
425	-0.735493	233.028239	0.020949	6.9
426	-0.010480	232.762831	0.001051	6.1
427	-1.036442	232.498228	0.030549	5.8
428	-0.589326	232.234425	0.009130	7.4
429	-1.057941	231.971419	0.011933	6.5
430	-0.924880	231.709205	0.013719	7.4
431	-0.121914	231.447781	0.004415	6.0
432	-0.868187	231.187141	0.006980	6.3
433	-0.294214	230.927283	0.003771	6.2
434	-1.238989	230.668202	0.010226	6.0
435	-0.729947	230.409895	0.004638	6.2
436	-0.911112	230.152358	0.018122	6.5
437	-0.020888	229.895587	0.003116	6.6
438	-0.957767	229.639578	0.014911	6.0
439	-0.476919	229.384329	0.006996	5.9
440	-0.043270	229.129834	0.004022	6.7
441	-0.009972	228.876091	0.000771	6.8
442	-0.016951	228.623096	0.002074	5.9
443	-0.348861	228.370846	0.002156	7.1
444	-0.596900	228.119336	0.009944	5.9
445	-0.861093	227.868563	0.010618	6.0
446	-1.135770	227.618525	0.017895	7.5
447	-0.000033	227.369216	0.000011	6.4
448	-0.202937	227.120635	0.002945	6.6
449	-0.000000	226.872777	0.000000	6.3
450	-0.004055	226.625638	0.000224	6.1
451	-1.134931	226.379217	0.017122	6.4
452	-0.461573	226.133509	0.009308	6.0
453	-0.000000	225.888510	0.000000	6.8
454	-0.292620	225.644218	0.002523	6.0
455	-0.821045	225.400630	0.008577	7.5
456	-0.000000	225.157741	0.000000	7.3
457	-1.075477	224.915549	0.015974	6.2
458	-0.907503	224.674051	0.010440	7.0
459	-0.000000	224.433242	0.000000	6.1
460	-0.103324	224.193121	0.002929	6.2
461	-1.022964	223.953684	0.020696	7.2
462	-0.845661	223.714927	0.013463	5.9
463	-0.298689	223.476848	0.006728	6.6
464	-0.000005	223.239444	0.000001	5.9
465	-1.144543	223.002710	0.010215	6.1
466	-0.000000	222.766645	0.000000	6.5
467	-0.118243	222.531245	0.003923	6.5
468	-0.770900	222.296508	0.011046	6.7
469	-1.128208	222.062429	0.039480	6.5
470	-0.711657	221.829007	0.008945	7.0
471	-0.586963	221.596238	0.010507	6.3
472	-0.944906	221.364119	0.010131	6.2
473	-0.739882	221.132647	0.015603	6.9
474	-0.771422	220.901820	0.007719	6.9
475	-1.080037	220.671634	0.009944	6.8
476	-1.119462	220.442086	0.013437	6.2
477	-0.000000	220.213174	0.000000	6.5
478	-0.111239	219.984895	0.002373	6.6
479	-0.125764	219.757246	0.005484	7.0
480	-0.825815	219.530224	0.010371	7.0
481	-0.000000	219.303826	0.000000	6.7
482	-0.000000	219.078050	0.000000	5.9
483	-0.000023	218.852893	0.000011	6.7
484	-0.518493	218.628352	0.005115	6.2
485	-0.928990	218.404424	0.030916	7.1
486	-0.000000	218.181106	0.000000	6.2
487	-0.867216	217.958397	0.012266	6.6
488	-0.755553	217.736292	0.018743	6.7
489	-0.000000	217.514790	0.000000	6.1
490	-0.000000	217.293888	0.000000	7.4
491	-0.374705	217.073584	0.004247	6.0
492	-0.064454	216.853873	0.001433	6.0
493	-1.051985	216.634755	0.007006	7.1
494	-0.000000	216.416227	0.000000	6.6
495	-1.143623	216.198285	0.013113	7.0
496	-0.502253	215.980927	0.015711	6.6
497	-0.844273	215.764151	0.021408	5.8
498	-0.334746	215.547955	0.008828	6.9
499	-1.033693	215.332335	0.024002	6.9
500	-0.240737	215.117289	0.009577	7.4
501	-0.241099	214.902815	0.005158	6.2
502	-0.000000	214.688911	0.000000	6.1
503	-0.889020	214.475573	0.013184	7.3
504	-0.743527	214.262800	0.010304	6.4
505	-0.748581	214.050588	0.022641	7.4
506	-0.373121	213.838936	0.010233	6.3
507	-1.067618	213.627842	0.010890	6.9
508	-0.021795	213.417302	0.001226	6.3
509	-0.659212	213.207314	0.011133	6.4
510	-0.699900	212.997877	0.011491	6.6
511	-0.000164	212.788987	0.000056	6.9
512	-0.651946	212.580642	0.009133	6.9
513	-1.204068	212.372841	0.018972	6.9
514	-0.000000	212.165581	0.000000	5.9
515	-0.870985	211.958859	0.016249	6.9
516	-0.504686	211.752673	0.007757	6.3
517	-0.996117	211.547021	0.011639	6.8
518	-0.849572	211.341902	0.005240	6.1
519	-0.574723	211.137311	0.008781	6.7
520	-0.184289	210.933248	0.001288	8.0
521	-0.031166	210.729710	0.002338	6.3
522	-0.737146	210.526695	0.007257	6.9
523	-0.407404	210.324200	0.006387	6.3
524	-0.942578	210.122224	0.015237	6.5
525	-0.020805	209.920765	0.001658	7.1
526	-0.000000	209.719820	0.000000	33.1
527	-0.631261	209.519387	0.018149	12.8
528	-0.987719	209.319463	0.014024	6.9
529	-0.349169	209.120048	0.006659	8.0
530	-1.002136	208.921139	0.014513	7.3
531	-0.001537	208.722733	0.000177	10.5
532	-0.192069	208.524829	0.006354	6.1
533	-0.628897	208.327425	0.005609	6.2
534	-0.594507	208.130518	0.007902	6.4
535	-0.137554	207.934107	0.002054	6.6
536	-0.964081	207.738189	0.007895	8.2
537	-0.000000	207.542762	0.000000	6.3
538	-0.683312	207.347825	0.014434	7.0
539	-0.996360	207.153376	0.009269	6.2
540	-0.163714	206.959412	0.005997	6.0
541	-0.685008	206.765932	0.007193	7.1
542	-0.000000	206.572933	0.000000	5.7
543	-0.171644	206.380414	0.003273	6.4
544	0.000000	206.188373	0.000000	6.3
545	-0.175247	205.996807	0.005113	6.0
546	-0.728880	205.805716	0.011004	7.2
547	-1.173272	205.615096	0.012556	6.1
548	-0.984300	205.424946	0.006365	6.6
549	-0.229596	205.235265	0.003650	6.6
550	-0.660587	205.046050	0.008256	6.2
551	-0.816618	204.857299	0.019803	6.8
552	-0.602563	204.669011	0.007678	6.8
553	-0.927062	204.481184	0.018094	6.4
554	-0.775571	204.293816	0.012948	6.3
555	-0.618201	204.106905	0.007210	6.0
556	-0.801227	203.920449	0.007843	7.1
557	-0.812258	203.734447	0.030209	6.4
558	-1.001516	203.548896	0.016908	6.8
559	-1.073373	203.363795	0.008163	6.6
560	-0.144298	203.179143	0.005517	6.2
561	-0.974921	202.994937	0.013361	7.7
562	-0.228612	202.811176	0.006156	6.1
563	-0.927603	202.627857	0.010875	6.6
564	-0.001033	202.444980	0.000234	6.7
565	-1.078562	202.262543	0.008451	6.0
566	-0.564760	202.080543	0.014783	6.8
567	-0.994962	201.898979	0.008561	7.1
568	-0.000214	201.717849	0.000060	7.1
569	-0.109531	201.537153	0.002293	6.4
570	-0.542503	201.356887	0.007060	7.1
571	-0.008833	201.177050	0.001157	7.1
572	-1.010420	200.997642	0.019350	6.2
573	-0.000000	200.818659	0.000000	7.1
574	-1.175881	200.640100	0.019708	6.9
575	-0.675508	200.461965	0.015047	6.6
576	-0.681159	200.284250	0.008421	6.7
577	-0.000000	200.106955	0.000000	6.9
578	-1.210923	199.930078	0.037150	7.3
579	-0.000000	199.753617	0.000000	5.9
580	-0.611989	199.577571	0.008058	6.7
581	-0.000000	199.401938	0.000000	7.5
582	-0.000000	199.226717	0.000000	6.1
583	-1.090805	199.051905	0.012030	6.9
584	-0.833046	198.877502	0.005564	6.5
585	-0.924324	198.703506	0.008965	7.2
586	-0.902352	198.529916	0.008180	6.0
587	-0.000002	198.356729	0.000001	6.9
588	-0.603470	198.183944	0.007689	6.5
589	-0.715767	198.011560	0.008256	6.0
590	-0.960215	197.839576	0.011052	6.6
591	-0.000000	197.667989	0.000000	5.9
592	-0.315520	197.496798	0.007895	6.6
593	-0.000244	197.326002	0.000037	6.7
594	-1.169912	197.155600	0.005605	5.7
595	-0.000000	196.985589	0.000000	6.8
596	-0.006688	196.815969	0.001212	7.0
597	-0.535531	196.646738	0.008573	6.3
598	-0.517546	196.477894	0.010554	6.9
599	-0.000297	196.309436	0.000028	6.0
600	-0.699654	196.141363	0.009687	8.3
601	-1.045708	195.973673	0.007281	6.8
602	-0.247556	195.806365	0.004135	6.9
603	-0.483565	195.639437	0.004487	7.3
604	-0.988360	195.472888	0.007637	6.1
605	-0.788356	195.306717	0.020429	7.1
606	-0.638171	195.140922	0.012803	6.1
607	-0.533801	194.975501	0.008982	7.1
608	-0.525153	194.810454	0.007390	6.0
609	-0.000000	194.645779	0.000000	6.1
610	-0.705654	194.481475	0.014355	6.9
611	-0.551902	194.317540	0.004634	5.8
612	-0.000000	194.153973	0.000000	6.2
613	-1.133005	193.990773	0.011788	7.2
614	-1.000217	193.827938	0.014627	6.1
615	-0.893696	193.665467	0.038421	6.9
616	-0.039720	193.503358	0.001929	5.8
617	-0.670217	193.341611	0.007845	6.4
618	-0.000000	193.180224	0.000000	6.3
619	-1.050082	193.019196	0.014548	6.1
620	-0.576586	192.858525	0.007841	7.0
621	-0.844165	192.698210	0.026854	6.3
622	-1.078568	192.538251	0.016645	6.1
623	-0.949992	192.378644	0.053757	6.1
624	-1.056855	192.219391	0.011798	5.8
625	-0.585547	192.060488	0.005176	6.5
626	-0.645383	191.901935	0.013315	6.2
627	-0.000000	191.743730	0.000000	6.0
628	-0.899586	191.585873	0.013304	6.6
629	-0.000000	191.428362	0.000000	6.9
630	-0.242996	191.271196	0.005067	6.5
631	-0.000000	191.114374	0.000000	6.2
632	-0.873557	190.957893	0.011110	6.0
633	-1.183000	190.801755	0.039654	7.2
634	-1.086384	190.645956	0.015428	5.8
635	-0.546259	190.490495	0.011740	6.2
636	-0.953763	190.335373	0.015953	7.1
637	-1.054351	190.180587	0.010200	6.3
638	-0.000047	190.026136	0.000011	6.6
639	-0.177633	189.872019	0.005308	6.3
640	-0.954418	189.718235	0.016988	5.8
641	-1.084384	189.564782	0.015705	6.7
642	-0.127399	189.411661	0.004588	6.1
643	-0.908122	189.258868	0.015594	6.6
644	-0.914702	189.106404	0.026399	7.2
645	-0.836881	188.954267	0.013559	6.0
646	-0.000000	188.802456	0.000000	7.1
647	-1.243063	188.650969	0.019123	6.0
648	-0.637972	188.499807	0.008657	7.4
649	-0.827844	188.348967	0.008623	6.1
650	-0.000000	188.198448	0.000000	6.1
651	-0.966688	188.048250	0.012082	6.5
652	-1.060672	187.898371	0.040741	6.1
653	-0.000000	187.748810	0.000000	6.6
654	-0.735835	187.599566	0.010004	6.3
655	-1.106787	187.450638	0.012806	6.0
656	-0.255583	187.302025	0.005657	6.3
657	-0.000000	187.153725	0.000000	6.1
658	-0.000211	187.005739	0.000074	6.6
659	-0.809372	186.858064	0.009848	6.6
660	-0.893745	186.710699	0.011881	6.2
661	-1.041702	186.563645	0.014865	6.8
662	-0.859569	186.416898	0.006743	5.8
663	-0.000009	186.270459	0.000003	6.5
664	-0.000000	186.124326	0.000000	6.0
665	-0.750530	185.978499	0.004079	5.6
666	-0.959952	185.832976	0.022496	6.3
667	-0.486056	185.687756	0.009371	5.6
668	-1.129511	185.542838	0.028363	5.8
669	-0.914452	185.398222	0.007475	6.8
670	-0.903947	185.253906	0.017122	6.0
671	-1.003364	185.109889	0.010577	6.1
672	-1.154613	184.966170	0.012985	6.6
673	-0.000000	184.822748	0.000000	6.0
674	-0.330794	184.679623	0.006373	7.2
675	-0.261520	184.536792	0.005755	6.0
676	-0.000000	184.394256	0.000000	6.0
677	-0.027374	184.252013	0.001371	6.1
678	-0.770161	184.110062	0.036219	6.1
679	-0.765738	183.968403	0.008808	6.4
680	-1.063462	183.827034	0.006214	5.8
681	-1.050983	183.685954	0.016657	5.7
682	-0.214225	183.545163	0.003035	6.0
683	-0.546204	183.404658	0.008928	5.9
684	-1.002825	183.264441	0.007274	6.1
685	-0.954820	183.124509	0.003969	6.4
686	-1.121982	182.984861	0.012917	6.3
687	-0.000209	182.845497	0.000047	6.8
688	-1.024739	182.706416	0.013477	6.0
689	-0.842546	182.567616	0.041925	5.9
690	-0.647031	182.429098	0.007845	7.1
691	-0.786479	182.290859	0.006057	5.9
692	-0.965756	182.152899	0.020150	6.5
693	-0.000000	182.015217	0.000000	6.2
694	-0.176486	181.877813	0.005271	5.9
695	-0.000110	181.740684	0.000046	6.2
696	-0.000000	181.603832	0.000000	7.1
697	-0.789712	181.467253	0.011636	6.2
698	-0.000000	181.330948	0.000000	5.9
699	-0.636202	181.194916	0.010834	6.2
700	-0.000000	181.059155	0.000000	6.8
701	-0.394945	180.923666	0.007345	6.4
702	-0.000000	180.788446	0.000000	6.1
703	-0.895456	180.653496	0.022706	7.0
704	-0.838106	180.518814	0.008360	6.1
705	-1.074028	180.384399	0.016887	6.1
706	-1.137489	180.250251	0.036090	6.2
707	-0.000000	180.116369	0.000000	5.8
708	-0.000000	179.982752	0.000000	6.3
709	-1.017670	179.849398	0.008734	6.3
710	-0.052763	179.716308	0.003110	5.7
711	-0.210908	179.583480	0.006317	6.6
712	-0.986332	179.450913	0.008747	6.8
713	-0.353502	179.318607	0.003652	5.9
714	-0.000000	179.186561	0.000000	6.0
715	-1.111397	179.054774	0.011809	6.2
716	-0.922820	178.923245	0.007218	6.9
717	-0.000192	178.791973	0.000033	5.5
718	-0.059393	178.660958	0.003154	6.2
719	-1.116412	178.530199	0.005203	6.6
720	-0.787811	178.399694	0.013160	5.9
721	-0.933449	178.269444	0.005037	6.7
722	-0.990650	178.139447	0.012527	5.9
723	-0.083601	178.009702	0.003750	5.5
724	-0.847908	177.880209	0.010237	6.8
725	-0.847498	177.750967	0.004372	5.9
726	-0.476455	177.621975	0.009386	6.2
727	-0.949760	177.493232	0.007744	6.6
728	-1.017276	177.364738	0.012136	5.8
729	-0.594385	177.236492	0.003489	6.1
730	-1.086638	177.108492	0.025960	6.3
731	-0.016106	176.980739	0.001390	6.8
732	-0.732903	176.853231	0.009827	6.3
733	-0.000000	176.725968	0.000000	5.8
734	-0.697413	176.598949	0.012015	6.5
735	-1.033636	176.472173	0.006447	6.1
736	-1.061865	176.345639	0.008051	6.8
737	-0.000000	176.219348	0.000000	6.3
738	-0.000129	176.093296	0.000035	6.1
739	0.000000	175.967486	0.000000	6.6
740	-1.142921	175.841914	0.009425	6.1
741	-0.271017	175.716581	0.004190	6.0
742	-1.088320	175.591486	0.010661	6.8
743	-0.865035	175.466629	0.018339	6.4
744	-1.073234	175.342008	0.008762	6.0
745	-0.001408	175.217622	0.000130	6.8
746	-0.000020	175.093472	0.000007	6.7
747	-0.991819	174.969556	0.013526	6.4
748	-1.175520	174.845873	0.021860	5.9
749	-0.717919	174.722423	0.008253	5.9
750	-1.102930	174.599206	0.005790	7.1
751	-1.095448	174.476220	0.007096	5.9
752	-0.375327	174.353464	0.009864	6.8
753	-0.835852	174.230939	0.015911	6.2
754	-0.637461	174.108643	0.011131	5.8
755	-0.484949	173.986576	0.003247	6.0
756	-0.004459	173.864737	0.000384	5.9
757	-0.534333	173.743124	0.013157	6.1
758	-0.000265	173.621739	0.000073	7.2
759	-0.131455	173.500579	0.004559	5.7
760	-0.000484	173.379645	0.000175	6.3
761	-0.842131	173.258935	0.017321	6.1
762	-0.749054	173.138449	0.010566	5.9
763	-0.446626	173.018186	0.005258	6.1
764	-1.015416	172.898146	0.007344	6.8
765	-0.001360	172.778327	0.000438	6.0
766	-0.002648	172.658730	0.000584	6.2
767	-0.682256	172.539353	0.009107	6.0
768	-0.236113	172.420196	0.007789	6.4
769	-0.913387	172.301258	0.008581	5.9
770	-0.542221	172.182539	0.006365	5.4
771	-0.867582	172.064037	0.015203	6.6
772	-1.080761	171.945753	0.019653	6.0
773	-1.029875	171.827686	0.022662	6.2
774	-0.620427	171.709834	0.009211	6.3
775	-0.815670	171.592198	0.006702	5.8
776	-0.690410	171.474776	0.008324	5.9
777	-0.850421	171.357568	0.018118	6.1
778	-0.672159	171.240574	0.007331	5.9
779	-0.000000	171.123793	0.000000	6.6
780	-0.216558	171.007223	0.005315	6.0
781	-1.085428	170.890865	0.013081	5.7
782	-0.701845	170.774718	0.008980	6.5
783	-0.143051	170.658782	0.005797	5.6
784	-0.379776	170.543055	0.005935	6.0
785	-1.035203	170.427537	0.017060	6.5
786	-0.500548	170.312227	0.014695	5.9
787	-1.203194	170.197125	0.017610	6.8
788	-0.733108	170.082231	0.005176	6.7
789	-0.005916	169.967543	0.000680	7.3
790	-0.325511	169.853061	0.006252	6.2
791	-0.999436	169.738784	0.008042	6.4
792	0.000000	169.624713	0.000000	6.6
793	-0.111467	169.510845	0.006194	6.3
794	-1.030842	169.397181	0.007134	6.8
795	-0.378649	169.283720	0.007168	6.4
796	-0.972980	169.170462	0.014566	6.2
797	-0.060118	169.057405	0.002993	7.4
798	-0.278504	168.944549	0.006589	6.9
799	-0.570574	168.831895	0.005797	6.9
800	-0.844249	168.719440	0.011734	6.8
801	-1.013783	168.607185	0.014039	6.2
802	-0.417870	168.495129	0.005191	7.5
803	-0.582157	168.383271	0.011007	7.4
804	-0.000000	168.271611	0.000000	6.2
805	-0.713767	168.160148	0.005999	6.2
806	-0.158453	168.048882	0.004540	6.2
807	-1.023691	167.937812	0.007416	6.3
808	-0.031060	167.826938	0.002433	6.6
809	-0.915975	167.716258	0.005716	7.6
810	-0.000000	167.605773	0.000000	7.0
811	-1.128338	167.495482	0.015377	6.6
812	-0.501641	167.385384	0.007929	6.8
813	-0.668015	167.275479	0.010922	6.4
814	-0.722447	167.165766	0.009224	7.3
815	-0.000000	167.056245	0.000000	5.9
816	-0.241895	166.946915	0.004365	7.6
817	-0.000000	166.837776	0.000000	7.9
818	-0.002131	166.728826	0.000345	6.3
819	-0.815248	166.620067	0.024477	7.0
820	-1.165655	166.511496	0.013060	6.4
821	-0.000000	166.403113	0.000000	6.4
822	-0.000000	166.294919	0.000000	6.2
823	-0.538273	166.186912	0.006409	7.0
824	-1.194465	166.079091	0.015430	6.3
825	-0.543598	165.971458	0.007208	6.9
826	-0.766600	165.864009	0.014085	7.5
827	-0.774210	165.756747	0.008567	6.3
828	-0.909746	165.649669	0.012691	7.7
829	-0.860862	165.542775	0.011501	8.3
830	-0.001255	165.436065	0.000279	8.3
831	-0.808392	165.329538	0.011040	6.4
832	-1.090740	165.223194	0.008684	6.5
833	-1.116145	165.117032	0.009282	7.0
834	-0.835764	165.011052	0.016231	6.2
835	-0.007077	164.905253	0.001222	7.2
836	-0.709715	164.799635	0.015204	6.1
837	-0.663773	164.694197	0.009443	7.5
838	-0.000233	164.588939	0.000081	6.4
839	-0.530783	164.483859	0.016092	6.1
840	-0.737321	164.378959	0.005523	7.7
841	-1.069132	164.274237	0.011594	6.2
842	-0.082212	164.169692	0.001041	6.9
843	-1.000011	164.065325	0.012193	6.6
844	-0.000000	163.961135	0.000000	6.5
845	-0.915583	163.857120	0.021879	7.2
846	-1.275515	163.753282	0.012192	6.8
847	-1.136694	163.649619	0.004822	7.0
848	-0.194630	163.546130	0.002248	6.8
849	-1.172254	163.442816	0.017711	6.7
850	-0.006361	163.339676	0.000649	6.6
851	-0.767930	163.236709	0.010123	6.6
852	-0.880336	163.133915	0.018707	7.1
853	-0.126691	163.031294	0.003359	5.9
854	-1.052997	162.928844	0.026721	7.0
855	-0.721619	162.826566	0.006196	6.2
856	-0.637038	162.724459	0.019439	6.0
857	-0.775857	162.622523	0.012296	7.6
858	-0.794797	162.520757	0.010517	6.0
859	-0.595235	162.419160	0.004139	7.0
860	-1.172326	162.317733	0.015291	6.1
861	-1.103055	162.216474	0.028546	6.0
862	-0.682859	162.115383	0.005958	6.4
863	-0.824950	162.014461	0.009132	6.0
864	-0.999224	161.913705	0.012550	5.8
865	-1.049987	161.813117	0.017420	6.5
866	-0.000001	161.712695	0.000000	6.4
867	-0.589142	161.612439	0.004875	6.1
868	-0.501931	161.512349	0.009097	6.0
869	-0.605941	161.412424	0.005847	5.8
870	-1.230763	161.312663	0.016444	6.6
871	-0.360728	161.213067	0.007746	5.8
872	-1.042443	161.113635	0.013373	5.9
873	-0.000000	161.014366	0.000000	7.2
874	-1.137628	160.915260	0.055846	5.5
875	-0.000000	160.816316	0.000000	6.8
876	-0.000000	160.717535	0.000000	5.7
877	-1.134502	160.618915	0.019906	5.7
878	-0.790733	160.520456	0.013791	6.6
879	-0.376931	160.422158	0.008175	6.6
880	-0.527583	160.324021	0.005425	6.0
881	-0.854584	160.226043	0.011806	6.2
882	-0.905201	160.128225	0.012987	5.6
883	-0.973710	160.030566	0.021577	6.4
884	-0.000000	159.933066	0.000000	5.7
885	-1.028567	159.835723	0.008499	5.7
886	-0.782367	159.738539	0.004172	6.4
887	-0.828051	159.641512	0.010549	5.9
888	-0.912808	159.544642	0.017924	5.9
889	-0.009258	159.447929	0.001117	6.7
890	-0.614694	159.351372	0.006062	5.6
891	-0.016288	159.254971	0.000961	6.5
892	-0.632361	159.158725	0.011138	6.3
893	-0.697206	159.062634	0.007960	6.1
894	-0.573581	158.966697	0.012551	7.3
895	-0.797223	158.870915	0.007091	5.9
896	-0.897260	158.775286	0.011426	6.4
897	-0.000000	158.679811	0.000000	6.2
898	-1.042541	158.584489	0.016223	5.9
899	-0.526266	158.489319	0.013195	6.8
900	-0.000002	158.394302	0.000001	6.3
901	-0.908948	158.299436	0.013248	5.7
902	-0.299762	158.204721	0.006848	7.3
903	-0.370191	158.110158	0.002828	6.0
904	-0.000000	158.015745	0.000000	7.2
905	-0.362166	157.921482	0.006882	5.9
906	-1.003642	157.827369	0.019389	6.2
907	-0.673970	157.733406	0.008858	6.6
908	-1.065125	157.639591	0.007316	5.9
909	-0.675856	157.545925	0.016546	7.3
910	-0.000000	157.452408	0.000000	6.1
911	-0.906721	157.359038	0.013760	6.1
912	-0.000000	157.265816	0.000000	6.9
913	-0.958448	157.172741	0.006996	6.0
914	-0.540852	157.079813	0.010152	6.0
915	-0.310226	156.987031	0.005182	5.8
916	-0.837359	156.894395	0.008124	6.1
917	-0.174908	156.801904	0.004543	7.3
918	-1.240668	156.709559	0.020300	5.9
919	-1.077708	156.617359	0.019920	5.8
920	-0.229578	156.525304	0.005853	6.6
921	-0.627362	156.433392	0.007451	5.7
922	-0.435852	156.341624	0.006448	6.3
923	-1.079039	156.250000	0.005711	5.7
924	-1.036688	156.158519	0.009713	5.7
925	-0.000000	156.067180	0.000000	6.6
926	-1.148164	155.975984	0.011742	5.6
927	-0.022127	155.884930	0.001379	5.9
928	-1.148898	155.794017	0.012755	6.9
929	-0.661448	155.703246	0.014393	6.2
930	-0.725499	155.612615	0.006280	6.6
931	-0.408094	155.522125	0.008736	5.8
932	-0.844881	155.431775	0.004908	5.7
933	-0.412391	155.341565	0.004807	7.1
934	-1.115459	155.251495	0.009634	5.8
935	-0.948147	155.161563	0.025851	5.9
936	-0.946248	155.071771	0.005126	6.8
937	-0.367851	154.982117	0.007145	5.8
938	-0.882024	154.892601	0.010343	7.1
939	-0.343328	154.803222	0.006588	5.7
940	-0.831561	154.713981	0.011644	5.9
941	-0.451392	154.624878	0.007622	6.8
942	-0.000000	154.535910	0.000000	6.0
943	-0.790248	154.447080	0.010284	6.6
944	-0.000000	154.358385	0.000000	5.9
945	-0.909789	154.269826	0.009200	5.9
946	-0.844898	154.181402	0.003822	6.4
947	-0.984973	154.093114	0.016628	6.2
948	-0.770021	154.004960	0.013922	6.5
949	-1.034175	153.916940	0.016727	7.2
950	-0.907773	153.829054	0.010746	6.1
951	-1.126763	153.741303	0.016702	6.7
952	-0.391187	153.653684	0.009621	6.2
953	-0.854297	153.566198	0.007159	6.1
954	-0.111075	153.478846	0.004742	6.8
955	-0.872243	153.391625	0.007584	6.0
956	-1.073213	153.304537	0.003981	6.5
957	-1.151538	153.217580	0.013854	5.8
958	-0.004680	153.130755	0.000760	5.7
959	-0.517643	153.044061	0.003601	6.3
960	-1.255669	152.957498	0.033619	5.7
961	-0.696638	152.871065	0.007349	5.7
962	-0.090695	152.784762	0.002114	6.3
963	-0.758300	152.698589	0.012068	6.3
964	-0.818099	152.612545	0.032987	6.1
965	-0.898036	152.526631	0.020783	6.6
966	-0.000000	152.440845	0.000000	5.8
967	-0.000000	152.355188	0.000000	6.3
968	-1.140658	152.269660	0.008465	6.2
969	-0.725332	152.184259	0.013910	5.8
970	-0.910632	152.098986	0.020061	6.6
971	-0.609355	152.013840	0.010076	5.8
972	-1.041024	151.928821	0.013762	6.4
973	-1.151756	151.843928	0.016920	5.8
974	-0.000000	151.759163	0.000000	5.8
975	-0.291458	151.674523	0.005285	6.5
976	-1.046559	151.590009	0.008269	5.6
977	-0.853589	151.505620	0.015286	6.4
978	-0.845190	151.421357	0.009392	6.0
979	-0.907013	151.337218	0.007147	6.8
980	-0.000000	151.253204	0.000000	6.5
981	-0.871650	151.169314	0.007194	6.1
982	-0.763132	151.085549	0.013389	5.5
983	-0.516265	151.001907	0.014140	7.1
984	-0.000000	150.918388	0.000000	6.6
985	-0.880046	150.834992	0.012420	5.9
986	-0.000000	150.751719	0.000000	6.6
987	-0.403331	150.668569	0.007322	6.0
988	-0.035794	150.585541	0.001601	6.9
989	-0.142898	150.502634	0.004368	5.9
990	-0.945264	150.419849	0.007810	6.1
991	-0.000004	150.337186	0.000002	7.0
992	-0.607987	150.254644	0.008538	6.2
993	-0.186491	150.172222	0.004086	7.1
994	-1.207612	150.089921	0.008517	6.1
995	-1.149680	150.007740	0.013975	6.1
996	-0.797016	149.925679	0.024010	7.2
997	-1.127141	149.843737	0.022147	6.3
998	-0.006464	149.761915	0.000708	6.7
999	-0.736474	149.680212	0.002747	5.8
1000	-1.108294	149.598627	0.011118	6.1
1001	-1.209624	149.517161	0.016815	6.8
1002	-0.950569	149.435814	0.024684	5.8
1003	-0.836532	149.354584	0.034691	6.1
1004	-1.038355	149.273472	0.011115	6.2
1005	-0.000000	149.192477	0.000000	5.8
1006	-1.086574	149.111599	0.021036	6.5
1007	-0.000000	149.030838	0.000000	5.9
1008	-0.889280	148.950194	0.006145	5.7
1009	-1.150754	148.869666	0.007691	6.5
1010	-0.000000	148.789253	0.000000	5.6
1011	-0.544523	148.708957	0.006902	5.8
1012	-0.593560	148.628776	0.016198	6.4
1013	-0.856416	148.548710	0.007408	6.5
1014	-0.854118	148.468759	0.008565	6.6
1015	-0.000000	148.388923	0.000000	5.7
1016	-0.598353	148.309201	0.022468	5.8
1017	-0.784040	148.229594	0.012230	6.4
1018	-0.554920	148.150100	0.005407	5.6
1019	-1.183360	148.070719	0.029925	5.8
1020	-0.665799	147.991452	0.014191	6.8
1021	-1.033876	147.912298	0.017208	5.4
1022	-1.116273	147.833257	0.009049	6.3
1023	-0.000000	147.754329	0.000000	5.9
1024	-0.951437	147.675512	0.017440	5.8
1025	-0.000000	147.596808	0.000000	6.7
1026	-0.081831	147.518216	0.004265	5.5
1027	-0.635466	147.439735	0.007081	5.7
1028	-0.695756	147.361365	0.010300	6.7
1029	-0.843145	147.283106	0.037368	6.0
1030	-0.635185	147.204958	0.013735	6.0
1031	-0.831265	147.126920	0.007093	7.0
1032	-1.087186	147.048993	0.018708	6.3
1033	-0.912759	146.971175	0.014029	6.6
1034	-0.987869	146.893468	0.007336	6.3
1035	-1.024706	146.815869	0.015225	6.3
1036	-0.561724	146.738380	0.012302	6.4
1037	-1.000016	146.661000	0.031209	5.9
1038	-0.000002	146.583729	0.000000	6.7
1039	-0.000000	146.506566	0.000000	5.8
1040	-1.125255	146.429511	0.008503	5.9
1041	-0.241509	146.352565	0.006042	6.9
1042	-0.515143	146.275726	0.006636	5.9
1043	-0.367968	146.198994	0.006245	6.4
1044	-0.000000	146.122370	0.000000	6.8
1045	-1.280164	146.045853	0.018014	6.1
1046	-0.626318	145.969442	0.011901	6.5
1047	-0.867045	145.893139	0.010404	6.8
1048	-0.000000	145.816941	0.000000	6.0
1049	-0.000000	145.740849	0.000000	6.5
1050	-0.045211	145.664863	0.001849	5.8
1051	-0.542844	145.588983	0.007960	6.6
1052	-0.854363	145.513208	0.004206	6.0
1053	-0.000000	145.437538	0.000000	5.9
1054	-0.000000	145.361973	0.000000	6.7
1055	-1.164775	145.286513	0.021828	5.9
1056	-1.284131	145.211157	0.015144	6.2
1057	-0.932238	145.135905	0.010888	6.1
1058	-0.765280	145.060757	0.002799	5.8
1059	-0.040466	144.985712	0.002254	6.7
1060	-1.061754	144.910771	0.010760	5.7
1061	-1.022441	144.835934	0.010993	6.0
1062	-0.914477	144.761199	0.007720	6.6
1063	-1.107888	144.686567	0.012293	5.7
1064	-0.483957	144.612037	0.003460	5.9
1065	-0.281317	144.537610	0.001547	6.3
1066	-0.025238	144.463285	0.001941	6.3
1067	-0.000000	144.389062	0.000000	7.0
1068	-0.627987	144.314940	0.003047	5.6
1069	-0.202277	144.240920	0.001917	5.6
1070	-0.550031	144.167001	0.010365	6.9
1071	-0.924137	144.093182	0.006841	5.7
1072	-0.000000	144.019465	0.000000	6.1
1073	-1.014740	143.945848	0.010678	6.6
1074	-0.381399	143.872331	0.007613	5.8
1075	-0.061475	143.798914	0.001996	6.6
1076	-0.002367	143.725597	0.000210	5.5
1077	-1.178691	143.652380	0.033946	6.1
1078	-1.011065	143.579262	0.012544	6.7
1079	-0.758436	143.506243	0.014124	5.8
1080	-0.035841	143.433323	0.002806	5.8
1081	-0.800534	143.360502	0.009771	6.3
1082	-1.155795	143.287780	0.008781	5.9
1083	-1.114351	143.215155	0.014996	6.0
1084	-1.123837	143.142629	0.011136	5.8
1085	-1.343344	143.070201	0.038366	5.7
1086	-0.008381	142.997870	0.000194	6.9
1087	-0.632301	142.925637	0.006920	6.0
1088	-0.077791	142.853501	0.002024	6.5
1089	-1.064791	142.781462	0.009323	6.7
1090	-0.969695	142.709519	0.010213	6.0
1091	-0.000000	142.637674	0.000000	7.1
1092	-0.625063	142.565924	0.023844	6.0
1093	-0.600201	142.494271	0.010210	6.3
1094	-0.966927	142.422714	0.011044	6.3
1095	-1.025332	142.351252	0.008372	5.8
1096	-1.143785	142.279886	0.045321	6.7
1097	-1.118591	142.208616	0.013959	6.7
1098	-0.852619	142.137440	0.006787	6.0
1099	-0.470171	142.066360	0.010979	7.0
1100	-0.000000	141.995374	0.000000	5.8
1101	-0.951207	141.924483	0.008857	6.8
1102	-0.996077	141.853685	0.008277	6.0
1103	-0.000000	141.782983	0.000000	5.9
1104	-0.901172	141.712373	0.008282	6.5
1105	-0.040137	141.641858	0.001867	6.3
1106	-1.148528	141.571436	0.014291	6.0
1107	-0.438001	141.501108	0.016048	6.5
1108	-0.765897	141.430872	0.015384	5.6
1109	-1.139812	141.360730	0.024105	6.3
1110	-1.176107	141.290680	0.017588	5.7
1111	-0.677015	141.220722	0.015833	6.0
1112	-0.000000	141.150857	0.000000	6.7
1113	-1.139480	141.081084	0.013230	5.7
1114	-0.644441	141.011403	0.008835	5.5
1115	-0.739728	140.941813	0.010708	6.8
1116	-0.056743	140.872315	0.002928	6.6
1117	-0.427541	140.802909	0.007458	6.7
1118	-0.157655	140.733593	0.004120	5.6
1119	-1.259016	140.664369	0.014184	5.6
1120	-0.029495	140.595235	0.001221	6.1
1121	-1.027997	140.526192	0.013994	5.8
1122	-0.809543	140.457239	0.011790	6.0
1123	-1.029285	140.388376	0.012308	6.0
1124	-0.974082	140.319603	0.018868	5.9
1125	-0.931116	140.250920	0.015181	6.2
1126	-0.001063	140.182326	0.000361	5.7
1127	-1.029398	140.113822	0.007427	6.0
1128	-0.874705	140.045407	0.009411	6.4
1129	-0.972165	139.977081	0.017629	5.7
1130	-0.000003	139.908844	0.000001	5.8
1131	-1.170089	139.840696	0.016465	6.4
1132	-0.000000	139.772635	0.000000	6.8
1133	-0.000000	139.704664	0.000000	6.1
1134	-1.109973	139.636780	0.024403	6.0
1135	-0.000000	139.568984	0.000000	6.0
1136	-1.016474	139.501276	0.006181	7.0
1137	-1.048535	139.433655	0.020857	6.1
1138	-0.574812	139.366122	0.007747	6.1
1139	-0.920315	139.298676	0.006955	6.8
1140	-0.891039	139.231317	0.016497	5.8
1141	-0.000000	139.164045	0.000000	7.0
1142	-0.000000	139.096859	0.000000	6.2
1143	-0.067757	139.029760	0.001740	6.7
1144	-1.113278	138.962747	0.012093	6.3
1145	-1.286433	138.895820	0.010125	5.8
1146	-0.853050	138.828978	0.011399	6.4
1147	-0.000000	138.762223	0.000000	6.0
1148	0.000000	138.695553	0.000000	6.3
1149	-0.000000	138.628969	0.000000	7.2
1150	-0.015884	138.562469	0.001379	6.8
1151	-0.078649	138.496055	0.004621	6.2
1152	-0.050491	138.429725	0.002577	5.8
1153	-0.169845	138.363481	0.004771	5.8
1154	-0.908297	138.297320	0.018631	6.5
1155	-0.000005	138.231244	0.000002	6.0
1156	-0.259089	138.165252	0.006555	6.2
1157	-0.837474	138.099344	0.006983	7.0
1158	-0.123993	138.033520	0.005109	5.9
1159	-0.826912	137.967779	0.010521	6.4
1160	-0.413524	137.902122	0.004642	5.7
1161	-0.000000	137.836548	0.000000	6.1
1162	-0.888329	137.771057	0.006983	6.8
1163	-0.942621	137.705649	0.004426	5.7
1164	-1.077736	137.640324	0.008969	5.4
1165	-1.028557	137.575081	0.026452	7.0
1166	-0.000000	137.509921	0.000000	5.7
1167	-0.649519	137.444842	0.018048	6.2
1168	-0.861976	137.379846	0.007318	6.2
1169	-0.781834	137.314932	0.005254	5.6
1170	-0.000000	137.250100	0.000000	6.7
1171	-0.000000	137.185349	0.000000	5.6
1172	-0.065398	137.120680	0.002673	5.8
1173	-0.538430	137.056092	0.008540	6.6
1174	-1.129350	136.991585	0.013815	5.6
1175	-0.830441	136.927158	0.006277	6.4
1176	-0.945170	136.862813	0.010994	6.3
1177	-0.048760	136.798548	0.002266	5.9
1178	-0.333133	136.734363	0.002371	6.6
1179	-0.949519	136.670259	0.008533	5.5
1180	-0.243432	136.606235	0.005212	5.8
1181	-0.905493	136.542291	0.006400	6.3
1182	-0.087869	136.478426	0.002568	5.5
1183	0.000000	136.414641	0.000000	5.8
1184	-1.035491	136.350936	0.014764	6.8
1185	-0.000000	136.287310	0.000000	6.5
1186	-1.269387	136.223763	0.012294	6.8
1187	-1.270969	136.160295	0.008860	6.0
1188	-0.482844	136.096905	0.007462	5.8
1189	-0.000000	136.033594	0.000000	7.1
1190	-0.980455	135.970362	0.019728	6.0
1191	-0.666251	135.907208	0.005336	6.3
1192	-0.650027	135.844133	0.012540	6.3
1193	-0.015236	135.781135	0.002122	6.0
1194	-0.915376	135.718215	0.007975	6.5
1195	-0.000024	135.655373	0.000012	5.8
1196	-0.220514	135.592608	0.005754	6.1
1197	-0.122266	135.529921	0.005580	6.6
1198	-0.000000	135.467311	0.000000	5.8
1199	-0.601925	135.404778	0.015889	6.2
1200	-0.568607	135.342322	0.005787	6.0
1201	-0.465469	135.279942	0.007301	5.9
1202	-0.725038	135.217640	0.009273	6.2
1203	-1.068152	135.155413	0.008520	6.1
1204	-1.014853	135.093263	0.014285	6.2
1205	-1.121486	135.031190	0.018645	6.3
1206	-0.731271	134.969192	0.014070	6.0
1207	-0.022980	134.907270	0.001584	6.5
1208	-1.090812	134.845424	0.015016	6.1
1209	-0.798511	134.783653	0.014625	5.9
1210	-0.931515	134.721958	0.008271	7.1
1211	-1.113127	134.660338	0.009762	7.2
1212	-0.000405	134.598793	0.000134	6.7
1213	-0.822312	134.537323	0.012871	5.8
1214	-0.632431	134.475927	0.007294	6.0
1215	-1.066655	134.414607	0.008038	6.3
1216	-0.000442	134.353361	0.000134	5.6
1217	-0.577741	134.292189	0.011568	5.9
1218	-1.209956	134.231092	0.007343	6.5
1219	-0.539192	134.170068	0.005055	6.0
1220	-1.103883	134.109119	0.012891	6.4
1221	-1.210531	134.048243	0.018833	5.5
1222	-0.939907	133.987441	0.005464	6.0
1223	-0.632216	133.926713	0.006559	7.2
1224	-0.621433	133.866057	0.004299	5.7
1225	-1.086876	133.805475	0.010787	6.0
1226	-0.340512	133.744966	0.003236	7.3
1227	-1.122371	133.684530	0.010618	5.7
1228	-0.858995	133.624167	0.009124	6.7
1229	-1.232246	133.563877	0.018142	5.8
1230	-0.000000	133.503658	0.000000	6.0
1231	-0.916566	133.443513	0.011874	6.7
1232	-0.824732	133.383439	0.005527	5.9
1233	-0.888398	133.323437	0.008317	6.5
1234	-0.436765	133.263508	0.007040	6.8
1235	-1.001172	133.203650	0.006289	6.0
1236	-0.000000	133.143864	0.000000	7.5
1237	-0.000000	133.084149	0.000000	5.8
1238	-1.233636	133.024506	0.005477	6.6
1239	-0.264661	132.964934	0.004865	5.9
1240	-0.000064	132.905433	0.000017	5.9
1241	-0.132627	132.846003	0.004094	6.7
1242	-1.343822	132.786643	0.022928	6.0
1243	-0.000000	132.727355	0.000000	6.0
1244	-0.593493	132.668137	0.010440	7.3
1245	-0.599076	132.608989	0.009969	6.5
1246	-1.158338	132.549912	0.007856	6.7
1247	-1.126164	132.490904	0.012358	6.6
1248	-0.000000	132.431967	0.000000	7.5
1249	-0.957989	132.373100	0.008305	7.2
1250	-0.000000	132.314302	0.000000	6.7
1251	-1.126978	132.255574	0.012677	7.0
1252	-0.772394	132.196916	0.015196	5.7
1253	-0.049720	132.138326	0.002562	7.3
1254	-0.000000	132.079806	0.000000	6.4
1255	-0.260218	132.021355	0.005458	6.2
1256	-0.848557	131.962973	0.010746	7.5
1257	-0.470106	131.904660	0.009813	6.3
1258	-1.019023	131.846415	0.011800	7.2
1259	-0.032645	131.788239	0.001184	6.0
1260	-0.843389	131.730131	0.010312	6.8
1261	-0.059999	131.672092	0.003628	6.8
1262	-0.166080	131.614121	0.004357	6.2
1263	-0.773122	131.556217	0.009457	6.8
1264	-0.000000	131.498382	0.000000	6.2
1265	-0.661454	131.440614	0.008290	5.8
1266	-0.000001	131.382914	0.000001	6.8
1267	-0.645356	131.325282	0.005670	6.3
1268	-0.584439	131.267717	0.013140	6.5
1269	-1.093262	131.210219	0.020499	6.5
1270	-0.651306	131.152788	0.008359	5.9
1271	-1.240800	131.095424	0.032830	6.8
1272	-0.001400	131.038127	0.000358	5.9
1273	-0.763119	130.980897	0.012411	6.8
1274	-0.039013	130.923733	0.001615	7.2
1275	-0.812464	130.866636	0.012624	6.2
1276	-0.787497	130.809605	0.010609	6.4
1277	-0.686436	130.752641	0.002743	6.0
1278	-0.814777	130.695742	0.029925	6.5
1279	-1.214647	130.638910	0.045684	6.1
1280	-0.556507	130.582143	0.005769	6.3
1281	-0.999541	130.525442	0.012162	7.7
1282	-1.006532	130.468807	0.011553	6.6
1283	-0.549497	130.412237	0.006681	6.4
1284	-0.579282	130.355733	0.008215	6.1
1285	-0.158282	130.299294	0.003998	6.3
1286	-0.725074	130.242920	0.011516	6.7
1287	-0.696605	130.186611	0.009920	6.0
1288	-1.162498	130.130366	0.009700	6.4
1289	-0.600128	130.074187	0.007537	6.3
1290	-0.982749	130.018072	0.005942	6.2
1291	-0.128328	129.962022	0.006600	7.2
1292	-0.130971	129.906036	0.005744	6.3
1293	-0.000000	129.850114	0.000000	6.4
1294	-1.017463	129.794257	0.005711	6.5
1295	-1.015187	129.738463	0.004619	6.0
1296	-0.995520	129.682734	0.012718	7.2
1297	-0.094264	129.627068	0.003902	7.0
1298	-0.927840	129.571466	0.013023	6.8
1299	-0.785025	129.515927	0.012800	8.2
1300	-0.009746	129.460452	0.000893	6.0
1301	-0.422092	129.405040	0.008513	6.9
1302	-0.645141	129.349692	0.011378	6.0
1303	-0.390594	129.294406	0.005022	6.9
1304	-0.275525	129.239183	0.007641	6.2
1305	-0.395956	129.184024	0.005797	5.7
1306	-0.032478	129.128927	0.002049	7.3
1307	-0.309033	129.073892	0.009582	6.0
1308	-1.025578	129.018921	0.010474	7.0
1309	-0.822222	128.964011	0.003659	6.3
1310	-1.121675	128.909164	0.036200	5.9
1311	-0.840175	128.854379	0.008174	7.0
1312	-1.150771	128.799656	0.031114	6.3
1313	-1.179010	128.744995	0.016160	7.3
1314	-1.258203	128.690396	0.013625	6.1
1315	-0.828928	128.635858	0.009051	6.3
1316	-1.136651	128.581382	0.009366	7.0
1317	-0.537718	128.526968	0.006604	6.6
1318	-0.438344	128.472615	0.004840	6.4
1319	-1.007922	128.418323	0.002827	6.2
1320	-0.000115	128.364092	0.000037	7.5
1321	-1.295897	128.309922	0.024279	7.0
1322	-0.000000	128.255814	0.000000	5.9
1323	-1.061077	128.201766	0.006237	6.7
1324	-0.317275	128.147778	0.005575	5.9
1325	-0.427197	128.093852	0.008046	6.3
1326	-1.224729	128.039985	0.023588	7.1
1327	-0.811780	127.986180	0.012307	6.2
1328	-0.051845	127.932434	0.005136	7.4
1329	-0.139902	127.878749	0.004945	5.8
1330	-0.243930	127.825123	0.007933	6.0
1331	-0.387379	127.771558	0.006189	6.6
1332	-0.701144	127.718052	0.011497	7.0
1333	-0.000000	127.664606	0.000000	7.2
1334	-1.053164	127.611220	0.008876	6.1
1335	-0.000000	127.557893	0.000000	6.0
1336	-0.000000	127.504625	0.000000	6.8
1337	-0.000000	127.451417	0.000000	6.0
1338	-0.099006	127.398268	0.002062	7.0
1339	-0.848388	127.345178	0.004124	6.2
1340	-0.101021	127.292147	0.003089	6.0
1341	-0.060897	127.239175	0.001462	6.9
1342	-1.379847	127.186261	0.024354	6.2
1343	-0.105898	127.133407	0.004773	6.7
1344	-1.004585	127.080610	0.020938	6.5
1345	-0.801202	127.027872	0.005536	6.9
1346	-0.640522	126.975193	0.010515	6.9
1347	-0.235103	126.922572	0.003737	6.1
1348	-0.836509	126.870008	0.004049	6.1
1349	-0.000000	126.817503	0.000000	6.6
1350	-0.000000	126.765056	0.000000	6.8
1351	-0.990537	126.712667	0.006539	6.8
1352	-0.784393	126.660335	0.005022	6.0
1353	-0.779238	126.608061	0.005139	7.0
1354	-0.804169	126.555844	0.013314	6.3
1355	-0.431477	126.503685	0.005089	6.3
1356	-0.289272	126.451583	0.006930	7.1
1357	-1.162806	126.399538	0.023965	6.6
1358	-0.812964	126.347550	0.011196	7.7
1359	-0.709911	126.295619	0.011894	6.2
1360	-0.950962	126.243745	0.007480	6.2
1361	-0.225356	126.191928	0.002346	7.5
1362	-0.450173	126.140168	0.005926	6.3
1363	-0.013616	126.088464	0.001071	6.3
1364	-0.007423	126.036817	0.000478	6.4
1365	-0.517056	125.985226	0.007788	6.9
1366	-1.139039	125.933691	0.012776	6.2
1367	-0.846757	125.882212	0.009881	6.7
1368	-1.097306	125.830790	0.014597	7.1
1369	-0.316824	125.779423	0.009173	6.0
1370	-0.000000	125.728113	0.000000	6.1
1371	-0.193641	125.676858	0.005687	7.1
1372	-1.015632	125.625659	0.009158	5.8
1373	-0.963993	125.574515	0.008461	7.3
1374	-1.141239	125.523427	0.010729	6.2
1375	-0.115222	125.472394	0.002454	6.1
1376	-0.000000	125.421417	0.000000	7.1
1377	-1.085146	125.370495	0.003462	6.4
1378	-0.882814	125.319628	0.013307	6.9
1379	0.000000	125.268815	0.000000	6.0
1380	-1.174635	125.218058	0.026437	5.9
1381	-0.639564	125.167356	0.011858	7.3
1382	-1.147223	125.116708	0.027613	6.3
1383	-0.853929	125.066115	0.015589	6.9
1384	-1.169975	125.015576	0.013724	6.5
1385	-0.009847	124.965092	0.001729	6.7
1386	-0.541415	124.914662	0.010017	6.9
1387	-0.719601	124.864287	0.009931	6.1
1388	-0.860098	124.813965	0.007490	7.0
1389	-0.772227	124.763698	0.004000	6.3
1390	-0.005609	124.713485	0.000411	5.8
1391	-0.688401	124.663325	0.005991	6.9
1392	-1.054710	124.613219	0.012832	6.2
1393	-1.129633	124.563167	0.022400	6.6
1394	-0.386767	124.513168	0.004384	6.2
1395	-0.372185	124.463223	0.006028	5.9
1396	-0.908241	124.413332	0.014386	7.5
1397	-0.000002	124.363493	0.000001	7.0
1398	-0.473751	124.313708	0.006944	6.9
1399	-0.191815	124.263976	0.006113	6.7
1400	-1.055984	124.214297	0.012729	6.2
1401	-0.699878	124.164671	0.005010	6.4
1402	-0.087683	124.115097	0.002042	6.0
1403	-0.980144	124.065577	0.014245	7.1
1404	-0.911382	124.016109	0.009616	6.3
1405	-0.600837	123.966693	0.009538	7.1
1406	-0.000000	123.917330	0.000000	6.8
1407	-0.907919	123.868020	0.037738	6.1
1408	-0.393311	123.818762	0.004602	7.4
1409	-0.199454	123.769556	0.006677	5.9
1410	-0.624279	123.720402	0.023108	6.3
1411	-0.000038	123.671300	0.000018	6.3
1412	-1.163648	123.622250	0.011176	6.2
1413	-1.168490	123.573252	0.017185	8.2
1414	-0.000000	123.524305	0.000000	7.3
1415	-0.935094	123.475411	0.013191	6.9
1416	-0.000000	123.426568	0.000000	5.8
1417	-0.821338	123.377776	0.009730	6.2
1418	-1.297348	123.329036	0.031908	6.6
1419	-1.171493	123.280347	0.006373	6.0
1420	-0.021653	123.231709	0.001785	7.4
1421	-1.237361	123.183122	0.040727	6.4
1422	-1.254740	123.134587	0.015412	5.9
1423	-0.000000	123.086102	0.000000	6.5
1424	-0.870797	123.037669	0.014847	6.4
1425	-0.893118	122.989286	0.008459	7.3
1426	-0.197306	122.940954	0.005228	6.1
1427	-0.599908	122.892672	0.014203	6.1
1428	-0.607245	122.844441	0.008026	7.4
1429	-0.000000	122.796261	0.000000	7.0
1430	-0.000000	122.748130	0.000000	6.6
1431	-0.726425	122.700050	0.010994	6.1
1432	-0.000000	122.652021	0.000000	6.2
1433	-0.533359	122.604041	0.004953	7.0
1434	-0.888186	122.556111	0.009524	6.0
1435	-0.858147	122.508232	0.010050	6.8
1436	-1.137936	122.460402	0.011833	6.4
1437	-1.127842	122.412622	0.014343	6.2
1438	-0.729920	122.364891	0.010441	6.4
1439	-0.000000	122.317210	0.000000	5.9
1440	-1.159668	122.269579	0.010251	6.8
1441	-0.578334	122.221997	0.009213	6.3
1442	-0.000000	122.174465	0.000000	5.9
1443	-0.990670	122.126981	0.008346	7.3
1444	-0.907770	122.079547	0.005648	6.3
1445	-1.154612	122.032162	0.008850	6.4
1446	-0.000000	121.984826	0.000000	7.8
1447	-0.000000	121.937539	0.000000	6.5
1448	-0.999154	121.890301	0.013067	7.1
1449	-0.000008	121.843112	0.000002	6.2
1450	-0.000000	121.795971	0.000000	7.0
1451	-0.929042	121.748879	0.011171	6.0
1452	-0.000000	121.701835	0.000000	6.2
1453	-0.726891	121.654840	0.006958	7.1
1454	-0.888735	121.607893	0.011025	6.3
1455	-0.662750	121.560994	0.008676	7.0
1456	-0.931494	121.514144	0.010844	6.1
1457	-0.229904	121.467342	0.006483	6.4
1458	-0.522474	121.420588	0.005346	7.5
1459	-0.389435	121.373882	0.006070	5.9
1460	-0.000000	121.327223	0.000000	6.9
1461	-1.056798	121.280613	0.008197	6.8
1462	-0.373365	121.234050	0.007098	5.9
1463	-0.000000	121.187535	0.000000	6.4
1464	-1.013703	121.141067	0.017838	7.0
1465	-0.075932	121.094647	0.004941	7.2
1466	-0.353977	121.048274	0.004810	6.1
1467	-0.862742	121.001949	0.005448	7.1
1468	-0.835931	120.955671	0.011035	6.4
1469	-0.908467	120.909440	0.014365	6.3
1470	-0.751174	120.863256	0.017917	7.2
1471	-0.850184	120.817119	0.003921	5.9
1472	-0.848046	120.771029	0.007230	6.6
1473	-1.085615	120.724986	0.004808	7.3
1474	-1.174075	120.678990	0.014466	6.7
1475	-1.239734	120.633040	0.019242	7.2
1476	-0.913404	120.587137	0.012452	6.6
1477	-1.008569	120.541281	0.010863	7.1
1478	-0.352280	120.495471	0.009919	6.9
1479	-0.031158	120.449707	0.001758	6.1
1480	-0.691304	120.403990	0.010984	6.8
1481	-0.736526	120.358319	0.017474	6.1
1482	-1.093904	120.312694	0.004529	6.7
1483	-0.297390	120.267115	0.002730	5.9
1484	-0.912702	120.221582	0.006929	5.9
1485	-1.133641	120.176096	0.006774	7.2
1486	-0.401413	120.130655	0.007028	5.9
1487	-0.705430	120.085260	0.021971	6.7
1488	-1.213458	120.039910	0.033440	7.1
1489	-0.005144	119.994606	0.000856	6.0
1490	-0.871386	119.949348	0.019311	7.2
1491	-0.995766	119.904135	0.012252	5.8
1492	-1.138242	119.858968	0.022500	7.0
1493	-1.008787	119.813846	0.012613	6.2
1494	-0.656328	119.768769	0.010951	6.3
1495	-0.837272	119.723738	0.007365	6.7
1496	-0.193056	119.678752	0.004636	6.4
1497	-0.001027	119.633810	0.000284	7.3
1498	-0.018641	119.588914	0.001335	6.9
1499	-0.493796	119.544062	0.006333	6.0
1500	-0.326572	119.499256	0.003868	7.1
1501	-1.223745	119.454494	0.027548	6.3
1502	-1.142999	119.409777	0.007046	6.8
1503	-0.529360	119.365104	0.003804	5.9
1504	-0.486289	119.320476	0.005670	6.5
1505	-0.000000	119.275893	0.000000	7.5
1506	-0.000000	119.231353	0.000000	5.9
1507	-0.512016	119.186859	0.006308	6.8
1508	0.000000	119.142408	0.000000	6.1
1509	-0.985892	119.098002	0.014130	6.0
1510	-1.147669	119.053639	0.012254	7.5
1511	-0.000000	119.009321	0.000000	6.9
1512	-0.687602	118.965047	0.008766	7.0
1513	-0.875630	118.920816	0.019021	6.5
1514	-0.000000	118.876630	0.000000	6.2
1515	-0.000000	118.832487	0.000000	6.2
1516	-0.007431	118.788388	0.000630	6.4
1517	-1.209228	118.744332	0.025117	7.7
1518	-0.625078	118.700320	0.009442	6.0
1519	-0.000000	118.656352	0.000000	6.0
1520	-0.484238	118.612427	0.004584	7.7
1521	-1.108756	118.568545	0.018255	5.9
1522	-1.152495	118.524706	0.009916	6.6
1523	-0.568935	118.480911	0.008516	6.4
1524	0.000000	118.437159	0.000000	6.3
1525	-0.000000	118.393450	0.000000	6.7
1526	-0.623308	118.349784	0.013449	6.3
1527	-0.714786	118.306160	0.009462	6.7
1528	-0.541546	118.262580	0.010278	7.4
1529	-0.993991	118.219042	0.007453	6.7
1530	-1.042757	118.175548	0.009864	6.3
1531	-0.968082	118.132095	0.016848	6.4
1532	-0.000000	118.088686	0.000000	7.3
1533	-0.026235	118.045319	0.001697	6.1
1534	-0.655765	118.001994	0.007602	6.6
1535	-1.194717	117.958712	0.008212	6.5
1536	-0.663930	117.915472	0.010607	6.4
1537	-0.762774	117.872274	0.006100	6.8
1538	-0.000000	117.829118	0.000000	6.5
1539	0.000000	117.786005	0.000000	6.6
1540	-0.941580	117.742933	0.006659	6.5
1541	-0.000000	117.699904	0.000000	6.0
1542	-0.000000	117.656916	0.000000	6.4
1543	-0.764020	117.613971	0.012107	6.2
1544	-0.570244	117.571067	0.015487	5.8
1545	-0.509349	117.528205	0.009913	7.5
1546	-0.196431	117.485384	0.005909	5.4
1547	-0.697368	117.442605	0.009373	6.3
1548	-0.023453	117.399867	0.002478	5.9
1549	-0.000000	117.357171	0.000000	6.0
1550	-1.058694	117.314517	0.009840	7.3
1551	-1.083125	117.271903	0.005276	5.8
1552	-1.143865	117.229331	0.007717	7.7
1553	-0.053411	117.186800	0.001954	6.4
1554	-0.000000	117.144311	0.000000	6.2
1555	-1.074280	117.101862	0.009001	6.4
1556	-0.810154	117.059454	0.016467	6.2
1557	-0.493289	117.017087	0.008138	6.2
1558	-0.867388	116.974762	0.005115	6.4
1559	-1.132342	116.932476	0.008429	6.3
1560	-0.517865	116.890232	0.007858	6.9
1561	-0.985247	116.848028	0.008609	6.1
1562	-0.956568	116.805865	0.005289	6.2
1563	-0.520648	116.763743	0.008297	6.8
1564	-1.163688	116.721661	0.012781	6.0
1565	-0.855895	116.679619	0.009540	6.9
1566	-0.000004	116.637618	0.000001	5.9
1567	-0.992739	116.595657	0.009471	6.2
1568	-0.946602	116.553736	0.009429	7.2
1569	-1.086051	116.511855	0.007799	6.3
1570	-1.117410	116.470015	0.010038	7.1
1571	-0.000000	116.428214	0.000000	5.9
1572	-1.168271	116.386454	0.008823	7.2
1573	-0.078936	116.344733	0.001458	6.5
1574	-1.090239	116.303052	0.010299	6.5
1575	-0.182183	116.261412	0.005337	6.8
1576	-0.000000	116.219810	0.000000	7.1
1577	-0.219406	116.178249	0.004702	7.2
1578	-1.229856	116.136727	0.009900	6.5
1579	-0.115826	116.095245	0.004987	5.9
1580	-0.765983	116.053802	0.006024	7.2
1581	-1.112832	116.012398	0.004807	6.0
1582	-1.033857	115.971034	0.012052	6.8
1583	-0.930433	115.929710	0.010569	6.2
1584	-0.998238	115.888424	0.012435	6.0
1585	-0.867713	115.847178	0.008864	7.0
1586	-0.202299	115.805970	0.007667	5.7
1587	-0.812553	115.764802	0.009647	6.8
1588	-0.471371	115.723673	0.010745	6.5
1589	-0.612459	115.682583	0.010042	6.2
1590	-0.837397	115.641532	0.005804	6.3
1591	-0.000114	115.600519	0.000042	7.0
1592	-0.769562	115.559546	0.004294	6.4
1593	-0.000000	115.518610	0.000000	6.8
1594	-0.592927	115.477714	0.011568	5.8
1595	-0.639767	115.436856	0.006138	7.4
1596	-0.000000	115.396037	0.000000	6.9
1597	-0.972834	115.355256	0.012811	7.6
1598	-0.040009	115.314514	0.002185	6.1
1599	-0.067901	115.273810	0.003435	6.3
1600	-1.011940	115.233144	0.006237	7.0
1601	-0.601551	115.192517	0.008707	6.0
1602	-0.875079	115.151927	0.007085	6.8
1603	-0.520459	115.111376	0.008822	6.0
1604	-0.692373	115.070863	0.009936	6.5
1605	-0.654044	115.030388	0.013011	7.1
1606	-0.917103	114.989951	0.009053	6.7
1607	-0.000003	114.949551	0.000002	7.0
1608	-0.000762	114.909190	0.000225	6.2
1609	-0.660164	114.868866	0.004905	6.0
1610	-0.000000	114.828580	0.000000	6.7
1611	-0.612883	114.788332	0.003291	6.1
1612	-0.029141	114.748121	0.003023	7.6
1613	-0.227017	114.707948	0.003556	6.0
1614	-0.000507	114.667812	0.000068	5.7
1615	-0.832406	114.627714	0.031713	7.1
1616	-1.183793	114.587653	0.015865	5.9
1617	-0.835036	114.547629	0.010438	7.8
1618	-0.720561	114.507643	0.011232	6.3
1619	-0.959753	114.467693	0.028772	6.4
1620	-0.370545	114.427781	0.005285	7.1
1621	-0.647944	114.387907	0.007894	6.6
1622	-1.031520	114.348069	0.008244	7.2
1623	-0.698237	114.308268	0.011884	6.0
1624	-1.092084	114.268504	0.010482	6.5
1625	-0.593600	114.228777	0.009387	6.7
1626	-0.796023	114.189086	0.006782	6.0
1627	-0.274656	114.149433	0.003577	6.9
1628	-0.000000	114.109816	0.000000	6.7
1629	-0.000866	114.070235	0.000263	6.2
1630	-0.728437	114.030692	0.009353	6.9
1631	-0.801673	113.991185	0.007723	6.3
1632	-0.870244	113.951714	0.011108	6.6
1633	-1.255541	113.912280	0.005678	6.7
1634	-0.000000	113.872882	0.000000	6.2
1635	-0.990070	113.833521	0.012421	6.6
1636	-0.888530	113.794195	0.008315	6.4
1637	-0.000000	113.754906	0.000000	6.6
1638	-0.654186	113.715653	0.009590	6.1
1639	-0.940300	113.676437	0.011504	6.9
1640	-0.000000	113.637256	0.000000	7.2
1641	-0.000061	113.598111	0.000012	6.7
1642	-0.000000	113.559002	0.000000	6.7
1643	-1.250017	113.519929	0.011043	5.9
1644	-0.475896	113.480892	0.007778	7.1
1645	-0.000000	113.441891	0.000000	6.5
1646	-0.865201	113.402925	0.005972	6.4
1647	-0.675351	113.363995	0.008612	7.3
1648	-0.771248	113.325101	0.008808	5.9
1649	-0.635392	113.286242	0.006995	6.4
1650	-0.000000	113.247419	0.000000	7.4
1651	-0.179083	113.208631	0.005800	6.2
1652	-0.708839	113.169879	0.018884	6.9
1653	-0.002114	113.131162	0.000532	5.9
1654	-0.215607	113.092480	0.006950	7.3
1655	-0.000000	113.053833	0.000000	6.5
1656	-0.794438	113.015222	0.012707	5.8
1657	-1.078078	112.976646	0.008160	7.3
1658	-1.031745	112.938105	0.005479	6.1
1659	-0.659209	112.899599	0.013365	7.4
1660	-0.330044	112.861128	0.007991	6.5
1661	-1.140010	112.822692	0.011479	6.3
1662	-0.736463	112.784291	0.010813	6.4
1663	-0.000000	112.745924	0.000000	6.2
1664	-0.421791	112.707593	0.006567	7.3
1665	-0.079098	112.669296	0.002100	6.2
1666	-0.795288	112.631034	0.007343	6.3
1667	-0.000000	112.592806	0.000000	6.3
1668	-0.000000	112.554613	0.000000	6.4
1669	-0.846668	112.516455	0.009047	7.0
1670	-0.578319	112.478331	0.014420	6.5
1671	-0.000000	112.440241	0.000000	6.5
1672	-0.735306	112.402186	0.006949	7.0
1673	-0.000018	112.364165	0.000007	6.0
1674	-0.000046	112.326179	0.000013	6.7
1675	-0.706866	112.288227	0.009190	6.2
1676	-0.832745	112.250309	0.011047	6.1
1677	-1.027855	112.212425	0.012761	7.9
1678	-0.755990	112.174575	0.010957	5.9
1679	-0.000001	112.136759	0.000000	6.4
1680	-0.767539	112.098977	0.007214	6.7
1681	-0.040858	112.061229	0.002568	6.0
1682	-1.110993	112.023515	0.012556	6.8
1683	-0.887151	111.985834	0.007054	6.6
1684	-0.771267	111.948188	0.009965	6.2
1685	-0.742535	111.910575	0.007728	6.0
1686	-0.000000	111.872996	0.000000	5.7
1687	-0.020896	111.835450	0.002638	6.7
1688	-0.596356	111.797939	0.006872	5.9
1689	-0.000000	111.760460	0.000000	6.0
1690	-1.196756	111.723015	0.021271	6.3
1691	-0.000000	111.685604	0.000000	6.0
1692	-0.317826	111.648226	0.004852	6.8
1693	-1.074315	111.610881	0.005005	6.1
1694	-0.000000	111.573570	0.000000	5.8
1695	-1.169897	111.536292	0.022933	7.0
1696	-0.000000	111.499047	0.000000	6.3
1697	-0.000000	111.461835	0.000000	6.8
1698	0.000000	111.424656	0.000000	6.6
1699	-0.000000	111.387510	0.000000	6.4
1700	-0.000000	111.350398	0.000000	7.0
1701	-0.900586	111.313318	0.021192	6.1
1702	-0.319311	111.276271	0.008902	6.3
1703	-0.000578	111.239257	0.000147	6.3
1704	-0.540525	111.202276	0.006532	6.1
1705	-0.989857	111.165328	0.007827	7.7
1706	-0.719132	111.128412	0.007230	6.1
1707	-1.058514	111.091529	0.011133	6.2
1708	-0.061559	111.054679	0.003868	6.6
1709	-0.000000	111.017861	0.000000	6.2
1710	-0.307194	110.981076	0.006907	7.9
1711	-0.137700	110.944323	0.003909	5.9
1712	-1.012226	110.907603	0.013806	7.1
1713	-0.000000	110.870915	0.000000	6.5
1714	-1.246091	110.834259	0.025620	6.3
1715	-0.447300	110.797636	0.007632	7.1
1716	-0.882737	110.761045	0.009006	6.5
1717	-0.068648	110.724486	0.001394	7.0
1718	-1.246307	110.687959	0.023025	6.0
1719	-0.592248	110.651465	0.006398	6.4
1720	-1.093219	110.615002	0.011782	6.4
1721	-0.517150	110.578572	0.007349	6.2
1722	-0.000000	110.542173	0.000000	7.3
1723	-0.680298	110.505807	0.014366	6.4
1724	-0.004767	110.469472	0.001104	6.0
1725	-0.830646	110.433169	0.031318	6.7
1726	-0.812123	110.396898	0.005775	6.1
1727	-0.000000	110.360659	0.000000	7.4
1728	-0.000000	110.324451	0.000000	7.0
1729	-1.124287	110.288276	0.020756	6.4
1730	-0.778326	110.252131	0.010583	7.3
1731	-0.611332	110.216019	0.008742	6.5
1732	-0.783913	110.179937	0.005080	6.6
1733	-0.711292	110.143888	0.010479	6.0
1734	-0.434898	110.107869	0.007310	6.9
1735	-1.187913	110.071882	0.011181	7.1
1736	-0.625107	110.035927	0.008559	6.2
1737	-0.682765	110.000003	0.007240	7.5
1738	-0.937798	109.964110	0.010489	6.2
1739	-1.034870	109.928248	0.007885	6.4
1740	-0.614712	109.892417	0.009363	6.5
1741	-0.760666	109.856618	0.015031	5.8
1742	-0.642286	109.820850	0.007846	7.0
1743	-0.000000	109.785112	0.000000	5.9
1744	-0.816584	109.749406	0.009934	5.9
1745	-0.916813	109.713730	0.012611	7.0
1746	-0.879742	109.678086	0.011062	6.3
1747	-0.420218	109.642472	0.005307	6.7
1748	-0.759512	109.606890	0.004894	6.5
1749	-0.000000	109.571337	0.000000	6.2
1750	-0.533836	109.535816	0.013866	6.9
1751	-0.663180	109.500326	0.006392	6.1
1752	-0.673129	109.464866	0.004280	7.3
1753	-1.162770	109.429436	0.013078	6.0
1754	-0.105651	109.394038	0.006763	6.3
1755	-0.885404	109.358669	0.008747	7.6
1756	-0.020564	109.323331	0.002003	7.3
1757	-0.286603	109.288024	0.006067	6.4
1758	-0.885613	109.252747	0.009948	5.8
1759	-1.003310	109.217501	0.011564	6.4
1760	-0.000000	109.182284	0.000000	7.1
1761	-0.821014	109.147098	0.005677	6.2
1762	-0.925463	109.111942	0.015041	7.6
1763	-1.092634	109.076817	0.018853	5.9
1764	-0.502078	109.041721	0.004890	6.4
1765	-0.000000	109.006656	0.000000	8.3
1766	-1.076434	108.971620	0.006248	6.2
1767	-0.623822	108.936615	0.004709	6.9
1768	-0.549989	108.901640	0.009720	6.6
1769	-0.000002	108.866694	0.000001	7.5
1770	-0.415304	108.831779	0.005200	7.5
1771	-1.043913	108.796893	0.007283	7.5
1772	-0.000000	108.762037	0.000000	6.3
1773	-0.997821	108.727211	0.009556	6.3
1774	-0.956877	108.692415	0.014633	7.1
1775	-0.000000	108.657648	0.000000	6.1
1776	-0.764125	108.622911	0.009081	6.5
1777	-0.016374	108.588203	0.001002	6.0
1778	-1.063464	108.553525	0.007425	5.8
1779	-0.000000	108.518877	0.000000	7.1
1780	-0.132944	108.484258	0.004776	6.4
1781	-0.793960	108.449668	0.006603	6.4
1782	-1.044567	108.415108	0.008591	7.1
1783	-0.657621	108.380578	0.005111	6.2
1784	-1.023237	108.346076	0.006742	6.6
1785	-1.095587	108.311604	0.006784	5.9
1786	-0.102729	108.277161	0.003108	6.3
1787	-0.855627	108.242747	0.010833	6.7
1788	-0.385133	108.208363	0.005031	5.9
1789	-0.585079	108.174007	0.013622	7.2
1790	-1.050751	108.139681	0.009683	5.9
1791	-0.388298	108.105383	0.006399	5.8
1792	-1.107347	108.071115	0.010731	7.3
1793	-1.109919	108.036875	0.010280	6.6
1794	-0.726897	108.002665	0.016010	7.2
1795	-0.099873	107.968483	0.004507	6.0
1796	-0.600897	107.934330	0.006863	5.9
1797	-0.951197	107.900206	0.009303	6.9
1798	-0.943141	107.866111	0.012511	7.6
1799	-0.784799	107.832044	0.019918	8.1
1800	-0.812310	107.798007	0.012840	6.5
1801	-1.109837	107.763997	0.007136	6.4
1802	-0.000000	107.730017	0.000000	6.9
1803	-0.969235	107.696065	0.012270	6.4
1804	-0.831647	107.662141	0.010040	7.0
1805	-0.623186	107.628246	0.011074	6.0
1806	-0.705686	107.594379	0.014454	7.2
1807	-1.292180	107.560541	0.027710	6.0
1808	-0.733035	107.526731	0.007826	6.8
1809	-0.387694	107.492949	0.002840	6.6
1810	-0.000000	107.459196	0.000000	6.2
1811	-0.826631	107.425471	0.007346	7.3
1812	-0.110413	107.391774	0.004506	7.7
1813	-0.000312	107.358106	0.000081	6.7
1814	-0.440036	107.324465	0.007938	7.2
1815	-0.003738	107.290853	0.000922	6.2
1816	-0.845535	107.257268	0.013548	6.4
1817	-1.201048	107.223712	0.020246	6.8
1818	-1.151257	107.190184	0.009508	6.4
1819	-0.495301	107.156683	0.007318	6.4
1820	-1.214390	107.123211	0.016190	6.1
1821	-0.000000	107.089766	0.000000	7.5
1822	-0.000000	107.056349	0.000000	6.0
1823	-1.118533	107.022960	0.015263	7.6
1824	-0.306418	106.989599	0.006265	6.3
1825	-0.194729	106.956265	0.004176	6.0
1826	-0.591044	106.922960	0.008734	7.1
1827	-0.459771	106.889681	0.006976	6.1
1828	-0.025418	106.856431	0.001560	7.3
1829	-0.163554	106.823208	0.002853	6.2
1830	-1.052691	106.790012	0.008820	6.0
1831	-1.133802	106.756844	0.022161	6.7
1832	-0.000000	106.723703	0.000000	6.6
1833	-0.000175	106.690590	0.000022	6.0
1834	-0.012661	106.657505	0.001475	6.5
1835	-1.003544	106.624446	0.008212	6.1
1836	-0.004571	106.591415	0.001236	7.3
1837	-0.982272	106.558411	0.016867	6.3
1838	-0.791993	106.525435	0.009102	7.0
1839	-1.002308	106.492485	0.019885	6.4
1840	-0.689704	106.459563	0.008572	6.4
1841	-0.053399	106.426668	0.002233	6.7
1842	-0.818422	106.393800	0.012083	6.7
1843	-1.032860	106.360959	0.017860	7.0
1844	-0.988956	106.328145	0.008884	6.1
1845	-0.000000	106.295358	0.000000	5.8
1846	-0.577398	106.262598	0.008250	7.6
1847	-0.109448	106.229865	0.007421	7.0
1848	-0.304664	106.197158	0.005728	7.4
1849	-0.400626	106.164479	0.009148	6.5
1850	-0.897836	106.131826	0.015752	6.5
1851	-0.560860	106.099201	0.009062	6.8
1852	-0.099761	106.066602	0.003930	6.4
1853	-0.033521	106.034029	0.001975	6.7
1854	-0.751316	106.001483	0.008642	6.5
1855	-0.000000	105.968964	0.000000	6.4
1856	-1.070780	105.936472	0.011326	7.1
1857	-0.170443	105.904006	0.004974	7.1
1858	-0.938122	105.871566	0.009127	6.4
1859	-0.000000	105.839153	0.000000	6.1
1860	-0.970145	105.806767	0.008314	7.2
1861	-0.000337	105.774407	0.000061	6.6
1862	-0.777990	105.742073	0.014280	6.4
1863	-1.099732	105.709766	0.012447	7.3
1864	-1.020714	105.677485	0.009652	6.6
1865	-0.976947	105.645230	0.021057	6.8
1866	-0.006209	105.613001	0.000682	5.9
1867	-0.000000	105.580799	0.000000	6.1
1868	-0.374572	105.548623	0.005601	7.0
1869	-0.572482	105.516473	0.003652	5.9
1870	-0.516693	105.484349	0.013255	6.3
1871	-0.171033	105.452251	0.001702	6.6
1872	-0.977537	105.420179	0.012275	6.7
1873	-0.000006	105.388133	0.000003	7.0
1874	-0.000014	105.356113	0.000008	6.0
1875	-0.989576	105.324119	0.006477	7.3
1876	-0.000000	105.292151	0.000000	6.2
1877	-0.991768	105.260209	0.011390	6.0
1878	-0.000000	105.228293	0.000000	7.6
1879	-0.662062	105.196402	0.007208	6.5
1880	-0.000000	105.164537	0.000000	7.0
1881	-0.631944	105.132698	0.010270	6.1
1882	-0.030491	105.100885	0.001087	6.1
1883	-0.979598	105.069097	0.009157	6.6
1884	-0.000000	105.037335	0.000000	6.5
1885	-0.509568	105.005598	0.005170	6.8
1886	-0.000000	104.973887	0.000000	6.3
1887	-0.598748	104.942202	0.012523	6.4
1888	-0.000030	104.910542	0.000011	7.5
1889	-1.047124	104.878907	0.005424	5.9
1890	-0.803980	104.847298	0.010026	7.8
1891	-1.056581	104.815715	0.013242	6.2
1892	-0.000000	104.784156	0.000000	5.9
1893	-0.915919	104.752623	0.010809	7.9
1894	-0.000000	104.721116	0.000000	7.2
1895	-0.713558	104.689633	0.008751	6.9
1896	-0.003435	104.658176	0.000247	5.9
1897	-0.844237	104.626744	0.007176	7.0
1898	-0.000000	104.595337	0.000000	6.2
1899	-0.723314	104.563955	0.005953	6.1
1900	-0.000000	104.532599	0.000000	7.0
1901	-0.501566	104.501267	0.007656	6.1
1902	-1.157950	104.469960	0.009880	6.1
1903	-0.866503	104.438679	0.013190	7.2
1904	-0.947886	104.407422	0.003637	6.0
1905	-0.609839	104.376191	0.019331	6.7
1906	-0.000000	104.344984	0.000000	5.9
1907	-1.025972	104.313802	0.008753	5.9
1908	-0.787567	104.282645	0.008465	6.6
1909	-0.892634	104.251513	0.003068	6.0
1910	-0.376353	104.220405	0.005203	6.0
1911	-0.536007	104.189323	0.008815	7.2
1912	-0.000000	104.158265	0.000000	8.3
1913	-0.739014	104.127231	0.008323	8.2
1914	-0.000000	104.096222	0.000000	6.4
1915	-1.106559	104.065238	0.018439	6.9
1916	-0.432943	104.034279	0.006114	6.1
1917	-0.989906	104.003344	0.005569	6.9
1918	-0.426068	103.972433	0.005910	6.2
1919	-0.111443	103.941547	0.003099	6.3
1920	-0.559333	103.910686	0.008791	7.2
1921	-1.100182	103.879849	0.008256	6.1
1922	-0.961242	103.849036	0.013181	7.5
1923	-0.000000	103.818248	0.000000	6.3
1924	-0.431521	103.787484	0.003648	5.9
1925	-0.067895	103.756744	0.003057	6.8
1926	-0.000000	103.726029	0.000000	6.5
1927	-0.967664	103.695338	0.002920	7.8
1928	-0.939629	103.664671	0.008913	6.2
1929	-1.160742	103.634028	0.017555	7.2
1930	-0.000000	103.603409	0.000000	6.2
1931	-0.967250	103.572814	0.012820	6.3
1932	-0.666385	103.542244	0.013002	7.6
1933	-0.000000	103.511698	0.000000	5.9
1934	-0.985680	103.481175	0.012934	7.3
1935	-0.000000	103.450677	0.000000	6.6
1936	-0.019957	103.420202	0.000950	5.9
1937	-0.955648	103.389752	0.013328	6.4
1938	-0.000002	103.359325	0.000000	6.2
1939	-0.000000	103.328922	0.000000	7.2
1940	-0.508646	103.298543	0.007675	6.3
1941	-0.641041	103.268188	0.012886	7.0
1942	-0.686028	103.237857	0.011142	7.2
1943	-0.000000	103.207549	0.000000	7.0
1944	-0.000000	103.177265	0.000000	6.7
1945	-0.452724	103.147005	0.008159	6.1
1946	-0.142256	103.116768	0.005192	6.6
1947	-0.800343	103.086556	0.005118	6.8
1948	-0.582628	103.056366	0.010667	6.4
1949	-0.617290	103.026200	0.004438	6.9
1950	-0.000000	102.996058	0.000000	6.1
1951	-0.065322	102.965939	0.003099	6.0
1952	-1.136409	102.935844	0.008738	7.0
1953	-0.000000	102.905772	0.000000	6.0
1954	-0.738733	102.875724	0.012945	7.4
1955	-0.831083	102.845699	0.006870	6.0
1956	-0.418359	102.815697	0.008962	5.7
1957	-0.703743	102.785719	0.017752	7.0
1958	-0.297257	102.755764	0.005735	6.6
1959	-0.662120	102.725832	0.011469	6.6
1960	-0.711431	102.695924	0.008253	7.0
1961	-0.967059	102.666038	0.005792	5.9
1962	-1.090744	102.636176	0.024109	7.1
1963	-1.164493	102.606337	0.008550	6.2
1964	-0.204617	102.576521	0.004940	7.2
1965	-0.447529	102.546728	0.010862	5.9
1966	-0.710156	102.516959	0.007036	6.4
1967	-1.247185	102.487212	0.012010	7.1
1968	-1.011951	102.457488	0.003995	7.1
1969	-1.120115	102.427788	0.015613	6.4
1970	-0.828801	102.398110	0.008887	6.1
1971	-1.295197	102.368455	0.031204	6.0
1972	-0.740095	102.338823	0.014288	6.6
1973	-1.058429	102.309214	0.010451	5.8
1974	-0.169720	102.279628	0.005477	6.7
1975	-0.000000	102.250064	0.000000	6.5
1976	-0.814225	102.220524	0.005044	6.0
1977	-0.503922	102.191006	0.007179	6.7
1978	-0.439542	102.161511	0.004750	5.9
1979	-1.089792	102.132038	0.008573	6.4
1980	-1.274351	102.102588	0.013839	6.0
1981	-0.000000	102.073161	0.000000	6.2
1982	-0.000000	102.043757	0.000000	7.4
1983	-0.848225	102.014375	0.029766	6.3
1984	-1.113856	101.985015	0.012674	6.4
1985	-0.948522	101.955678	0.012747	6.1
1986	-0.000000	101.926364	0.000000	6.0
1987	-1.303607	101.897072	0.005971	7.2
1988	-0.848503	101.867802	0.011555	6.0
1989	-0.326888	101.838555	0.007475	6.2
1990	-0.910715	101.809330	0.010039	7.1
1991	-0.805116	101.780128	0.011177	5.9
1992	0.000000	101.750948	0.000000	6.1
1993	-1.060621	101.721790	0.004866	6.5
1994	-1.217155	101.692654	0.020593	6.7
1995	-0.673364	101.663541	0.005922	7.0
1996	-0.412473	101.634450	0.005430	6.2
1997	-0.602346	101.605381	0.010526	6.9
1998	-0.006834	101.576335	0.000418	6.0
1999	-0.328988	101.547310	0.005226	6.3
