1:ItNr	2:Metric	3:StepSize	4:||Gradient||	Time[ms]
0	-0.556433	627.201626	0.007905	785.7
1	-0.851485	623.504937	0.007319	8.9
2	-0.000000	619.865785	0.000000	6.8
3	0.000000	616.282728	0.000000	8.6
4	-0.028045	612.754375	0.000881	8.6
5	-0.603663	609.279381	0.006497	8.8
6	-0.474505	605.856447	0.006786	8.1
7	-0.158984	602.484317	0.004121	7.5
8	-0.767778	599.161779	0.004935	8.1
9	-0.392098	595.887656	0.006027	9.1
10	-0.450534	592.660813	0.004425	8.2
11	-0.116353	589.480151	0.004329	9.2
12	-0.494487	586.344606	0.008207	8.8
13	0.000000	583.253145	0.000000	8.8
14	0.000000	580.204771	0.000000	9.2
15	-0.727144	577.198517	0.005398	8.3
16	-0.832548	574.233444	0.007212	8.9
17	-0.278560	571.308645	0.004573	8.2
18	-0.384846	568.423237	0.006458	9.1
19	-0.005082	565.576365	0.000469	9.1
20	-0.000000	562.767201	0.000000	8.0
21	0.000000	559.994938	0.000000	9.2
22	-0.467031	557.258797	0.005658	9.9
23	-0.783866	554.558018	0.007528	9.3
24	-0.688269	551.891865	0.008387	8.6
25	-0.446647	549.259621	0.002990	9.3
26	-0.547649	546.660592	0.009816	7.4
27	-0.510774	544.094102	0.004209	9.0
28	-0.669502	541.559494	0.007008	8.5
29	-0.311913	539.056129	0.004502	9.8
30	-0.882006	536.583387	0.010555	8.3
31	-0.313184	534.140663	0.005320	9.1
32	-0.720795	531.727370	0.009495	8.4
33	-0.630346	529.342935	0.007517	9.2
34	-0.586203	526.986802	0.007266	8.3
35	-0.611013	524.658430	0.012175	9.5
36	0.000000	522.357290	0.000000	9.6
37	-0.691883	520.082868	0.005331	8.7
38	-0.788080	517.834665	0.008803	9.5
39	-0.737506	515.612193	0.006855	9.6
40	-0.206523	513.414976	0.006084	9.4
41	-0.791234	511.242551	0.008209	8.6
42	-0.390934	509.094468	0.003998	9.0
43	0.000000	506.970285	0.000000	8.9
44	-0.703201	504.869574	0.003626	9.3
45	-0.809440	502.791916	0.009138	8.3
46	-0.216735	500.736903	0.004753	9.6
47	0.000000	498.704137	0.000000	9.5
48	-0.730383	496.693228	0.007700	8.7
49	-0.797114	494.703798	0.008378	9.6
50	-0.080552	492.735476	0.006627	8.4
51	-0.832977	490.787900	0.005584	8.8
52	-0.750829	488.860718	0.006651	8.7
53	-0.258552	486.953585	0.004504	8.6
54	-0.301597	485.066164	0.006367	8.7
55	0.000000	483.198126	0.000000	9.7
56	-0.812357	481.349149	0.008577	9.9
57	-0.400999	479.518920	0.006326	9.6
58	-0.254258	477.707132	0.002123	9.4
59	-0.774836	475.913485	0.008262	7.2
60	-0.531260	474.137684	0.007989	9.6
61	-0.000000	472.379445	0.000000	9.0
62	-0.749160	470.638485	0.006868	9.6
63	-0.736845	468.914531	0.008202	9.4
64	-0.000272	467.207315	0.000204	8.9
65	-0.300323	465.516573	0.005180	10.1
66	-0.092187	463.842050	0.001647	8.6
67	-0.657207	462.183494	0.008125	10.6
68	-0.532045	460.540658	0.005978	9.0
69	-0.270184	458.913303	0.005911	9.3
70	-0.637507	457.301192	0.006799	9.1
71	0.000000	455.704096	0.000000	8.8
72	-0.418477	454.121787	0.006182	8.0
73	-0.755447	452.554045	0.007862	9.3
74	-0.305842	451.000653	0.005054	9.3
75	0.000000	449.461399	0.000000	8.7
76	-0.588651	447.936075	0.010220	9.5
77	0.000000	446.424477	0.000000	8.3
78	0.000000	444.926406	0.000000	9.2
79	0.000000	443.441666	0.000000	8.8
80	-0.418080	441.970065	0.006376	9.2
81	-0.594035	440.511415	0.007680	9.4
82	-0.654993	439.065533	0.007727	8.9
83	-0.491371	437.632238	0.005498	9.4
84	-0.769055	436.211351	0.008317	9.1
85	-0.660137	434.802701	0.005925	9.6
86	0.000000	433.406117	0.000000	8.8
87	-0.255931	432.021430	0.005829	8.2
88	0.000000	430.648479	0.000000	8.5
89	-0.193329	429.287101	0.004245	9.7
90	-0.461246	427.937140	0.008552	9.3
91	-0.317213	426.598440	0.005345	10.1
92	-0.703728	425.270849	0.003982	9.4
93	-0.857573	423.954220	0.008190	9.1
94	-0.249381	422.648404	0.005457	9.7
95	-0.013233	421.353259	0.000471	8.3
96	-0.800901	420.068643	0.005426	9.1
97	-0.557964	418.794419	0.006484	8.6
98	-0.319625	417.530451	0.004803	9.8
99	-0.533185	416.276604	0.007246	9.4
100	-0.366969	415.032748	0.009544	8.7
101	-0.707512	413.798754	0.006061	9.6
102	-0.301902	412.574495	0.004809	8.0
103	-0.735711	411.359849	0.003753	8.7
104	0.000000	410.154691	0.000000	8.4
105	-0.783376	408.958904	0.011119	9.6
106	-0.689118	407.772368	0.007303	8.8
107	-0.487594	406.594968	0.006195	8.0
108	-0.778734	405.426590	0.009961	8.7
109	-0.286772	404.267122	0.006333	9.4
110	-0.402787	403.116456	0.007339	9.4
111	-0.801564	401.974481	0.008579	8.8
112	-0.892429	400.841093	0.006091	10.1
113	-0.792549	399.716187	0.004134	8.8
114	-0.026092	398.599660	0.002452	9.4
115	-0.561124	397.491411	0.006466	9.5
116	-0.019752	396.391342	0.001681	9.3
117	-0.415036	395.299353	0.003047	8.9
118	-0.319291	394.215350	0.004667	9.9
119	-0.664582	393.139238	0.006974	9.8
120	-0.583800	392.070924	0.007800	9.3
121	-0.215398	391.010316	0.002419	10.4
122	-0.054877	389.957325	0.001984	8.8
123	-0.024098	388.911862	0.001673	9.3
124	-0.717545	387.873839	0.007300	8.9
125	-0.583556	386.843173	0.008176	8.7
126	-0.000012	385.819777	0.000019	9.3
127	-0.141633	384.803569	0.002847	11.6
128	-0.242485	383.794468	0.004179	10.3
129	-0.128211	382.792393	0.003339	10.1
130	0.000000	381.797264	0.000000	9.3
131	0.000000	380.809005	0.000000	9.9
132	0.000000	379.827537	0.000000	8.3
133	-0.709866	378.852786	0.005950	10.2
134	-0.785732	377.884678	0.005012	9.0
135	-0.977032	376.923138	0.008875	8.8
136	-0.856557	375.968095	0.007841	9.0
137	-0.272811	375.019479	0.004550	12.1
138	-0.166335	374.077218	0.008070	8.3
139	-0.550663	373.141244	0.009903	9.2
140	-0.420006	372.211489	0.006148	9.8
141	-0.554075	371.287887	0.005785	9.4
142	-0.019083	370.370370	0.002764	8.2
143	-0.014341	369.458876	0.000715	8.4
144	-0.055820	368.553338	0.004126	10.9
145	0.000000	367.653696	0.000000	11.0
146	0.000000	366.759885	0.000000	9.4
147	-0.088628	365.871846	0.003123	10.7
148	-0.723628	364.989518	0.008285	9.6
149	-0.700324	364.112841	0.007909	9.3
150	-0.006811	363.241757	0.000668	10.4
151	-0.380967	362.376208	0.006259	8.4
152	-0.642302	361.516137	0.008521	10.0
153	-0.735002	360.661488	0.003778	8.3
154	-0.287119	359.812206	0.003965	9.5
155	-0.508605	358.968236	0.004271	8.9
156	-0.852900	358.129524	0.007546	9.1
157	-0.220947	357.296018	0.003494	9.9
158	-0.000000	356.467665	0.000000	8.0
159	-0.607610	355.644414	0.004448	9.1
160	-0.320061	354.826213	0.005146	9.4
161	-0.000000	354.013012	0.000000	9.3
162	0.000000	353.204763	0.000000	8.9
163	-0.001526	352.401415	0.000809	9.4
164	-0.264922	351.602922	0.002733	9.9
165	-0.824135	350.809235	0.010404	9.5
166	-0.653387	350.020308	0.006982	9.2
167	-0.497113	349.236095	0.005083	9.6
168	-0.405806	348.456550	0.007121	9.9
169	-0.476577	347.681627	0.005101	8.9
170	-0.789677	346.911283	0.004889	9.8
171	-0.708618	346.145474	0.005959	10.6
172	0.000000	345.384157	0.000000	9.5
173	-0.461131	344.627288	0.005344	9.8
174	-0.385511	343.874826	0.005447	8.8
175	-0.396310	343.126729	0.006266	10.1
176	0.000000	342.382957	0.000000	9.3
177	-0.816882	341.643469	0.008754	8.9
178	-0.488059	340.908224	0.005247	9.4
179	-0.868812	340.177184	0.005533	10.1
180	-0.490559	339.450309	0.005969	10.2
181	0.000000	338.727561	0.000000	9.5
182	-0.323065	338.008902	0.004867	9.6
183	-0.760546	337.294295	0.006961	10.4
184	-0.567347	336.583703	0.006812	9.0
185	-0.851007	335.877089	0.007222	9.6
186	0.000000	335.174416	0.000000	8.4
187	-0.718263	334.475651	0.004483	8.8
188	-0.505258	333.780756	0.008354	8.4
189	-0.616495	333.089698	0.007191	8.9
190	-0.274390	332.402443	0.005985	8.6
191	0.000000	331.718955	0.000000	9.2
192	-0.475865	331.039203	0.010654	8.8
193	0.000000	330.363153	0.000000	9.6
194	-0.748253	329.690771	0.005436	10.2
195	-0.394858	329.022027	0.004739	8.9
196	-0.082941	328.356888	0.002397	9.2
197	-0.638932	327.695322	0.009984	7.3
198	0.000000	327.037299	0.000000	8.4
199	-0.700428	326.382787	0.010899	9.0
200	-0.544853	325.731758	0.006462	9.7
201	0.000000	325.084179	0.000000	9.4
202	-0.661484	324.440023	0.008125	9.4
203	-0.539494	323.799258	0.006421	8.7
204	-0.661518	323.161858	0.007664	9.3
205	-0.499375	322.527792	0.006984	9.2
206	-0.951107	321.897034	0.010039	10.2
207	-0.457756	321.269554	0.007218	9.7
208	-0.746623	320.645325	0.003840	9.0
209	-0.056874	320.024320	0.001577	8.7
210	-0.904915	319.406512	0.008131	9.3
211	-0.000040	318.791875	0.000036	8.9
212	-0.003699	318.180381	0.000930	10.3
213	-0.230048	317.572005	0.004992	9.4
214	-0.599420	316.966721	0.004779	10.1
215	0.000000	316.364504	0.000000	9.3
216	-0.187806	315.765329	0.004862	9.6
217	-0.535048	315.169170	0.006617	9.7
218	0.000000	314.576003	0.000000	10.4
219	-0.533963	313.985804	0.006274	8.5
220	-0.780849	313.398548	0.007671	9.3
221	-0.808082	312.814213	0.008348	9.8
222	-0.229131	312.232773	0.005046	9.5
223	-0.000737	311.654207	0.000599	8.7
224	0.000000	311.078491	0.000000	9.3
225	-0.900169	310.505602	0.008493	7.5
226	-0.741273	309.935518	0.007382	9.5
227	-0.006124	309.368217	0.000403	8.8
228	-0.623018	308.803676	0.005192	10.4
229	-0.091712	308.241874	0.002458	9.6
230	0.000000	307.682789	0.000000	8.8
231	-0.422979	307.126400	0.006068	9.4
232	-0.607828	306.572687	0.009477	8.7
233	-0.656388	306.021627	0.009832	9.4
234	0.000000	305.473201	0.000000	8.8
235	-0.000000	304.927388	0.000000	9.9
236	-0.796466	304.384168	0.010957	8.5
237	-0.825795	303.843521	0.008560	9.5
238	-0.575850	303.305427	0.007250	9.6
239	-0.502867	302.769867	0.006624	8.9
240	-0.328672	302.236821	0.005905	9.6
241	-0.893628	301.706270	0.005445	10.4
242	-0.702439	301.178196	0.006673	10.2
243	-0.850606	300.652580	0.005804	9.4
244	-0.712080	300.129402	0.008176	8.9
245	-0.003762	299.608645	0.000621	9.7
246	-0.689631	299.090291	0.007779	9.7
247	-0.029757	298.574321	0.000515	9.8
248	-0.531277	298.060718	0.007845	9.0
249	-0.488701	297.549465	0.005593	10.1
250	-0.519439	297.040543	0.003975	9.3
251	-0.513294	296.533936	0.006107	10.7
252	-0.368779	296.029626	0.003609	10.0
253	-0.089328	295.527597	0.005613	8.9
254	-0.162823	295.027832	0.003486	10.2
255	-0.380309	294.530315	0.003222	9.7
256	0.000000	294.035028	0.000000	9.5
257	-0.227856	293.541956	0.003646	9.9
258	-0.535033	293.051083	0.006617	8.7
259	0.000000	292.562393	0.000000	9.5
260	-0.889435	292.075870	0.006615	9.3
261	-0.587210	291.591498	0.005808	9.2
262	-0.867740	291.109263	0.005062	8.9
263	-0.582863	290.629149	0.007206	9.7
264	0.000000	290.151140	0.000000	9.5
265	-0.272757	289.675222	0.005770	8.5
266	-0.272804	289.201380	0.004305	9.4
267	0.000000	288.729600	0.000000	7.8
268	-0.360027	288.259866	0.005947	9.0
269	-0.285716	287.792165	0.002185	8.6
270	-0.785401	287.326481	0.008821	9.4
271	0.000000	286.862802	0.000000	9.0
272	-0.705195	286.401113	0.009380	9.3
273	-0.771280	285.941400	0.007926	9.1
274	-0.000002	285.483649	0.000002	9.8
275	-0.623499	285.027847	0.005904	10.4
276	-0.367817	284.573981	0.004649	9.0
277	-0.821164	284.122037	0.007409	8.1
278	-0.016182	283.672002	0.001406	9.3
279	-0.428806	283.223863	0.006101	9.8
280	-0.817249	282.777607	0.011444	9.8
281	-0.000000	282.333221	0.000000	8.4
282	-0.313295	281.890692	0.006054	9.6
283	-0.000000	281.450008	0.000000	8.9
284	-1.012007	281.011157	0.008672	9.7
285	-0.559593	280.574125	0.005212	8.9
286	-0.733744	280.138901	0.007635	9.5
287	-0.747668	279.705473	0.008383	10.3
288	0.000000	279.273829	0.000000	9.8
289	-0.138161	278.843956	0.002538	10.2
290	-0.320113	278.415844	0.004828	9.1
291	-0.451728	277.989479	0.007176	9.6
292	-0.124492	277.564851	0.002403	9.0
293	-0.753526	277.141949	0.007109	8.8
294	-0.713227	276.720761	0.006013	9.2
295	-0.567022	276.301275	0.007937	8.4
296	-0.638701	275.883480	0.008148	9.2
297	0.000000	275.467366	0.000000	9.2
298	-0.000000	275.052922	0.000000	9.5
299	-0.805827	274.640136	0.004778	9.2
300	0.000000	274.228998	0.000000	9.2
301	0.000000	273.819497	0.000000	8.2
302	-0.006701	273.411623	0.000923	9.3
303	-0.964634	273.005365	0.011114	8.9
304	-0.949629	272.600712	0.007476	9.1
305	-0.459198	272.197655	0.005219	9.4
306	-0.682059	271.796184	0.007863	9.0
307	-0.818272	271.396287	0.007807	9.8
308	0.000000	270.997956	0.000000	8.6
309	-0.029529	270.601180	0.001481	8.9
310	-0.384778	270.205949	0.007197	7.5
311	-0.925198	269.812254	0.008542	9.7
312	-0.491971	269.420085	0.003834	8.5
313	-0.512618	269.029432	0.008547	9.6
314	-0.031560	268.640287	0.001056	9.8
315	0.000000	268.252638	0.000000	9.0
316	-0.056624	267.866478	0.001658	8.8
317	-0.428645	267.481796	0.009993	9.4
318	-0.445343	267.098584	0.005725	9.4
319	-0.694716	266.716833	0.007012	9.5
320	-0.066537	266.336533	0.001168	8.9
321	-0.669420	265.957676	0.004992	9.5
322	0.000000	265.580253	0.000000	9.2
323	0.000000	265.204254	0.000000	9.7
324	-0.672741	264.829672	0.007901	9.1
325	0.000000	264.456497	0.000000	9.9
326	0.000000	264.084721	0.000000	8.9
327	-0.714001	263.714335	0.005428	9.7
328	0.000000	263.345332	0.000000	6.8
329	-0.911720	262.977702	0.009290	8.0
330	-0.873227	262.611438	0.004479	8.9
331	-0.000001	262.246531	0.000002	10.1
332	-0.114441	261.882973	0.002605	9.4
333	-0.295070	261.520756	0.003970	9.6
334	-0.053068	261.159871	0.001428	9.8
335	0.000000	260.800312	0.000000	9.4
336	-0.690413	260.442070	0.004058	9.1
337	-0.724285	260.085137	0.005632	8.5
338	-0.495413	259.729505	0.005758	9.4
339	-0.834862	259.375167	0.005300	9.5
340	-0.436043	259.022116	0.006893	8.6
341	-0.616375	258.670343	0.004728	9.8
342	0.000000	258.319841	0.000000	8.9
343	-0.509317	257.970602	0.006122	9.6
344	-0.000000	257.622620	0.000000	7.5
345	0.000000	257.275887	0.000000	11.5
346	-0.267209	256.930396	0.002839	9.7
347	-0.542748	256.586139	0.006098	8.8
348	0.000000	256.243109	0.000000	9.4
349	-0.000540	255.901300	0.000048	8.8
350	-0.755171	255.560703	0.008938	10.1
351	0.000000	255.221313	0.000000	8.9
352	-0.016142	254.883122	0.001196	9.8
353	-0.831581	254.546124	0.005668	9.8
354	-0.831755	254.210311	0.006251	9.0
355	-0.773500	253.875677	0.003643	10.2
356	-0.832820	253.542215	0.007633	8.4
357	-0.364182	253.209918	0.004958	9.5
358	-0.005133	252.878781	0.001220	8.9
359	0.000000	252.548795	0.000000	10.4
360	-0.655891	252.219956	0.005815	9.7
361	-0.530416	251.892255	0.006359	7.7
362	-0.742929	251.565688	0.009675	9.6
363	-0.619353	251.240247	0.005800	8.5
364	-0.000039	250.915926	0.000039	9.3
365	-0.248662	250.592720	0.006655	8.6
366	-0.789622	250.270621	0.012741	7.7
367	-0.075617	249.949624	0.002891	9.0
368	-0.585794	249.629723	0.007688	9.4
369	-0.000000	249.310911	0.000000	8.5
370	-0.044370	248.993182	0.003266	8.9
371	-0.672053	248.676531	0.006033	8.8
372	-0.576674	248.360952	0.005093	8.7
373	-0.653414	248.046438	0.009285	10.3
374	-0.454838	247.732984	0.005378	8.8
375	-0.000001	247.420584	0.000001	10.1
376	-0.713218	247.109233	0.006097	8.6
377	0.000000	246.798924	0.000000	10.4
378	-0.049516	246.489652	0.003052	7.2
379	-0.040869	246.181412	0.000386	9.9
380	-0.156369	245.874197	0.002903	10.4
381	-0.777855	245.568002	0.008363	8.7
382	-0.000000	245.262822	0.000000	9.4
383	-1.050138	244.958652	0.009922	7.2
384	-0.727724	244.655485	0.004970	10.1
385	-0.388307	244.353317	0.003435	9.1
386	-0.341794	244.052142	0.006785	7.8
387	-0.865909	243.751955	0.006633	8.7
388	0.000000	243.452750	0.000000	9.2
389	-0.600502	243.154523	0.008111	9.2
390	-0.738260	242.857268	0.005750	10.7
391	-0.726031	242.560980	0.005511	9.8
392	-0.446306	242.265654	0.006986	8.9
393	-1.027751	241.971285	0.007214	10.0
394	0.000000	241.677868	0.000000	9.1
395	-0.629179	241.385397	0.006409	9.3
396	-0.014600	241.093869	0.000824	9.2
397	-0.372778	240.803278	0.008419	8.7
398	0.000000	240.513619	0.000000	8.5
399	-0.869416	240.224887	0.005807	8.3
400	0.000000	239.937077	0.000000	8.0
401	-0.602799	239.650186	0.006023	8.4
402	-0.912270	239.364207	0.005301	9.3
403	-0.411789	239.079136	0.005122	9.7
404	-0.799119	238.794969	0.007058	9.5
405	-0.066875	238.511701	0.002343	9.0
406	-0.820934	238.229327	0.004003	9.9
407	-0.348524	237.947843	0.004921	9.4
408	-0.619451	237.667244	0.007002	8.9
409	-0.677646	237.387526	0.007154	9.9
410	-0.000000	237.108684	0.000000	9.2
411	-0.493075	236.830714	0.004115	9.3
412	0.000000	236.553610	0.000000	9.2
413	-0.135852	236.277370	0.003248	8.5
414	0.000000	236.001989	0.000000	9.3
415	-0.273392	235.727461	0.002759	8.6
416	-0.435396	235.453784	0.005192	9.2
417	-0.000064	235.180952	0.000074	9.3
418	-0.097315	234.908962	0.002658	9.6
419	-0.621161	234.637809	0.007717	8.6
420	-0.375280	234.367488	0.003621	10.1
421	-0.511878	234.097997	0.006479	9.1
422	-0.002878	233.829331	0.000541	9.3
423	-0.750853	233.561485	0.004621	9.5
424	-0.076606	233.294456	0.002930	8.3
425	-0.737358	233.028239	0.004461	9.1
426	-0.745375	232.762831	0.006775	9.9
427	-0.138367	232.498228	0.003183	10.0
428	-0.822273	232.234425	0.007626	8.6
429	-0.863171	231.971419	0.005622	9.6
430	-0.161167	231.709205	0.004696	8.1
431	-0.374615	231.447781	0.004957	9.3
432	-0.814822	231.187141	0.003559	9.0
433	-0.232525	230.927283	0.004916	8.8
434	-0.889032	230.668202	0.005810	7.6
435	-0.432128	230.409895	0.005398	9.8
436	-0.001291	230.152358	0.000434	9.0
437	0.000000	229.895587	0.000000	9.7
438	-0.264105	229.639578	0.005201	9.8
439	-0.445872	229.384329	0.005042	8.5
440	0.000000	229.129834	0.000000	9.2
441	-0.397699	228.876091	0.005670	9.7
442	-0.670673	228.623096	0.008344	8.9
443	-0.764983	228.370846	0.009403	9.8
444	0.000000	228.119336	0.000000	8.7
445	-0.512444	227.868563	0.005923	10.1
446	-0.818399	227.618525	0.004246	9.2
447	0.000000	227.369216	0.000000	10.7
448	0.000000	227.120635	0.000000	9.5
449	-0.680314	226.872777	0.009085	8.2
450	-0.820491	226.625638	0.006933	8.5
451	0.000000	226.379217	0.000000	9.1
452	-0.000230	226.133509	0.000162	9.7
453	0.000000	225.888510	0.000000	9.2
454	-0.553751	225.644218	0.007768	9.6
455	-0.132997	225.400630	0.001872	9.0
456	-0.824123	225.157741	0.007690	9.5
457	-0.549872	224.915549	0.005881	9.4
458	-0.232142	224.674051	0.004980	9.4
459	-0.649543	224.433242	0.007548	9.7
460	-0.006720	224.193121	0.000170	9.0
461	-0.653622	223.953684	0.009650	10.1
462	-0.735252	223.714927	0.004590	9.6
463	-0.413342	223.476848	0.006482	10.0
464	-0.868968	223.239444	0.003909	9.7
465	0.000000	223.002710	0.000000	9.6
466	-0.271896	222.766645	0.003567	9.2
467	-0.367520	222.531245	0.005841	8.8
468	-0.378419	222.296508	0.004207	9.4
469	-0.870886	222.062429	0.004832	9.0
470	-0.732709	221.829007	0.006737	9.6
471	-0.641978	221.596238	0.009310	10.0
472	0.000000	221.364119	0.000000	9.2
473	-0.312142	221.132647	0.006136	9.6
474	-0.690862	220.901820	0.004839	8.6
475	-0.947705	220.671634	0.008820	9.1
476	-0.000007	220.442086	0.000001	8.7
477	-0.074668	220.213174	0.002229	8.7
478	-0.483984	219.984895	0.005695	9.3
479	-0.630477	219.757246	0.006020	9.2
480	-0.518243	219.530224	0.004330	9.7
481	-0.460909	219.303826	0.004414	8.8
482	0.000000	219.078050	0.000000	10.7
483	-0.912541	218.852893	0.007378	8.5
484	-0.586802	218.628352	0.006555	9.5
485	-0.758844	218.404424	0.009290	8.6
486	0.000000	218.181106	0.000000	9.0
487	-0.762131	217.958397	0.007431	10.1
488	-0.391129	217.736292	0.005866	8.9
489	-0.558298	217.514790	0.007906	9.5
490	-0.436667	217.293888	0.005174	8.6
491	-0.918519	217.073584	0.005919	10.4
492	-0.738413	216.853873	0.005864	10.0
493	-0.772127	216.634755	0.010021	9.6
494	-0.835469	216.416227	0.005252	10.2
495	-0.742811	216.198285	0.004468	9.4
496	0.000000	215.980927	0.000000	9.7
497	-0.631965	215.764151	0.007163	8.7
498	-0.091257	215.547955	0.003483	9.6
499	-0.383372	215.332335	0.004685	9.1
500	0.000000	215.117289	0.000000	8.4
501	-0.000970	214.902815	0.000432	9.9
502	0.000000	214.688911	0.000000	9.8
503	-0.371988	214.475573	0.002719	9.1
504	-0.474204	214.262800	0.007091	8.5
505	-0.313033	214.050588	0.007522	7.8
506	-0.853503	213.838936	0.005667	10.5
507	-0.574954	213.627842	0.005030	10.7
508	-0.713309	213.417302	0.004570	9.6
509	0.000000	213.207314	0.000000	7.5
510	-0.828214	212.997877	0.006823	9.5
511	-0.891087	212.788987	0.009509	8.1
512	-0.402351	212.580642	0.006463	10.5
513	0.000000	212.372841	0.000000	8.8
514	-0.894153	212.165581	0.006348	9.5
515	-0.514947	211.958859	0.004701	10.5
516	-0.406731	211.752673	0.006175	10.2
517	-0.000000	211.547021	0.000000	9.8
518	-0.508111	211.341902	0.004664	9.0
519	0.000000	211.137311	0.000000	9.5
520	0.000000	210.933248	0.000000	9.7
521	0.000000	210.729710	0.000000	8.7
522	-0.042861	210.526695	0.002594	9.7
523	-0.608980	210.324200	0.005947	8.5
524	-0.231668	210.122224	0.001659	10.2
525	-0.227741	209.920765	0.005971	7.3
526	-0.717785	209.719820	0.007435	10.0
527	-0.047290	209.519387	0.000668	8.9
528	-0.031614	209.319463	0.000515	8.4
529	-0.260344	209.120048	0.006206	9.4
530	-0.808774	208.921139	0.006005	8.9
531	-0.241343	208.722733	0.003723	10.3
532	-0.490816	208.524829	0.006622	7.8
533	-0.135104	208.327425	0.002485	9.9
534	-0.763835	208.130518	0.006250	8.8
535	-0.294700	207.934107	0.002754	8.8
536	-0.518371	207.738189	0.004399	8.7
537	0.000000	207.542762	0.000000	9.8
538	0.000000	207.347825	0.000000	8.6
539	-0.570356	207.153376	0.004961	9.3
540	-0.491340	206.959412	0.006823	10.0
541	-0.155059	206.765932	0.003890	8.8
542	0.000000	206.572933	0.000000	10.1
543	-0.047121	206.380414	0.001709	9.3
544	-0.727067	206.188373	0.005740	8.9
545	-0.787185	205.996807	0.008618	8.3
546	0.000000	205.805716	0.000000	9.9
547	-0.351625	205.615096	0.005275	9.4
548	-0.601258	205.424946	0.007139	9.2
549	-0.808045	205.235265	0.004228	9.8
550	-0.723864	205.046050	0.005231	8.8
551	-0.283450	204.857299	0.003721	9.5
552	0.000000	204.669011	0.000000	9.6
553	-0.819008	204.481184	0.006761	10.0
554	-0.007862	204.293816	0.001192	9.2
555	0.000000	204.106905	0.000000	9.0
556	-0.000000	203.920449	0.000000	9.4
557	-0.336447	203.734447	0.004721	9.4
558	-0.783552	203.548896	0.007148	10.0
559	-0.780017	203.363795	0.005401	9.3
560	-0.225888	203.179143	0.004108	9.1
561	0.000000	202.994937	0.000000	9.6
562	-0.755520	202.811176	0.007765	10.1
563	-0.844252	202.627857	0.007431	10.7
564	-0.299318	202.444980	0.004863	9.1
565	-0.740925	202.262543	0.007337	9.2
566	-0.973391	202.080543	0.005186	9.3
567	-0.886097	201.898979	0.008540	9.5
568	-0.000456	201.717849	0.000189	10.5
569	-0.144280	201.537153	0.004155	8.8
570	-0.774019	201.356887	0.006119	11.3
571	-0.011483	201.177050	0.001020	10.4
572	-0.685685	200.997642	0.005479	8.8
573	-0.571567	200.818659	0.007069	10.2
574	-0.607770	200.640100	0.004781	9.2
575	0.000000	200.461965	0.000000	9.6
576	-0.676320	200.284250	0.004261	9.6
577	-0.673118	200.106955	0.006133	9.5
578	-0.723083	199.930078	0.007341	9.9
579	-0.609974	199.753617	0.006752	8.7
580	0.000000	199.577571	0.000000	9.5
581	-0.690050	199.401938	0.004978	8.5
582	-0.593790	199.226717	0.007238	9.5
583	-0.358040	199.051905	0.005575	9.0
584	-0.578076	198.877502	0.007851	10.2
585	-0.260448	198.703506	0.005234	8.2
586	0.000000	198.529916	0.000000	9.6
587	0.000000	198.356729	0.000000	9.9
588	-0.930629	198.183944	0.006349	8.7
589	-0.875126	198.011560	0.004183	9.8
590	-0.555029	197.839576	0.004552	8.6
591	0.000000	197.667989	0.000000	8.6
592	-0.245936	197.496798	0.008345	8.1
593	-0.520118	197.326002	0.006772	10.2
594	-0.670895	197.155600	0.008590	9.6
595	-0.324399	196.985589	0.004781	10.5
596	-0.368444	196.815969	0.004663	9.6
597	-0.384667	196.646738	0.003825	8.8
598	-0.669651	196.477894	0.006296	9.4
599	-0.000037	196.309436	0.000024	8.8
600	-0.333584	196.141363	0.007004	9.0
601	-0.595484	195.973673	0.009089	9.1
602	-0.819789	195.806365	0.005994	9.2
603	-0.006833	195.639437	0.000508	10.1
604	-0.745600	195.472888	0.004442	9.4
605	-0.099939	195.306717	0.002939	10.0
606	0.000000	195.140922	0.000000	9.5
607	-0.412628	194.975501	0.004977	10.7
608	-0.578799	194.810454	0.007151	10.5
609	-0.510990	194.645779	0.005002	8.3
610	-0.628221	194.481475	0.006996	10.2
611	-0.338248	194.317540	0.002833	9.0
612	-0.532791	194.153973	0.008717	8.6
613	-0.268642	193.990773	0.003848	10.0
614	-0.623562	193.827938	0.004432	8.9
615	-0.005765	193.665467	0.000736	9.9
616	0.000000	193.503358	0.000000	8.8
617	-0.714233	193.341611	0.005534	9.3
618	-0.485129	193.180224	0.006871	8.9
619	0.000000	193.019196	0.000000	10.1
620	-0.604088	192.858525	0.006240	9.9
621	-0.440123	192.698210	0.005332	8.4
622	-0.676134	192.538251	0.006700	8.5
623	-0.128468	192.378644	0.002828	7.2
624	-0.693964	192.219391	0.006851	9.6
625	-0.268156	192.060488	0.004561	8.9
626	0.000000	191.901935	0.000000	9.3
627	-0.824673	191.743730	0.007527	8.8
628	-0.002261	191.585873	0.000669	9.2
629	-0.285579	191.428362	0.004150	8.8
630	0.000000	191.271196	0.000000	11.1
631	-0.975183	191.114374	0.008920	8.9
632	-0.611606	190.957893	0.003462	9.3
633	-0.221236	190.801755	0.003240	8.8
634	-0.402610	190.645956	0.005295	8.6
635	-0.089652	190.490495	0.002777	9.9
636	-0.691622	190.335373	0.009154	7.3
637	-0.798058	190.180587	0.003960	9.7
638	-0.300252	190.026136	0.003124	8.7
639	-0.217624	189.872019	0.003678	9.1
640	-0.815394	189.718235	0.006867	7.9
641	0.000000	189.564782	0.000000	10.0
642	-0.636124	189.411661	0.003988	9.5
643	-0.727822	189.258868	0.005688	9.1
644	-0.000116	189.106404	0.000086	9.2
645	-0.845174	188.954267	0.004826	8.8
646	-0.153507	188.802456	0.002914	9.6
647	-0.492293	188.650969	0.004830	8.7
648	-0.085174	188.499807	0.002569	10.6
649	-0.000023	188.348967	0.000026	7.6
650	-0.934798	188.198448	0.007944	9.2
651	-0.494897	188.048250	0.006317	10.8
652	-0.392223	187.898371	0.006305	8.7
653	-0.604994	187.748810	0.008061	8.2
654	-0.347550	187.599566	0.009427	9.9
655	-0.508602	187.450638	0.005383	8.6
656	-0.015861	187.302025	0.001732	8.7
657	-0.568153	187.153725	0.007563	8.2
658	-0.736361	187.005739	0.007092	8.5
659	-0.477738	186.858064	0.004535	9.1
660	0.000000	186.710699	0.000000	9.2
661	-0.356908	186.563645	0.005086	9.2
662	0.000000	186.416898	0.000000	9.6
663	-0.445591	186.270459	0.006654	8.7
664	-0.497239	186.124326	0.007255	9.5
665	-0.778273	185.978499	0.005335	10.1
666	0.000000	185.832976	0.000000	9.3
667	-0.754456	185.687756	0.008748	9.1
668	-0.656170	185.542838	0.006136	9.4
669	0.000000	185.398222	0.000000	9.8
670	-0.802414	185.253906	0.007709	9.1
671	-0.755036	185.109889	0.007537	8.2
672	-0.590218	184.966170	0.005268	7.9
673	-0.030233	184.822748	0.002836	8.5
674	0.000000	184.679623	0.000000	9.3
675	-0.484418	184.536792	0.008495	9.8
676	-0.006073	184.394256	0.000862	9.2
677	-0.758879	184.252013	0.004625	11.9
678	-0.656110	184.110062	0.006551	9.9
679	0.000000	183.968403	0.000000	9.2
680	0.000000	183.827034	0.000000	8.9
681	0.000000	183.685954	0.000000	10.1
682	-0.542032	183.545163	0.006121	8.8
683	-0.805196	183.404658	0.005703	10.4
684	-0.759697	183.264441	0.007545	8.8
685	0.000000	183.124509	0.000000	9.8
686	-0.236660	182.984861	0.005935	7.9
687	-0.980149	182.845497	0.006273	9.0
688	0.000000	182.706416	0.000000	8.7
689	-0.838357	182.567616	0.004118	9.7
690	-0.745331	182.429098	0.004818	10.2
691	-0.000569	182.290859	0.000288	8.5
692	-0.148798	182.152899	0.003876	10.3
693	-0.089312	182.015217	0.002407	8.9
694	-0.833511	181.877813	0.007027	9.6
695	-0.685986	181.740684	0.006761	9.1
696	-0.523511	181.603832	0.003293	9.1
697	-0.946857	181.467253	0.005307	9.2
698	-0.840992	181.330948	0.004944	9.4
699	-0.776206	181.194916	0.007079	10.4
700	-0.002329	181.059155	0.001026	10.3
701	0.000000	180.923666	0.000000	9.5
702	-0.515287	180.788446	0.006191	9.0
703	-0.027264	180.653496	0.000130	8.7
704	-0.244983	180.518814	0.002819	9.6
705	-0.827992	180.384399	0.004308	9.6
706	0.000000	180.250251	0.000000	9.8
707	-0.032739	180.116369	0.002153	9.6
708	0.000000	179.982752	0.000000	9.1
709	-0.545063	179.849398	0.006113	10.0
710	-0.697327	179.716308	0.004542	10.9
711	-0.681124	179.583480	0.004899	10.7
712	0.000000	179.450913	0.000000	9.4
713	-0.404933	179.318607	0.005012	9.3
714	-0.965687	179.186561	0.005961	10.5
715	-0.860376	179.054774	0.011837	9.2
716	-0.305948	178.923245	0.002952	11.2
717	-0.011843	178.791973	0.001702	9.1
718	-0.578424	178.660958	0.006742	9.9
719	0.000000	178.530199	0.000000	9.3
720	-0.935379	178.399694	0.005730	9.4
721	0.000000	178.269444	0.000000	9.8
722	-0.865395	178.139447	0.007207	8.7
723	-0.126881	178.009702	0.003666	10.0
724	-0.516714	177.880209	0.004316	9.1
725	-0.449654	177.750967	0.006209	9.1
726	-0.811496	177.621975	0.006666	9.4
727	-0.538512	177.493232	0.005657	9.3
728	-0.687516	177.364738	0.007343	9.3
729	-0.252859	177.236492	0.003669	9.2
730	-0.826044	177.108492	0.008269	10.0
731	-0.867209	176.980739	0.007259	9.3
732	-0.386761	176.853231	0.003812	9.9
733	-0.690762	176.725968	0.007114	10.1
734	-0.000000	176.598949	0.000000	8.6
735	-0.711646	176.472173	0.007383	10.8
736	0.000000	176.345639	0.000000	8.7
737	-0.779612	176.219348	0.004402	9.9
738	-0.777855	176.093296	0.007339	10.6
739	0.000000	175.967486	0.000000	9.4
740	-0.285357	175.841914	0.005697	9.9
741	-0.842367	175.716581	0.007073	9.1
742	-0.281885	175.591486	0.003696	10.5
743	-0.703679	175.466629	0.007786	9.6
744	-0.594266	175.342008	0.007750	9.1
745	-0.635249	175.217622	0.005470	9.3
746	-0.593663	175.093472	0.007237	9.4
747	-0.216923	174.969556	0.002407	10.4
748	-0.568266	174.845873	0.004486	9.3
749	0.000000	174.722423	0.000000	9.5
750	0.000000	174.599206	0.000000	10.1
751	-0.036199	174.476220	0.001073	11.7
752	-0.822820	174.353464	0.007355	10.5
753	-0.308567	174.230939	0.003432	10.2
754	-0.093408	174.108643	0.002585	9.5
755	-0.070668	173.986576	0.009731	8.1
756	-0.901106	173.864737	0.005050	9.0
757	0.000000	173.743124	0.000000	10.4
758	-0.101084	173.621739	0.001878	10.3
759	-0.759992	173.500579	0.004852	8.8
760	-0.650585	173.379645	0.008068	9.7
761	-0.302512	173.258935	0.004585	9.5
762	-0.069558	173.138449	0.003190	8.0
763	-0.557543	173.018186	0.006986	8.8
764	0.000000	172.898146	0.000000	10.4
765	-0.006619	172.778327	0.000310	8.8
766	-0.004841	172.658730	0.001457	9.4
767	-0.995713	172.539353	0.008356	10.5
768	0.000000	172.420196	0.000000	9.5
769	-0.656043	172.301258	0.008593	11.5
770	-0.051758	172.182539	0.003567	9.1
771	-0.618318	172.064037	0.007776	10.5
772	-0.649706	171.945753	0.007395	10.6
773	-0.019569	171.827686	0.001304	8.9
774	-0.808048	171.709834	0.009416	9.2
775	-0.000000	171.592198	0.000000	7.5
776	-0.526290	171.474776	0.006047	8.5
777	-0.647083	171.357568	0.007325	9.5
778	-0.241574	171.240574	0.006889	8.6
779	-0.938610	171.123793	0.012108	7.9
780	-0.364239	171.007223	0.005096	10.7
781	0.000000	170.890865	0.000000	11.0
782	-0.605402	170.774718	0.004410	10.0
783	-0.798394	170.658782	0.007117	9.9
784	-0.000000	170.543055	0.000000	9.5
785	-0.370818	170.427537	0.007919	10.2
786	-0.650015	170.312227	0.007081	9.6
787	0.000000	170.197125	0.000000	9.1
788	0.000000	170.082231	0.000000	10.3
789	-0.008389	169.967543	0.001273	9.0
790	-0.053271	169.853061	0.001975	9.2
791	-0.654308	169.738784	0.006664	9.4
792	-0.524812	169.624713	0.005029	9.6
793	-0.030533	169.510845	0.002529	8.6
794	-0.000885	169.397181	0.000232	9.0
795	-0.255779	169.283720	0.005101	8.4
796	-0.503469	169.170462	0.003777	8.9
797	-0.824067	169.057405	0.004398	10.1
798	-0.405735	168.944549	0.006725	8.9
799	-0.833392	168.831895	0.005284	11.3
800	-0.856622	168.719440	0.006544	9.5
801	-0.735139	168.607185	0.005104	10.1
802	-0.336824	168.495129	0.004744	10.1
803	-0.834428	168.383271	0.006316	9.5
804	-0.507891	168.271611	0.004498	8.9
805	-0.000000	168.160148	0.000000	11.1
806	-0.000000	168.048882	0.000000	9.1
807	-0.908006	167.937812	0.005539	9.9
808	-0.350197	167.826938	0.004670	9.5
809	-0.000551	167.716258	0.000240	9.0
810	-0.828660	167.605773	0.006976	9.5
811	0.000000	167.495482	0.000000	10.4
812	-0.698122	167.385384	0.006394	9.9
813	-0.452305	167.275479	0.004743	8.7
814	-0.509979	167.165766	0.004536	9.2
815	-0.712207	167.056245	0.006386	9.1
816	-0.798060	166.946915	0.006507	9.7
817	-0.712842	166.837776	0.004007	10.6
818	-0.636992	166.728826	0.006736	9.2
819	-0.264573	166.620067	0.005229	8.3
820	0.000000	166.511496	0.000000	9.0
821	0.000000	166.403113	0.000000	9.6
822	-0.797164	166.294919	0.005802	9.4
823	-0.494793	166.186912	0.005161	9.9
824	-0.638041	166.079091	0.005742	9.8
825	-0.204288	165.971458	0.004230	7.9
826	-0.470036	165.864009	0.006038	10.6
827	-0.591690	165.756747	0.006798	9.0
828	-0.633767	165.649669	0.006115	10.2
829	-0.450491	165.542775	0.004534	9.6
830	0.000000	165.436065	0.000000	10.1
831	-0.631230	165.329538	0.004254	9.8
832	-0.592759	165.223194	0.004196	9.3
833	0.000000	165.117032	0.000000	10.5
834	-0.698042	165.011052	0.005825	10.4
835	0.000000	164.905253	0.000000	9.8
836	-0.616022	164.799635	0.012742	8.5
837	-0.404734	164.694197	0.006314	9.0
838	-0.706310	164.588939	0.006586	9.2
839	-0.737572	164.483859	0.003781	9.0
840	0.000000	164.378959	0.000000	9.3
841	0.000000	164.274237	0.000000	9.5
842	-0.703961	164.169692	0.005902	9.3
843	0.000000	164.065325	0.000000	9.6
844	-0.726681	163.961135	0.005690	10.3
845	-0.619200	163.857120	0.006050	10.0
846	0.000000	163.753282	0.000000	9.6
847	-0.263247	163.649619	0.004758	8.2
848	-0.873833	163.546130	0.006353	9.3
849	0.000000	163.442816	0.000000	9.1
850	-0.755848	163.339676	0.009239	10.4
851	-0.479911	163.236709	0.005206	8.8
852	-1.044368	163.133915	0.011538	8.0
853	-0.161301	163.031294	0.003968	7.5
854	-1.068004	162.928844	0.010211	9.3
855	-0.685132	162.826566	0.005685	10.0
856	-0.577730	162.724459	0.005832	11.0
857	-0.480876	162.622523	0.008905	10.2
858	0.000000	162.520757	0.000000	8.8
859	-0.907725	162.419160	0.004975	9.5
860	0.000000	162.317733	0.000000	8.9
861	0.000000	162.216474	0.000000	10.3
862	-0.446118	162.115383	0.005089	8.5
863	-0.619417	162.014461	0.007418	9.4
864	0.000000	161.913705	0.000000	10.5
865	-0.280678	161.813117	0.004683	9.2
866	-0.469552	161.712695	0.004619	9.4
867	-0.000000	161.612439	0.000000	8.8
868	-0.050496	161.512349	0.001493	9.1
869	-0.527477	161.412424	0.003369	8.7
870	0.000000	161.312663	0.000000	9.3
871	-0.827740	161.213067	0.005198	10.0
872	-0.699810	161.113635	0.005119	9.2
873	-0.473927	161.014366	0.003824	9.4
874	-0.697944	160.915260	0.006682	7.1
875	-0.751317	160.816316	0.004892	9.8
876	-0.177191	160.717535	0.004095	7.5
877	-0.354220	160.618915	0.005029	9.3
878	-0.012238	160.520456	0.001260	8.4
879	-0.139634	160.422158	0.003014	12.4
880	-0.114898	160.324021	0.003340	9.3
881	-0.248663	160.226043	0.003846	8.7
882	-0.234660	160.128225	0.003347	9.8
883	-0.000000	160.030566	0.000000	9.0
884	0.000000	159.933066	0.000000	10.6
885	-0.183372	159.835723	0.004488	10.4
886	-0.751433	159.738539	0.008977	10.0
887	-0.652935	159.641512	0.004925	10.1
888	-0.056071	159.544642	0.002674	9.1
889	-0.549028	159.447929	0.004367	11.0
890	0.000000	159.351372	0.000000	9.9
891	-0.631325	159.254971	0.006651	11.0
892	-0.606668	159.158725	0.006355	10.8
893	-0.645352	159.062634	0.008512	7.9
894	-0.000000	158.966697	0.000000	10.2
895	-0.115548	158.870915	0.003714	8.1
896	-0.916899	158.775286	0.007553	9.9
897	0.000000	158.679811	0.000000	9.4
898	-0.566304	158.584489	0.008136	7.9
899	-0.502320	158.489319	0.006085	10.1
900	-0.091354	158.394302	0.002887	9.4
901	-0.530448	158.299436	0.005931	10.9
902	-0.797243	158.204721	0.006426	10.8
903	-0.418000	158.110158	0.003520	9.6
904	-0.919924	158.015745	0.009464	10.1
905	-0.768752	157.921482	0.007123	8.8
906	-0.510141	157.827369	0.007462	9.6
907	-0.760395	157.733406	0.003895	10.1
908	-0.702582	157.639591	0.006972	8.8
909	-0.756463	157.545925	0.008301	10.1
910	0.000000	157.452408	0.000000	8.6
911	-0.753054	157.359038	0.006639	8.6
912	-0.634796	157.265816	0.007892	9.5
913	0.000000	157.172741	0.000000	10.6
914	-0.360469	157.079813	0.004094	10.7
915	0.000000	156.987031	0.000000	9.3
916	-0.523940	156.894395	0.005138	10.2
917	0.000000	156.801904	0.000000	8.8
918	-0.638779	156.709559	0.011081	7.6
919	-0.416201	156.617359	0.003311	8.6
920	-0.905374	156.525304	0.006330	10.8
921	-0.792228	156.433392	0.005403	10.2
922	-0.658280	156.341624	0.005113	8.9
923	-0.495682	156.250000	0.003258	10.5
924	-0.540538	156.158519	0.008142	10.4
925	-0.922023	156.067180	0.011868	10.1
926	-0.876851	155.975984	0.005778	9.9
927	-0.675267	155.884930	0.006851	10.8
928	-0.456313	155.794017	0.003939	9.7
929	-0.518295	155.703246	0.007634	9.2
930	0.000000	155.612615	0.000000	10.0
931	-0.454889	155.522125	0.006678	10.6
932	0.000000	155.431775	0.000000	9.5
933	-0.316079	155.341565	0.003999	9.5
934	-0.925029	155.251495	0.008902	8.2
935	-0.138476	155.161563	0.003302	11.0
936	-0.377853	155.071771	0.004060	10.6
937	-0.053227	154.982117	0.001536	9.5
938	-0.000001	154.892601	0.000001	9.8
939	-0.633475	154.803222	0.004169	9.1
940	-0.877899	154.713981	0.008383	11.2
941	-0.705396	154.624878	0.004830	10.3
942	0.000000	154.535910	0.000000	9.4
943	-0.002015	154.447080	0.000121	10.4
944	-0.799003	154.358385	0.005071	10.2
945	-0.000000	154.269826	0.000001	10.6
946	-0.562791	154.181402	0.004280	10.3
947	0.000000	154.093114	0.000000	9.2
948	-0.114860	154.004960	0.006311	8.6
949	0.000000	153.916940	0.000000	10.5
950	-0.604763	153.829054	0.009865	9.2
951	-0.086129	153.741303	0.003026	10.0
952	-0.653060	153.653684	0.003782	8.0
953	-0.976962	153.566198	0.008869	9.7
954	-0.382162	153.478846	0.004461	8.5
955	-0.447467	153.391625	0.005099	10.2
956	-0.477583	153.304537	0.006169	9.9
957	-0.723628	153.217580	0.006490	9.3
958	-0.749390	153.130755	0.007490	10.0
959	0.000000	153.044061	0.000000	9.4
960	-0.623845	152.957498	0.005825	10.1
961	-0.000996	152.871065	0.000419	9.5
962	0.000000	152.784762	0.000000	9.8
963	-0.672553	152.698589	0.006689	10.9
964	-0.724188	152.612545	0.004131	9.6
965	-0.351518	152.526631	0.007202	9.4
966	-0.702433	152.440845	0.004514	9.5
967	-0.562705	152.355188	0.007136	11.2
968	-0.841277	152.269660	0.008845	9.4
969	-0.586997	152.184259	0.007536	9.3
970	0.000000	152.098986	0.000000	9.9
971	-0.642208	152.013840	0.009359	8.0
972	-0.045884	151.928821	0.002894	8.7
973	-0.494857	151.843928	0.005044	9.6
974	-0.804087	151.759163	0.005246	10.7
975	0.000000	151.674523	0.000000	9.7
976	-0.681092	151.590009	0.007421	9.1
977	-0.599447	151.505620	0.007496	9.9
978	-0.544846	151.421357	0.006783	8.9
979	-0.148733	151.337218	0.003287	10.2
980	-0.689483	151.253204	0.007994	10.5
981	-0.301804	151.169314	0.002691	9.1
982	-0.838284	151.085549	0.007886	10.1
983	-0.865337	151.001907	0.005541	10.3
984	-0.702662	150.918388	0.006275	10.7
985	-1.094007	150.834992	0.008284	10.0
986	-0.584388	150.751719	0.005505	9.6
987	-0.491977	150.668569	0.007219	9.1
988	-0.542251	150.585541	0.006637	9.9
989	0.000000	150.502634	0.000000	11.4
990	0.000000	150.419849	0.000000	9.9
991	-0.431120	150.337186	0.005219	9.3
992	-0.657067	150.254644	0.004578	10.4
993	-0.330784	150.172222	0.003684	10.0
994	-0.470183	150.089921	0.003845	10.3
995	-0.005078	150.007740	0.000736	8.8
996	-0.058032	149.925679	0.001894	9.4
997	-0.721989	149.843737	0.010159	10.3
998	-0.356634	149.761915	0.004895	9.5
999	-0.400251	149.680212	0.007204	10.8
1000	-0.790469	149.598627	0.009724	9.8
1001	-0.357763	149.517161	0.005302	9.3
1002	0.000000	149.435814	0.000000	11.0
1003	0.000000	149.354584	0.000000	9.9
1004	0.000000	149.273472	0.000000	9.1
1005	-0.690966	149.192477	0.005264	9.8
1006	0.000000	149.111599	0.000000	9.3
1007	-0.000035	149.030838	0.000037	10.1
1008	0.000000	148.950194	0.000000	9.5
1009	-0.231648	148.869666	0.007099	9.0
1010	-0.167274	148.789253	0.003482	8.6
1011	-0.660317	148.708957	0.007112	9.6
1012	-0.367019	148.628776	0.005170	10.1
1013	-0.000782	148.548710	0.000134	9.9
1014	-0.280679	148.468759	0.004184	10.7
1015	0.000000	148.388923	0.000000	9.0
1016	-0.699544	148.309201	0.007234	9.2
1017	-0.613118	148.229594	0.005449	10.1
1018	-0.000001	148.150100	0.000001	8.9
1019	0.000000	148.070719	0.000000	9.9
1020	-0.387445	147.991452	0.006225	8.0
1021	-0.000000	147.912298	0.000000	8.5
1022	-0.933679	147.833257	0.008612	9.2
1023	-0.101560	147.754329	0.002822	10.2
1024	0.000000	147.675512	0.000000	10.0
1025	-0.644078	147.596808	0.006588	8.8
1026	0.000000	147.518216	0.000000	9.2
1027	-0.001440	147.439735	0.000351	8.9
1028	-0.297461	147.361365	0.004828	10.5
1029	0.000000	147.283106	0.000000	10.2
1030	0.000000	147.204958	0.000000	9.7
1031	-0.810276	147.126920	0.005061	9.9
1032	-0.611739	147.048993	0.006364	10.2
1033	-0.692633	146.971175	0.005257	10.0
1034	-0.150141	146.893468	0.002177	9.6
1035	-0.807876	146.815869	0.007457	8.6
1036	-0.564823	146.738380	0.007041	9.8
1037	0.000000	146.661000	0.000000	9.3
1038	-0.763812	146.583729	0.003638	10.1
1039	-0.168972	146.506566	0.004647	10.0
1040	-0.027213	146.429511	0.000861	9.7
1041	-0.702867	146.352565	0.008568	10.2
1042	-0.899521	146.275726	0.004387	9.0
1043	-0.862445	146.198994	0.004231	10.6
1044	-0.861872	146.122370	0.006494	9.8
1045	-0.668644	146.045853	0.005329	10.2
1046	-0.424591	145.969442	0.006170	9.1
1047	-0.916307	145.893139	0.007228	7.5
1048	-0.865885	145.816941	0.006431	9.8
1049	-0.868454	145.740849	0.005827	9.8
1050	-0.523013	145.664863	0.004781	10.2
1051	-0.000000	145.588983	0.000000	8.7
1052	-0.633818	145.513208	0.003731	10.8
1053	-0.405515	145.437538	0.004884	10.0
1054	-0.000002	145.361973	0.000002	8.7
1055	-0.716452	145.286513	0.007178	10.1
1056	-0.310005	145.211157	0.002737	9.5
1057	-0.357966	145.135905	0.004919	8.9
1058	-0.474191	145.060757	0.005716	8.5
1059	-0.860046	144.985712	0.008980	10.2
1060	0.000000	144.910771	0.000000	11.0
1061	-0.351331	144.835934	0.003990	10.0
1062	-0.624949	144.761199	0.008802	9.5
1063	-0.571390	144.686567	0.008031	9.8
1064	-0.897064	144.612037	0.006008	8.7
1065	0.000000	144.537610	0.000000	10.5
1066	-0.503304	144.463285	0.005180	9.0
1067	-0.046159	144.389062	0.002283	11.9
1068	-0.460069	144.314940	0.006456	10.0
1069	-0.630642	144.240920	0.006593	9.6
1070	-0.125191	144.167001	0.003416	10.9
1071	-0.010034	144.093182	0.000894	9.1
1072	-0.695920	144.019465	0.006984	10.2
1073	-0.886636	143.945848	0.004249	10.1
1074	-0.265310	143.872331	0.003364	9.3
1075	-0.613291	143.798914	0.004415	9.8
1076	-0.865792	143.725597	0.006123	9.0
1077	-0.573221	143.652380	0.005667	10.7
1078	-0.793054	143.579262	0.003789	10.6
1079	-0.663354	143.506243	0.004415	9.2
1080	-0.724337	143.433323	0.004870	10.7
1081	-0.390848	143.360502	0.004070	8.8
1082	-0.808916	143.287780	0.004969	10.8
1083	-0.738172	143.215155	0.007528	10.9
1084	-0.436793	143.142629	0.005765	9.3
1085	-0.555475	143.070201	0.008557	11.2
1086	-0.706530	142.997870	0.006265	10.3
1087	0.000000	142.925637	0.000000	10.0
1088	-0.563065	142.853501	0.004933	12.6
1089	-0.316015	142.781462	0.004548	11.1
1090	-0.823241	142.709519	0.004617	9.3
1091	-0.888874	142.637674	0.005308	10.1
1092	-0.335668	142.565924	0.004613	10.0
1093	-0.016475	142.494271	0.001503	9.5
1094	-0.113554	142.422714	0.003143	9.7
1095	-0.773595	142.351252	0.007319	9.9
1096	0.000000	142.279886	0.000000	10.1
1097	-0.858219	142.208616	0.011081	8.1
1098	0.000000	142.137440	0.000000	10.8
1099	-0.695631	142.066360	0.005743	10.1
1100	-0.090723	141.995374	0.002205	9.4
1101	-0.145218	141.924483	0.003049	11.2
1102	-0.591309	141.853685	0.003416	9.2
1103	-0.507846	141.782983	0.006492	10.2
1104	-1.010980	141.712373	0.012639	8.2
1105	-0.820149	141.641858	0.004035	9.5
1106	0.000000	141.571436	0.000000	9.6
1107	-0.287428	141.501108	0.005140	8.1
1108	-0.623004	141.430872	0.007021	11.1
1109	-0.444370	141.360730	0.005019	9.3
1110	0.000000	141.290680	0.000000	9.5
1111	-1.017911	141.220722	0.010433	8.1
1112	-0.501874	141.150857	0.005956	10.5
1113	0.000000	141.081084	0.000000	10.0
1114	-0.854181	141.011403	0.006820	10.2
1115	-0.283558	140.941813	0.004825	10.2
1116	-0.842159	140.872315	0.007277	7.5
1117	-0.540917	140.802909	0.003702	9.4
1118	-0.313879	140.733593	0.004544	10.1
1119	0.000000	140.664369	0.000000	9.4
1120	-0.619586	140.595235	0.006179	10.1
1121	0.000000	140.526192	0.000000	10.3
1122	-0.368370	140.457239	0.004726	9.8
1123	0.000000	140.388376	0.000000	10.6
1124	-0.309134	140.319603	0.004073	9.1
1125	-0.000463	140.250920	0.000318	8.9
1126	-0.395986	140.182326	0.004752	8.5
1127	0.000000	140.113822	0.000000	10.0
1128	-0.380186	140.045407	0.003957	8.9
1129	-0.810520	139.977081	0.005530	9.8
1130	0.000000	139.908844	0.000000	10.0
1131	0.000000	139.840696	0.000000	9.6
1132	-0.343343	139.772635	0.002526	10.3
1133	-0.201139	139.704664	0.004147	7.8
1134	-0.364474	139.636780	0.003620	9.7
1135	-0.648486	139.568984	0.005617	10.0
1136	0.000000	139.501276	0.000000	9.7
1137	-0.600729	139.433655	0.007588	10.0
1138	-0.667370	139.366122	0.007683	9.0
1139	-0.959317	139.298676	0.006931	9.6
1140	-0.669507	139.231317	0.005532	9.1
1141	-0.741268	139.164045	0.004623	9.2
1142	-0.592595	139.096859	0.007061	9.4
1143	-0.917503	139.029760	0.006395	10.1
1144	0.000000	138.962747	0.000000	10.3
1145	-0.634167	138.895820	0.004284	9.6
1146	0.000000	138.828978	0.000000	10.4
1147	0.000000	138.762223	0.000000	9.8
1148	-0.402230	138.695553	0.004612	7.5
1149	-0.002409	138.628969	0.000543	9.9
1150	-0.855197	138.562469	0.006784	10.2
1151	0.000000	138.496055	0.000000	10.4
1152	-0.761080	138.429725	0.006601	9.9
1153	-0.487435	138.363481	0.004388	10.5
1154	0.000000	138.297320	0.000000	8.4
1155	0.000000	138.231244	0.000000	10.1
1156	-0.056098	138.165252	0.002824	10.5
1157	-0.744661	138.099344	0.004857	10.1
1158	-0.010303	138.033520	0.000608	9.5
1159	-0.345405	137.967779	0.003209	9.8
1160	-0.000002	137.902122	0.000004	9.3
1161	-0.000012	137.836548	0.000009	9.3
1162	0.000000	137.771057	0.000000	8.9
1163	-0.391602	137.705649	0.005358	11.4
1164	-0.642106	137.640324	0.004020	10.4
1165	-0.830795	137.575081	0.004828	10.7
1166	-0.832226	137.509921	0.005478	9.2
1167	-0.037643	137.444842	0.001433	8.6
1168	-0.744343	137.379846	0.004879	9.8
1169	-0.231323	137.314932	0.002241	9.7
1170	-0.554871	137.250100	0.007208	9.1
1171	0.000000	137.185349	0.000000	9.2
1172	-0.303189	137.120680	0.004914	8.4
1173	-0.855550	137.056092	0.007296	9.3
1174	-0.547792	136.991585	0.006956	8.9
1175	-0.000473	136.927158	0.000197	9.7
1176	0.000000	136.862813	0.000000	9.2
1177	-0.000429	136.798548	0.000589	8.4
1178	-0.811894	136.734363	0.006038	9.9
1179	0.000000	136.670259	0.000000	9.4
1180	-0.931145	136.606235	0.006740	10.8
1181	-0.517453	136.542291	0.005768	9.3
1182	-0.581206	136.478426	0.006520	10.3
1183	-0.676709	136.414641	0.004803	10.0
1184	-0.517119	136.350936	0.003537	9.2
1185	-0.606020	136.287310	0.004300	9.6
1186	-0.653082	136.223763	0.005481	9.5
1187	-0.000025	136.160295	0.000019	12.7
1188	-0.389591	136.096905	0.003604	9.8
1189	-0.860461	136.033594	0.006390	9.3
1190	-0.833963	135.970362	0.005636	10.6
1191	-0.654641	135.907208	0.004588	10.0
1192	-0.000000	135.844133	0.000000	9.2
1193	-0.232072	135.781135	0.003141	10.4
1194	-0.019784	135.718215	0.001163	8.9
1195	-0.007150	135.655373	0.000469	9.8
1196	-0.792687	135.592608	0.006948	8.2
1197	-0.009051	135.529921	0.000619	10.6
1198	-0.568031	135.467311	0.008843	8.8
1199	-0.818030	135.404778	0.005705	8.7
1200	-0.769358	135.342322	0.009031	9.3
1201	0.000000	135.279942	0.000000	9.1
1202	-0.013235	135.217640	0.001889	8.1
1203	-0.657620	135.155413	0.011025	8.7
1204	-0.000000	135.093263	0.000000	10.0
1205	-0.366234	135.031190	0.003329	9.4
1206	-0.304875	134.969192	0.006895	10.7
1207	-0.048572	134.907270	0.002360	9.6
1208	-0.717625	134.845424	0.004272	9.2
1209	-0.008090	134.783653	0.001132	10.4
1210	0.000000	134.721958	0.000000	9.8
1211	0.000000	134.660338	0.000000	10.8
1212	-0.201906	134.598793	0.003413	9.9
1213	-0.016878	134.537323	0.000272	9.0
1214	-0.890639	134.475927	0.006887	9.6
1215	-0.591871	134.414607	0.004251	9.1
1216	-0.899429	134.353361	0.004114	10.1
1217	-0.822029	134.292189	0.004351	9.9
1218	-0.817203	134.231092	0.008798	8.4
1219	0.000000	134.170068	0.000000	9.9
1220	-0.001272	134.109119	0.000526	9.1
1221	-0.601649	134.048243	0.005728	9.7
1222	-0.523928	133.987441	0.006173	9.6
1223	0.000000	133.926713	0.000000	9.8
1224	-0.792624	133.866057	0.005925	10.0
1225	-0.609104	133.805475	0.004473	9.1
1226	-0.000000	133.744966	0.000000	8.7
1227	-0.852564	133.684530	0.004737	9.4
1228	0.000000	133.624167	0.000000	9.9
1229	-0.919538	133.563877	0.007195	9.1
1230	-0.490170	133.503658	0.004359	9.5
1231	-0.253054	133.443513	0.005171	9.5
1232	0.000000	133.383439	0.000000	10.4
1233	-0.850528	133.323437	0.006042	9.3
1234	-0.707112	133.263508	0.006761	9.2
1235	-0.000001	133.203650	0.000001	10.0
1236	-0.791867	133.143864	0.006852	10.6
1237	-0.738032	133.084149	0.004100	9.1
1238	0.000000	133.024506	0.000000	9.6
1239	-0.850084	132.964934	0.006364	8.5
1240	-0.260130	132.905433	0.005119	10.0
1241	-0.962955	132.846003	0.007182	9.3
1242	0.000000	132.786643	0.000000	9.6
1243	-0.455278	132.727355	0.006432	7.1
1244	-0.718175	132.668137	0.005427	10.1
1245	0.000000	132.608989	0.000000	10.6
1246	-0.396565	132.549912	0.007827	9.5
1247	-0.835746	132.490904	0.006282	9.6
1248	-0.635519	132.431967	0.004459	8.5
1249	0.000000	132.373100	0.000000	10.3
1250	-0.788779	132.314302	0.005888	9.5
1251	-0.605476	132.255574	0.005053	9.3
1252	-0.744930	132.196916	0.007647	9.8
1253	0.000000	132.138326	0.000000	10.1
1254	0.000000	132.079806	0.000000	10.0
1255	-0.000000	132.021355	0.000000	9.2
1256	-0.708459	131.962973	0.006640	11.2
1257	-0.519524	131.904660	0.006458	9.8
1258	0.000000	131.846415	0.000000	9.6
1259	-0.173924	131.788239	0.001604	9.9
1260	-0.393045	131.730131	0.006324	9.8
1261	-0.358752	131.672092	0.004468	8.9
1262	0.000000	131.614121	0.000000	10.6
1263	-0.697034	131.556217	0.008994	9.2
1264	-0.598621	131.498382	0.005875	10.7
1265	-0.292374	131.440614	0.004255	10.4
1266	-0.222632	131.382914	0.006997	7.4
1267	0.000000	131.325282	0.000000	10.3
1268	0.000000	131.267717	0.000000	9.4
1269	-0.778604	131.210219	0.005975	10.0
1270	-0.566398	131.152788	0.008672	9.1
1271	0.000000	131.095424	0.000000	9.9
1272	0.000000	131.038127	0.000000	9.6
1273	-0.784283	130.980897	0.004895	9.2
1274	-0.896187	130.923733	0.005852	10.1
1275	-0.001589	130.866636	0.000358	8.8
1276	-0.795486	130.809605	0.004279	10.7
1277	-0.074637	130.752641	0.002466	10.5
1278	-0.917997	130.695742	0.008779	8.6
1279	-0.412690	130.638910	0.003242	10.1
1280	-0.850676	130.582143	0.003938	9.0
1281	-0.840486	130.525442	0.008400	8.6
1282	0.000000	130.468807	0.000000	9.0
1283	-0.879296	130.412237	0.004265	10.1
1284	-0.062084	130.355733	0.005360	9.6
1285	0.000000	130.299294	0.000000	9.2
1286	-0.622613	130.242920	0.005054	10.3
1287	-0.252400	130.186611	0.004007	9.0
1288	-0.712199	130.130366	0.006093	9.9
1289	-0.048678	130.074187	0.003191	7.6
1290	-0.882248	130.018072	0.006324	10.4
1291	0.000000	129.962022	0.000000	11.0
1292	-0.505645	129.906036	0.003414	10.3
1293	-0.273131	129.850114	0.004928	10.0
1294	-0.171748	129.794257	0.003346	9.5
1295	-0.782943	129.738463	0.006038	9.4
1296	-0.779185	129.682734	0.009497	9.7
1297	-0.793826	129.627068	0.005461	8.8
1298	-0.858553	129.571466	0.007380	10.1
1299	-0.675197	129.515927	0.005932	10.2
1300	-0.294543	129.460452	0.003711	9.5
1301	0.000000	129.405040	0.000000	9.4
1302	-0.678778	129.349692	0.005468	9.3
1303	-0.750291	129.294406	0.006869	7.7
1304	0.000000	129.239183	0.000000	10.1
1305	-0.139369	129.184024	0.004171	8.7
1306	-0.000000	129.128927	0.000000	9.7
1307	-0.507978	129.073892	0.007087	10.8
1308	-0.600091	129.018921	0.004791	11.1
1309	0.000000	128.964011	0.000000	10.6
1310	-0.921999	128.909164	0.006967	11.0
1311	-0.000068	128.854379	0.000064	10.3
1312	0.000000	128.799656	0.000000	9.6
1313	-0.515336	128.744995	0.005921	10.5
1314	0.000000	128.690396	0.000000	9.7
1315	0.000000	128.635858	0.000000	10.1
1316	-0.657366	128.581382	0.005599	11.0
1317	-0.840777	128.526968	0.004665	9.9
1318	-0.309456	128.472615	0.003550	9.8
1319	-0.329803	128.418323	0.004303	10.0
1320	-0.909589	128.364092	0.005928	9.7
1321	-0.565535	128.309922	0.004919	11.5
1322	-0.852339	128.255814	0.004706	11.2
1323	-0.290861	128.201766	0.005971	9.3
1324	-0.056653	128.147778	0.000954	10.8
1325	-0.026026	128.093852	0.002031	9.9
1326	-0.780535	128.039985	0.005050	10.1
1327	-0.081733	127.986180	0.001390	10.4
1328	-0.827004	127.932434	0.007813	9.8
1329	0.000000	127.878749	0.000000	11.3
1330	0.000000	127.825123	0.000000	9.6
1331	0.000000	127.771558	0.000000	11.7
1332	-0.249007	127.718052	0.004371	10.9
1333	-0.000906	127.664606	0.000178	10.2
1334	-0.658271	127.611220	0.008630	9.1
1335	-0.422548	127.557893	0.005403	12.6
1336	0.000000	127.504625	0.000000	10.3
1337	-0.039842	127.451417	0.001020	10.2
1338	-0.562351	127.398268	0.005642	11.4
1339	0.000000	127.345178	0.000000	9.7
1340	-0.243624	127.292147	0.004462	9.8
1341	-1.061742	127.239175	0.008009	9.8
1342	-0.367983	127.186261	0.005082	10.9
1343	-0.036960	127.133407	0.001369	11.3
1344	-0.514729	127.080610	0.005106	10.3
1345	-0.427821	127.027872	0.004132	9.6
1346	-0.651623	126.975193	0.007140	11.6
1347	-0.000000	126.922572	0.000000	9.8
1348	-0.332681	126.870008	0.005610	9.6
1349	-0.300749	126.817503	0.004633	10.1
1350	-0.246925	126.765056	0.002993	9.5
1351	0.000000	126.712667	0.000000	10.9
1352	0.000000	126.660335	0.000000	11.1
1353	-0.073899	126.608061	0.003093	9.3
1354	-0.048868	126.555844	0.001654	10.5
1355	-0.517939	126.503685	0.006533	10.5
1356	-0.393866	126.451583	0.005300	10.6
1357	-0.000000	126.399538	0.000000	10.7
1358	0.000000	126.347550	0.000000	10.2
1359	-0.858543	126.295619	0.007702	10.6
1360	-0.017640	126.243745	0.002116	10.9
1361	-0.519959	126.191928	0.005913	10.8
1362	-0.741649	126.140168	0.005656	11.5
1363	-0.452618	126.088464	0.005525	11.2
1364	-0.444901	126.036817	0.005815	9.6
1365	-0.027929	125.985226	0.001430	11.0
1366	-0.658385	125.933691	0.007175	14.5
1367	-0.000000	125.882212	0.000000	12.1
1368	-0.107650	125.830790	0.002497	9.2
1369	-0.239417	125.779423	0.006576	9.3
1370	-0.464850	125.728113	0.006326	9.5
1371	-0.669432	125.676858	0.006408	10.5
1372	-0.840065	125.625659	0.007677	8.0
1373	-0.434920	125.574515	0.005155	9.8
1374	-0.728423	125.523427	0.004454	10.7
1375	-0.162182	125.472394	0.004739	7.6
1376	-0.209222	125.421417	0.004605	9.2
1377	-0.565546	125.370495	0.007972	9.1
1378	0.000000	125.319628	0.000000	9.7
1379	-0.714910	125.268815	0.006348	8.9
1380	0.000000	125.218058	0.000000	10.0
1381	-0.880472	125.167356	0.005501	9.1
1382	-0.699778	125.116708	0.005456	9.3
1383	-0.000000	125.066115	0.000000	10.3
1384	-0.832535	125.015576	0.007067	10.0
1385	0.000000	124.965092	0.000000	10.4
1386	-0.002523	124.914662	0.000226	10.4
1387	-0.608530	124.864287	0.006230	9.4
1388	-0.845543	124.813965	0.004532	10.6
1389	-1.099406	124.763698	0.010062	7.8
1390	-0.313313	124.713485	0.003607	10.1
1391	-0.818795	124.663325	0.003977	9.7
1392	-0.838722	124.613219	0.005875	9.5
1393	0.000000	124.563167	0.000000	9.7
1394	-0.450370	124.513168	0.003674	10.5
1395	0.000000	124.463223	0.000000	10.1
1396	-0.000820	124.413332	0.000040	9.2
1397	0.000000	124.363493	0.000000	9.4
1398	-0.001267	124.313708	0.000555	10.8
1399	-0.743908	124.263976	0.007519	8.6
1400	0.000000	124.214297	0.000000	10.2
1401	-0.912237	124.164671	0.008153	7.9
1402	-0.712673	124.115097	0.006931	9.9
1403	-0.484835	124.065577	0.005088	9.8
1404	0.000000	124.016109	0.000000	9.7
1405	0.000000	123.966693	0.000000	10.5
1406	-0.714858	123.917330	0.007654	9.7
1407	-0.330498	123.868020	0.003701	10.3
1408	-0.631488	123.818762	0.009566	9.9
1409	0.000000	123.769556	0.000000	9.8
1410	0.000000	123.720402	0.000000	10.0
1411	-0.561205	123.671300	0.006555	10.4
1412	-0.383061	123.622250	0.003175	10.0
1413	-0.359135	123.573252	0.003488	10.7
1414	-0.237550	123.524305	0.004158	9.2
1415	-0.822807	123.475411	0.006035	8.7
1416	-0.361028	123.426568	0.006115	9.2
1417	-0.661586	123.377776	0.004600	10.5
1418	0.000000	123.329036	0.000000	10.2
1419	0.000000	123.280347	0.000000	7.3
1420	-0.208251	123.231709	0.003494	10.3
1421	-0.665805	123.183122	0.007168	9.0
1422	-0.551479	123.134587	0.004961	10.2
1423	-0.554175	123.086102	0.007316	8.8
1424	-0.343329	123.037669	0.003988	10.9
1425	-0.758085	122.989286	0.006953	10.6
1426	-0.042349	122.940954	0.002852	10.2
1427	-0.736817	122.892672	0.005497	9.8
1428	-0.485839	122.844441	0.003624	9.6
1429	-0.711801	122.796261	0.004633	10.2
1430	-0.899934	122.748130	0.006960	10.4
1431	-0.793181	122.700050	0.008052	9.3
1432	0.000000	122.652021	0.000000	11.0
1433	-0.863375	122.604041	0.006335	10.0
1434	-0.787562	122.556111	0.005253	9.4
1435	-0.342552	122.508232	0.005806	10.0
1436	0.000000	122.460402	0.000000	8.6
1437	-0.025725	122.412622	0.001586	10.0
1438	-0.265836	122.364891	0.003922	9.3
1439	-0.542918	122.317210	0.005981	9.8
1440	-0.367348	122.269579	0.004552	10.3
1441	-0.038735	122.221997	0.002178	8.9
1442	-0.593914	122.174465	0.005869	9.9
1443	-0.343528	122.126981	0.005696	9.4
1444	-0.154144	122.079547	0.004397	7.8
1445	0.000000	122.032162	0.000000	8.8
1446	-0.844585	121.984826	0.007148	9.9
1447	-0.624113	121.937539	0.006478	10.6
1448	-0.807821	121.890301	0.003936	10.4
1449	0.000000	121.843112	0.000000	9.7
1450	-0.662507	121.795971	0.005109	9.6
1451	-0.000009	121.748879	0.000008	9.4
1452	-0.859973	121.701835	0.006355	10.1
1453	0.000000	121.654840	0.000000	9.1
1454	-0.284312	121.607893	0.005025	11.0
1455	-0.041788	121.560994	0.002393	8.9
1456	-0.026923	121.514144	0.001615	10.1
1457	-0.551115	121.467342	0.004834	10.0
1458	-0.866548	121.420588	0.004379	9.5
1459	-0.918271	121.373882	0.005327	10.6
1460	-0.940067	121.327223	0.004739	10.5
1461	-1.025150	121.280613	0.007838	10.2
1462	-0.612805	121.234050	0.007010	10.1
1463	-0.227065	121.187535	0.004616	7.6
1464	-0.202541	121.141067	0.004038	9.5
1465	-0.714167	121.094647	0.007581	7.4
1466	0.000000	121.048274	0.000000	10.0
1467	-0.829847	121.001949	0.006715	9.4
1468	-0.034131	120.955671	0.001395	10.4
1469	-0.605539	120.909440	0.006729	10.0
1470	-0.259272	120.863256	0.002328	10.4
1471	-0.774290	120.817119	0.008205	10.6
1472	-0.604317	120.771029	0.006317	9.6
1473	-0.756339	120.724986	0.004681	9.7
1474	-0.417468	120.678990	0.003637	9.9
1475	-0.506022	120.633040	0.004381	9.1
1476	0.000000	120.587137	0.000000	9.8
1477	-0.949818	120.541281	0.008215	9.4
1478	-0.665204	120.495471	0.006490	10.6
1479	-0.425910	120.449707	0.005122	10.8
1480	-0.001842	120.403990	0.000296	8.7
1481	-0.605906	120.358319	0.005805	10.6
1482	-0.747137	120.312694	0.003847	9.4
1483	-0.849737	120.267115	0.005515	9.6
1484	-0.010968	120.221582	0.001342	9.7
1485	-0.596787	120.176096	0.007400	9.1
1486	-0.029269	120.130655	0.000626	9.9
1487	-0.000001	120.085260	0.000001	8.9
1488	-0.126708	120.039910	0.002766	11.7
1489	-1.015134	119.994606	0.010635	9.3
1490	0.000000	119.949348	0.000000	10.1
1491	-0.182378	119.904135	0.004327	10.6
1492	-0.115739	119.858968	0.001274	10.1
1493	-0.605220	119.813846	0.005955	9.7
1494	-0.841942	119.768769	0.007071	10.9
1495	-0.097183	119.723738	0.001966	9.0
1496	-0.709827	119.678752	0.005402	9.6
1497	-0.031496	119.633810	0.004667	8.9
1498	-0.033012	119.588914	0.001908	8.3
1499	-0.923342	119.544062	0.007135	7.5
1500	-0.073612	119.499256	0.001988	10.1
1501	-1.011329	119.454494	0.005899	10.2
1502	-0.209648	119.409777	0.005304	8.3
1503	-0.948699	119.365104	0.005534	10.6
1504	-0.059884	119.320476	0.001770	9.8
1505	-0.818621	119.275893	0.004969	9.4
1506	-0.249720	119.231353	0.004270	9.7
1507	-0.970108	119.186859	0.006091	9.3
1508	0.000000	119.142408	0.000000	9.8
1509	-0.147523	119.098002	0.003291	9.2
1510	0.000000	119.053639	0.000000	10.6
1511	-0.512368	119.009321	0.004794	10.7
1512	-0.001956	118.965047	0.000809	9.5
1513	-0.000001	118.920816	0.000001	10.2
1514	-0.662993	118.876630	0.005090	9.2
1515	0.000000	118.832487	0.000000	10.4
1516	0.000000	118.788388	0.000000	10.7
1517	-0.735720	118.744332	0.007466	9.5
1518	-0.003626	118.700320	0.000971	9.7
1519	-0.914013	118.656352	0.007273	8.9
1520	-0.676174	118.612427	0.008801	9.3
1521	-0.401045	118.568545	0.004647	8.9
1522	-0.273910	118.524706	0.006702	8.4
1523	-0.655818	118.480911	0.005507	9.8
1524	-0.304749	118.437159	0.005783	10.0
1525	-0.487906	118.393450	0.003859	10.7
1526	0.000000	118.349784	0.000000	9.0
1527	-0.537690	118.306160	0.004528	10.7
1528	-0.675407	118.262580	0.006124	9.8
1529	-0.014736	118.219042	0.001906	9.5
1530	-0.000000	118.175548	0.000000	9.6
1531	0.000000	118.132095	0.000000	9.4
1532	-0.472081	118.088686	0.005682	10.0
1533	0.000000	118.045319	0.000000	9.6
1534	-0.620977	118.001994	0.005739	9.5
1535	-0.741716	117.958712	0.007543	10.0
1536	-0.518337	117.915472	0.005761	8.7
1537	-0.830930	117.872274	0.005272	10.1
1538	0.000000	117.829118	0.000000	9.0
1539	-0.287171	117.786005	0.004402	8.2
1540	-0.943859	117.742933	0.006162	8.6
1541	-0.797436	117.699904	0.008392	9.2
1542	-0.912462	117.656916	0.006302	8.8
1543	-0.370799	117.613971	0.005221	9.7
1544	-0.319504	117.571067	0.004903	9.7
1545	-0.696938	117.528205	0.006509	8.8
1546	0.000000	117.485384	0.000000	9.8
1547	-0.024820	117.442605	0.001858	8.8
1548	-0.532722	117.399867	0.007031	9.9
1549	-0.480050	117.357171	0.003728	9.8
1550	-0.299226	117.314517	0.004011	9.6
1551	0.000000	117.271903	0.000000	10.7
1552	-0.000003	117.229331	0.000006	9.1
1553	0.000000	117.186800	0.000000	10.1
1554	-0.698543	117.144311	0.005927	9.6
1555	-0.866145	117.101862	0.004869	10.1
1556	-0.443361	117.059454	0.005045	10.5
1557	-0.525991	117.017087	0.005705	9.2
1558	-0.851464	116.974762	0.005411	11.6
1559	0.000000	116.932476	0.000000	10.4
1560	0.000000	116.890232	0.000000	9.0
1561	-0.436387	116.848028	0.007212	10.3
1562	0.000000	116.805865	0.000000	10.2
1563	-0.619889	116.763743	0.006670	9.9
1564	-0.436852	116.721661	0.004341	9.9
1565	-0.892929	116.679619	0.010012	8.2
1566	-0.201817	116.637618	0.004051	9.5
1567	-0.890903	116.595657	0.005117	9.7
1568	-0.679421	116.553736	0.003896	10.2
1569	-0.876823	116.511855	0.007524	9.1
1570	-0.429496	116.470015	0.003337	9.5
1571	0.000000	116.428214	0.000000	10.0
1572	-0.494824	116.386454	0.005931	8.9
1573	-0.001075	116.344733	0.000448	10.8
1574	-0.799589	116.303052	0.005049	9.7
1575	0.000000	116.261412	0.000000	9.2
1576	-0.644027	116.219810	0.005407	10.1
1577	-0.258148	116.178249	0.005096	9.3
1578	0.000000	116.136727	0.000000	10.5
1579	0.000000	116.095245	0.000000	9.2
1580	-0.819339	116.053802	0.003610	9.5
1581	-0.443394	116.012398	0.004447	8.1
1582	0.000000	115.971034	0.000000	9.7
1583	-0.524716	115.929710	0.006446	9.9
1584	-1.043277	115.888424	0.006294	8.2
1585	-0.124713	115.847178	0.002453	10.3
1586	-0.825860	115.805970	0.008720	8.7
1587	-0.215613	115.764802	0.005847	8.4
1588	-0.552625	115.723673	0.005738	9.4
1589	-0.845822	115.682583	0.005002	9.7
1590	0.000000	115.641532	0.000000	9.5
1591	-1.005261	115.600519	0.007311	9.2
1592	-0.034660	115.559546	0.001849	10.4
1593	-0.671785	115.518610	0.004340	9.3
1594	-0.851623	115.477714	0.009829	10.0
1595	-0.290568	115.436856	0.004408	10.0
1596	-0.903263	115.396037	0.008711	10.2
1597	-0.015706	115.355256	0.000865	10.0
1598	0.000000	115.314514	0.000000	9.2
1599	-0.208163	115.273810	0.002771	9.4
1600	0.000000	115.233144	0.000000	9.4
1601	-0.811877	115.192517	0.003906	10.2
1602	-0.001395	115.151927	0.000092	10.7
1603	-0.000000	115.111376	0.000000	9.9
1604	-0.404639	115.070863	0.006166	8.1
1605	0.000000	115.030388	0.000000	9.2
1606	-0.483271	114.989951	0.005900	10.1
1607	-0.524995	114.949551	0.005157	10.1
1608	-0.903351	114.909190	0.006926	10.0
1609	-0.546940	114.868866	0.004751	10.1
1610	-0.904183	114.828580	0.006071	9.1
1611	-0.557548	114.788332	0.005423	9.4
1612	-0.816946	114.748121	0.005195	9.6
1613	0.000000	114.707948	0.000000	9.0
1614	-0.616923	114.667812	0.005805	9.6
1615	-0.840700	114.627714	0.006953	8.6
1616	-0.517882	114.587653	0.006028	10.4
1617	-0.318026	114.547629	0.004763	9.3
1618	-0.805439	114.507643	0.005873	9.9
1619	-0.698661	114.467693	0.004869	9.4
1620	-0.879567	114.427781	0.005883	11.1
1621	-0.317583	114.387907	0.003849	10.0
1622	-0.735473	114.348069	0.008841	8.1
1623	-0.937078	114.308268	0.007815	10.6
1624	-0.435932	114.268504	0.007146	10.7
1625	-0.712384	114.228777	0.006773	9.1
1626	-0.907730	114.189086	0.007813	10.4
1627	-0.565052	114.149433	0.005372	11.1
1628	-0.553722	114.109816	0.006507	9.9
1629	-0.092336	114.070235	0.004678	9.8
1630	-0.396696	114.030692	0.004964	9.4
1631	-0.537970	113.991185	0.005535	9.5
1632	-0.750050	113.951714	0.005020	10.0
1633	-0.160884	113.912280	0.005213	9.9
1634	-0.693681	113.872882	0.004377	10.4
1635	0.000000	113.833521	0.000000	9.7
1636	-0.747354	113.794195	0.005932	10.7
1637	-0.927846	113.754906	0.006416	9.8
1638	-0.602521	113.715653	0.006390	9.3
1639	0.000000	113.676437	0.000000	9.6
1640	-0.007811	113.637256	0.000187	10.5
1641	-0.595961	113.598111	0.005655	9.0
1642	-0.834115	113.559002	0.007096	9.0
1643	-0.727888	113.519929	0.008853	9.7
1644	0.000000	113.480892	0.000000	10.0
1645	-0.945237	113.441891	0.005911	8.0
1646	-0.708593	113.402925	0.004066	10.0
1647	-0.006318	113.363995	0.000774	9.6
1648	-0.000000	113.325101	0.000000	9.9
1649	-0.155162	113.286242	0.007216	11.8
1650	0.000000	113.247419	0.000000	9.7
1651	-0.000001	113.208631	0.000001	9.7
1652	-0.350717	113.169879	0.003817	9.8
1653	0.000000	113.131162	0.000000	10.1
1654	-0.010082	113.092480	0.000615	9.4
1655	-0.423269	113.053833	0.005850	8.9
1656	-0.320319	113.015222	0.005327	9.7
1657	-0.002166	112.976646	0.000397	8.7
1658	-0.628501	112.938105	0.003551	10.0
1659	-0.004619	112.899599	0.000796	9.8
1660	-0.513769	112.861128	0.004388	10.4
1661	-1.017406	112.822692	0.008722	9.7
1662	-0.705895	112.784291	0.008040	8.1
1663	-0.000000	112.745924	0.000000	10.7
1664	-0.843975	112.707593	0.008704	9.1
1665	-0.409998	112.669296	0.003951	9.8
1666	-0.645132	112.631034	0.007120	10.9
1667	-0.935613	112.592806	0.006527	9.3
1668	0.000000	112.554613	0.000000	9.8
1669	-0.000000	112.516455	0.000000	8.9
1670	-0.302795	112.478331	0.002331	10.3
1671	-0.930225	112.440241	0.005399	9.7
1672	-0.510191	112.402186	0.004941	9.1
1673	-0.108354	112.364165	0.002404	11.8
1674	-0.913978	112.326179	0.008598	7.2
1675	-0.842535	112.288227	0.006880	8.2
1676	-0.455636	112.250309	0.005196	9.2
1677	-0.252065	112.212425	0.005173	9.3
1678	-0.447103	112.174575	0.002949	10.0
1679	-0.198863	112.136759	0.004661	9.6
1680	0.000000	112.098977	0.000000	10.3
1681	-0.728477	112.061229	0.004615	9.3
1682	0.000000	112.023515	0.000000	9.5
1683	-0.926894	111.985834	0.005992	9.4
1684	-0.728474	111.948188	0.006843	9.8
1685	-0.026257	111.910575	0.000251	10.1
1686	-0.638141	111.872996	0.005298	10.0
1687	-0.785717	111.835450	0.005724	10.3
1688	-0.320474	111.797939	0.003644	10.3
1689	-0.874462	111.760460	0.004982	9.9
1690	-0.651128	111.723015	0.007407	10.2
1691	-0.178006	111.685604	0.002410	8.9
1692	-0.791205	111.648226	0.005329	10.7
1693	-0.264569	111.610881	0.004153	12.0
1694	-0.561831	111.573570	0.006314	12.3
1695	-0.819505	111.536292	0.008399	10.6
1696	-0.707819	111.499047	0.004961	10.6
1697	-0.000000	111.461835	0.000000	7.8
1698	0.000000	111.424656	0.000000	10.4
1699	-0.005393	111.387510	0.001070	9.0
1700	-0.352842	111.350398	0.005166	9.6
1701	-0.197244	111.313318	0.002774	10.5
1702	-0.005693	111.276271	0.000427	8.4
1703	-0.834811	111.239257	0.006527	9.8
1704	-0.732027	111.202276	0.006847	9.0
1705	-0.693588	111.165328	0.004185	9.7
1706	-0.773450	111.128412	0.006623	8.8
1707	-0.825544	111.091529	0.003140	9.2
1708	-0.000000	111.054679	0.000000	9.5
1709	-0.934003	111.017861	0.007464	8.8
1710	-0.810854	110.981076	0.006443	9.8
1711	-0.907881	110.944323	0.006127	8.5
1712	-0.816553	110.907603	0.005690	9.5
1713	-0.444018	110.870915	0.003448	8.6
1714	0.000000	110.834259	0.000000	9.8
1715	-0.335339	110.797636	0.005148	8.8
1716	-0.698704	110.761045	0.005555	9.3
1717	0.000000	110.724486	0.000000	9.2
1718	-0.910377	110.687959	0.006623	9.8
1719	-0.682085	110.651465	0.006708	9.4
1720	0.000000	110.615002	0.000000	8.5
1721	-0.504367	110.578572	0.005375	9.5
1722	-0.605890	110.542173	0.004071	8.6
1723	-0.450614	110.505807	0.005128	8.8
1724	-0.479907	110.469472	0.008556	7.8
1725	0.000000	110.433169	0.000000	9.5
1726	-0.708234	110.396898	0.008708	8.7
1727	-0.837557	110.360659	0.004988	9.2
1728	-0.292093	110.324451	0.002975	9.6
1729	-0.115079	110.288276	0.005035	8.8
1730	-0.904608	110.252131	0.007200	9.6
1731	-0.031342	110.216019	0.001442	9.1
1732	-0.888231	110.179937	0.006977	9.4
1733	-0.673087	110.143888	0.006481	9.0
1734	0.000000	110.107869	0.000000	9.3
1735	0.000000	110.071882	0.000000	9.7
1736	-0.380688	110.035927	0.005152	9.2
1737	-0.711272	110.000003	0.006058	10.1
1738	0.000000	109.964110	0.000000	8.7
1739	-0.619355	109.928248	0.006068	10.1
1740	0.000000	109.892417	0.000000	8.8
1741	0.000000	109.856618	0.000000	10.5
1742	-0.555824	109.820850	0.002949	9.8
1743	-0.212472	109.785112	0.005103	8.3
1744	-0.022845	109.749406	0.001373	10.3
1745	-0.095753	109.713730	0.002745	8.4
1746	-0.003181	109.678086	0.000262	9.6
1747	-0.248575	109.642472	0.002667	9.4
1748	-0.065835	109.606890	0.001122	8.8
1749	-0.156831	109.571337	0.004895	8.0
1750	-0.545647	109.535816	0.006916	7.8
1751	-0.359178	109.500326	0.006019	9.5
1752	-0.550719	109.464866	0.008140	8.3
1753	-0.892512	109.429436	0.007856	10.2
1754	-0.721715	109.394038	0.006535	9.7
1755	0.000000	109.358669	0.000000	9.7
1756	-0.000000	109.323331	0.000000	8.7
1757	-0.000000	109.288024	0.000000	8.5
1758	-0.214540	109.252747	0.003549	8.7
1759	-0.978689	109.217501	0.006692	9.3
1760	-0.062512	109.182284	0.000258	9.3
1761	-0.009976	109.147098	0.001617	8.9
1762	-0.580756	109.111942	0.008132	8.1
1763	-0.001522	109.076817	0.000488	8.7
1764	-0.671317	109.041721	0.004436	9.6
1765	-0.138244	109.006656	0.002100	8.7
1766	-0.658239	108.971620	0.005254	9.5
1767	-0.446248	108.936615	0.005344	10.3
1768	-0.304494	108.901640	0.004443	9.0
1769	-0.198607	108.866694	0.003306	10.1
1770	-0.037706	108.831779	0.002134	8.6
1771	-0.673681	108.796893	0.003686	9.3
1772	-0.318009	108.762037	0.004072	9.4
1773	-0.534466	108.727211	0.005815	9.6
1774	-0.364723	108.692415	0.003393	10.1
1775	-0.643216	108.657648	0.005906	8.7
1776	-0.787878	108.622911	0.005076	10.2
1777	0.000000	108.588203	0.000000	9.8
1778	-0.597585	108.553525	0.005537	10.2
1779	-0.754729	108.518877	0.005838	9.9
1780	-0.098308	108.484258	0.004076	9.5
1781	-0.042904	108.449668	0.000773	9.9
1782	-0.812746	108.415108	0.005784	8.7
1783	-0.000000	108.380578	0.000000	10.1
1784	-0.000000	108.346076	0.000000	6.9
1785	0.000000	108.311604	0.000000	9.5
1786	-0.080310	108.277161	0.002244	9.2
1787	-0.000000	108.242747	0.000000	7.1
1788	-0.797798	108.208363	0.003791	8.7
1789	-0.846261	108.174007	0.007354	10.2
1790	-0.019326	108.139681	0.000928	9.9
1791	0.000000	108.105383	0.000000	8.5
1792	-1.138915	108.071115	0.008116	8.4
1793	-0.771804	108.036875	0.006387	8.9
1794	-0.163791	108.002665	0.005614	9.2
1795	-0.841213	107.968483	0.004992	8.7
1796	-0.913995	107.934330	0.008808	9.6
1797	-0.565022	107.900206	0.004698	9.3
1798	0.000000	107.866111	0.000000	9.7
1799	-0.438945	107.832044	0.004748	9.9
1800	-0.725988	107.798007	0.005737	10.7
1801	-0.876679	107.763997	0.004471	11.2
1802	-0.878294	107.730017	0.009728	12.2
1803	0.000000	107.696065	0.000000	10.5
1804	-0.882410	107.662141	0.005283	11.3
1805	-0.671966	107.628246	0.006012	10.4
1806	-0.854507	107.594379	0.005491	9.1
1807	-0.698815	107.560541	0.006313	10.4
1808	-1.059589	107.526731	0.006220	10.6
1809	0.000000	107.492949	0.000000	9.0
1810	-0.000224	107.459196	0.000224	11.5
1811	-0.754481	107.425471	0.006783	9.7
1812	-0.667483	107.391774	0.005881	10.3
1813	-0.519789	107.358106	0.005528	11.4
1814	-0.661781	107.324465	0.005746	9.7
1815	-0.702816	107.290853	0.006212	10.8
1816	-0.201524	107.257268	0.003893	12.2
1817	-0.448393	107.223712	0.003588	10.4
1818	-0.460321	107.190184	0.006615	10.9
1819	-0.742015	107.156683	0.006443	9.8
1820	-0.047574	107.123211	0.002552	10.7
1821	0.000000	107.089766	0.000000	10.4
1822	-0.686702	107.056349	0.005928	8.8
1823	0.000000	107.022960	0.000000	9.9
1824	0.000000	106.989599	0.000000	10.6
1825	-0.381655	106.956265	0.003764	10.2
1826	-0.789475	106.922960	0.003651	11.1
1827	-0.276133	106.889681	0.004808	9.2
1828	-0.704682	106.856431	0.007137	9.8
1829	-0.635940	106.823208	0.006340	9.3
1830	-0.801848	106.790012	0.005062	9.9
1831	-0.525202	106.756844	0.004676	10.0
1832	-0.408723	106.723703	0.003237	9.0
1833	-0.761098	106.690590	0.006644	9.6
1834	-0.171589	106.657505	0.004455	9.8
1835	-0.190698	106.624446	0.002537	9.5
1836	-0.592287	106.591415	0.006925	10.2
1837	-0.522783	106.558411	0.004443	8.9
1838	-0.807970	106.525435	0.009411	8.6
1839	-0.465039	106.492485	0.004437	8.8
1840	-0.556783	106.459563	0.005486	9.8
1841	-0.796772	106.426668	0.005724	9.2
1842	-0.856884	106.393800	0.006700	10.1
1843	-0.454979	106.360959	0.004183	9.4
1844	-0.738820	106.328145	0.005720	9.2
1845	-0.766949	106.295358	0.006611	9.3
1846	-0.810376	106.262598	0.006933	8.9
1847	-0.538500	106.229865	0.007242	9.2
1848	0.000000	106.197158	0.000000	9.5
1849	-0.988808	106.164479	0.005361	8.8
1850	-0.047972	106.131826	0.002204	9.4
1851	0.000000	106.099201	0.000000	8.8
1852	-0.000000	106.066602	0.000000	9.5
1853	0.000000	106.034029	0.000000	9.4
1854	-1.053714	106.001483	0.005428	10.3
1855	-0.693739	105.968964	0.008990	9.4
1856	-0.421749	105.936472	0.006377	8.7
1857	0.000000	105.904006	0.000000	10.2
1858	-0.000000	105.871566	0.000000	8.8
1859	-0.517327	105.839153	0.006511	10.0
1860	0.000000	105.806767	0.000000	8.8
1861	-0.413902	105.774407	0.003977	9.8
1862	-0.061956	105.742073	0.001883	9.6
1863	0.000000	105.709766	0.000000	9.1
1864	-0.348414	105.677485	0.004769	10.5
1865	-0.944825	105.645230	0.006646	8.9
1866	-0.554757	105.613001	0.007786	8.7
1867	-0.786191	105.580799	0.004765	8.8
1868	-0.765549	105.548623	0.006685	10.5
1869	-0.827936	105.516473	0.007283	9.4
1870	-0.522834	105.484349	0.006535	9.2
1871	-0.456880	105.452251	0.005549	9.9
1872	-1.038361	105.420179	0.007003	7.9
1873	-0.999657	105.388133	0.005932	9.7
1874	0.000000	105.356113	0.000000	8.9
1875	-0.068958	105.324119	0.002772	8.4
1876	-0.849795	105.292151	0.008214	9.1
1877	-0.456814	105.260209	0.007234	10.3
1878	-0.399698	105.228293	0.006444	9.0
1879	0.000000	105.196402	0.000000	9.1
1880	-0.823391	105.164537	0.004974	9.1
1881	-0.146782	105.132698	0.003501	8.5
1882	-0.757209	105.100885	0.007346	9.1
1883	-0.884105	105.069097	0.004116	8.8
1884	-0.000000	105.037335	0.000001	9.4
1885	-0.704833	105.005598	0.007794	8.6
1886	-0.727510	104.973887	0.004374	9.5
1887	-0.252986	104.942202	0.005010	8.5
1888	-0.000565	104.910542	0.000360	7.9
1889	-0.492852	104.878907	0.005634	7.5
1890	-0.358640	104.847298	0.003347	10.7
1891	-0.005891	104.815715	0.000848	9.6
1892	-0.797483	104.784156	0.005397	9.0
1893	-0.572556	104.752623	0.005093	10.1
1894	-0.531953	104.721116	0.006835	8.9
1895	0.000000	104.689633	0.000000	10.4
1896	-0.778230	104.658176	0.005071	10.2
1897	-0.521924	104.626744	0.004549	8.5
1898	-0.180926	104.595337	0.001279	10.1
1899	-0.875968	104.563955	0.006328	9.8
1900	-0.452886	104.532599	0.005693	10.2
1901	0.000000	104.501267	0.000000	11.5
1902	-0.518731	104.469960	0.006603	9.6
1903	-0.684753	104.438679	0.006656	9.4
1904	-0.846518	104.407422	0.005204	8.9
1905	-0.731358	104.376191	0.006166	10.1
1906	-0.282669	104.344984	0.005581	8.3
1907	-0.720344	104.313802	0.008084	8.4
1908	-0.776709	104.282645	0.006745	7.7
1909	-0.776555	104.251513	0.004689	9.9
1910	0.000000	104.220405	0.000000	10.0
1911	-0.000233	104.189323	0.000032	9.0
1912	-0.705037	104.158265	0.009844	10.3
1913	-0.000000	104.127231	0.000000	9.0
1914	-0.049475	104.096222	0.001310	9.7
1915	-0.703269	104.065238	0.004075	9.8
1916	-0.239527	104.034279	0.003501	8.7
1917	-0.019714	104.003344	0.001722	9.7
1918	0.000000	103.972433	0.000000	8.5
1919	-0.877703	103.941547	0.006128	9.2
1920	-0.814788	103.910686	0.005306	8.7
1921	-0.334660	103.879849	0.002751	8.6
1922	-0.152284	103.849036	0.003055	8.8
1923	-0.568680	103.818248	0.004912	9.4
1924	-0.401735	103.787484	0.003372	10.0
1925	0.000000	103.756744	0.000000	8.8
1926	-0.075697	103.726029	0.002051	9.3
1927	-0.798884	103.695338	0.004883	8.8
1928	0.000000	103.664671	0.000000	8.9
1929	-0.261471	103.634028	0.004598	8.7
1930	0.000000	103.603409	0.000000	10.1
1931	-0.723733	103.572814	0.008718	8.9
1932	-0.738619	103.542244	0.005146	10.3
1933	-0.565010	103.511698	0.005507	9.7
1934	-0.897853	103.481175	0.004613	8.7
1935	-0.970381	103.450677	0.005809	9.9
1936	-0.479345	103.420202	0.004792	8.9
1937	0.000000	103.389752	0.000000	9.8
1938	0.000000	103.359325	0.000000	9.1
1939	-0.738096	103.328922	0.007913	9.1
1940	-0.000000	103.298543	0.000000	9.9
1941	-0.881746	103.268188	0.008968	9.0
1942	-0.774676	103.237857	0.007944	10.4
1943	-0.883085	103.207549	0.005926	8.7
1944	0.000000	103.177265	0.000000	9.4
1945	-0.585592	103.147005	0.002819	10.2
1946	0.000000	103.116768	0.000000	9.3
1947	0.000000	103.086556	0.000000	9.7
1948	-0.121780	103.056366	0.002458	9.2
1949	-0.534986	103.026200	0.007032	9.3
1950	-0.571735	102.996058	0.003944	8.7
1951	-0.194356	102.965939	0.004323	8.2
1952	-0.699933	102.935844	0.006444	8.7
1953	-0.863736	102.905772	0.004790	9.4
1954	-0.709075	102.875724	0.005729	9.2
1955	-0.867782	102.845699	0.005834	9.0
1956	-0.000019	102.815697	0.000018	9.3
1957	-0.821225	102.785719	0.007017	7.9
1958	0.000000	102.755764	0.000000	9.6
1959	-0.316320	102.725832	0.003735	8.4
1960	-0.876127	102.695924	0.007888	10.0
1961	0.000000	102.666038	0.000000	8.4
1962	-0.768495	102.636176	0.005952	9.6
1963	-0.860636	102.606337	0.004204	8.7
1964	-0.693451	102.576521	0.005260	9.1
1965	-0.000000	102.546728	0.000000	9.7
1966	-0.796723	102.516959	0.004053	9.5
1967	-0.088794	102.487212	0.002536	9.6
1968	0.000000	102.457488	0.000000	9.2
1969	0.000000	102.427788	0.000000	9.6
1970	0.000000	102.398110	0.000000	10.0
1971	-0.695862	102.368455	0.007379	9.2
1972	-0.781595	102.338823	0.007453	10.2
1973	-0.589622	102.309214	0.006815	9.2
1974	-0.803466	102.279628	0.007271	10.2
1975	-0.142518	102.250064	0.002431	9.6
1976	-0.488023	102.220524	0.006126	10.6
1977	-0.196850	102.191006	0.003228	9.8
1978	-0.436208	102.161511	0.003176	8.7
1979	-0.123000	102.132038	0.003130	9.2
1980	-0.753721	102.102588	0.009935	8.8
1981	-0.933896	102.073161	0.004621	9.7
1982	-0.961025	102.043757	0.008698	8.6
1983	-0.864278	102.014375	0.007923	8.5
1984	0.000000	101.985015	0.000000	9.0
1985	0.000000	101.955678	0.000000	9.3
1986	-0.071434	101.926364	0.002065	9.7
1987	0.000000	101.897072	0.000000	8.8
1988	-0.591255	101.867802	0.005711	9.9
1989	-0.267579	101.838555	0.003133	7.9
1990	-0.284862	101.809330	0.002971	9.2
1991	-0.587215	101.780128	0.005856	8.5
1992	-0.932222	101.750948	0.009864	8.6
1993	-0.966660	101.721790	0.006656	8.6
1994	-0.773061	101.692654	0.003647	9.4
1995	-0.169666	101.663541	0.005802	8.5
1996	-0.048201	101.634450	0.002237	8.7
1997	-0.325490	101.605381	0.003628	10.0
1998	-0.031096	101.576335	0.002286	8.8
1999	-0.322849	101.547310	0.003790	10.1
