1:ItNr	2:Metric	3:StepSize	4:||Gradient||	Time[ms]
0	-0.679547	627.201626	0.008514	765.5
1	-0.790018	623.504937	0.007291	5.6
2	-0.919832	619.865785	0.014835	6.5
3	-0.632140	616.282728	0.010477	6.7
4	-0.000000	612.754375	0.000000	6.6
5	-0.373791	609.279381	0.004357	6.8
6	-0.348098	605.856447	0.007801	6.7
7	-0.000000	602.484317	0.000000	5.8
8	-0.000000	599.161779	0.000000	7.2
9	-0.456933	595.887656	0.008459	5.7
10	-0.000000	592.660813	0.000000	6.7
11	-0.336095	589.480151	0.006900	5.7
12	-0.468905	586.344606	0.011403	5.7
13	-0.369995	583.253145	0.014697	6.0
14	-0.000000	580.204771	0.000000	6.4
15	-0.685158	577.198517	0.003115	6.0
16	-0.934665	574.233444	0.015832	7.0
17	-0.940288	571.308645	0.009924	6.4
18	-0.831811	568.423237	0.006296	6.9
19	-0.242068	565.576365	0.005036	7.4
20	-0.000000	562.767201	0.000000	4.4
21	-0.821177	559.994938	0.013928	7.2
22	-0.510158	557.258797	0.007386	6.1
23	-0.040096	554.558018	0.000824	7.1
24	-0.829875	551.891865	0.009401	6.1
25	-0.693109	549.259621	0.011363	6.2
26	-0.710687	546.660592	0.008325	7.6
27	-0.567933	544.094102	0.008192	6.7
28	-0.660980	541.559494	0.007972	6.0
29	-0.377870	539.056129	0.004317	6.4
30	-0.000000	536.583387	0.000000	6.2
31	-0.601278	534.140663	0.012231	7.4
32	-0.000000	531.727370	0.000000	6.0
33	-0.094182	529.342935	0.004185	7.4
34	-0.775040	526.986802	0.010944	6.7
35	-0.197769	524.658430	0.006481	6.6
36	-0.203711	522.357290	0.008822	7.2
37	-0.000000	520.082868	0.000000	8.4
38	-0.011441	517.834665	0.000435	8.2
39	-0.761176	515.612193	0.014820	7.2
40	-0.719055	513.414976	0.007821	8.1
41	-0.387230	511.242551	0.006195	5.4
42	-0.781814	509.094468	0.007695	7.8
43	-0.689680	506.970285	0.014865	7.6
44	-0.000000	504.869574	0.000000	8.2
45	-0.460885	502.791916	0.003784	6.8
46	-0.281757	500.736903	0.002069	6.5
47	-0.841487	498.704137	0.008938	7.1
48	-0.129725	496.693228	0.007476	6.6
49	-0.000000	494.703798	0.000000	7.6
50	-0.000000	492.735476	0.000000	7.3
51	-0.000000	490.787900	0.000000	7.9
52	-0.461239	488.860718	0.008188	6.5
53	-0.300046	486.953585	0.002220	6.9
54	-0.752582	485.066164	0.005791	7.5
55	-0.181325	483.198126	0.001994	6.4
56	-0.890124	481.349149	0.020370	6.1
57	-0.365351	479.518920	0.009872	6.5
58	-0.566363	477.707132	0.006980	8.0
59	-0.479772	475.913485	0.005832	6.4
60	-0.958753	474.137684	0.010309	6.5
61	-0.347913	472.379445	0.005382	7.6
62	-0.000000	470.638485	0.000000	4.6
63	-0.289390	468.914531	0.008495	6.9
64	-0.558956	467.207315	0.008426	7.8
65	-0.889462	465.516573	0.008011	7.5
66	-0.000000	463.842050	0.000000	7.2
67	-0.767883	462.183494	0.007742	6.5
68	-0.667017	460.540658	0.007750	7.7
69	-0.660418	458.913303	0.013923	6.7
70	-0.514753	457.301192	0.004624	7.6
71	-0.291013	455.704096	0.003934	6.6
72	-0.000000	454.121787	0.000000	7.3
73	-0.890590	452.554045	0.008649	6.5
74	-0.368247	451.000653	0.007716	6.4
75	-0.619409	449.461399	0.006918	7.0
76	-0.000000	447.936075	0.000000	6.6
77	-0.736905	446.424477	0.014015	6.9
78	-0.008482	444.926406	0.001314	6.5
79	-0.561208	443.441666	0.007641	6.3
80	-0.291071	441.970065	0.005100	7.5
81	-0.640793	440.511415	0.008849	7.5
82	-0.555268	439.065533	0.006325	8.1
83	-0.620671	437.632238	0.011451	6.7
84	-0.467224	436.211351	0.007901	7.2
85	-0.000000	434.802701	0.000000	6.6
86	-0.792560	433.406117	0.010974	7.1
87	-0.064867	432.021430	0.005576	6.6
88	-0.000002	430.648479	0.000002	6.3
89	-0.000000	429.287101	0.000000	6.8
90	-1.221229	427.937140	0.014797	5.2
91	-0.330668	426.598440	0.006672	4.6
92	-0.415323	425.270849	0.005998	7.3
93	-0.086190	423.954220	0.006943	6.1
94	-0.403198	422.648404	0.005095	7.4
95	-0.125108	421.353259	0.004211	5.7
96	-0.011308	420.068643	0.002986	6.1
97	-0.049724	418.794419	0.002459	6.2
98	-0.000000	417.530451	0.000000	6.7
99	-0.585400	416.276604	0.010508	7.2
100	-0.753813	415.032748	0.008539	7.0
101	-0.875000	413.798754	0.011068	6.4
102	-0.000000	412.574495	0.000000	8.1
103	-0.768253	411.359849	0.011621	6.1
104	-0.889346	410.154691	0.007966	7.5
105	-0.603656	408.958904	0.007521	6.5
106	-0.576188	407.772368	0.010308	7.2
107	-0.537444	406.594968	0.007801	7.1
108	-0.857267	405.426590	0.008966	6.1
109	-0.000001	404.267122	0.000000	7.7
110	-0.524643	403.116456	0.005323	6.6
111	-0.731503	401.974481	0.012017	5.7
112	-0.000000	400.841093	0.000000	6.5
113	-0.771818	399.716187	0.006257	6.2
114	-0.067867	398.599660	0.003025	7.4
115	-0.000000	397.491411	0.000000	6.6
116	-0.000000	396.391342	0.000000	7.4
117	-0.167606	395.299353	0.004366	6.6
118	-0.596297	394.215350	0.007663	6.7
119	-0.112806	393.139238	0.003798	7.0
120	-0.581350	392.070924	0.009952	7.2
121	-0.713778	391.010316	0.009313	7.4
122	-0.000001	389.957325	0.000001	6.6
123	-0.615732	388.911862	0.010552	6.5
124	-0.562552	387.873839	0.008200	7.6
125	-0.900182	386.843173	0.007018	6.8
126	-0.000000	385.819777	0.000000	7.1
127	-0.740483	384.803569	0.007651	6.3
128	-0.774753	383.794468	0.006659	7.3
129	-0.672387	382.792393	0.008600	6.3
130	-0.894870	381.797264	0.018647	7.0
131	-0.228135	380.809005	0.005176	6.8
132	-0.925120	379.827537	0.007471	5.4
133	-0.000076	378.852786	0.000042	7.5
134	-1.007811	377.884678	0.014949	6.1
135	-0.548589	376.923138	0.006875	7.8
136	-0.639285	375.968095	0.011506	6.6
137	-0.564182	375.019479	0.006219	6.7
138	-0.513351	374.077218	0.007483	7.5
139	-0.701377	373.141244	0.010437	6.1
140	-0.077943	372.211489	0.003592	8.3
141	-0.771815	371.287887	0.009315	7.1
142	-0.605067	370.370370	0.010906	7.6
143	-0.314721	369.458876	0.003837	6.7
144	-0.000000	368.553338	0.000000	6.7
145	-0.990405	367.653696	0.016704	5.7
146	-0.880207	366.759885	0.006289	7.4
147	-0.677693	365.871846	0.007090	6.7
148	-0.000001	364.989518	0.000000	7.2
149	-0.349125	364.112841	0.012205	7.3
150	-0.000000	363.241757	0.000000	6.6
151	-0.433053	362.376208	0.008241	6.4
152	-0.025014	361.516137	0.001272	7.9
153	-0.522646	360.661488	0.008250	6.3
154	-0.555962	359.812206	0.010537	7.9
155	-0.100925	358.968236	0.003722	6.9
156	-0.504775	358.129524	0.003028	8.0
157	-0.437379	357.296018	0.002694	7.2
158	-0.000000	356.467665	0.000000	7.2
159	-0.716252	355.644414	0.011222	7.0
160	-0.767196	354.826213	0.005850	7.4
161	-0.934757	354.013012	0.006655	7.5
162	-0.000000	353.204763	0.000000	6.5
163	-0.740733	352.401415	0.010598	7.2
164	-0.000000	351.602922	0.000000	6.5
165	-0.000000	350.809235	0.000000	7.3
166	-0.440642	350.020308	0.012795	6.8
167	-0.848769	349.236095	0.007584	6.5
168	-0.727806	348.456550	0.007393	7.0
169	-0.000000	347.681627	0.000000	6.4
170	-0.751795	346.911283	0.005586	8.9
171	-0.646608	346.145474	0.007293	7.3
172	-0.250503	345.384157	0.004274	7.9
173	-1.076058	344.627288	0.018191	6.4
174	-0.961696	343.874826	0.005282	6.3
175	-0.002157	343.126729	0.000679	7.2
176	-0.723396	342.382957	0.008600	6.4
177	-0.000000	341.643469	0.000000	7.3
178	-0.165841	340.908224	0.001412	7.0
179	-0.559671	340.177184	0.009319	8.2
180	-0.605816	339.450309	0.004583	9.8
181	-0.000000	338.727561	0.000000	9.6
182	-0.072267	338.008902	0.002342	7.2
183	-0.857476	337.294295	0.008456	9.1
184	-0.385943	336.583703	0.005572	6.8
185	-0.705482	335.877089	0.007340	8.2
186	-0.308038	335.174416	0.006630	7.9
187	-0.899042	334.475651	0.011144	8.6
188	-0.834938	333.780756	0.005681	7.5
189	-0.000097	333.089698	0.000032	8.5
190	-0.000000	332.402443	0.000000	7.0
191	-0.609734	331.718955	0.009456	8.0
192	-0.515053	331.039203	0.005724	6.9
193	-0.794581	330.363153	0.009112	6.4
194	-0.381092	329.690771	0.008226	6.4
195	-0.000000	329.022027	0.000000	6.5
196	-0.974543	328.356888	0.010868	7.9
197	-0.000000	327.695322	0.000000	7.0
198	-0.250507	327.037299	0.004793	7.4
199	-0.000000	326.382787	0.000000	7.5
200	-0.315470	325.731758	0.004671	7.1
201	-0.000000	325.084179	0.000000	7.2
202	-1.110291	324.440023	0.014180	6.3
203	-0.855884	323.799258	0.009092	7.0
204	-0.906357	323.161858	0.011832	6.7
205	-0.000241	322.527792	0.000212	7.8
206	-0.490065	321.897034	0.008219	6.7
207	-0.019146	321.269554	0.001371	6.8
208	-0.384413	320.645325	0.009399	6.9
209	-0.052050	320.024320	0.003157	7.3
210	-0.425513	319.406512	0.010077	7.4
211	-0.680472	318.791875	0.004676	6.3
212	-0.771107	318.180381	0.012706	6.7
213	-0.000000	317.572005	0.000000	7.8
214	-0.270189	316.966721	0.007730	7.3
215	-0.000000	316.364504	0.000000	7.6
216	-0.000000	315.765329	0.000000	6.6
217	-0.000000	315.169170	0.000000	7.4
218	-0.831388	314.576003	0.012892	6.4
219	-0.913691	313.985804	0.004942	8.2
220	-0.734293	313.398548	0.006680	6.4
221	-0.000000	312.814213	0.000000	6.7
222	-0.528694	312.232773	0.005336	7.1
223	-0.991553	311.654207	0.015064	6.4
224	-0.363296	311.078491	0.004852	7.7
225	-0.000000	310.505602	0.000000	6.5
226	-0.000000	309.935518	0.000000	7.0
227	-0.790372	309.368217	0.009964	6.7
228	-0.830586	308.803676	0.011074	6.7
229	-0.000000	308.241874	0.000000	7.3
230	-0.522273	307.682789	0.008736	6.8
231	-0.095221	307.126400	0.009787	7.7
232	-0.000000	306.572687	0.000000	7.7
233	-0.000000	306.021627	0.000000	7.1
234	-0.371502	305.473201	0.005028	6.7
235	-0.496326	304.927388	0.009253	7.4
236	-0.552913	304.384168	0.007102	6.7
237	-0.000000	303.843521	0.000000	6.3
238	-0.602903	303.305427	0.007237	7.1
239	-0.738984	302.769867	0.007839	6.5
240	-0.703918	302.236821	0.014957	7.3
241	-0.000000	301.706270	0.000000	6.5
242	-0.618288	301.178196	0.007713	6.1
243	-0.000000	300.652580	0.000000	7.7
244	-0.574471	300.129402	0.009094	6.7
245	-0.692182	299.608645	0.008382	7.4
246	-0.276930	299.090291	0.005458	5.2
247	-0.405417	298.574321	0.004762	6.8
248	-0.418401	298.060718	0.007200	6.0
249	-0.839360	297.549465	0.011106	6.5
250	-0.638771	297.040543	0.007651	7.8
251	-0.640367	296.533936	0.008667	6.5
252	-0.000000	296.029626	0.000000	6.9
253	-0.647892	295.527597	0.004024	6.5
254	-0.316188	295.027832	0.004103	6.5
255	-0.046040	294.530315	0.003558	6.6
256	-0.299622	294.035028	0.008112	6.7
257	-0.292937	293.541956	0.004229	6.8
258	-0.000000	293.051083	0.000000	7.7
259	-0.514786	292.562393	0.005321	6.3
260	-0.000000	292.075870	0.000000	7.0
261	-0.844429	291.591498	0.004956	6.8
262	-0.000000	291.109263	0.000000	7.2
263	-0.857565	290.629149	0.009346	7.1
264	-0.000000	290.151140	0.000000	7.7
265	-0.475477	289.675222	0.008852	6.3
266	-0.119760	289.201380	0.003299	6.3
267	-0.000000	288.729600	0.000000	8.0
268	-0.000000	288.259866	0.000000	6.6
269	-0.830884	287.792165	0.007638	7.5
270	-0.000000	287.326481	0.000000	6.4
271	-0.792508	286.862802	0.008314	7.7
272	-0.000039	286.401113	0.000031	6.6
273	-0.121056	285.941400	0.004372	6.7
274	-0.000000	285.483649	0.000000	7.4
275	-0.889166	285.027847	0.008555	5.7
276	-0.615659	284.573981	0.008016	6.8
277	-0.539611	284.122037	0.005453	7.2
278	-0.886099	283.672002	0.006494	7.6
279	-0.251111	283.223863	0.005645	6.7
280	-0.721068	282.777607	0.011785	7.2
281	-0.000000	282.333221	0.000000	7.2
282	-0.542611	281.890692	0.010734	6.3
283	-0.611474	281.450008	0.007394	8.1
284	-0.901892	281.011157	0.006395	7.5
285	-0.884824	280.574125	0.004968	8.4
286	-0.683437	280.138901	0.011378	6.6
287	-0.207273	279.705473	0.006573	6.9
288	-0.468694	279.273829	0.005970	7.8
289	-0.000000	278.843956	0.000000	6.9
290	-0.769144	278.415844	0.006473	7.8
291	-0.173112	277.989479	0.002847	6.6
292	-0.220144	277.564851	0.005856	7.5
293	-0.343902	277.141949	0.004718	6.2
294	-1.041061	276.720761	0.009192	6.0
295	-0.822705	276.301275	0.016654	7.2
296	-0.916219	275.883480	0.009976	7.3
297	-0.004611	275.467366	0.000877	7.1
298	-0.000000	275.052922	0.000000	7.4
299	-0.444114	274.640136	0.009139	5.5
300	-0.623285	274.228998	0.008514	6.9
301	-0.401637	273.819497	0.005183	6.6
302	-0.000000	273.411623	0.000000	7.3
303	-0.490511	273.005365	0.005001	6.3
304	-0.571729	272.600712	0.008406	7.5
305	-0.000000	272.197655	0.000000	6.5
306	-0.006461	271.796184	0.001547	6.8
307	-0.481684	271.396287	0.008079	7.3
308	-0.611550	270.997956	0.005506	6.0
309	-0.723831	270.601180	0.009853	7.2
310	-0.000017	270.205949	0.000013	6.2
311	-0.660259	269.812254	0.009445	7.6
312	-0.642055	269.420085	0.007515	6.6
313	-0.682527	269.029432	0.015806	5.5
314	-0.484264	268.640287	0.009466	7.9
315	-0.775754	268.252638	0.008092	6.8
316	-0.000000	267.866478	0.000000	7.3
317	-0.105849	267.481796	0.002572	6.5
318	-0.000004	267.098584	0.000003	7.4
319	-0.000000	266.716833	0.000000	8.4
320	-0.549280	266.336533	0.005889	8.2
321	-0.748461	265.957676	0.009015	7.4
322	-0.000000	265.580253	0.000000	6.2
323	-0.595180	265.204254	0.005916	8.3
324	-0.242114	264.829672	0.006095	8.8
325	-0.933291	264.456497	0.005437	7.7
326	-0.351676	264.084721	0.005729	7.3
327	-0.181687	263.714335	0.003827	9.3
328	-0.424273	263.345332	0.008822	7.2
329	-0.522513	262.977702	0.006701	8.3
330	-0.508756	262.611438	0.007640	6.3
331	-0.435743	262.246531	0.009241	7.8
332	-0.510269	261.882973	0.011772	6.2
333	-0.887013	261.520756	0.007923	8.2
334	-0.731077	261.159871	0.003487	7.7
335	-0.431794	260.800312	0.003642	8.4
336	-0.000000	260.442070	0.000000	7.6
337	-0.360386	260.085137	0.004339	6.6
338	-0.785458	259.729505	0.007211	7.3
339	-0.000000	259.375167	0.000000	6.8
340	-0.468652	259.022116	0.008593	6.6
341	-0.196763	258.670343	0.004093	5.1
342	-0.007320	258.319841	0.001788	7.0
343	-0.476636	257.970602	0.013772	7.6
344	-0.740702	257.622620	0.006311	6.4
345	-0.036305	257.275887	0.001036	6.9
346	-0.982007	256.930396	0.009240	6.8
347	-0.321988	256.586139	0.002959	8.2
348	-0.865769	256.243109	0.008275	6.3
349	-0.255382	255.901300	0.004024	7.0
350	-1.020646	255.560703	0.012270	6.0
351	-0.626963	255.221313	0.005744	6.9
352	-0.507624	254.883122	0.006220	8.3
353	-0.720767	254.546124	0.008976	7.9
354	-0.648673	254.210311	0.013135	8.0
355	-0.511802	253.875677	0.006314	6.9
356	-0.099878	253.542215	0.003135	8.9
357	-0.877410	253.209918	0.012312	7.6
358	-0.002218	252.878781	0.000995	8.5
359	-0.492239	252.548795	0.004225	7.8
360	-0.479455	252.219956	0.006737	8.4
361	-0.481918	251.892255	0.004500	7.0
362	-0.578875	251.565688	0.002152	7.9
363	-0.000000	251.240247	0.000000	6.6
364	-0.133696	250.915926	0.004549	5.1
365	-0.000000	250.592720	0.000000	8.9
366	-0.717368	250.270621	0.010369	7.7
367	-0.516447	249.949624	0.010274	9.0
368	-0.611450	249.629723	0.010282	7.6
369	-0.000000	249.310911	0.000000	7.5
370	-0.000000	248.993182	0.000000	7.0
371	-0.984531	248.676531	0.011239	7.4
372	-0.715272	248.360952	0.010050	6.4
373	-0.000000	248.046438	0.000000	7.8
374	-0.000000	247.732984	0.000000	7.4
375	-0.737837	247.420584	0.009187	7.2
376	-0.675482	247.109233	0.008759	8.6
377	-0.039017	246.798924	0.001143	6.1
378	-0.000000	246.489652	0.000000	8.1
379	-0.000000	246.181412	0.000000	6.7
380	-0.000000	245.874197	0.000000	8.8
381	-0.169944	245.568002	0.006095	6.7
382	-0.000013	245.262822	0.000007	8.7
383	-0.605893	244.958652	0.006219	7.6
384	-0.241757	244.655485	0.005429	7.4
385	-0.163450	244.353317	0.009341	7.1
386	-0.003524	244.052142	0.000683	7.6
387	-0.169029	243.751955	0.007468	6.5
388	-0.457846	243.452750	0.005334	7.1
389	-0.400998	243.154523	0.006201	7.1
390	-0.871496	242.857268	0.007133	7.4
391	-0.889479	242.560980	0.006316	7.5
392	-0.524394	242.265654	0.004217	6.3
393	-0.000000	241.971285	0.000000	6.8
394	-0.736393	241.677868	0.008199	6.7
395	-0.745417	241.385397	0.023161	6.3
396	-0.404107	241.093869	0.003991	7.7
397	-0.877000	240.803278	0.007150	7.1
398	-0.000857	240.513619	0.000196	8.5
399	-0.430721	240.224887	0.006249	6.8
400	-0.000000	239.937077	0.000000	7.9
401	-0.785339	239.650186	0.009451	5.2
402	-0.000000	239.364207	0.000000	6.9
403	-0.848936	239.079136	0.003707	7.6
404	-0.539859	238.794969	0.007345	7.9
405	-0.000000	238.511701	0.000000	6.3
406	-0.966311	238.229327	0.016599	5.1
407	-0.825090	237.947843	0.008611	6.0
408	-0.963782	237.667244	0.005505	7.9
409	-0.006771	237.387526	0.001377	5.4
410	-0.000000	237.108684	0.000000	7.4
411	-0.824414	236.830714	0.009298	5.0
412	-0.117058	236.553610	0.004503	6.8
413	-0.000000	236.277370	0.000000	7.8
414	-0.000000	236.001989	0.000000	6.4
415	-0.000000	235.727461	0.000000	7.4
416	-0.505278	235.453784	0.005485	7.0
417	-0.604603	235.180952	0.008670	8.0
418	-0.308590	234.908962	0.004478	6.5
419	-0.406636	234.637809	0.006937	7.6
420	-0.186596	234.367488	0.006033	6.8
421	-0.000000	234.097997	0.000000	6.5
422	-0.741117	233.829331	0.007585	6.6
423	-0.936318	233.561485	0.029955	6.4
424	-0.114352	233.294456	0.005057	6.6
425	-0.218892	233.028239	0.003656	8.3
426	-0.542115	232.762831	0.009415	6.4
427	-0.525183	232.498228	0.005107	6.4
428	-0.156848	232.234425	0.001955	6.9
429	-0.656758	231.971419	0.007869	6.3
430	-0.497274	231.709205	0.004506	6.9
431	-0.698397	231.447781	0.005581	7.3
432	-0.837355	231.187141	0.010052	6.5
433	-1.070894	230.927283	0.013569	4.8
434	-0.000000	230.668202	0.000000	7.2
435	-0.000000	230.409895	0.000000	6.5
436	-0.000000	230.152358	0.000000	6.5
437	-0.000000	229.895587	0.000000	7.1
438	-0.029743	229.639578	0.002321	6.7
439	-0.570535	229.384329	0.009364	7.1
440	-0.876222	229.129834	0.006513	5.8
441	-0.838377	228.876091	0.013905	7.0
442	-0.968600	228.623096	0.006780	8.0
443	-0.871916	228.370846	0.006111	6.7
444	-0.636745	228.119336	0.012874	5.7
445	-0.000000	227.868563	0.000000	6.4
446	-0.022361	227.618525	0.001734	7.4
447	-0.969173	227.369216	0.018609	4.4
448	-0.790477	227.120635	0.003432	6.7
449	-1.106486	226.872777	0.018222	8.2
450	-0.179434	226.625638	0.002138	6.6
451	-0.168319	226.379217	0.003726	7.4
452	-0.318306	226.133509	0.006273	6.6
453	-0.863399	225.888510	0.017385	5.7
454	-0.966372	225.644218	0.023721	7.7
455	-0.000000	225.400630	0.000000	6.4
456	-0.788117	225.157741	0.010533	8.5
457	-0.355541	224.915549	0.005213	7.9
458	-0.000000	224.674051	0.000000	7.3
459	-0.000000	224.433242	0.000000	7.7
460	-0.029080	224.193121	0.001059	8.1
461	-0.000000	223.953684	0.000000	5.4
462	-0.700828	223.714927	0.009938	7.0
463	-0.012900	223.476848	0.001296	6.9
464	-0.079409	223.239444	0.004315	7.2
465	-0.659763	223.002710	0.011218	7.2
466	-0.155509	222.766645	0.004796	6.5
467	-0.356970	222.531245	0.005875	7.8
468	-0.657654	222.296508	0.007163	6.2
469	-0.877394	222.062429	0.005087	6.6
470	-0.000000	221.829007	0.000000	7.0
471	-0.303572	221.596238	0.007059	5.6
472	-0.808217	221.364119	0.004778	7.5
473	-0.155892	221.132647	0.003889	7.0
474	-0.259476	220.901820	0.004594	7.3
475	-0.843225	220.671634	0.009964	8.1
476	-0.849235	220.442086	0.009753	6.4
477	-0.205520	220.213174	0.006139	7.3
478	-0.156678	219.984895	0.003227	6.9
479	-0.690561	219.757246	0.011272	7.9
480	-0.253283	219.530224	0.005038	6.4
481	-0.360110	219.303826	0.005127	6.9
482	-0.370419	219.078050	0.003989	7.0
483	-0.000000	218.852893	0.000000	6.6
484	-0.938035	218.628352	0.014090	6.5
485	-0.897686	218.404424	0.006927	6.5
486	-0.059759	218.181106	0.001834	8.0
487	-0.689120	217.958397	0.006580	6.5
488	-0.000000	217.736292	0.000000	6.6
489	-0.000139	217.514790	0.000078	7.0
490	-0.000000	217.293888	0.000000	6.6
491	-0.000000	217.073584	0.000000	7.6
492	-0.008548	216.853873	0.000554	7.5
493	-0.360998	216.634755	0.005299	8.0
494	-0.475603	216.416227	0.006847	5.3
495	-0.566832	216.198285	0.006720	8.3
496	-0.000000	215.980927	0.000000	6.7
497	-0.041741	215.764151	0.001641	6.3
498	-0.409160	215.547955	0.005063	8.0
499	-0.343332	215.332335	0.005637	6.6
500	-0.000000	215.117289	0.000000	7.5
501	-0.000000	214.902815	0.000000	6.2
502	-0.794268	214.688911	0.010710	7.5
503	-0.902373	214.475573	0.016000	7.0
504	-0.373099	214.262800	0.005031	6.3
505	-0.597248	214.050588	0.003652	6.9
506	-0.311583	213.838936	0.006966	6.0
507	-0.385033	213.627842	0.003004	7.3
508	-0.060025	213.417302	0.001398	7.6
509	-0.000000	213.207314	0.000000	6.6
510	-0.025515	212.997877	0.002013	7.6
511	-0.853225	212.788987	0.006725	6.7
512	-0.038662	212.580642	0.000806	7.6
513	-0.000000	212.372841	0.000000	4.4
514	-0.454213	212.165581	0.005525	7.3
515	-0.335952	211.958859	0.005372	7.6
516	-0.000011	211.752673	0.000006	6.8
517	-0.944613	211.547021	0.007947	7.6
518	-0.533075	211.341902	0.006249	6.6
519	-0.977971	211.137311	0.015664	5.8
520	-0.902775	210.933248	0.006478	6.6
521	-0.752964	210.729710	0.006937	7.3
522	-0.317558	210.526695	0.003347	8.0
523	-0.800818	210.324200	0.005619	6.0
524	-0.000003	210.122224	0.000003	7.6
525	-0.000000	209.920765	0.000000	6.7
526	-0.000000	209.719820	0.000000	7.7
527	-0.459458	209.519387	0.004435	6.8
528	-0.694982	209.319463	0.013201	7.3
529	-0.856884	209.120048	0.010670	7.3
530	-0.632896	208.921139	0.005988	6.8
531	-0.696870	208.722733	0.010279	8.4
532	-0.829399	208.524829	0.009700	6.8
533	-0.953121	208.327425	0.005581	7.7
534	-0.000000	208.130518	0.000000	6.3
535	-0.828353	207.934107	0.005217	7.8
536	-0.945518	207.738189	0.007623	6.8
537	-0.970875	207.542762	0.013249	6.2
538	-0.726961	207.347825	0.003560	8.0
539	-0.698776	207.153376	0.009622	7.0
540	-0.000000	206.959412	0.000000	5.7
541	-0.492035	206.765932	0.007052	6.3
542	-0.565829	206.572933	0.006479	6.6
543	-0.558992	206.380414	0.006769	7.0
544	-0.311945	206.188373	0.004893	6.7
545	-0.009308	205.996807	0.000530	7.6
546	-0.006026	205.805716	0.001184	6.2
547	-0.658183	205.615096	0.007829	8.1
548	-0.930763	205.424946	0.005906	6.3
549	-0.035753	205.235265	0.001515	6.9
550	-1.075357	205.046050	0.015350	5.6
551	-0.516353	204.857299	0.008218	6.7
552	-0.899673	204.669011	0.011238	7.9
553	-0.301193	204.481184	0.003424	6.7
554	-0.000000	204.293816	0.000000	7.6
555	-0.758195	204.106905	0.008493	7.3
556	-0.571771	203.920449	0.008984	7.0
557	-0.730949	203.734447	0.007278	7.0
558	-1.021026	203.548896	0.014338	6.7
559	-0.546492	203.363795	0.006167	7.5
560	-0.322376	203.179143	0.006078	6.7
561	-0.111857	202.994937	0.004181	7.5
562	-0.742193	202.811176	0.009099	6.6
563	-0.000000	202.627857	0.000000	6.4
564	-0.751230	202.444980	0.008937	5.6
565	-0.467513	202.262543	0.004538	6.2
566	-0.000000	202.080543	0.000000	7.6
567	-0.795855	201.898979	0.004605	6.9
568	-0.591896	201.717849	0.005162	6.3
569	-0.601282	201.537153	0.008910	7.8
570	-0.592986	201.356887	0.006797	6.6
571	-0.710248	201.177050	0.011616	7.7
572	-0.200898	200.997642	0.004617	6.8
573	-0.127040	200.818659	0.003013	8.0
574	-0.668868	200.640100	0.007711	6.8
575	-0.000000	200.461965	0.000000	7.1
576	-0.695273	200.284250	0.006934	7.0
577	-0.726631	200.106955	0.008142	6.5
578	-0.576344	199.930078	0.005907	8.2
579	-0.589462	199.753617	0.004440	6.7
580	-0.713511	199.577571	0.005342	7.5
581	-0.650521	199.401938	0.006465	7.0
582	-0.614162	199.226717	0.006108	7.5
583	-0.292614	199.051905	0.007563	6.8
584	-0.471212	198.877502	0.006447	7.4
585	-0.320219	198.703506	0.005034	7.0
586	-0.513456	198.529916	0.005000	6.7
587	-0.023483	198.356729	0.001868	5.9
588	-0.899546	198.183944	0.006040	6.2
589	-0.000000	198.011560	0.000000	6.3
590	-0.000000	197.839576	0.000000	7.4
591	-0.441966	197.667989	0.007134	6.5
592	-0.934089	197.496798	0.006592	8.5
593	-0.000000	197.326002	0.000000	6.4
594	-0.962322	197.155600	0.010081	5.7
595	-0.429788	196.985589	0.006122	6.7
596	-0.934506	196.815969	0.006655	6.6
597	-0.000000	196.646738	0.000000	9.1
598	-0.000000	196.477894	0.000000	9.2
599	-0.458209	196.309436	0.006053	8.9
600	-0.000000	196.141363	0.000000	7.8
601	-0.000000	195.973673	0.000000	7.7
602	-0.000101	195.806365	0.000068	8.9
603	-0.000000	195.639437	0.000000	6.8
604	-0.998212	195.472888	0.027456	6.8
605	-0.000007	195.306717	0.000005	8.2
606	-0.155284	195.140922	0.004009	7.9
607	-0.937865	194.975501	0.033193	6.6
608	-0.000000	194.810454	0.000000	8.6
609	-0.791459	194.645779	0.005917	8.0
610	-0.000000	194.481475	0.000000	7.5
611	-0.003832	194.317540	0.000259	8.4
612	-0.958394	194.153973	0.006556	6.8
613	-0.542399	193.990773	0.007716	9.2
614	-0.793107	193.827938	0.006072	7.1
615	-0.000971	193.665467	0.000441	8.9
616	-0.549640	193.503358	0.005499	7.1
617	-0.829080	193.341611	0.007041	7.9
618	-0.000000	193.180224	0.000000	7.1
619	-0.000001	193.019196	0.000001	8.7
620	-0.691856	192.858525	0.010880	7.0
621	-0.948916	192.698210	0.012660	6.0
622	-0.000000	192.538251	0.000000	9.9
623	-0.743997	192.378644	0.010927	9.4
624	-0.117776	192.219391	0.003455	8.0
625	-0.630694	192.060488	0.012613	9.2
626	-0.618964	191.901935	0.005308	7.5
627	-0.551988	191.743730	0.007128	7.1
628	-0.321660	191.585873	0.006993	7.4
629	-0.756469	191.428362	0.007293	7.0
630	-0.117311	191.271196	0.001465	7.7
631	-0.954679	191.114374	0.006055	7.0
632	-0.000001	190.957893	0.000001	7.5
633	-0.659816	190.801755	0.004792	6.5
634	-1.112827	190.645956	0.013482	7.4
635	-0.536510	190.490495	0.005897	6.2
636	-0.732709	190.335373	0.004389	6.5
637	-0.000000	190.180587	0.000000	7.2
638	-1.050307	190.026136	0.014029	6.6
639	-0.602516	189.872019	0.012363	8.6
640	-0.500615	189.718235	0.004404	6.6
641	-0.765760	189.564782	0.006945	7.8
642	-0.578803	189.411661	0.006898	7.3
643	-0.970919	189.258868	0.009807	6.3
644	-0.235815	189.106404	0.004803	6.1
645	-0.881851	188.954267	0.005728	8.0
646	-0.084060	188.802456	0.002415	7.9
647	-0.304976	188.650969	0.003918	6.4
648	-0.924712	188.499807	0.004768	7.7
649	-0.745591	188.348967	0.007781	6.9
650	-0.443948	188.198448	0.005007	8.4
651	-0.060451	188.048250	0.004128	7.3
652	-0.972048	187.898371	0.005601	6.8
653	-0.000000	187.748810	0.000000	6.2
654	-0.855049	187.599566	0.004359	6.7
655	-0.586176	187.450638	0.008079	7.0
656	-0.681275	187.302025	0.003638	7.5
657	-0.529565	187.153725	0.007810	7.1
658	-0.326151	187.005739	0.002922	6.8
659	-0.006207	186.858064	0.001095	6.6
660	-0.416620	186.710699	0.011389	8.0
661	-0.000002	186.563645	0.000002	6.9
662	-0.000000	186.416898	0.000000	8.1
663	-0.315633	186.270459	0.005512	6.4
664	-0.527294	186.124326	0.009795	8.0
665	-0.085291	185.978499	0.004332	4.7
666	-0.722657	185.832976	0.009585	5.6
667	-0.795663	185.687756	0.009462	7.8
668	-0.830602	185.542838	0.005624	6.3
669	-0.000056	185.398222	0.000031	7.9
670	-0.646754	185.253906	0.008434	6.6
671	-0.477394	185.109889	0.002620	7.4
672	-0.331081	184.966170	0.011044	7.5
673	-0.543283	184.822748	0.008462	6.8
674	-0.000000	184.679623	0.000000	7.2
675	-0.000000	184.536792	0.000000	6.3
676	-0.740511	184.394256	0.005863	7.9
677	-0.720535	184.252013	0.005081	6.3
678	-0.497796	184.110062	0.007084	4.8
679	-0.000000	183.968403	0.000000	8.6
680	-0.000000	183.827034	0.000000	6.6
681	-0.693662	183.685954	0.003903	7.9
682	-0.000000	183.545163	0.000000	6.2
683	-0.716440	183.404658	0.007933	8.4
684	-0.221364	183.264441	0.005031	6.5
685	-0.000000	183.124509	0.000000	7.5
686	-0.559556	182.984861	0.006462	9.0
687	-0.861791	182.845497	0.006217	6.6
688	-0.495658	182.706416	0.005531	6.8
689	-0.280007	182.567616	0.005337	6.5
690	-0.000000	182.429098	0.000000	7.5
691	-0.000000	182.290859	0.000000	4.9
692	-0.559098	182.152899	0.005842	7.7
693	-0.545720	182.015217	0.007470	6.9
694	-0.627751	181.877813	0.007400	6.8
695	-0.834585	181.740684	0.008932	8.2
696	-0.828192	181.603832	0.003790	6.5
697	-0.217745	181.467253	0.004459	7.8
698	-0.716815	181.330948	0.006518	6.8
699	-0.445455	181.194916	0.003710	7.5
700	-0.000000	181.059155	0.000000	6.0
701	-0.000000	180.923666	0.000000	6.7
702	-0.330231	180.788446	0.004987	8.0
703	-0.022078	180.653496	0.002331	7.3
704	-1.114696	180.518814	0.008294	6.7
705	-0.832783	180.384399	0.012463	7.5
706	-0.696859	180.250251	0.011893	8.2
707	-0.087170	180.116369	0.003245	6.8
708	-0.000000	179.982752	0.000000	8.0
709	-0.653520	179.849398	0.005596	6.5
710	-0.000000	179.716308	0.000000	6.2
711	-0.000000	179.583480	0.000000	7.8
712	-0.000000	179.450913	0.000000	6.9
713	-0.654777	179.318607	0.007828	7.7
714	-0.250803	179.186561	0.008426	7.1
715	-0.000001	179.054774	0.000001	7.7
716	-0.917756	178.923245	0.007261	7.2
717	-0.455528	178.791973	0.004202	7.0
718	-0.000000	178.660958	0.000000	8.0
719	-0.473786	178.530199	0.006955	7.0
720	-0.618951	178.399694	0.007775	7.2
721	-0.975963	178.269444	0.007194	6.8
722	-0.976962	178.139447	0.013540	6.0
723	-0.000000	178.009702	0.000000	6.5
724	-0.950379	177.880209	0.006241	7.2
725	-0.359905	177.750967	0.005624	6.5
726	-0.750542	177.621975	0.015210	6.3
727	-0.000000	177.493232	0.000000	7.0
728	-0.448575	177.364738	0.006929	6.5
729	-0.746852	177.236492	0.008116	7.2
730	-0.775801	177.108492	0.008587	6.7
731	-0.369637	176.980739	0.008885	7.0
732	-0.461947	176.853231	0.003586	10.7
733	-0.921725	176.725968	0.011600	6.9
734	-0.397780	176.598949	0.009368	8.8
735	-0.523691	176.472173	0.006471	6.9
736	-0.461334	176.345639	0.005174	8.0
737	-0.875448	176.219348	0.011297	6.6
738	-0.454227	176.093296	0.003782	8.2
739	-0.390680	175.967486	0.006200	6.9
740	-0.379036	175.841914	0.004268	8.3
741	-0.866051	175.716581	0.009399	7.3
742	-0.476695	175.591486	0.004430	7.8
743	-0.310957	175.466629	0.003745	6.4
744	-0.000000	175.342008	0.000000	8.5
745	-0.000000	175.217622	0.000000	7.4
746	-0.000137	175.093472	0.000104	8.2
747	-0.913119	174.969556	0.013033	6.0
748	-0.943321	174.845873	0.007258	7.1
749	-0.561066	174.722423	0.007147	8.7
750	-0.235108	174.599206	0.003038	7.5
751	-0.000000	174.476220	0.000000	8.1
752	-1.006937	174.353464	0.005544	8.7
753	-0.235423	174.230939	0.003354	8.6
754	-0.533896	174.108643	0.008661	7.8
755	-0.168079	173.986576	0.005602	9.3
756	-0.961519	173.864737	0.008789	6.6
757	-0.982545	173.743124	0.010862	7.3
758	-0.758967	173.621739	0.006231	7.6
759	-0.000012	173.500579	0.000005	9.2
760	-0.550129	173.379645	0.005843	7.8
761	-0.713861	173.258935	0.007699	8.4
762	-0.406623	173.138449	0.010322	6.9
763	-0.000000	173.018186	0.000000	8.1
764	-0.853278	172.898146	0.007184	8.5
765	-0.797681	172.778327	0.003723	7.5
766	-0.002062	172.658730	0.000395	6.7
767	-0.437558	172.539353	0.005090	7.7
768	-0.849358	172.420196	0.004291	7.3
769	-0.320645	172.301258	0.003316	8.5
770	-0.069437	172.182539	0.004179	5.5
771	-0.267434	172.064037	0.006214	8.1
772	-0.960106	171.945753	0.009602	9.2
773	-0.077010	171.827686	0.000577	7.5
774	-0.904992	171.709834	0.007282	8.4
775	-0.120822	171.592198	0.003039	8.0
776	-0.896100	171.474776	0.007361	7.6
777	-0.821450	171.357568	0.008471	7.5
778	-0.977503	171.240574	0.007964	8.9
779	-0.000000	171.123793	0.000000	7.3
780	-0.030482	171.007223	0.002442	7.6
781	-0.739698	170.890865	0.013338	7.0
782	-0.389317	170.774718	0.005251	7.5
783	-0.679830	170.658782	0.009337	5.6
784	-0.000000	170.543055	0.000000	7.8
785	-0.682751	170.427537	0.005735	7.6
786	-0.000000	170.312227	0.000000	8.5
787	-0.000000	170.197125	0.000000	8.0
788	-0.782706	170.082231	0.009364	8.8
789	-0.000000	169.967543	0.000000	7.5
790	-0.948782	169.853061	0.004695	7.3
791	-0.039644	169.738784	0.002838	7.0
792	-0.169430	169.624713	0.003773	7.2
793	-0.000000	169.510845	0.000000	8.6
794	-0.773348	169.397181	0.007748	7.6
795	-0.382032	169.283720	0.006376	7.0
796	-0.366240	169.170462	0.005012	7.3
797	-0.567913	169.057405	0.005580	8.5
798	-0.997532	168.944549	0.007510	6.8
799	-0.000000	168.831895	0.000000	7.5
800	-0.417854	168.719440	0.004629	8.4
801	-0.941356	168.607185	0.013215	8.2
802	-0.558900	168.495129	0.005299	7.7
803	-0.860656	168.383271	0.003580	9.1
804	-0.551967	168.271611	0.006625	8.0
805	-0.761427	168.160148	0.008773	9.1
806	-0.000000	168.048882	0.000000	6.6
807	-0.000003	167.937812	0.000003	7.5
808	-0.904232	167.826938	0.004377	6.9
809	-0.705969	167.716258	0.012770	7.3
810	-0.000000	167.605773	0.000000	6.8
811	-0.568511	167.495482	0.006725	5.9
812	-0.538546	167.385384	0.007101	6.6
813	-0.000000	167.275479	0.000000	7.5
814	-0.451240	167.165766	0.009801	8.5
815	-0.719913	167.056245	0.002728	7.9
816	-0.427096	166.946915	0.007795	8.4
817	-0.000000	166.837776	0.000000	8.8
818	-0.000000	166.728826	0.000000	8.2
819	-0.423172	166.620067	0.005111	6.8
820	-0.135507	166.511496	0.003228	7.2
821	-0.000000	166.403113	0.000000	7.3
822	-0.313782	166.294919	0.009545	7.2
823	-0.274392	166.186912	0.004588	7.5
824	-0.956292	166.079091	0.006435	6.5
825	-0.297891	165.971458	0.006499	7.8
826	-0.525337	165.864009	0.006847	6.8
827	-0.720024	165.756747	0.007179	6.7
828	-0.382844	165.649669	0.004144	7.8
829	-0.701576	165.542775	0.004885	7.0
830	-0.888777	165.436065	0.008381	7.1
831	-0.565735	165.329538	0.004907	6.6
832	-0.674354	165.223194	0.009167	7.7
833	-0.144941	165.117032	0.004652	7.1
834	-0.889039	165.011052	0.010909	7.9
835	-0.636631	164.905253	0.004319	6.7
836	-0.903061	164.799635	0.010285	8.5
837	-0.065646	164.694197	0.003907	6.7
838	-0.618303	164.588939	0.011245	6.8
839	-0.103053	164.483859	0.006487	7.2
840	-0.000000	164.378959	0.000000	6.5
841	-0.000000	164.274237	0.000000	7.4
842	-0.379298	164.169692	0.006992	6.4
843	-0.537060	164.065325	0.006605	7.2
844	-0.892757	163.961135	0.010037	7.9
845	-0.000000	163.857120	0.000000	7.4
846	-0.605563	163.753282	0.007697	8.1
847	-0.452793	163.649619	0.006384	6.6
848	-0.041997	163.546130	0.002617	7.0
849	-0.158807	163.442816	0.005114	6.5
850	-0.000000	163.339676	0.000000	7.6
851	-1.020518	163.236709	0.010234	6.6
852	-0.000000	163.133915	0.000000	7.4
853	-0.000000	163.031294	0.000000	6.7
854	-0.000000	162.928844	0.000000	7.1
855	-0.004760	162.826566	0.001469	6.9
856	-0.891981	162.724459	0.007627	6.5
857	-0.668565	162.622523	0.010181	7.9
858	-0.614644	162.520757	0.006509	6.1
859	-0.000000	162.419160	0.000000	7.5
860	-0.177958	162.317733	0.006244	5.6
861	-0.000004	162.216474	0.000004	6.7
862	-0.584538	162.115383	0.003704	9.0
863	-0.547005	162.014461	0.005796	7.5
864	-0.000000	161.913705	0.000000	6.3
865	-0.632566	161.813117	0.004800	7.4
866	-0.000000	161.712695	0.000000	7.3
867	-0.807166	161.612439	0.004133	6.6
868	-0.965987	161.512349	0.005795	6.5
869	-0.000000	161.412424	0.000000	7.1
870	-0.149036	161.312663	0.004005	6.6
871	-0.000000	161.213067	0.000000	7.2
872	-0.000000	161.113635	0.000000	6.4
873	-0.010809	161.014366	0.000590	6.7
874	-0.000000	160.915260	0.000000	7.8
875	-0.296307	160.816316	0.007883	6.7
876	-0.811599	160.717535	0.010404	7.2
877	-0.421438	160.618915	0.004608	6.7
878	-0.000048	160.520456	0.000039	7.3
879	-1.075978	160.422158	0.013298	5.8
880	-0.000000	160.324021	0.000000	6.6
881	-0.001495	160.226043	0.000086	7.6
882	-0.000000	160.128225	0.000000	6.6
883	-0.569860	160.030566	0.006790	7.6
884	-0.000000	159.933066	0.000000	6.9
885	-0.000002	159.835723	0.000001	7.3
886	-0.753828	159.738539	0.007747	6.7
887	-0.093703	159.641512	0.003711	7.1
888	-0.721963	159.544642	0.005395	7.6
889	-0.538894	159.447929	0.006309	6.2
890	-0.992637	159.351372	0.008242	7.7
891	-0.469867	159.254971	0.006839	5.8
892	-0.000000	159.158725	0.000000	7.2
893	-0.422966	159.062634	0.005678	6.7
894	-0.842386	158.966697	0.005942	6.6
895	-0.783601	158.870915	0.009017	7.7
896	-0.664688	158.775286	0.005619	6.6
897	-0.677844	158.679811	0.003734	7.5
898	-0.473802	158.584489	0.005104	6.9
899	-0.338226	158.489319	0.005075	8.7
900	-0.000000	158.394302	0.000000	6.3
901	-0.547392	158.299436	0.008294	7.2
902	-0.566251	158.204721	0.008637	8.7
903	-0.000000	158.110158	0.000000	6.9
904	-0.000000	158.015745	0.000000	7.2
905	-0.934364	157.921482	0.011622	6.7
906	-0.000000	157.827369	0.000000	7.2
907	-0.000000	157.733406	0.000000	6.6
908	-0.300181	157.639591	0.004694	5.1
909	-0.874369	157.545925	0.006314	6.5
910	-0.116326	157.452408	0.004270	6.7
911	-0.850860	157.359038	0.005619	6.7
912	-0.477814	157.265816	0.003762	6.3
913	-0.900665	157.172741	0.006491	6.9
914	-0.878874	157.079813	0.006888	6.5
915	-0.567829	156.987031	0.006050	6.3
916	-0.000032	156.894395	0.000032	7.0
917	-0.760600	156.801904	0.007012	6.4
918	-0.933812	156.709559	0.006737	6.7
919	-0.303259	156.617359	0.003178	7.4
920	-0.593509	156.525304	0.007199	6.4
921	-0.811263	156.433392	0.007252	7.2
922	-1.091320	156.341624	0.006232	6.3
923	-0.799247	156.250000	0.006760	7.1
924	-0.833467	156.158519	0.005305	5.8
925	-0.748667	156.067180	0.004873	6.1
926	-0.948990	155.975984	0.006269	7.3
927	-0.800518	155.884930	0.006981	6.0
928	-0.510489	155.794017	0.006036	6.5
929	-0.793082	155.703246	0.005425	7.2
930	-0.633796	155.612615	0.003794	5.5
931	-0.441245	155.522125	0.006624	6.7
932	-0.000000	155.431775	0.000000	6.6
933	-0.785444	155.341565	0.006295	6.5
934	-0.954840	155.251495	0.008101	7.0
935	-0.530184	155.161563	0.010326	6.8
936	-0.000000	155.071771	0.000000	7.3
937	-0.028990	154.982117	0.000861	6.3
938	-0.000000	154.892601	0.000000	7.0
939	-0.442743	154.803222	0.005692	6.4
940	-0.000000	154.713981	0.000000	6.7
941	-0.345137	154.624878	0.006812	6.5
942	-0.641911	154.535910	0.011075	6.7
943	-0.536584	154.447080	0.007236	7.4
944	-0.958275	154.358385	0.005732	6.6
945	-0.008032	154.269826	0.000294	6.8
946	-0.000000	154.181402	0.000000	7.3
947	-0.615698	154.093114	0.007041	7.4
948	-0.248734	154.004960	0.005024	7.0
949	-0.971769	153.916940	0.005480	7.8
950	-0.010341	153.829054	0.000906	8.1
951	-0.919687	153.741303	0.008263	6.3
952	-0.842177	153.653684	0.007852	7.3
953	-0.558507	153.566198	0.005274	6.4
954	-0.070659	153.478846	0.002234	5.1
955	-0.056569	153.391625	0.001401	6.3
956	-0.771647	153.304537	0.004378	6.7
957	-0.843016	153.217580	0.011402	8.2
958	-0.602731	153.130755	0.008615	6.3
959	-0.158517	153.044061	0.003275	7.2
960	-0.000007	152.957498	0.000005	6.5
961	-0.630526	152.871065	0.007172	6.2
962	-0.586352	152.784762	0.009913	6.1
963	-0.677727	152.698589	0.006615	6.4
964	-0.947593	152.612545	0.004740	6.8
965	-0.032371	152.526631	0.001957	7.9
966	-0.488468	152.440845	0.007977	6.6
967	-0.419877	152.355188	0.005862	7.0
968	-0.407409	152.269660	0.005095	7.0
969	-1.035303	152.184259	0.006901	7.0
970	-0.326313	152.098986	0.003502	6.7
971	-0.524297	152.013840	0.008114	6.9
972	-0.000000	151.928821	0.000000	6.8
973	-0.876875	151.843928	0.004700	5.3
974	-0.984668	151.759163	0.013858	5.3
975	-0.498816	151.674523	0.003315	7.0
976	-0.754229	151.590009	0.010369	6.5
977	-0.910621	151.505620	0.005703	6.7
978	-0.518387	151.421357	0.009376	6.3
979	-0.000000	151.337218	0.000000	7.2
980	-0.387417	151.253204	0.005302	7.8
981	-0.669256	151.169314	0.007769	7.2
982	-0.322830	151.085549	0.005089	6.7
983	-0.968822	151.001907	0.006606	6.3
984	-0.888960	150.918388	0.006526	7.3
985	-0.386671	150.834992	0.002817	6.5
986	-0.001909	150.751719	0.000350	7.1
987	-0.473517	150.668569	0.005141	6.4
988	-0.812148	150.585541	0.003996	6.5
989	-0.543530	150.502634	0.005303	7.4
990	-0.648107	150.419849	0.007521	6.7
991	-0.595217	150.337186	0.003557	7.6
992	-0.036501	150.254644	0.002523	7.3
993	-0.444361	150.172222	0.006015	6.9
994	-0.701195	150.089921	0.005721	6.9
995	-0.009363	150.007740	0.000339	6.3
996	-0.873370	149.925679	0.012517	7.0
997	-0.000000	149.843737	0.000000	6.2
998	-1.041362	149.761915	0.014035	7.3
999	-0.653699	149.680212	0.003672	6.2
1000	-0.544366	149.598627	0.011114	6.1
1001	-0.000021	149.517161	0.000013	7.1
1002	-0.441892	149.435814	0.006886	6.3
1003	-0.783202	149.354584	0.005557	7.4
1004	-0.824217	149.273472	0.006410	6.4
1005	-0.776543	149.192477	0.006552	6.6
1006	-0.980896	149.111599	0.008323	8.6
1007	-0.000000	149.030838	0.000000	7.9
1008	-0.674125	148.950194	0.006851	6.9
1009	-0.000000	148.869666	0.000000	6.4
1010	-0.686248	148.789253	0.008254	7.4
1011	-0.801308	148.708957	0.006496	6.7
1012	-0.577373	148.628776	0.008558	8.0
1013	-0.293819	148.548710	0.004572	6.7
1014	-0.000000	148.468759	0.000000	6.3
1015	-0.000000	148.388923	0.000000	7.3
1016	-0.955542	148.309201	0.006839	6.7
1017	-0.648269	148.229594	0.004662	7.6
1018	-0.695630	148.150100	0.005578	6.4
1019	-0.417605	148.070719	0.007423	7.6
1020	-0.620068	147.991452	0.009665	6.3
1021	-1.015630	147.912298	0.004860	6.4
1022	-0.000000	147.833257	0.000000	7.3
1023	-0.635792	147.754329	0.010653	5.0
1024	-1.039701	147.675512	0.007809	5.7
1025	-0.858568	147.596808	0.009562	6.9
1026	-0.079164	147.518216	0.005064	6.6
1027	-0.480876	147.439735	0.006319	7.5
1028	-0.000000	147.361365	0.000000	6.9
1029	-0.660064	147.283106	0.003720	7.6
1030	-0.504414	147.204958	0.010615	6.2
1031	-0.318643	147.126920	0.005298	6.5
1032	-0.244726	147.048993	0.003274	6.8
1033	-0.777686	146.971175	0.003937	6.2
1034	-0.440506	146.893468	0.005842	6.9
1035	-0.797990	146.815869	0.008213	6.3
1036	-1.131669	146.738380	0.008984	6.9
1037	-0.753286	146.661000	0.008593	7.6
1038	-0.901436	146.583729	0.008084	6.5
1039	-0.750712	146.506566	0.007987	6.9
1040	-0.000000	146.429511	0.000000	6.2
1041	-0.228839	146.352565	0.004021	7.1
1042	-0.391740	146.275726	0.006933	6.1
1043	-0.000000	146.198994	0.000000	6.8
1044	-0.000000	146.122370	0.000000	7.9
1045	-0.895426	146.045853	0.007625	5.6
1046	-0.007563	145.969442	0.001207	7.7
1047	-0.000211	145.893139	0.000015	6.6
1048	-0.000016	145.816941	0.000009	6.5
1049	-0.433017	145.740849	0.004039	6.9
1050	-0.526950	145.664863	0.008907	5.2
1051	-0.745570	145.588983	0.005921	7.3
1052	-0.778867	145.513208	0.006889	6.7
1053	-0.664234	145.437538	0.007518	6.8
1054	-0.444016	145.361973	0.005489	6.2
1055	-0.000000	145.286513	0.000000	6.7
1056	-0.000000	145.211157	0.000000	7.3
1057	-0.000000	145.135905	0.000000	6.5
1058	-1.199185	145.060757	0.009579	5.7
1059	-0.000000	144.985712	0.000000	8.0
1060	-0.872827	144.910771	0.009073	6.3
1061	-0.404834	144.835934	0.006162	7.3
1062	-0.403000	144.761199	0.003524	6.4
1063	-0.000000	144.686567	0.000000	7.3
1064	-0.000000	144.612037	0.000000	6.7
1065	-0.000000	144.537610	0.000000	6.7
1066	-0.352183	144.463285	0.004320	6.9
1067	-0.714656	144.389062	0.005909	6.2
1068	-0.578153	144.314940	0.003572	7.6
1069	-0.386802	144.240920	0.007871	5.2
1070	-0.579669	144.167001	0.010600	7.0
1071	-0.726979	144.093182	0.008320	6.5
1072	-0.591558	144.019465	0.005719	6.5
1073	-0.545776	143.945848	0.005163	7.3
1074	-0.697499	143.872331	0.012394	6.7
1075	-0.605162	143.798914	0.005616	6.9
1076	-0.209405	143.725597	0.003760	6.7
1077	-0.890712	143.652380	0.008951	6.3
1078	-0.945367	143.579262	0.005109	7.0
1079	-0.923974	143.506243	0.008033	6.6
1080	-0.929067	143.433323	0.015502	5.9
1081	-0.595347	143.360502	0.009649	7.3
1082	-0.758938	143.287780	0.008108	6.5
1083	-0.500076	143.215155	0.006476	7.3
1084	-0.279519	143.142629	0.003772	6.0
1085	-0.716108	143.070201	0.009173	7.2
1086	-0.000000	142.997870	0.000000	6.3
1087	-0.585516	142.925637	0.004488	6.6
1088	-0.875486	142.853501	0.005146	7.9
1089	-0.487828	142.781462	0.004891	6.4
1090	-0.135082	142.709519	0.004116	7.1
1091	-0.554783	142.637674	0.005875	6.7
1092	-0.715856	142.565924	0.004041	7.1
1093	-0.812712	142.494271	0.007997	6.4
1094	-0.836361	142.422714	0.008312	6.2
1095	-0.476387	142.351252	0.005748	6.6
1096	-0.786129	142.279886	0.006580	6.4
1097	-0.455906	142.208616	0.004953	7.1
1098	-0.000000	142.137440	0.000000	7.3
1099	-0.044688	142.066360	0.002791	6.1
1100	-0.789031	141.995374	0.004774	6.9
1101	-0.000000	141.924483	0.000000	6.3
1102	-0.832754	141.853685	0.006602	8.7
1103	-0.939261	141.782983	0.009103	6.2
1104	-0.314448	141.712373	0.006471	5.2
1105	-0.179905	141.641858	0.002692	7.1
1106	-0.934606	141.571436	0.004254	6.7
1107	-0.433099	141.501108	0.005206	7.3
1108	-0.948549	141.430872	0.010217	6.4
1109	-0.276110	141.360730	0.005648	7.2
1110	-0.000000	141.290680	0.000000	6.7
1111	-0.562312	141.220722	0.007999	6.3
1112	-0.762557	141.150857	0.005091	6.8
1113	-0.509262	141.081084	0.005592	6.6
1114	-0.196813	141.011403	0.004559	7.1
1115	-0.000000	140.941813	0.000000	6.3
1116	-0.260454	140.872315	0.009810	4.7
1117	-0.000000	140.802909	0.000000	7.1
1118	-0.002079	140.733593	0.000473	6.5
1119	-0.000000	140.664369	0.000000	7.1
1120	-0.000000	140.595235	0.000000	6.8
1121	-0.000000	140.526192	0.000000	7.7
1122	-0.949453	140.457239	0.014699	6.7
1123	-0.545420	140.388376	0.012145	6.6
1124	-0.000000	140.319603	0.000000	7.2
1125	-0.423765	140.250920	0.004560	5.8
1126	-0.769144	140.182326	0.005761	6.8
1127	-0.147653	140.113822	0.004535	6.7
1128	-0.098720	140.045407	0.001931	6.6
1129	-0.176517	139.977081	0.004731	6.9
1130	-0.000000	139.908844	0.000000	6.3
1131	-0.006164	139.840696	0.001018	6.6
1132	-0.076115	139.772635	0.003934	7.3
1133	-0.016322	139.704664	0.002337	6.4
1134	-0.897176	139.636780	0.008071	7.5
1135	-0.210913	139.568984	0.009071	6.4
1136	-0.000000	139.501276	0.000000	6.8
1137	-0.000000	139.433655	0.000000	7.2
1138	-0.052414	139.366122	0.001949	6.9
1139	-0.000000	139.298676	0.000000	6.9
1140	-0.452810	139.231317	0.006539	6.4
1141	-0.220284	139.164045	0.004503	7.0
1142	-0.315412	139.096859	0.005803	6.6
1143	-0.519287	139.029760	0.005640	7.0
1144	-1.111575	138.962747	0.011674	5.5
1145	-0.613359	138.895820	0.008363	6.4
1146	-0.000000	138.828978	0.000000	7.3
1147	-0.978662	138.762223	0.009240	6.2
1148	-0.832567	138.695553	0.006917	7.5
1149	-0.808948	138.628969	0.005287	6.7
1150	-0.000003	138.562469	0.000002	6.2
1151	-0.000000	138.496055	0.000000	8.8
1152	-0.005925	138.429725	0.000656	6.5
1153	-0.887610	138.363481	0.010122	7.4
1154	-0.063628	138.297320	0.002710	6.6
1155	-0.585395	138.231244	0.007887	5.4
1156	-0.655835	138.165252	0.007293	7.0
1157	-0.000036	138.099344	0.000015	6.4
1158	-0.277334	138.033520	0.005142	7.6
1159	-0.403298	137.967779	0.004478	6.5
1160	-0.000000	137.902122	0.000000	7.3
1161	-0.595536	137.836548	0.005054	7.0
1162	-0.185455	137.771057	0.001617	6.9
1163	-0.696697	137.705649	0.005682	5.7
1164	-0.878491	137.640324	0.006770	6.3
1165	-0.846107	137.575081	0.007882	6.5
1166	-0.814365	137.509921	0.006451	6.3
1167	-0.452482	137.444842	0.003600	6.7
1168	-0.637852	137.379846	0.005134	7.4
1169	-0.041356	137.314932	0.003283	7.0
1170	-0.000000	137.250100	0.000000	7.4
1171	-0.969161	137.185349	0.012729	6.8
1172	-0.746762	137.120680	0.007328	5.5
1173	-0.000000	137.056092	0.000000	5.5
1174	-0.807238	136.991585	0.004045	6.0
1175	-0.755770	136.927158	0.005306	7.6
1176	-0.418999	136.862813	0.005708	5.6
1177	-0.612478	136.798548	0.006752	6.3
1178	-0.863322	136.734363	0.008451	6.9
1179	-0.642872	136.670259	0.010864	6.5
1180	-0.314710	136.606235	0.004596	8.1
1181	-0.000000	136.542291	0.000000	6.5
1182	-1.052533	136.478426	0.011609	6.4
1183	-0.223203	136.414641	0.002567	6.9
1184	-0.460353	136.350936	0.005368	6.6
1185	-0.077456	136.287310	0.002911	7.7
1186	-0.005931	136.223763	0.000577	7.0
1187	-0.387102	136.160295	0.008160	5.9
1188	-0.778494	136.096905	0.008332	7.7
1189	-0.039515	136.033594	0.001413	6.4
1190	-0.303346	135.970362	0.005846	7.9
1191	-0.469556	135.907208	0.003637	6.1
1192	-0.345516	135.844133	0.004601	7.3
1193	-0.719574	135.781135	0.002511	6.4
1194	-0.000000	135.718215	0.000000	5.5
1195	-0.486167	135.655373	0.006984	5.6
1196	-0.745271	135.592608	0.005291	6.5
1197	-0.000000	135.529921	0.000000	8.1
1198	-0.018795	135.467311	0.001107	6.5
1199	-0.893051	135.404778	0.010109	7.2
1200	-0.582582	135.342322	0.006233	6.7
1201	-0.607436	135.279942	0.006916	6.3
1202	-0.020139	135.217640	0.001271	6.9
1203	-0.109819	135.155413	0.003918	6.5
1204	-0.600555	135.093263	0.004941	7.0
1205	-0.260500	135.031190	0.005727	7.2
1206	-0.398683	134.969192	0.003968	6.3
1207	-0.642241	134.907270	0.008854	7.5
1208	-0.193279	134.845424	0.003418	6.6
1209	-0.667412	134.783653	0.004989	7.7
1210	-0.000000	134.721958	0.000000	6.3
1211	-0.000000	134.660338	0.000000	7.4
1212	-0.591852	134.598793	0.005687	6.9
1213	-0.534308	134.537323	0.006153	6.8
1214	-1.010120	134.475927	0.008202	6.2
1215	-0.262565	134.414607	0.003833	6.2
1216	-0.000000	134.353361	0.000000	7.1
1217	-1.023490	134.292189	0.005301	5.0
1218	-0.773375	134.231092	0.007763	6.5
1219	-0.682325	134.170068	0.006541	7.8
1220	-0.000000	134.109119	0.000000	6.9
1221	-0.585891	134.048243	0.005992	7.2
1222	-0.000000	133.987441	0.000000	6.2
1223	-0.680186	133.926713	0.006623	6.3
1224	-0.687418	133.866057	0.003208	7.3
1225	-0.743184	133.805475	0.004258	5.9
1226	-1.030155	133.744966	0.011740	7.8
1227	-0.002027	133.684530	0.000746	4.7
1228	-0.420493	133.624167	0.004880	5.8
1229	-0.623638	133.563877	0.005145	7.5
1230	-0.000000	133.503658	0.000000	6.6
1231	-0.848571	133.443513	0.007105	7.1
1232	-0.656327	133.383439	0.005537	5.3
1233	-0.593981	133.323437	0.006577	6.5
1234	-0.381323	133.263508	0.007205	7.6
1235	-0.981188	133.203650	0.005112	6.5
1236	-0.709941	133.143864	0.007661	7.0
1237	-0.787465	133.084149	0.004769	7.8
1238	-0.499792	133.024506	0.005149	7.0
1239	-0.800622	132.964934	0.005698	6.7
1240	-0.602884	132.905433	0.003648	6.3
1241	-1.045404	132.846003	0.005905	7.5
1242	-0.176198	132.786643	0.004610	6.1
1243	-0.891830	132.727355	0.004907	7.4
1244	-0.000000	132.668137	0.000000	6.3
1245	-0.586728	132.608989	0.004159	6.3
1246	-0.000000	132.549912	0.000000	7.8
1247	-0.775954	132.490904	0.013886	6.6
1248	-0.000000	132.431967	0.000000	7.1
1249	-0.479163	132.373100	0.005096	6.3
1250	-0.000000	132.314302	0.000000	7.1
1251	-0.769532	132.255574	0.005646	6.8
1252	-0.013319	132.196916	0.000754	7.2
1253	-0.727887	132.138326	0.006514	7.9
1254	-0.304437	132.079806	0.005027	6.6
1255	-0.000000	132.021355	0.000000	7.7
1256	-0.000000	131.962973	0.000000	6.2
1257	-0.030283	131.904660	0.002351	7.1
1258	-0.880632	131.846415	0.007501	5.3
1259	-0.220750	131.788239	0.002617	6.2
1260	-0.572253	131.730131	0.007125	7.2
1261	-0.677238	131.672092	0.003666	6.4
1262	-0.070819	131.614121	0.004185	7.7
1263	-0.216279	131.556217	0.002461	6.5
1264	-0.689273	131.498382	0.005916	6.5
1265	-0.217130	131.440614	0.005831	7.9
1266	-1.108894	131.382914	0.011668	5.8
1267	-0.776522	131.325282	0.006648	7.0
1268	-0.000000	131.267717	0.000000	7.7
1269	-0.220142	131.210219	0.003816	6.8
1270	-0.452228	131.152788	0.007463	6.7
1271	-0.398494	131.095424	0.003874	6.4
1272	-0.495210	131.038127	0.005171	7.4
1273	-0.021102	130.980897	0.002432	6.3
1274	-0.764159	130.923733	0.006036	6.6
1275	-0.716097	130.866636	0.006409	7.7
1276	-0.345235	130.809605	0.005334	8.9
1277	-0.552477	130.752641	0.011658	7.4
1278	-0.135240	130.695742	0.002738	6.7
1279	-0.426653	130.638910	0.004221	7.9
1280	-0.814470	130.582143	0.007092	6.1
1281	-0.000000	130.525442	0.000000	5.9
1282	-0.747787	130.468807	0.009101	4.5
1283	-0.000000	130.412237	0.000000	6.1
1284	-0.319746	130.355733	0.006021	6.5
1285	-0.047688	130.299294	0.001970	6.8
1286	-0.000000	130.242920	0.000000	7.2
1287	-0.000000	130.186611	0.000000	6.5
1288	-0.836411	130.130366	0.007290	6.3
1289	-0.873900	130.074187	0.006236	7.0
1290	-0.880012	130.018072	0.006001	6.5
1291	-0.797337	129.962022	0.005379	7.0
1292	-0.000000	129.906036	0.000000	4.6
1293	-0.633207	129.850114	0.004920	6.3
1294	-0.000000	129.794257	0.000000	7.7
1295	-0.812652	129.738463	0.008234	6.7
1296	-0.000000	129.682734	0.000000	8.0
1297	-1.082064	129.627068	0.005168	6.8
1298	-0.253579	129.571466	0.003653	7.0
1299	-0.241894	129.515927	0.004248	7.7
1300	-0.000000	129.460452	0.000000	6.4
1301	-0.000000	129.405040	0.000000	7.3
1302	-0.556005	129.349692	0.009719	6.4
1303	-0.846577	129.294406	0.010307	7.4
1304	-0.142558	129.239183	0.005181	6.6
1305	-0.700890	129.184024	0.011573	7.5
1306	-0.579673	129.128927	0.007400	6.9
1307	-0.655564	129.073892	0.009923	6.3
1308	-0.000000	129.018921	0.000000	7.2
1309	-0.000000	128.964011	0.000000	7.2
1310	-0.002094	128.909164	0.000103	7.5
1311	-0.006811	128.854379	0.001576	6.5
1312	-0.321837	128.799656	0.004037	6.2
1313	-0.098613	128.744995	0.004774	7.6
1314	-0.747318	128.690396	0.002782	7.1
1315	-0.836475	128.635858	0.004980	7.7
1316	-0.768391	128.581382	0.002673	6.6
1317	-0.823570	128.526968	0.004109	7.3
1318	-0.000000	128.472615	0.000000	6.4
1319	-1.194329	128.418323	0.009842	4.5
1320	-0.842487	128.364092	0.010471	6.9
1321	-0.738064	128.309922	0.007201	6.2
1322	-0.422644	128.255814	0.006121	7.9
1323	-0.926603	128.201766	0.006592	6.8
1324	-0.787101	128.147778	0.006263	6.5
1325	-0.003145	128.093852	0.000632	6.8
1326	-0.564993	128.039985	0.006967	6.2
1327	-0.511481	127.986180	0.005151	7.7
1328	-0.879031	127.932434	0.006563	6.6
1329	-0.090253	127.878749	0.001696	7.1
1330	-0.000000	127.825123	0.000000	5.2
1331	-0.000000	127.771558	0.000000	6.5
1332	-0.000000	127.718052	0.000000	7.8
1333	-0.958771	127.664606	0.009722	6.4
1334	-0.138088	127.611220	0.003707	6.9
1335	-0.556965	127.557893	0.006877	6.7
1336	-0.000072	127.504625	0.000049	6.5
1337	-0.565351	127.451417	0.009006	7.6
1338	-0.000000	127.398268	0.000000	6.5
1339	-0.857052	127.345178	0.015689	7.5
1340	-0.037516	127.292147	0.001561	5.3
1341	-0.623331	127.239175	0.005431	6.3
1342	-0.190203	127.186261	0.003783	7.2
1343	-0.888125	127.133407	0.004758	5.3
1344	-0.739968	127.080610	0.003402	6.6
1345	-0.923781	127.027872	0.004686	7.8
1346	-0.909731	126.975193	0.005018	6.3
1347	-0.357724	126.922572	0.006999	7.0
1348	-0.490152	126.870008	0.005129	6.5
1349	-0.026182	126.817503	0.002715	5.8
1350	-0.622823	126.765056	0.006903	6.2
1351	-0.273984	126.712667	0.004811	6.3
1352	-0.402633	126.660335	0.004241	7.4
1353	-0.000000	126.608061	0.000000	6.8
1354	-0.007184	126.555844	0.001635	5.3
1355	-0.733305	126.503685	0.004384	6.4
1356	-0.000000	126.451583	0.000000	6.5
1357	-0.604544	126.399538	0.002325	7.7
1358	-0.434167	126.347550	0.003567	6.7
1359	-0.230521	126.295619	0.006588	7.6
1360	-0.482942	126.243745	0.006119	6.3
1361	-0.030639	126.191928	0.001475	7.2
1362	-0.385797	126.140168	0.005502	7.7
1363	-0.556535	126.088464	0.003775	6.6
1364	-0.000000	126.036817	0.000000	7.6
1365	-0.000000	125.985226	0.000000	6.4
1366	-0.679128	125.933691	0.004213	7.2
1367	-0.115885	125.882212	0.001460	6.8
1368	-0.370854	125.830790	0.004374	7.1
1369	-0.927333	125.779423	0.010319	5.8
1370	-0.034954	125.728113	0.002918	6.2
1371	-0.294125	125.676858	0.006492	7.7
1372	-0.424450	125.625659	0.004464	7.0
1373	-0.885385	125.574515	0.006626	7.3
1374	-0.436910	125.523427	0.006159	5.2
1375	-0.539603	125.472394	0.008534	7.4
1376	-0.002060	125.421417	0.000433	7.7
1377	-0.006202	125.370495	0.000171	6.2
1378	-0.636968	125.319628	0.006675	6.1
1379	-0.937060	125.268815	0.006416	6.5
1380	-0.831816	125.218058	0.006376	6.8
1381	-0.620584	125.167356	0.006818	7.1
1382	-0.576913	125.116708	0.005812	6.5
1383	-0.463587	125.066115	0.005619	7.7
1384	-0.135825	125.015576	0.005743	6.5
1385	-0.000000	124.965092	0.000000	6.8
1386	-0.929916	124.914662	0.008010	5.6
1387	-0.151091	124.864287	0.001792	6.6
1388	-0.623176	124.813965	0.010659	7.3
1389	-0.942876	124.763698	0.004596	6.7
1390	-0.394833	124.713485	0.008495	6.9
1391	-0.744015	124.663325	0.007193	6.7
1392	-0.457039	124.613219	0.004493	6.8
1393	-0.000000	124.563167	0.000000	7.4
1394	-0.000000	124.513168	0.000000	6.5
1395	-0.851632	124.463223	0.008737	7.4
1396	-0.000000	124.413332	0.000000	6.9
1397	-0.669259	124.363493	0.002797	6.7
1398	-0.787350	124.313708	0.006283	6.9
1399	-1.076853	124.263976	0.010124	4.9
1400	-0.588773	124.214297	0.007055	7.1
1401	-0.338176	124.164671	0.004706	6.6
1402	-0.000000	124.115097	0.000000	7.2
1403	-0.559316	124.065577	0.005852	6.1
1404	-0.787649	124.016109	0.004211	6.8
1405	-0.497313	123.966693	0.007261	7.3
1406	-0.738829	123.917330	0.007115	5.4
1407	-0.005776	123.868020	0.001079	7.5
1408	-0.000000	123.818762	0.000000	6.6
1409	-0.648983	123.769556	0.004822	6.4
1410	-0.729789	123.720402	0.004957	7.7
1411	-0.775873	123.671300	0.005883	39.4
1412	-0.661367	123.622250	0.005870	9.0
1413	-0.021765	123.573252	0.002294	6.9
1414	-0.363565	123.524305	0.004898	7.5
1415	-0.945948	123.475411	0.009311	10.9
1416	-0.710639	123.426568	0.010744	7.6
1417	-0.000000	123.377776	0.000000	6.6
1418	-0.071129	123.329036	0.002921	7.6
1419	-0.072429	123.280347	0.002815	6.8
1420	-0.110340	123.231709	0.003661	7.2
1421	-0.501148	123.183122	0.005832	7.0
1422	-0.000000	123.134587	0.000000	7.1
1423	-0.711638	123.086102	0.005938	7.3
1424	-0.952212	123.037669	0.011044	6.3
1425	-0.876795	122.989286	0.005763	6.9
1426	-0.000000	122.940954	0.000000	6.8
1427	-0.790705	122.892672	0.003929	5.9
1428	-0.598533	122.844441	0.005633	6.9
1429	-0.601028	122.796261	0.006534	6.8
1430	-0.000000	122.748130	0.000000	7.7
1431	-0.246545	122.700050	0.002501	6.4
1432	-0.728735	122.652021	0.007218	7.3
1433	-0.542642	122.604041	0.005529	6.5
1434	-0.661786	122.556111	0.005935	7.1
1435	-0.000000	122.508232	0.000000	8.8
1436	-0.351663	122.460402	0.003224	7.5
1437	-0.497341	122.412622	0.006623	6.7
1438	-0.838326	122.364891	0.005755	6.6
1439	-0.337813	122.317210	0.011367	5.2
1440	-0.000004	122.269579	0.000003	6.9
1441	-0.766037	122.221997	0.005057	5.0
1442	-0.000000	122.174465	0.000000	7.5
1443	-0.000000	122.126981	0.000000	5.2
1444	-0.880661	122.079547	0.008942	6.4
1445	-0.082239	122.032162	0.002480	7.4
1446	-0.567306	121.984826	0.006526	6.5
1447	-0.716525	121.937539	0.005768	7.0
1448	-0.522044	121.890301	0.006247	7.0
1449	-0.001048	121.843112	0.000399	6.9
1450	-0.983979	121.795971	0.012688	7.6
1451	-0.593732	121.748879	0.005023	6.4
1452	-0.438554	121.701835	0.004363	7.0
1453	-0.708332	121.654840	0.008981	6.2
1454	-0.007154	121.607893	0.000818	5.8
1455	-0.551198	121.560994	0.009641	6.3
1456	-0.817144	121.514144	0.006172	6.3
1457	-0.818711	121.467342	0.007462	7.2
1458	-0.000000	121.420588	0.000000	6.3
1459	-0.507269	121.373882	0.003646	7.0
1460	-0.613489	121.327223	0.003801	6.9
1461	-0.825337	121.280613	0.006375	6.2
1462	-0.000088	121.234050	0.000052	5.8
1463	-0.000002	121.187535	0.000002	6.4
1464	-0.992291	121.141067	0.004594	7.6
1465	-0.528816	121.094647	0.007366	6.2
1466	-0.985394	121.048274	0.006230	6.5
1467	-0.439092	121.001949	0.005675	6.9
1468	-0.285703	120.955671	0.003490	7.1
1469	-0.807343	120.909440	0.011407	7.1
1470	-0.000000	120.863256	0.000000	6.8
1471	-0.000001	120.817119	0.000001	6.4
1472	-0.000000	120.771029	0.000000	6.8
1473	-0.076691	120.724986	0.002795	6.4
1474	-0.000000	120.678990	0.000000	6.0
1475	-0.823364	120.633040	0.007081	6.9
1476	-0.774374	120.587137	0.005479	6.4
1477	-0.672470	120.541281	0.009451	5.3
1478	-0.164018	120.495471	0.005221	6.7
1479	-0.001211	120.449707	0.000136	7.1
1480	-0.533331	120.403990	0.011851	6.6
1481	-0.457526	120.358319	0.010073	5.0
1482	-0.526605	120.312694	0.007185	7.0
1483	-0.000000	120.267115	0.000000	7.2
1484	-0.092501	120.221582	0.003612	7.2
1485	-0.909150	120.176096	0.005557	6.5
1486	-0.492099	120.130655	0.005631	7.7
1487	-0.094858	120.085260	0.005170	6.1
1488	-0.173744	120.039910	0.002209	6.2
1489	-0.844783	119.994606	0.005016	7.6
1490	-0.079993	119.949348	0.002085	6.5
1491	-0.469760	119.904135	0.007684	7.4
1492	-0.301862	119.858968	0.004456	6.7
1493	-0.988513	119.813846	0.005045	6.5
1494	-0.590212	119.768769	0.005362	6.8
1495	-0.394593	119.723738	0.004921	6.4
1496	-0.779838	119.678752	0.005600	7.5
1497	-0.871952	119.633810	0.011206	6.3
1498	-0.984603	119.588914	0.009118	6.4
1499	-0.371095	119.544062	0.006157	6.8
1500	-0.878152	119.499256	0.005620	7.4
1501	-1.021328	119.454494	0.010640	7.4
1502	-0.000006	119.409777	0.000005	4.7
1503	-0.699680	119.365104	0.006456	5.6
1504	-0.858853	119.320476	0.011296	6.8
1505	-0.314892	119.275893	0.005972	5.3
1506	-0.676894	119.231353	0.004268	7.1
1507	-0.969545	119.186859	0.011291	5.5
1508	-0.593195	119.142408	0.007381	6.4
1509	-0.000000	119.098002	0.000000	7.6
1510	-0.884821	119.053639	0.009266	6.6
1511	-0.516905	119.009321	0.005686	7.4
1512	-0.399941	118.965047	0.004960	6.4
1513	-0.025718	118.920816	0.003383	4.4
1514	-0.000000	118.876630	0.000000	6.4
1515	-0.763032	118.832487	0.007827	6.8
1516	-0.603792	118.788388	0.007507	6.8
1517	-0.785349	118.744332	0.006660	6.8
1518	-0.000000	118.700320	0.000000	6.7
1519	-0.000000	118.656352	0.000000	6.9
1520	-0.897174	118.612427	0.011408	7.2
1521	-0.348493	118.568545	0.004045	7.0
1522	-0.887917	118.524706	0.005147	6.4
1523	-0.745283	118.480911	0.004721	6.6
1524	-0.008092	118.437159	0.000223	5.7
1525	-0.877275	118.393450	0.006026	6.6
1526	-0.727258	118.349784	0.004236	7.6
1527	-1.017969	118.306160	0.006098	6.5
1528	-0.602986	118.262580	0.012927	4.7
1529	-0.446423	118.219042	0.005953	7.2
1530	-0.723752	118.175548	0.007194	6.1
1531	-0.637939	118.132095	0.005746	6.7
1532	-0.199188	118.088686	0.003345	6.7
1533	-0.257809	118.045319	0.002882	6.5
1534	-0.198822	118.001994	0.002978	7.5
1535	-0.000000	117.958712	0.000000	6.4
1536	-0.734435	117.915472	0.007433	6.2
1537	-0.395437	117.872274	0.007564	5.9
1538	-0.794053	117.829118	0.005040	6.3
1539	-0.000000	117.786005	0.000000	6.9
1540	-0.044997	117.742933	0.003213	6.3
1541	-0.981189	117.699904	0.006738	7.6
1542	-0.000000	117.656916	0.000000	6.3
1543	-1.271369	117.613971	0.012521	5.1
1544	-0.000000	117.571067	0.000000	7.1
1545	-0.570708	117.528205	0.006571	6.2
1546	-0.534440	117.485384	0.005938	6.7
1547	-0.032605	117.442605	0.002139	6.6
1548	-0.891605	117.399867	0.004353	6.5
1549	-0.000003	117.357171	0.000002	7.2
1550	-0.132218	117.314517	0.003163	6.7
1551	-0.338333	117.271903	0.003802	7.1
1552	-0.000000	117.229331	0.000000	6.5
1553	-0.805283	117.186800	0.009958	7.1
1554	-0.567560	117.144311	0.005722	6.7
1555	-0.646044	117.101862	0.008977	5.4
1556	-0.648003	117.059454	0.014981	4.7
1557	-0.760948	117.017087	0.005565	6.6
1558	-0.379587	116.974762	0.004526	6.3
1559	-0.594505	116.932476	0.004439	7.3
1560	-0.407527	116.890232	0.005498	6.0
1561	-0.168811	116.848028	0.004456	7.1
1562	-0.739629	116.805865	0.005222	6.6
1563	-0.000000	116.763743	0.000000	6.4
1564	-0.862249	116.721661	0.010753	7.5
1565	-0.244307	116.679619	0.002673	6.7
1566	-0.480549	116.637618	0.005819	7.4
1567	-0.749847	116.595657	0.004986	6.3
1568	-0.953258	116.553736	0.010176	6.5
1569	-0.000000	116.511855	0.000000	7.0
1570	-0.837007	116.470015	0.008842	6.8
1571	-0.686990	116.428214	0.006140	7.3
1572	-0.863292	116.386454	0.005979	6.5
1573	-0.869573	116.344733	0.004106	6.9
1574	-0.926582	116.303052	0.004102	6.8
1575	-0.080697	116.261412	0.004667	6.2
1576	-0.838160	116.219810	0.005040	7.6
1577	-0.586505	116.178249	0.005015	6.5
1578	-0.047268	116.136727	0.005232	6.5
1579	-0.518624	116.095245	0.008654	6.9
1580	-0.317839	116.053802	0.005654	6.4
1581	-0.940855	116.012398	0.006156	7.6
1582	-1.020324	115.971034	0.007186	5.5
1583	-0.520490	115.929710	0.005705	7.5
1584	-0.873484	115.888424	0.006670	7.3
1585	-0.884834	115.847178	0.007144	7.0
1586	-0.000000	115.805970	0.000000	6.8
1587	-0.000000	115.764802	0.000000	6.6
1588	-0.946371	115.723673	0.006014	6.7
1589	-0.005661	115.682583	0.002911	6.2
1590	-1.053933	115.641532	0.006968	6.9
1591	-0.000000	115.600519	0.000000	6.3
1592	-0.730642	115.559546	0.005288	6.2
1593	-0.926683	115.518610	0.007461	8.2
1594	-0.994922	115.477714	0.005166	6.2
1595	-0.997150	115.436856	0.008561	7.0
1596	-1.054579	115.396037	0.005878	6.4
1597	-0.891159	115.355256	0.010560	6.2
1598	-0.937608	115.314514	0.007117	7.1
1599	-0.028860	115.273810	0.002149	6.2
1600	-0.601271	115.233144	0.008152	6.8
1601	-0.897050	115.192517	0.014981	6.3
1602	-0.054700	115.151927	0.001533	6.7
1603	-0.309384	115.111376	0.004533	6.8
1604	-0.000111	115.070863	0.000069	6.6
1605	-0.918280	115.030388	0.006862	7.3
1606	-0.375772	114.989951	0.004047	7.0
1607	-0.713437	114.949551	0.011015	7.6
1608	-0.659795	114.909190	0.007741	6.4
1609	-0.000000	114.868866	0.000000	6.5
1610	-0.675967	114.828580	0.006955	7.3
1611	-0.601215	114.788332	0.010665	5.4
1612	-0.910929	114.748121	0.005275	7.1
1613	-1.055761	114.707948	0.006947	5.8
1614	-0.512406	114.667812	0.005432	6.6
1615	-0.422933	114.627714	0.004400	6.4
1616	-0.664563	114.587653	0.007995	7.0
1617	-0.311863	114.547629	0.005675	7.3
1618	-0.803044	114.507643	0.006952	7.0
1619	-0.901572	114.467693	0.004097	6.6
1620	-0.000000	114.427781	0.000000	5.4
1621	-0.095019	114.387907	0.004713	6.2
1622	-0.873078	114.348069	0.005530	7.4
1623	-0.746710	114.308268	0.016622	6.9
1624	-0.844583	114.268504	0.005557	7.0
1625	-0.444149	114.228777	0.005582	6.9
1626	-0.107427	114.189086	0.007360	5.0
1627	-0.712017	114.149433	0.006104	7.1
1628	-0.481013	114.109816	0.004790	6.9
1629	-0.583015	114.070235	0.010178	6.4
1630	-0.146637	114.030692	0.006761	7.2
1631	-0.386405	113.991185	0.005195	6.4
1632	-0.001385	113.951714	0.000164	7.0
1633	-0.000000	113.912280	0.000000	6.7
1634	-0.303002	113.872882	0.004450	5.2
1635	-0.618490	113.833521	0.005772	6.7
1636	-0.323107	113.794195	0.003053	6.7
1637	-0.620207	113.754906	0.005026	6.9
1638	-0.000000	113.715653	0.000000	6.6
1639	-0.229045	113.676437	0.003918	5.9
1640	-0.000000	113.637256	0.000000	7.1
1641	-0.067932	113.598111	0.002576	6.3
1642	-0.000000	113.559002	0.000000	7.0
1643	-0.000000	113.519929	0.000000	6.4
1644	-0.827600	113.480892	0.003465	7.0
1645	-0.707387	113.441891	0.006421	7.9
1646	-0.644142	113.402925	0.007079	6.4
1647	-0.270244	113.363995	0.004719	7.2
1648	-0.913683	113.325101	0.010157	6.2
1649	-0.729333	113.286242	0.006749	7.2
1650	-0.085370	113.247419	0.001124	7.5
1651	-0.147968	113.208631	0.004235	7.6
1652	-0.739771	113.169879	0.004867	6.6
1653	-0.892970	113.131162	0.011029	6.6
1654	-0.674493	113.092480	0.007163	5.8
1655	-0.545554	113.053833	0.005065	6.2
1656	-0.045088	113.015222	0.000898	7.1
1657	-0.000000	112.976646	0.000000	6.6
1658	-0.079445	112.938105	0.000962	6.7
1659	-0.954817	112.899599	0.005120	7.5
1660	-0.349231	112.861128	0.002090	6.9
1661	-0.494980	112.822692	0.007169	7.5
1662	-0.000000	112.784291	0.000000	6.3
1663	-0.217443	112.745924	0.001890	7.3
1664	-0.000000	112.707593	0.000000	6.5
1665	-1.068409	112.669296	0.013547	5.1
1666	-0.391242	112.631034	0.004551	7.5
1667	-0.920077	112.592806	0.008788	5.8
1668	-0.594907	112.554613	0.006686	7.6
1669	-0.000000	112.516455	0.000000	6.3
1670	-0.972004	112.478331	0.010261	5.6
1671	-0.374556	112.440241	0.005338	6.9
1672	-0.775464	112.402186	0.006592	6.8
1673	-0.000000	112.364165	0.000000	6.8
1674	-0.769489	112.326179	0.003648	6.5
1675	-0.721415	112.288227	0.010814	6.4
1676	-0.000000	112.250309	0.000000	6.9
1677	-0.451443	112.212425	0.006703	7.5
1678	-0.841098	112.174575	0.003937	6.8
1679	-0.907545	112.136759	0.009851	6.7
1680	-0.982738	112.098977	0.008334	6.6
1681	-0.008231	112.061229	0.001563	6.7
1682	-0.885235	112.023515	0.007926	5.6
1683	-0.029671	111.985834	0.002620	6.8
1684	-0.844316	111.948188	0.005358	6.4
1685	-0.839971	111.910575	0.006149	5.8
1686	-0.846972	111.872996	0.005099	7.7
1687	-0.532262	111.835450	0.004496	6.3
1688	-0.207996	111.797939	0.005651	7.1
1689	-0.000066	111.760460	0.000039	6.6
1690	-0.358106	111.723015	0.005575	6.8
1691	-0.576652	111.685604	0.006593	6.8
1692	-0.000000	111.648226	0.000000	6.9
1693	-0.643351	111.610881	0.003888	7.5
1694	-0.858695	111.573570	0.005149	6.4
1695	-0.947326	111.536292	0.006700	6.8
1696	-0.542976	111.499047	0.005181	6.5
1697	-1.057428	111.461835	0.006979	6.4
1698	-0.578987	111.424656	0.007540	7.2
1699	-0.710004	111.387510	0.007883	6.3
1700	-0.000000	111.350398	0.000000	7.7
1701	-0.000000	111.313318	0.000000	6.4
1702	-0.335656	111.276271	0.005181	6.2
1703	-0.452257	111.239257	0.007175	7.3
1704	-0.824771	111.202276	0.004314	5.9
1705	-0.831707	111.165328	0.006737	6.8
1706	-0.855135	111.128412	0.007489	7.2
1707	-0.000000	111.091529	0.000000	6.0
1708	-0.594631	111.054679	0.003837	7.3
1709	-0.520229	111.017861	0.006949	6.6
1710	-0.542604	110.981076	0.005991	7.3
1711	-0.000000	110.944323	0.000000	6.4
1712	-0.687882	110.907603	0.005979	6.8
1713	-0.000000	110.870915	0.000000	6.6
1714	-0.813696	110.834259	0.008693	5.4
1715	-0.926629	110.797636	0.006725	6.7
1716	-0.445171	110.761045	0.003276	6.3
1717	-0.660081	110.724486	0.005923	7.0
1718	-0.773495	110.687959	0.006705	6.6
1719	-0.079103	110.651465	0.002391	5.9
1720	-0.000000	110.615002	0.000000	7.0
1721	-0.681060	110.578572	0.008806	4.9
1722	-0.528448	110.542173	0.006450	7.1
1723	-0.623410	110.505807	0.009336	8.0
1724	-0.000000	110.469472	0.000000	6.8
1725	-0.314443	110.433169	0.005926	7.6
1726	-0.568399	110.396898	0.009791	6.4
1727	-0.018988	110.360659	0.000763	7.2
1728	-0.452950	110.324451	0.004503	6.6
1729	-0.792774	110.288276	0.005814	6.8
1730	-0.766921	110.252131	0.005967	7.4
1731	-0.376455	110.216019	0.005921	6.4
1732	-0.569536	110.179937	0.004543	7.5
1733	-0.891059	110.143888	0.005433	6.8
1734	-0.033585	110.107869	0.002318	6.5
1735	-0.846838	110.071882	0.014483	5.2
1736	-0.063150	110.035927	0.002937	6.4
1737	-0.623854	110.000003	0.013542	7.6
1738	-0.854697	109.964110	0.009537	7.6
1739	-0.348536	109.928248	0.005679	7.9
1740	-0.000000	109.892417	0.000000	6.5
1741	-0.000000	109.856618	0.000000	7.3
1742	-0.815608	109.820850	0.009095	6.7
1743	-0.430862	109.785112	0.004412	6.7
1744	-0.022883	109.749406	0.000902	7.2
1745	-0.438009	109.713730	0.003417	6.4
1746	-0.000286	109.678086	0.000146	6.8
1747	-0.406503	109.642472	0.004962	6.3
1748	-0.107509	109.606890	0.005934	6.4
1749	-0.874560	109.571337	0.004389	6.7
1750	-0.661302	109.535816	0.005282	7.2
1751	-0.000000	109.500326	0.000000	6.2
1752	-0.589062	109.464866	0.005037	6.6
1753	-0.004281	109.429436	0.001126	6.4
1754	-0.811965	109.394038	0.006628	7.1
1755	-0.834433	109.358669	0.004154	7.3
1756	-0.174421	109.323331	0.003322	7.1
1757	-0.871714	109.288024	0.005476	6.4
1758	-0.000000	109.252747	0.000000	6.6
1759	-0.437922	109.217501	0.008088	5.1
1760	-0.674396	109.182284	0.003992	6.8
1761	-0.000000	109.147098	0.000000	6.4
1762	-0.240780	109.111942	0.005614	6.3
1763	-0.901147	109.076817	0.008149	4.8
1764	-0.389160	109.041721	0.004741	6.6
1765	-0.000000	109.006656	0.000000	6.9
1766	-0.530060	108.971620	0.008109	6.2
1767	-0.465909	108.936615	0.004586	7.0
1768	-0.585946	108.901640	0.007786	6.2
1769	-0.561548	108.866694	0.003990	7.0
1770	-0.806734	108.831779	0.009025	6.3
1771	-0.298422	108.796893	0.005212	6.8
1772	-0.524124	108.762037	0.004352	6.7
1773	-0.225750	108.727211	0.002250	7.5
1774	-0.190830	108.692415	0.004508	7.3
1775	-0.913550	108.657648	0.010675	6.3
1776	-0.000000	108.622911	0.000000	6.4
1777	-0.673346	108.588203	0.003349	6.7
1778	-0.697400	108.553525	0.003957	7.6
1779	-1.090359	108.518877	0.012579	6.6
1780	-0.000000	108.484258	0.000000	6.7
1781	-0.943862	108.449668	0.010096	7.4
1782	-0.718108	108.415108	0.005435	5.7
1783	-0.432165	108.380578	0.005481	7.5
1784	-0.104111	108.346076	0.005942	6.2
1785	-0.820228	108.311604	0.006537	6.4
1786	-0.453737	108.277161	0.007198	7.6
1787	-0.642038	108.242747	0.007662	7.0
1788	-0.000013	108.208363	0.000009	7.0
1789	-0.218250	108.174007	0.002823	6.4
1790	-0.569804	108.139681	0.006821	6.9
1791	-0.203970	108.105383	0.007177	6.7
1792	-0.953816	108.071115	0.007039	6.5
1793	-0.849772	108.036875	0.006372	6.8
1794	-0.837302	108.002665	0.003341	6.5
1795	-0.951832	107.968483	0.004926	7.4
1796	-0.821865	107.934330	0.004625	6.5
1797	-0.422892	107.900206	0.005375	6.3
1798	-0.845964	107.866111	0.006742	7.2
1799	-0.624312	107.832044	0.006071	6.0
1800	-0.486940	107.798007	0.004999	7.4
1801	-0.707031	107.763997	0.003573	6.1
1802	-0.871980	107.730017	0.008791	7.2
1803	-0.351575	107.696065	0.003160	7.1
1804	-0.838527	107.662141	0.003460	7.4
1805	-0.000000	107.628246	0.000000	7.0
1806	-0.386739	107.594379	0.005633	6.6
1807	-0.838317	107.560541	0.006009	7.4
1808	-0.000000	107.526731	0.000000	7.6
1809	-0.000000	107.492949	0.000000	7.0
1810	-0.672953	107.459196	0.004794	7.0
1811	-0.000000	107.425471	0.000000	6.8
1812	-0.654209	107.391774	0.006712	7.6
1813	-0.959467	107.358106	0.006867	5.4
1814	-0.847634	107.324465	0.008810	7.2
1815	-0.525970	107.290853	0.009171	6.3
1816	-0.926423	107.257268	0.006248	6.3
1817	-0.000000	107.223712	0.000000	7.8
1818	-0.717061	107.190184	0.005669	6.6
1819	-0.638485	107.156683	0.004745	6.9
1820	-0.000000	107.123211	0.000000	6.9
1821	-0.192539	107.089766	0.004403	7.1
1822	-0.000000	107.056349	0.000000	6.8
1823	-0.753529	107.022960	0.004339	6.4
1824	-0.225550	106.989599	0.005740	7.1
1825	-0.019472	106.956265	0.002950	6.8
1826	-0.881323	106.922960	0.009097	6.7
1827	-0.000000	106.889681	0.000000	6.5
1828	-0.000000	106.856431	0.000000	6.4
1829	-0.702412	106.823208	0.006918	7.8
1830	-0.438669	106.790012	0.005524	6.3
1831	-0.059347	106.756844	0.001611	6.9
1832	-0.928069	106.723703	0.007354	6.5
1833	-0.000000	106.690590	0.000000	6.7
1834	-1.017582	106.657505	0.007310	7.0
1835	-0.188706	106.624446	0.004209	7.0
1836	-0.675545	106.591415	0.006492	7.3
1837	-0.000000	106.558411	0.000000	6.3
1838	-0.789235	106.525435	0.009453	7.3
1839	-0.552801	106.492485	0.005498	6.5
1840	-0.195311	106.459563	0.004349	7.0
1841	-0.069809	106.426668	0.002655	6.7
1842	-0.801722	106.393800	0.007177	6.2
1843	-0.605131	106.360959	0.006060	7.4
1844	-0.593716	106.328145	0.006166	6.7
1845	-0.575042	106.295358	0.004736	8.9
1846	-0.834998	106.262598	0.007117	7.8
1847	-0.657948	106.229865	0.005124	7.5
1848	-0.372169	106.197158	0.003611	6.5
1849	-0.000000	106.164479	0.000000	6.9
1850	-0.000000	106.131826	0.000000	7.1
1851	-0.816803	106.099201	0.005122	6.9
1852	-0.374666	106.066602	0.004564	7.0
1853	-0.572644	106.034029	0.005618	6.6
1854	-0.403078	106.001483	0.002610	7.7
1855	-0.849825	105.968964	0.007617	7.8
1856	-0.384682	105.936472	0.004650	6.7
1857	-1.023497	105.904006	0.005670	7.0
1858	-0.953490	105.871566	0.009898	6.3
1859	-0.338088	105.839153	0.005281	8.2
1860	-0.168121	105.806767	0.002407	6.4
1861	-0.000000	105.774407	0.000000	7.4
1862	-1.005055	105.742073	0.005939	6.6
1863	-0.472307	105.709766	0.005831	8.3
1864	-0.484878	105.677485	0.004295	8.2
1865	-0.603915	105.645230	0.004940	7.7
1866	-0.000000	105.613001	0.000000	6.9
1867	-0.000000	105.580799	0.000000	4.9
1868	-0.699231	105.548623	0.007913	6.5
1869	-0.011793	105.516473	0.001013	6.5
1870	-0.000000	105.484349	0.000000	6.9
1871	-0.000000	105.452251	0.000000	7.2
1872	-0.000000	105.420179	0.000000	6.7
1873	-0.984650	105.388133	0.004458	7.6
1874	-0.235292	105.356113	0.003140	5.5
1875	-0.905331	105.324119	0.004843	6.8
1876	-0.000000	105.292151	0.000000	6.3
1877	-0.942253	105.260209	0.004117	6.5
1878	-0.000000	105.228293	0.000000	7.1
1879	-0.503408	105.196402	0.005840	7.6
1880	-0.000348	105.164537	0.000098	8.7
1881	-0.772753	105.132698	0.006296	7.2
1882	-0.689537	105.100885	0.006130	8.1
1883	-0.742709	105.069097	0.009259	6.4
1884	-0.000000	105.037335	0.000000	7.7
1885	-0.445542	105.005598	0.007104	7.1
1886	-0.000000	104.973887	0.000000	7.0
1887	-0.514982	104.942202	0.009630	6.8
1888	-0.542463	104.910542	0.004688	6.1
1889	-0.177205	104.878907	0.001277	6.8
1890	-0.790803	104.847298	0.006961	6.4
1891	-0.811851	104.815715	0.006525	6.6
1892	-0.000009	104.784156	0.000006	7.1
1893	-0.001165	104.752623	0.000362	6.6
1894	-0.562623	104.721116	0.006055	7.2
1895	-0.540521	104.689633	0.006612	6.7
1896	-0.312229	104.658176	0.005152	7.6
1897	-0.000000	104.626744	0.000000	4.6
1898	-0.000000	104.595337	0.000000	6.3
1899	-1.003254	104.563955	0.007390	7.5
1900	-0.123889	104.532599	0.002607	6.2
1901	-0.769381	104.501267	0.005027	7.2
1902	-0.022602	104.469960	0.001689	6.2
1903	-0.394571	104.438679	0.005848	6.5
1904	-0.926179	104.407422	0.010532	7.3
1905	-0.097264	104.376191	0.003909	6.1
1906	-0.000000	104.344984	0.000000	7.4
1907	-0.746270	104.313802	0.004957	6.3
1908	-0.651740	104.282645	0.005730	7.4
1909	-0.000000	104.251513	0.000000	7.6
1910	-0.634004	104.220405	0.008953	6.5
1911	-0.234997	104.189323	0.004895	5.9
1912	-0.458436	104.158265	0.003405	6.3
1913	-0.000000	104.127231	0.000000	7.6
1914	-0.000000	104.096222	0.000000	6.2
1915	-0.000000	104.065238	0.000000	6.1
1916	-0.087327	104.034279	0.002291	6.5
1917	-0.872809	104.003344	0.003834	6.3
1918	-0.949998	103.972433	0.010409	5.4
1919	-0.417922	103.941547	0.004833	7.1
1920	-0.110296	103.910686	0.005959	6.7
1921	-0.882656	103.879849	0.005735	7.2
1922	-0.000000	103.849036	0.000000	6.3
1923	-0.577807	103.818248	0.009733	6.6
1924	-0.892001	103.787484	0.009907	7.9
1925	-0.927469	103.756744	0.004677	6.9
1926	-0.290644	103.726029	0.003066	7.3
1927	-0.571517	103.695338	0.008239	6.2
1928	-0.000000	103.664671	0.000000	7.9
1929	-0.765749	103.634028	0.004489	4.7
1930	-0.799806	103.603409	0.006179	6.4
1931	-0.720134	103.572814	0.010593	6.6
1932	-0.000000	103.542244	0.000000	6.4
1933	-0.000000	103.511698	0.000000	7.1
1934	-0.824537	103.481175	0.006786	6.4
1935	-0.794972	103.450677	0.007388	7.3
1936	-0.583641	103.420202	0.006414	7.1
1937	-0.374328	103.389752	0.004580	6.4
1938	-0.826744	103.359325	0.005128	7.0
1939	-0.306245	103.328922	0.002930	7.1
1940	-0.037062	103.298543	0.000304	7.2
1941	-0.510774	103.268188	0.006952	6.8
1942	-0.000000	103.237857	0.000000	6.4
1943	-0.799785	103.207549	0.005408	6.7
1944	-0.815479	103.177265	0.005617	6.4
1945	-0.000000	103.147005	0.000000	7.1
1946	-0.000000	103.116768	0.000000	6.3
1947	-0.960421	103.086556	0.008371	6.1
1948	-0.863773	103.056366	0.006981	6.9
1949	-0.769575	103.026200	0.007104	6.6
1950	-0.078125	102.996058	0.003330	7.2
1951	-0.000000	102.965939	0.000000	6.0
1952	-0.000000	102.935844	0.000000	6.5
1953	-0.440663	102.905772	0.004083	6.6
1954	-0.179006	102.875724	0.001754	5.3
1955	-0.793181	102.845699	0.006808	6.3
1956	-0.515479	102.815697	0.007594	6.3
1957	-1.016434	102.785719	0.010097	5.1
1958	-0.556832	102.755764	0.005278	7.5
1959	-0.585400	102.725832	0.004082	6.1
1960	-0.791709	102.695924	0.004092	6.4
1961	-0.434476	102.666038	0.010084	7.4
1962	-0.021688	102.636176	0.000352	6.4
1963	-0.618349	102.606337	0.004902	7.3
1964	-1.267333	102.576521	0.011473	5.2
1965	-0.800148	102.546728	0.009751	5.3
1966	-0.482896	102.516959	0.009336	6.2
1967	-0.634056	102.487212	0.007379	6.4
1968	-0.287508	102.457488	0.003917	6.7
1969	-0.683926	102.427788	0.005901	6.3
1970	-0.000000	102.398110	0.000000	6.3
1971	-0.000000	102.368455	0.000000	7.0
1972	-0.733462	102.338823	0.006049	6.5
1973	-0.061276	102.309214	0.003731	5.2
1974	-0.405872	102.279628	0.004262	6.7
1975	-0.000000	102.250064	0.000000	6.7
1976	-0.042579	102.220524	0.002616	7.5
1977	-0.000000	102.191006	0.000000	6.3
1978	-0.230003	102.161511	0.004307	6.9
1979	-0.952651	102.132038	0.006673	6.4
1980	-0.940497	102.102588	0.003098	6.4
1981	-0.638723	102.073161	0.008321	6.2
1982	-0.939610	102.043757	0.012658	6.5
1983	-0.000000	102.014375	0.000000	6.8
1984	-0.757861	101.985015	0.006220	5.5
1985	-0.047784	101.955678	0.001869	6.4
1986	-0.437155	101.926364	0.004841	7.5
1987	-0.896445	101.897072	0.005170	6.5
1988	-0.880411	101.867802	0.006118	7.0
1989	-0.000001	101.838555	0.000001	6.8
1990	-0.000000	101.809330	0.000000	6.3
1991	-0.000000	101.780128	0.000000	7.1
1992	-0.000000	101.750948	0.000000	7.2
1993	-0.000000	101.721790	0.000000	7.5
1994	-0.435285	101.692654	0.006055	7.7
1995	-0.425459	101.663541	0.009149	7.4
1996	-0.968542	101.634450	0.004977	6.6
1997	-0.000042	101.605381	0.000032	6.4
1998	-0.554300	101.576335	0.005473	7.0
1999	-0.065433	101.547310	0.002461	6.4
