1:ItNr	2:Metric	3:StepSize	4:||Gradient||	Time[ms]
0	-0.685483	627.201626	0.007554	685.7
1	-0.801148	623.504937	0.008419	6.3
2	-0.000000	619.865785	0.000000	7.4
3	-0.000000	616.282728	0.000000	7.1
4	-0.031447	612.754375	0.001513	7.4
5	-0.581641	609.279381	0.005274	6.6
6	-0.778822	605.856447	0.007717	6.7
7	-0.067960	602.484317	0.002524	6.8
8	-0.813968	599.161779	0.009707	6.9
9	-0.394048	595.887656	0.006255	7.1
10	-0.435337	592.660813	0.012580	6.3
11	-0.080716	589.480151	0.010890	7.4
12	-0.467378	586.344606	0.008631	6.8
13	-0.000000	583.253145	0.000000	7.0
14	-0.000000	580.204771	0.000000	7.2
15	-0.826494	577.198517	0.007628	6.7
16	-0.996501	574.233444	0.010005	7.6
17	-0.386119	571.308645	0.005333	6.9
18	-0.358644	568.423237	0.005934	7.4
19	-0.004270	565.576365	0.000310	7.9
20	-0.000000	562.767201	0.000000	7.4
21	-0.000000	559.994938	0.000000	7.7
22	-0.468337	557.258797	0.005356	7.2
23	-0.758938	554.558018	0.007564	7.2
24	-0.649931	551.891865	0.010804	7.2
25	-0.487675	549.259621	0.008077	7.8
26	-0.875424	546.660592	0.006223	6.9
27	-0.543596	544.094102	0.005317	7.9
28	-0.609206	541.559494	0.006434	7.1
29	-0.434237	539.056129	0.005312	7.8
30	-0.964492	536.583387	0.009139	7.4
31	-0.316807	534.140663	0.004955	7.7
32	-0.898291	531.727370	0.006153	8.5
33	-0.543684	529.342935	0.008159	7.7
34	-0.709942	526.986802	0.007225	7.4
35	-0.642039	524.658430	0.011024	7.1
36	-0.000000	522.357290	0.000000	7.4
37	-0.740146	520.082868	0.012299	7.1
38	-0.973417	517.834665	0.011628	8.9
39	-0.881869	515.612193	0.007439	7.5
40	-0.197823	513.414976	0.006121	7.8
41	-0.667531	511.242551	0.007300	7.2
42	-0.391139	509.094468	0.007059	7.9
43	-0.000000	506.970285	0.000000	7.2
44	-0.816581	504.869574	0.007122	9.3
45	-0.895234	502.791916	0.007082	9.7
46	-0.198773	500.736903	0.004439	9.4
47	-0.000000	498.704137	0.000000	7.9
48	-0.923867	496.693228	0.008989	7.8
49	-0.913231	494.703798	0.011341	7.4
50	-0.085203	492.735476	0.006436	8.0
51	-0.920042	490.787900	0.008431	7.8
52	-0.939051	488.860718	0.005339	7.9
53	-0.243579	486.953585	0.004589	7.2
54	-0.419977	485.066164	0.005486	7.9
55	-0.000000	483.198126	0.000000	7.3
56	-0.943252	481.349149	0.011117	7.8
57	-0.577059	479.518920	0.005689	8.7
58	-0.234168	477.707132	0.005226	7.8
59	-0.651472	475.913485	0.006783	7.4
60	-0.423984	474.137684	0.006573	7.5
61	-0.000000	472.379445	0.000000	7.3
62	-0.836649	470.638485	0.009661	7.2
63	-0.712210	468.914531	0.007217	8.2
64	-0.004976	467.207315	0.000377	7.2
65	-0.357971	465.516573	0.003992	8.1
66	-0.086616	463.842050	0.003120	7.2
67	-0.639860	462.183494	0.009595	8.0
68	-0.421687	460.540658	0.004944	7.3
69	-0.243992	458.913303	0.006335	8.1
70	-0.731629	457.301192	0.009569	7.2
71	-0.000000	455.704096	0.000000	8.3
72	-0.163839	454.121787	0.003212	7.9
73	-0.797113	452.554045	0.006355	8.1
74	-0.320934	451.000653	0.005299	7.5
75	-0.000000	449.461399	0.000000	8.6
76	-0.584979	447.936075	0.008514	7.2
77	-0.000000	446.424477	0.000000	7.6
78	-0.000000	444.926406	0.000000	7.5
79	-0.000000	443.441666	0.000000	7.1
80	-0.441227	441.970065	0.005308	7.8
81	-0.769028	440.511415	0.007345	7.4
82	-0.660692	439.065533	0.007114	8.2
83	-0.497149	437.632238	0.006791	7.2
84	-0.774942	436.211351	0.008189	8.3
85	-0.770569	434.802701	0.007616	8.2
86	-0.000000	433.406117	0.000000	7.8
87	-0.104000	432.021430	0.003161	7.2
88	-0.000000	430.648479	0.000000	8.3
89	-0.169073	429.287101	0.006961	7.3
90	-0.639522	427.937140	0.010814	8.9
91	-0.447895	426.598440	0.008047	7.3
92	-0.861300	425.270849	0.006626	8.4
93	-0.975951	423.954220	0.007768	7.5
94	-0.237477	422.648404	0.007079	8.1
95	-0.013218	421.353259	0.001749	7.3
96	-0.946859	420.068643	0.004663	7.9
97	-0.582766	418.794419	0.008681	7.5
98	-0.279916	417.530451	0.004274	7.3
99	-0.496993	416.276604	0.006786	9.0
100	-0.347700	415.032748	0.013966	7.4
101	-0.773990	413.798754	0.008011	8.6
102	-0.195110	412.574495	0.004524	9.8
103	-0.867437	411.359849	0.005279	7.9
104	-0.000000	410.154691	0.000000	7.9
105	-0.734211	408.958904	0.010935	7.7
106	-0.588944	407.772368	0.006460	7.7
107	-0.343985	406.594968	0.004104	8.2
108	-0.782303	405.426590	0.008349	7.6
109	-0.348102	404.267122	0.004778	7.9
110	-0.322372	403.116456	0.006116	7.4
111	-0.772455	401.974481	0.010062	8.5
112	-0.935412	400.841093	0.009913	7.4
113	-0.934922	399.716187	0.007976	8.3
114	-0.017968	398.599660	0.001795	7.1
115	-0.507971	397.491411	0.005699	8.1
116	-0.009003	396.391342	0.000925	7.1
117	-0.442522	395.299353	0.005687	8.1
118	-0.398673	394.215350	0.005312	7.2
119	-0.641991	393.139238	0.007572	8.0
120	-0.548528	392.070924	0.006307	7.2
121	-0.227259	391.010316	0.003754	7.8
122	-0.051006	389.957325	0.002180	7.3
123	-0.012291	388.911862	0.000857	7.4
124	-0.687413	387.873839	0.006667	8.9
125	-0.391940	386.843173	0.008070	8.0
126	-0.000017	385.819777	0.000020	7.8
127	-0.171918	384.803569	0.003570	7.5
128	-0.207024	383.794468	0.005463	7.8
129	-0.143104	382.792393	0.004486	7.4
130	-0.000000	381.797264	0.000000	7.9
131	-0.000000	380.809005	0.000000	7.3
132	-0.000000	379.827537	0.000000	8.1
133	-0.887821	378.852786	0.007039	7.4
134	-0.976094	377.884678	0.006061	8.0
135	-1.050444	376.923138	0.007626	7.7
136	-0.923802	375.968095	0.013361	8.5
137	-0.254868	375.019479	0.004796	7.7
138	-0.841461	374.077218	0.007444	8.2
139	-0.570365	373.141244	0.005392	9.1
140	-0.456754	372.211489	0.007680	8.7
141	-0.621854	371.287887	0.006345	8.1
142	-0.015547	370.370370	0.000881	8.4
143	-0.010834	369.458876	0.000708	7.6
144	-0.055451	368.553338	0.004020	8.3
145	-0.000000	367.653696	0.000000	8.0
146	-0.000000	366.759885	0.000000	8.1
147	-0.062279	365.871846	0.003477	7.9
148	-0.844339	364.989518	0.007634	8.5
149	-0.799214	364.112841	0.008046	7.5
150	-0.007234	363.241757	0.001067	8.5
151	-0.485935	362.376208	0.006685	7.3
152	-0.628054	361.516137	0.007209	8.3
153	-0.851120	360.661488	0.007676	8.5
154	-0.257547	359.812206	0.002340	7.8
155	-0.579686	358.968236	0.004004	8.1
156	-0.830955	358.129524	0.007732	8.2
157	-0.213509	357.296018	0.005763	7.8
158	-0.000000	356.467665	0.000000	7.5
159	-0.776363	355.644414	0.006185	8.0
160	-0.292965	354.826213	0.004143	8.0
161	-0.000001	354.013012	0.000001	7.9
162	-0.000000	353.204763	0.000000	7.0
163	-0.000001	352.401415	0.000004	8.1
164	-0.272796	351.602922	0.002363	7.5
165	-0.774843	350.809235	0.008374	8.9
166	-0.797464	350.020308	0.008451	7.5
167	-0.519180	349.236095	0.005634	8.2
168	-0.399966	348.456550	0.006592	7.4
169	-0.548184	347.681627	0.006246	8.7
170	-0.956092	346.911283	0.006641	7.9
171	-0.887461	346.145474	0.007782	8.0
172	-0.000000	345.384157	0.000000	7.6
173	-0.489104	344.627288	0.006679	8.2
174	-0.433099	343.874826	0.006140	7.7
175	-0.382203	343.126729	0.005243	8.6
176	-0.000000	342.382957	0.000000	7.6
177	-0.887033	341.643469	0.010524	8.5
178	-0.450461	340.908224	0.007862	7.4
179	-0.926168	340.177184	0.008771	8.4
180	-0.487023	339.450309	0.005017	9.0
181	-0.000000	338.727561	0.000000	8.6
182	-0.323519	338.008902	0.004695	7.5
183	-0.824831	337.294295	0.007194	7.7
184	-0.533353	336.583703	0.006033	7.4
185	-0.879641	335.877089	0.009049	8.2
186	-0.000000	335.174416	0.000000	7.6
187	-0.879926	334.475651	0.004532	8.0
188	-0.682848	333.780756	0.013837	7.8
189	-0.671656	333.089698	0.007073	7.8
190	-0.246387	332.402443	0.005570	7.8
191	-0.000000	331.718955	0.000000	7.7
192	-0.578537	331.039203	0.012354	8.6
193	-0.000000	330.363153	0.000000	8.1
194	-0.826655	329.690771	0.009427	7.3
195	-0.474330	329.022027	0.005484	7.2
196	-0.051012	328.356888	0.003025	7.5
197	-0.403992	327.695322	0.004385	8.2
198	-0.000000	327.037299	0.000000	7.8
199	-0.685908	326.382787	0.010283	7.3
200	-0.477719	325.731758	0.006156	8.6
201	-0.000000	325.084179	0.000000	7.6
202	-0.628038	324.440023	0.009325	8.6
203	-0.428071	323.799258	0.006086	8.1
204	-0.621328	323.161858	0.007522	8.5
205	-0.501435	322.527792	0.006952	7.6
206	-0.908557	321.897034	0.012038	8.3
207	-0.556970	321.269554	0.005922	8.5
208	-0.805878	320.645325	0.006159	8.2
209	-0.046166	320.024320	0.000844	7.5
210	-1.039555	319.406512	0.006294	7.9
211	-0.000027	318.791875	0.000018	7.7
212	-0.003455	318.180381	0.000757	8.7
213	-0.217866	317.572005	0.007512	8.4
214	-0.686905	316.966721	0.004983	8.7
215	-0.000000	316.364504	0.000000	7.4
216	-0.161811	315.765329	0.003805	8.7
217	-0.486161	315.169170	0.005191	7.3
218	-0.000000	314.576003	0.000000	8.4
219	-0.419029	313.985804	0.008087	8.0
220	-0.819369	313.398548	0.008079	8.4
221	-0.943141	312.814213	0.007098	9.0
222	-0.210747	312.232773	0.006718	8.7
223	-0.005074	311.654207	0.001033	7.2
224	-0.000000	311.078491	0.000000	9.8
225	-0.469314	310.505602	0.006560	7.6
226	-0.628253	309.935518	0.007400	8.4
227	-0.004494	309.368217	0.000388	7.1
228	-0.634315	308.803676	0.006392	8.9
229	-0.137756	308.241874	0.004387	7.2
230	-0.000000	307.682789	0.000000	8.2
231	-0.525520	307.126400	0.005462	7.4
232	-0.568587	306.572687	0.008577	8.2
233	-0.820405	306.021627	0.009678	8.7
234	-0.000000	305.473201	0.000000	8.3
235	-0.000000	304.927388	0.000000	7.6
236	-0.754477	304.384168	0.006960	8.0
237	-0.794574	303.843521	0.007801	7.3
238	-0.602354	303.305427	0.007178	8.4
239	-0.392724	302.769867	0.005163	7.3
240	-0.516467	302.236821	0.007660	7.8
241	-0.944009	301.706270	0.008712	8.0
242	-0.618036	301.178196	0.005159	8.0
243	-0.979538	300.652580	0.005879	8.3
244	-0.819461	300.129402	0.007684	7.4
245	-0.020223	299.608645	0.001074	7.6
246	-0.803598	299.090291	0.012545	8.4
247	-0.034946	298.574321	0.001873	9.0
248	-0.667603	298.060718	0.009318	7.6
249	-0.391451	297.549465	0.004810	8.0
250	-0.628904	297.040543	0.007425	7.2
251	-0.449907	296.533936	0.005250	9.2
252	-0.382236	296.029626	0.003558	7.6
253	-0.081320	295.527597	0.006449	8.4
254	-0.120424	295.027832	0.005376	7.5
255	-0.345784	294.530315	0.005540	8.3
256	-0.000000	294.035028	0.000000	7.7
257	-0.221778	293.541956	0.005099	8.6
258	-0.805333	293.051083	0.007279	7.6
259	-0.000000	292.562393	0.000000	8.3
260	-0.958082	292.075870	0.005762	7.9
261	-0.732625	291.591498	0.006042	8.2
262	-0.896156	291.109263	0.005818	7.2
263	-0.542998	290.629149	0.008765	7.9
264	-0.000000	290.151140	0.000000	7.1
265	-0.235017	289.675222	0.008376	8.3
266	-0.440340	289.201380	0.006672	7.4
267	-0.000000	288.729600	0.000000	7.7
268	-0.412551	288.259866	0.006675	7.2
269	-0.287148	287.792165	0.003335	7.5
270	-0.818455	287.326481	0.007470	8.3
271	-0.000000	286.862802	0.000000	7.6
272	-0.825940	286.401113	0.009158	8.9
273	-0.718087	285.941400	0.007493	7.6
274	-0.002077	285.483649	0.000445	8.1
275	-0.607701	285.027847	0.007398	7.4
276	-0.345175	284.573981	0.004429	7.8
277	-0.586686	284.122037	0.006742	7.8
278	-0.005236	283.672002	0.000878	8.1
279	-0.679170	283.223863	0.007636	7.3
280	-0.785237	282.777607	0.014810	8.2
281	-0.000016	282.333221	0.000002	7.7
282	-0.305683	281.890692	0.004483	8.3
283	-0.000000	281.450008	0.000000	7.4
284	-1.020445	281.011157	0.012123	8.1
285	-0.657344	280.574125	0.010036	7.8
286	-0.666476	280.138901	0.009042	8.7
287	-0.668133	279.705473	0.007873	8.8
288	-0.000000	279.273829	0.000000	8.5
289	-0.127313	278.843956	0.004065	8.0
290	-0.333754	278.415844	0.004531	8.6
291	-0.628189	277.989479	0.007367	7.5
292	-0.111578	277.564851	0.002594	8.4
293	-0.885549	277.141949	0.009509	7.5
294	-0.820962	276.720761	0.005751	8.6
295	-0.344169	276.301275	0.006480	8.3
296	-0.632225	275.883480	0.007679	8.4
297	-0.000000	275.467366	0.000000	7.3
298	-0.000000	275.052922	0.000000	8.6
299	-0.794427	274.640136	0.006363	8.4
300	-0.000000	274.228998	0.000000	8.3
301	-0.000000	273.819497	0.000000	7.1
302	-0.023142	273.411623	0.000490	8.2
303	-0.929971	273.005365	0.016913	7.1
304	-1.088049	272.600712	0.007326	8.4
305	-0.421897	272.197655	0.008020	7.2
306	-0.817313	271.796184	0.007997	7.7
307	-0.954649	271.396287	0.017434	7.9
308	-0.000000	270.997956	0.000000	7.5
309	-0.026473	270.601180	0.001047	7.2
310	-0.890980	270.205949	0.006045	8.0
311	-0.853426	269.812254	0.006883	8.4
312	-0.594666	269.420085	0.005884	7.8
313	-0.780220	269.029432	0.008536	8.1
314	-0.005567	268.640287	0.000622	7.3
315	-0.000000	268.252638	0.000000	7.9
316	-0.031782	267.866478	0.003820	7.3
317	-0.414797	267.481796	0.007911	8.3
318	-0.518638	267.098584	0.005916	7.5
319	-0.790816	266.716833	0.007885	7.9
320	-0.054273	266.336533	0.001513	8.1
321	-0.747532	265.957676	0.006139	7.9
322	-0.000000	265.580253	0.000000	7.5
323	-0.000000	265.204254	0.000000	9.1
324	-0.611729	264.829672	0.007582	7.9
325	-0.000000	264.456497	0.000000	8.4
326	-0.000000	264.084721	0.000000	8.9
327	-0.864051	263.714335	0.012907	8.2
328	-0.000000	263.345332	0.000000	7.5
329	-0.733411	262.977702	0.005483	8.3
330	-0.936135	262.611438	0.007333	7.3
331	-0.000001	262.246531	0.000002	8.7
332	-0.101801	261.882973	0.006730	7.7
333	-0.308709	261.520756	0.003765	8.0
334	-0.047642	261.159871	0.003181	7.7
335	-0.000000	260.800312	0.000000	7.9
336	-0.669973	260.442070	0.005079	7.9
337	-0.706678	260.085137	0.005764	8.1
338	-0.452345	259.729505	0.005464	8.7
339	-0.930611	259.375167	0.006791	7.5
340	-0.373166	259.022116	0.005225	7.4
341	-0.564585	258.670343	0.010281	7.0
342	-0.000000	258.319841	0.000000	8.1
343	-0.469438	257.970602	0.008796	7.4
344	-0.000636	257.622620	0.000302	7.4
345	-0.000000	257.275887	0.000000	7.5
346	-0.315242	256.930396	0.002989	8.1
347	-0.597169	256.586139	0.007976	7.5
348	-0.000000	256.243109	0.000000	8.1
349	-0.000000	255.901300	0.000000	8.3
350	-0.730634	255.560703	0.006742	9.3
351	-0.000000	255.221313	0.000000	7.5
352	-0.026988	254.883122	0.003028	8.2
353	-0.797626	254.546124	0.005792	9.2
354	-0.791327	254.210311	0.008169	8.6
355	-0.834002	253.875677	0.004468	8.0
356	-0.643184	253.542215	0.006971	8.3
357	-0.359346	253.209918	0.004727	7.6
358	-0.004689	252.878781	0.001177	8.1
359	-0.000000	252.548795	0.000000	7.4
360	-0.694069	252.219956	0.005505	8.8
361	-0.387206	251.892255	0.005796	7.9
362	-0.716002	251.565688	0.013083	8.3
363	-0.515360	251.240247	0.005338	7.4
364	-0.000493	250.915926	0.000142	8.7
365	-0.510206	250.592720	0.007097	7.4
366	-0.709309	250.270621	0.005368	8.6
367	-0.189245	249.949624	0.003489	8.2
368	-0.541849	249.629723	0.007464	8.1
369	-0.000000	249.310911	0.000000	7.7
370	-0.039753	248.993182	0.006511	8.2
371	-0.641579	248.676531	0.007209	7.1
372	-0.508882	248.360952	0.006611	8.4
373	-0.628447	248.046438	0.006695	7.3
374	-0.487860	247.732984	0.003822	8.0
375	-0.000000	247.420584	0.000000	7.7
376	-0.603094	247.109233	0.006569	7.6
377	-0.000000	246.798924	0.000000	7.8
378	-0.019137	246.489652	0.002644	7.8
379	-0.037594	246.181412	0.001958	8.6
380	-0.153919	245.874197	0.003291	7.5
381	-0.810006	245.568002	0.007864	8.2
382	-0.000000	245.262822	0.000000	7.6
383	-0.447969	244.958652	0.002434	8.2
384	-0.798327	244.655485	0.006633	7.3
385	-0.425318	244.353317	0.008784	8.0
386	-0.192840	244.052142	0.003935	7.6
387	-0.866839	243.751955	0.007546	8.3
388	-0.000000	243.452750	0.000000	7.5
389	-0.597223	243.154523	0.010548	8.3
390	-0.882498	242.857268	0.009111	7.5
391	-0.826128	242.560980	0.007217	8.4
392	-0.580650	242.265654	0.006792	8.0
393	-1.088134	241.971285	0.012083	8.0
394	-0.000000	241.677868	0.000000	9.1
395	-0.575718	241.385397	0.006017	8.5
396	-0.003303	241.093869	0.001598	7.5
397	-0.453139	240.803278	0.007446	8.2
398	-0.000000	240.513619	0.000000	7.5
399	-0.862078	240.224887	0.006252	8.4
400	-0.000000	239.937077	0.000000	7.7
401	-0.683111	239.650186	0.007767	8.6
402	-0.960937	239.364207	0.009853	7.3
403	-0.427291	239.079136	0.004334	8.9
404	-0.923623	238.794969	0.008151	7.3
405	-0.068723	238.511701	0.002064	8.6
406	-0.957374	238.229327	0.006356	9.1
407	-0.379946	237.947843	0.005119	8.0
408	-0.588405	237.667244	0.007802	7.4
409	-0.663472	237.387526	0.007553	8.0
410	-0.000000	237.108684	0.000000	7.3
411	-0.433552	236.830714	0.007055	7.5
412	-0.000000	236.553610	0.000000	7.8
413	-0.060712	236.277370	0.002486	7.7
414	-0.000000	236.001989	0.000000	7.8
415	-0.203799	235.727461	0.002556	7.2
416	-0.484313	235.453784	0.006547	8.3
417	-0.000088	235.180952	0.000096	8.0
418	-0.075335	234.908962	0.004469	8.7
419	-0.604840	234.637809	0.007515	7.9
420	-0.357275	234.367488	0.004244	8.0
421	-0.561545	234.097997	0.007537	8.3
422	-0.000280	233.829331	0.000330	8.1
423	-0.809743	233.561485	0.007768	7.8
424	-0.055067	233.294456	0.002517	8.1
425	-0.881995	233.028239	0.006588	7.9
426	-0.744229	232.762831	0.006092	8.6
427	-0.113554	232.498228	0.007467	7.5
428	-0.776175	232.234425	0.008174	8.6
429	-1.005782	231.971419	0.006499	7.6
430	-0.112057	231.709205	0.002801	7.8
431	-0.386886	231.447781	0.004746	7.7
432	-0.914505	231.187141	0.006024	7.8
433	-0.203981	230.927283	0.004598	9.2
434	-0.720422	230.668202	0.003295	8.4
435	-0.372548	230.409895	0.005322	7.6
436	-0.000164	230.152358	0.000084	8.4
437	-0.000000	229.895587	0.000000	7.9
438	-0.444034	229.639578	0.004916	8.3
439	-0.467652	229.384329	0.005276	8.3
440	-0.000000	229.129834	0.000000	8.5
441	-0.666088	228.876091	0.007319	7.6
442	-0.664643	228.623096	0.007174	8.3
443	-0.860977	228.370846	0.007639	7.4
444	-0.000000	228.119336	0.000000	8.1
445	-0.523378	227.868563	0.004888	7.2
446	-0.914623	227.618525	0.007768	8.7
447	-0.000000	227.369216	0.000000	8.5
448	-0.000000	227.120635	0.000000	8.5
449	-0.804001	226.872777	0.005723	7.6
450	-0.653665	226.625638	0.005385	8.3
451	-0.000000	226.379217	0.000000	7.7
452	-0.000084	226.133509	0.000070	8.6
453	-0.000000	225.888510	0.000000	7.4
454	-0.640715	225.644218	0.006429	7.8
455	-0.131749	225.400630	0.004290	6.8
456	-0.913360	225.157741	0.009013	7.9
457	-0.712196	224.915549	0.006630	7.6
458	-0.227743	224.674051	0.006308	7.5
459	-0.787544	224.433242	0.007714	8.5
460	-0.005997	224.193121	0.000486	7.6
461	-0.533261	223.953684	0.008699	8.3
462	-0.858910	223.714927	0.005788	7.8
463	-0.675990	223.476848	0.006469	8.1
464	-0.930615	223.239444	0.004992	8.4
465	-0.000000	223.002710	0.000000	8.8
466	-0.296741	222.766645	0.004033	7.4
467	-0.600732	222.531245	0.009356	8.2
468	-0.382665	222.296508	0.006509	7.9
469	-0.929994	222.062429	0.006418	8.4
470	-0.800250	221.829007	0.005827	7.7
471	-0.683713	221.596238	0.012266	8.7
472	-0.000000	221.364119	0.000000	8.8
473	-0.264848	221.132647	0.003059	8.5
474	-0.939873	220.901820	0.005581	8.1
475	-1.007009	220.671634	0.008124	8.7
476	-0.000000	220.442086	0.000000	7.3
477	-0.057225	220.213174	0.003805	8.3
478	-0.446768	219.984895	0.004190	7.9
479	-0.684808	219.757246	0.008547	8.2
480	-0.534901	219.530224	0.004940	7.9
481	-0.498556	219.303826	0.005031	8.0
482	-0.000000	219.078050	0.000000	7.5
483	-0.691909	218.852893	0.005747	8.9
484	-0.585041	218.628352	0.006211	8.3
485	-1.005407	218.404424	0.009013	8.8
486	-0.000000	218.181106	0.000000	7.5
487	-0.723885	217.958397	0.006198	8.3
488	-0.478750	217.736292	0.005888	7.3
489	-0.566214	217.514790	0.007494	7.9
490	-0.426838	217.293888	0.004486	7.3
491	-0.881281	217.073584	0.005991	8.2
492	-0.702044	216.853873	0.005817	7.5
493	-0.723495	216.634755	0.008169	7.7
494	-0.953995	216.416227	0.008049	7.2
495	-0.865853	216.198285	0.006177	7.5
496	-0.000000	215.980927	0.000000	8.4
497	-0.572579	215.764151	0.007411	7.2
498	-0.112513	215.547955	0.003823	8.9
499	-0.383620	215.332335	0.004927	8.1
500	-0.000000	215.117289	0.000000	7.7
501	-0.003512	214.902815	0.000427	8.0
502	-0.000000	214.688911	0.000000	8.1
503	-0.353804	214.475573	0.004324	7.3
504	-0.442643	214.262800	0.005038	8.2
505	-0.144628	214.050588	0.004062	7.7
506	-0.906730	213.838936	0.006738	8.0
507	-0.551088	213.627842	0.004643	7.6
508	-0.799445	213.417302	0.007962	8.5
509	-0.000000	213.207314	0.000000	7.0
510	-0.797135	212.997877	0.006137	8.6
511	-0.841311	212.788987	0.007611	7.6
512	-0.528512	212.580642	0.006104	8.5
513	-0.000000	212.372841	0.000000	8.5
514	-1.025752	212.165581	0.006830	8.5
515	-0.505588	211.958859	0.004878	7.3
516	-0.369022	211.752673	0.004991	8.4
517	-0.000000	211.547021	0.000000	7.6
518	-0.549292	211.341902	0.005521	8.4
519	-0.000000	211.137311	0.000000	7.5
520	-0.000000	210.933248	0.000000	8.5
521	-0.000000	210.729710	0.000000	7.5
522	-0.027552	210.526695	0.003365	8.4
523	-0.639826	210.324200	0.007843	7.3
524	-0.216782	210.122224	0.004774	8.0
525	-0.110086	209.920765	0.003437	8.7
526	-0.668154	209.719820	0.008093	8.5
527	-0.052310	209.519387	0.000541	6.9
528	-0.015978	209.319463	0.001477	7.5
529	-0.285695	209.120048	0.007885	7.7
530	-0.821383	208.921139	0.005392	7.6
531	-0.391763	208.722733	0.004488	7.4
532	-0.216591	208.524829	0.002660	7.6
533	-0.163772	208.327425	0.003665	7.8
534	-0.793037	208.130518	0.007326	7.5
535	-0.289862	207.934107	0.006725	8.4
536	-0.518651	207.738189	0.003917	7.3
537	-0.000000	207.542762	0.000000	8.3
538	-0.000000	207.347825	0.000000	6.8
539	-0.609771	207.153376	0.005858	8.4
540	-0.407390	206.959412	0.006388	8.5
541	-0.128328	206.765932	0.004302	8.0
542	-0.000000	206.572933	0.000000	7.3
543	-0.032490	206.380414	0.005276	8.5
544	-0.669170	206.188373	0.006299	7.5
545	-0.715818	205.996807	0.007784	8.4
546	-0.000000	205.805716	0.000000	7.5
547	-0.597242	205.615096	0.007544	8.1
548	-0.659043	205.424946	0.005566	7.6
549	-0.926949	205.235265	0.005992	9.2
550	-0.908605	205.046050	0.007260	7.7
551	-0.286743	204.857299	0.003969	8.1
552	-0.000000	204.669011	0.000000	8.8
553	-0.842371	204.481184	0.006104	9.0
554	-0.007437	204.293816	0.001027	7.6
555	-0.000000	204.106905	0.000000	8.0
556	-0.000000	203.920449	0.000000	7.4
557	-0.294863	203.734447	0.003595	8.3
558	-0.780984	203.548896	0.006735	8.1
559	-0.907908	203.363795	0.006450	8.5
560	-0.658179	203.179143	0.008111	7.2
561	-0.000000	202.994937	0.000000	8.1
562	-0.694980	202.811176	0.006003	7.6
563	-0.793767	202.627857	0.005787	7.3
564	-0.417946	202.444980	0.005415	8.3
565	-0.796542	202.262543	0.009927	7.4
566	-0.968978	202.080543	0.011906	8.6
567	-0.855258	201.898979	0.007528	7.7
568	-0.000218	201.717849	0.000116	7.9
569	-0.154160	201.537153	0.004625	7.8
570	-0.893995	201.356887	0.007219	8.6
571	-0.067891	201.177050	0.001543	6.8
572	-0.657021	200.997642	0.006884	8.4
573	-0.720258	200.818659	0.006982	7.5
574	-0.700714	200.640100	0.005416	7.8
575	-0.000000	200.461965	0.000000	7.4
576	-0.688182	200.284250	0.006484	8.7
577	-0.887304	200.106955	0.007580	7.2
578	-0.770423	199.930078	0.007791	8.0
579	-0.751779	199.753617	0.008328	9.2
580	-0.000000	199.577571	0.000000	8.5
581	-0.735596	199.401938	0.005146	7.5
582	-0.592498	199.226717	0.009692	8.6
583	-0.442067	199.051905	0.006397	7.4
584	-0.601005	198.877502	0.005366	8.5
585	-0.734158	198.703506	0.006857	7.5
586	-0.000000	198.529916	0.000000	8.8
587	-0.000000	198.356729	0.000000	7.4
588	-0.992435	198.183944	0.008582	9.5
589	-0.913973	198.011560	0.006883	7.4
590	-0.543013	197.839576	0.004710	8.6
591	-0.000000	197.667989	0.000000	8.7
592	-0.212570	197.496798	0.004945	9.3
593	-0.492461	197.326002	0.005586	7.5
594	-0.660802	197.155600	0.006867	8.6
595	-0.485859	196.985589	0.006252	7.3
596	-0.352238	196.815969	0.004441	10.7
597	-0.414041	196.646738	0.008280	7.5
598	-0.729270	196.477894	0.007401	8.4
599	-0.000000	196.309436	0.000000	7.3
600	-0.326540	196.141363	0.008846	8.4
601	-0.639439	195.973673	0.008820	7.3
602	-0.689890	195.806365	0.005858	8.3
603	-0.000089	195.639437	0.000052	7.4
604	-0.855460	195.472888	0.006512	7.7
605	-0.095657	195.306717	0.002316	8.8
606	-0.000000	195.140922	0.000000	7.9
607	-0.369425	194.975501	0.004667	7.7
608	-0.560985	194.810454	0.006806	8.2
609	-0.409249	194.645779	0.004990	7.7
610	-0.792653	194.481475	0.006792	7.6
611	-0.265261	194.317540	0.004006	7.5
612	-0.463475	194.153973	0.006750	7.9
613	-0.295210	193.990773	0.004309	8.3
614	-0.647152	193.827938	0.007178	8.1
615	-0.021939	193.665467	0.001211	7.6
616	-0.000000	193.503358	0.000000	7.5
617	-0.679818	193.341611	0.004597	8.9
618	-0.516753	193.180224	0.006181	8.0
619	-0.000000	193.019196	0.000000	7.8
620	-0.531425	192.858525	0.005405	8.0
621	-0.680032	192.698210	0.006349	8.1
622	-0.596685	192.538251	0.006347	7.9
623	-0.078816	192.378644	0.002569	8.4
624	-0.678894	192.219391	0.005471	7.4
625	-0.255764	192.060488	0.009866	8.3
626	-0.000000	191.901935	0.000000	7.7
627	-1.011219	191.743730	0.008195	8.1
628	-0.000855	191.585873	0.000929	7.3
629	-0.548841	191.428362	0.005934	8.1
630	-0.000000	191.271196	0.000000	8.7
631	-0.992855	191.114374	0.010685	8.2
632	-0.586062	190.957893	0.005433	7.4
633	-0.231193	190.801755	0.004194	8.0
634	-0.345833	190.645956	0.004947	7.7
635	-0.052859	190.490495	0.002414	7.8
636	-0.436659	190.335373	0.004629	7.6
637	-0.766518	190.180587	0.006393	8.5
638	-0.233968	190.026136	0.004272	7.4
639	-0.218743	189.872019	0.003685	7.7
640	-0.886632	189.718235	0.006064	7.2
641	-0.000000	189.564782	0.000000	7.2
642	-0.679516	189.411661	0.003560	8.8
643	-0.881069	189.258868	0.007533	6.8
644	-0.000143	189.106404	0.000091	8.8
645	-0.920625	188.954267	0.018956	7.6
646	-0.176635	188.802456	0.005186	7.9
647	-0.488376	188.650969	0.003553	7.6
648	-0.075994	188.499807	0.004410	8.5
649	-0.001064	188.348967	0.000317	7.3
650	-0.860739	188.198448	0.006654	8.2
651	-0.546016	188.048250	0.007352	7.4
652	-0.832761	187.898371	0.008756	7.8
653	-0.845567	187.748810	0.005617	7.7
654	-0.335573	187.599566	0.010383	8.5
655	-0.589473	187.450638	0.006259	7.4
656	-0.013257	187.302025	0.002448	8.5
657	-0.365647	187.153725	0.007593	8.8
658	-0.852026	187.005739	0.008017	8.3
659	-0.493421	186.858064	0.005137	7.4
660	-0.000000	186.710699	0.000000	8.8
661	-0.318451	186.563645	0.004297	7.6
662	-0.000000	186.416898	0.000000	8.4
663	-0.678826	186.270459	0.007070	7.3
664	-0.508354	186.124326	0.005934	8.0
665	-0.815196	185.978499	0.005980	7.7
666	-0.000000	185.832976	0.000000	8.5
667	-0.704693	185.687756	0.007924	7.7
668	-0.665379	185.542838	0.006215	8.0
669	-0.000000	185.398222	0.000000	8.4
670	-0.829235	185.253906	0.007335	8.4
671	-0.828413	185.109889	0.004431	7.4
672	-0.431650	184.966170	0.003730	7.4
673	-0.014920	184.822748	0.001224	7.5
674	-0.000000	184.679623	0.000000	7.7
675	-0.467997	184.536792	0.007174	8.0
676	-0.000562	184.394256	0.000531	7.3
677	-0.807274	184.252013	0.006334	7.8
678	-0.628293	184.110062	0.007139	7.3
679	-0.000000	183.968403	0.000000	7.8
680	-0.000000	183.827034	0.000000	7.2
681	-0.000000	183.685954	0.000000	8.4
682	-0.850569	183.545163	0.008079	7.5
683	-0.738651	183.404658	0.007112	8.2
684	-0.840486	183.264441	0.007300	8.6
685	-0.000000	183.124509	0.000000	8.4
686	-0.179978	182.984861	0.003252	7.7
687	-0.985903	182.845497	0.009005	8.5
688	-0.000000	182.706416	0.000000	7.6
689	-0.932236	182.567616	0.008379	7.7
690	-0.947138	182.429098	0.007615	7.6
691	-0.000625	182.290859	0.000243	8.5
692	-0.149149	182.152899	0.006502	7.5
693	-0.077879	182.015217	0.006529	8.4
694	-1.020129	181.877813	0.007083	7.7
695	-0.687894	181.740684	0.006716	8.0
696	-0.591557	181.603832	0.005042	8.9
697	-0.962071	181.467253	0.013217	7.8
698	-0.954858	181.330948	0.006719	7.8
699	-0.756693	181.194916	0.005522	7.5
700	-0.000001	181.059155	0.000002	8.9
701	-0.000000	180.923666	0.000000	7.5
702	-0.487195	180.788446	0.007634	7.7
703	-0.015565	180.653496	0.000675	7.8
704	-0.239083	180.518814	0.004407	8.5
705	-0.935984	180.384399	0.006291	7.4
706	-0.000000	180.250251	0.000000	8.3
707	-0.051199	180.116369	0.002161	7.4
708	-0.000000	179.982752	0.000000	7.9
709	-0.834994	179.849398	0.008801	7.4
710	-0.778712	179.716308	0.004972	8.5
711	-0.676283	179.583480	0.006044	8.5
712	-0.000000	179.450913	0.000000	8.2
713	-0.388185	179.318607	0.009454	7.3
714	-1.066343	179.186561	0.006104	7.7
715	-0.802190	179.054774	0.011020	7.6
716	-0.373088	178.923245	0.004167	7.9
717	-0.018561	178.791973	0.000843	7.2
718	-0.541168	178.660958	0.005482	8.5
719	-0.000000	178.530199	0.000000	8.6
720	-0.855001	178.399694	0.005524	8.4
721	-0.000000	178.269444	0.000000	7.0
722	-0.965161	178.139447	0.007162	7.9
723	-0.105562	178.009702	0.003290	8.7
724	-0.538583	177.880209	0.005285	8.0
725	-0.406135	177.750967	0.003870	7.2
726	-0.781412	177.621975	0.007088	8.2
727	-0.547901	177.493232	0.005557	7.3
728	-0.709452	177.364738	0.006035	7.2
729	-0.278778	177.236492	0.003767	7.8
730	-0.798069	177.108492	0.010234	7.9
731	-0.917349	176.980739	0.009275	8.2
732	-0.429285	176.853231	0.006926	7.6
733	-0.662354	176.725968	0.007174	8.3
734	-0.000001	176.598949	0.000001	8.2
735	-0.682990	176.472173	0.005988	8.7
736	-0.000000	176.345639	0.000000	7.7
737	-0.851196	176.219348	0.005576	8.3
738	-0.947112	176.093296	0.007398	8.3
739	-0.000000	175.967486	0.000000	8.1
740	-0.285338	175.841914	0.005679	7.8
741	-0.794212	175.716581	0.007115	8.0
742	-0.339002	175.591486	0.006867	7.5
743	-0.974722	175.466629	0.006463	8.4
744	-0.628770	175.342008	0.007071	7.3
745	-0.748337	175.217622	0.006388	9.3
746	-0.559890	175.093472	0.009076	8.5
747	-0.214222	174.969556	0.004738	8.7
748	-0.651236	174.845873	0.005108	7.1
749	-0.000000	174.722423	0.000000	8.6
750	-0.000000	174.599206	0.000000	8.0
751	-0.020865	174.476220	0.002729	7.9
752	-0.998829	174.353464	0.009900	7.2
753	-0.360182	174.230939	0.005387	8.7
754	-0.090717	174.108643	0.004263	7.6
755	-0.029724	173.986576	0.003550	8.0
756	-0.933211	173.864737	0.005490	7.3
757	-0.000000	173.743124	0.000000	8.6
758	-0.143874	173.621739	0.002997	7.2
759	-0.747731	173.500579	0.006646	8.2
760	-0.725322	173.379645	0.007861	7.3
761	-0.373863	173.258935	0.006733	8.1
762	-0.027531	173.138449	0.002372	8.4
763	-0.758207	173.018186	0.009088	7.6
764	-0.000000	172.898146	0.000000	7.3
765	-0.011158	172.778327	0.001069	7.8
766	-0.014196	172.658730	0.001314	8.2
767	-1.052128	172.539353	0.008797	7.9
768	-0.000000	172.420196	0.000000	7.9
769	-0.723006	172.301258	0.008815	7.9
770	-0.054046	172.182539	0.003278	8.0
771	-0.627043	172.064037	0.006082	7.5
772	-0.697367	171.945753	0.007338	8.3
773	-0.019473	171.827686	0.000937	8.0
774	-0.737624	171.709834	0.007316	8.4
775	-0.000000	171.592198	0.000000	7.9
776	-0.267812	171.474776	0.002851	8.7
777	-0.606009	171.357568	0.005391	7.9
778	-0.105138	171.240574	0.002481	8.5
779	-0.521751	171.123793	0.006230	7.4
780	-0.371963	171.007223	0.005104	8.8
781	-0.000000	170.890865	0.000000	7.3
782	-0.524549	170.774718	0.005907	8.6
783	-1.012832	170.658782	0.005541	7.3
784	-0.000000	170.543055	0.000000	9.0
785	-0.491940	170.427537	0.007867	7.2
786	-0.791806	170.312227	0.007660	8.3
787	-0.000000	170.197125	0.000000	6.8
788	-0.000000	170.082231	0.000000	8.6
789	-0.007502	169.967543	0.000917	8.2
790	-0.055795	169.853061	0.005976	8.2
791	-0.605068	169.738784	0.005223	7.4
792	-0.541503	169.624713	0.004917	8.9
793	-0.025061	169.510845	0.002018	7.3
794	-0.000029	169.397181	0.000024	7.8
795	-0.141890	169.283720	0.003937	7.2
796	-0.660841	169.170462	0.007853	7.4
797	-1.000471	169.057405	0.004774	8.0
798	-0.557779	168.944549	0.006270	7.4
799	-0.910028	168.831895	0.007542	8.7
800	-0.910179	168.719440	0.005774	7.8
801	-0.818842	168.607185	0.004886	8.5
802	-0.399439	168.495129	0.005952	7.6
803	-0.969593	168.383271	0.006521	7.8
804	-0.505123	168.271611	0.004574	7.9
805	-0.000000	168.160148	0.000000	8.2
806	-0.000000	168.048882	0.000000	7.8
807	-0.901253	167.937812	0.007635	8.3
808	-0.347358	167.826938	0.004283	7.8
809	-0.000759	167.716258	0.000271	8.4
810	-0.924437	167.605773	0.006015	7.4
811	-0.000000	167.495482	0.000000	8.8
812	-0.692455	167.385384	0.005855	7.5
813	-0.413328	167.275479	0.007239	8.2
814	-0.346981	167.165766	0.005801	7.2
815	-0.850730	167.056245	0.004570	8.3
816	-0.869627	166.946915	0.006817	9.0
817	-0.735621	166.837776	0.004521	8.4
818	-0.664983	166.728826	0.007448	7.4
819	-0.108259	166.620067	0.004246	8.7
820	-0.000000	166.511496	0.000000	7.5
821	-0.000000	166.403113	0.000000	8.3
822	-0.810156	166.294919	0.008146	7.4
823	-0.560012	166.186912	0.005626	8.4
824	-0.822430	166.079091	0.004761	7.3
825	-0.782801	165.971458	0.005460	8.3
826	-0.449286	165.864009	0.004323	7.4
827	-0.581171	165.756747	0.005768	7.7
828	-0.624072	165.649669	0.005446	8.5
829	-0.537354	165.542775	0.005625	8.7
830	-0.000000	165.436065	0.000000	7.7
831	-0.602563	165.329538	0.006534	8.1
832	-0.681384	165.223194	0.003197	7.6
833	-0.000000	165.117032	0.000000	7.7
834	-0.780192	165.011052	0.005522	7.6
835	-0.000000	164.905253	0.000000	7.5
836	-0.892686	164.799635	0.006789	8.6
837	-0.419070	164.694197	0.005129	7.4
838	-0.897295	164.588939	0.007898	7.6
839	-0.865762	164.483859	0.005173	7.5
840	-0.000000	164.378959	0.000000	7.6
841	-0.000000	164.274237	0.000000	7.7
842	-0.777576	164.169692	0.005582	8.4
843	-0.000000	164.065325	0.000000	8.6
844	-0.698836	163.961135	0.005672	8.9
845	-0.553799	163.857120	0.005455	8.1
846	-0.000000	163.753282	0.000000	8.6
847	-0.122134	163.649619	0.004360	7.4
848	-0.878819	163.546130	0.006164	8.4
849	-0.000000	163.442816	0.000000	7.3
850	-0.769086	163.339676	0.008996	8.0
851	-0.492156	163.236709	0.004603	7.8
852	-0.743705	163.133915	0.005641	8.4
853	-0.069469	163.031294	0.002115	7.5
854	-0.841178	162.928844	0.007993	8.7
855	-0.622863	162.826566	0.004896	8.3
856	-0.523282	162.724459	0.005094	8.4
857	-0.528867	162.622523	0.006124	7.6
858	-0.000000	162.520757	0.000000	8.7
859	-0.908755	162.419160	0.006407	7.4
860	-0.000000	162.317733	0.000000	8.2
861	-0.000000	162.216474	0.000000	7.1
862	-0.378105	162.115383	0.004643	7.5
863	-0.832589	162.014461	0.008240	7.7
864	-0.000000	161.913705	0.000000	7.5
865	-0.380156	161.813117	0.004758	7.7
866	-0.444047	161.712695	0.004728	7.8
867	-0.000000	161.612439	0.000000	9.2
868	-0.038274	161.512349	0.001866	7.5
869	-0.589104	161.412424	0.003383	7.7
870	-0.000000	161.312663	0.000000	7.6
871	-0.789710	161.213067	0.007105	7.8
872	-0.712621	161.113635	0.004843	7.2
873	-0.570399	161.014366	0.003610	8.4
874	-0.344655	160.915260	0.003837	7.5
875	-0.837877	160.816316	0.006584	7.7
876	-0.083138	160.717535	0.002813	8.1
877	-0.346598	160.618915	0.006617	8.3
878	-0.009630	160.520456	0.000875	7.5
879	-0.122929	160.422158	0.003845	8.4
880	-0.066870	160.324021	0.002107	7.3
881	-0.255274	160.226043	0.003517	8.1
882	-0.244936	160.128225	0.003680	8.2
883	-0.000000	160.030566	0.000000	8.3
884	-0.000000	159.933066	0.000000	8.3
885	-0.167072	159.835723	0.003258	8.7
886	-0.612837	159.738539	0.007355	7.4
887	-0.754910	159.641512	0.007083	8.1
888	-0.067502	159.544642	0.002508	7.7
889	-0.599006	159.447929	0.004141	7.8
890	-0.000000	159.351372	0.000000	7.8
891	-0.596014	159.254971	0.006312	7.9
892	-0.526937	159.158725	0.004872	7.6
893	-0.781469	159.062634	0.004716	7.6
894	-0.000000	158.966697	0.000000	7.9
895	-0.052671	158.870915	0.001999	7.6
896	-0.886674	158.775286	0.009729	9.5
897	-0.000000	158.679811	0.000000	7.9
898	-1.031127	158.584489	0.006379	8.1
899	-0.461597	158.489319	0.006305	7.6
900	-0.114174	158.394302	0.004197	7.8
901	-0.467978	158.299436	0.004937	8.1
902	-0.722236	158.204721	0.006629	8.0
903	-0.442900	158.110158	0.003046	7.6
904	-0.894058	158.015745	0.008957	8.5
905	-0.773945	157.921482	0.005670	7.6
906	-0.781110	157.827369	0.009171	8.4
907	-0.900828	157.733406	0.004191	7.5
908	-0.690380	157.639591	0.005963	8.1
909	-0.772722	157.545925	0.006243	8.0
910	-0.000000	157.452408	0.000000	8.2
911	-0.945952	157.359038	0.007056	7.7
912	-0.614722	157.265816	0.006848	7.6
913	-0.000000	157.172741	0.000000	7.4
914	-0.353984	157.079813	0.005400	8.5
915	-0.000000	156.987031	0.000000	7.7
916	-0.731588	156.894395	0.006446	7.9
917	-0.000000	156.801904	0.000000	8.0
918	-0.401821	156.709559	0.004775	7.9
919	-0.385271	156.617359	0.004685	7.5
920	-1.053589	156.525304	0.009107	7.9
921	-0.853578	156.433392	0.005325	7.8
922	-0.704054	156.341624	0.005713	8.2
923	-0.545080	156.250000	0.005118	8.7
924	-0.521431	156.158519	0.006518	8.4
925	-0.937005	156.067180	0.007134	7.6
926	-1.090117	155.975984	0.007356	7.6
927	-0.696438	155.884930	0.005564	8.7
928	-0.562631	155.794017	0.005356	7.5
929	-0.742349	155.703246	0.008162	8.0
930	-0.000000	155.612615	0.000000	7.4
931	-0.537286	155.522125	0.007090	8.6
932	-0.000000	155.431775	0.000000	7.5
933	-0.364661	155.341565	0.006218	8.6
934	-0.881358	155.251495	0.005981	7.8
935	-0.128391	155.161563	0.004325	8.7
936	-0.391181	155.071771	0.003813	7.6
937	-0.048671	154.982117	0.003416	8.0
938	-0.000000	154.892601	0.000000	8.0
939	-0.659052	154.803222	0.005687	8.0
940	-1.012194	154.713981	0.008737	7.5
941	-0.743509	154.624878	0.006046	8.4
942	-0.000000	154.535910	0.000000	7.8
943	-0.001007	154.447080	0.001271	9.1
944	-0.937552	154.358385	0.007100	8.0
945	-0.000074	154.269826	0.000025	7.3
946	-0.667572	154.181402	0.003632	7.4
947	-0.000000	154.093114	0.000000	8.3
948	-0.055823	154.004960	0.005310	8.5
949	-0.000000	153.916940	0.000000	7.8
950	-0.490311	153.829054	0.007418	7.4
951	-0.071624	153.741303	0.003900	8.1
952	-0.544991	153.653684	0.003575	7.7
953	-0.947395	153.566198	0.011468	8.1
954	-0.474371	153.478846	0.004891	7.6
955	-0.464416	153.391625	0.005165	8.2
956	-0.540482	153.304537	0.006516	7.2
957	-0.837554	153.217580	0.008623	8.2
958	-0.632828	153.130755	0.006198	7.6
959	-0.000000	153.044061	0.000000	7.1
960	-0.548062	152.957498	0.005788	9.0
961	-0.000011	152.871065	0.000010	8.0
962	-0.000000	152.784762	0.000000	7.8
963	-0.781602	152.698589	0.008578	7.5
964	-0.821543	152.612545	0.003952	8.3
965	-0.552755	152.526631	0.007814	8.0
966	-0.847905	152.440845	0.005772	9.4
967	-0.674699	152.355188	0.006945	8.2
968	-0.940394	152.269660	0.010371	8.0
969	-0.760195	152.184259	0.006802	8.1
970	-0.000000	152.098986	0.000000	8.0
971	-0.923200	152.013840	0.007266	7.6
972	-0.028698	151.928821	0.002567	8.2
973	-0.443616	151.843928	0.004796	7.4
974	-0.955302	151.759163	0.006159	9.1
975	-0.000000	151.674523	0.000000	7.8
976	-0.560960	151.590009	0.006894	8.3
977	-0.588015	151.505620	0.007318	7.5
978	-0.465930	151.421357	0.006728	8.7
979	-0.145486	151.337218	0.003351	7.9
980	-0.596485	151.253204	0.006368	8.0
981	-0.276596	151.169314	0.009548	7.4
982	-0.755476	151.085549	0.010104	8.3
983	-0.842314	151.001907	0.004878	8.4
984	-0.836845	150.918388	0.006864	7.4
985	-1.102136	150.834992	0.014816	7.5
986	-0.588610	150.751719	0.006525	8.1
987	-0.976850	150.668569	0.007076	9.6
988	-0.513034	150.585541	0.005745	8.3
989	-0.000000	150.502634	0.000000	7.3
990	-0.000000	150.419849	0.000000	8.1
991	-0.440657	150.337186	0.009776	7.5
992	-0.797426	150.254644	0.004613	8.0
993	-0.310253	150.172222	0.003319	7.5
994	-0.463227	150.089921	0.005199	8.0
995	-0.014637	150.007740	0.001480	7.5
996	-0.042145	149.925679	0.001424	8.0
997	-0.847563	149.843737	0.010358	7.8
998	-0.319317	149.761915	0.004491	7.8
999	-0.549940	149.680212	0.007070	7.2
1000	-0.700762	149.598627	0.007384	7.4
1001	-0.396505	149.517161	0.005689	8.6
1002	-0.000000	149.435814	0.000000	7.6
1003	-0.000000	149.354584	0.000000	8.1
1004	-0.000000	149.273472	0.000000	7.3
1005	-0.761325	149.192477	0.005094	8.7
1006	-0.000000	149.111599	0.000000	7.8
1007	-0.000000	149.030838	0.000000	8.6
1008	-0.000000	148.950194	0.000000	7.4
1009	-0.123107	148.869666	0.002511	8.9
1010	-0.118906	148.789253	0.001911	7.8
1011	-0.725740	148.708957	0.006034	8.5
1012	-0.274618	148.628776	0.004136	7.5
1013	-0.000663	148.548710	0.000411	8.6
1014	-0.278952	148.468759	0.003003	8.4
1015	-0.000000	148.388923	0.000000	8.1
1016	-0.702260	148.309201	0.005738	8.0
1017	-0.568939	148.229594	0.005923	8.0
1018	-0.000000	148.150100	0.000000	8.7
1019	-0.000000	148.070719	0.000000	8.0
1020	-0.779021	147.991452	0.005938	7.5
1021	-0.000000	147.912298	0.000000	8.2
1022	-0.954524	147.833257	0.010700	7.4
1023	-0.076634	147.754329	0.002698	7.7
1024	-0.000000	147.675512	0.000000	7.3
1025	-0.854315	147.596808	0.006545	7.7
1026	-0.000000	147.518216	0.000000	7.7
1027	-0.000305	147.439735	0.000185	8.5
1028	-0.697584	147.361365	0.007184	7.2
1029	-0.000000	147.283106	0.000000	8.0
1030	-0.000000	147.204958	0.000000	7.1
1031	-0.906482	147.126920	0.006259	7.2
1032	-0.475498	147.048993	0.003612	7.8
1033	-0.834459	146.971175	0.005641	7.4
1034	-0.127413	146.893468	0.003190	8.4
1035	-0.699642	146.815869	0.005417	7.3
1036	-0.662629	146.738380	0.006262	8.0
1037	-0.000000	146.661000	0.000000	7.2
1038	-0.849609	146.583729	0.005215	8.6
1039	-0.149634	146.506566	0.003228	7.7
1040	-0.023095	146.429511	0.000972	8.7
1041	-0.735687	146.352565	0.010557	7.3
1042	-0.948349	146.275726	0.005263	8.5
1043	-1.059528	146.198994	0.006958	7.7
1044	-0.949765	146.122370	0.010177	8.6
1045	-0.612390	146.045853	0.005307	7.4
1046	-0.431790	145.969442	0.004788	8.4
1047	-0.692243	145.893139	0.004153	7.5
1048	-1.040459	145.816941	0.006047	8.1
1049	-0.813857	145.740849	0.008384	7.4
1050	-0.458739	145.664863	0.005541	8.5
1051	-0.000000	145.588983	0.000000	7.6
1052	-0.758648	145.513208	0.005155	8.4
1053	-0.469081	145.437538	0.004750	8.9
1054	-0.001445	145.361973	0.000321	8.7
1055	-0.744061	145.286513	0.006181	7.6
1056	-0.330513	145.211157	0.004368	8.2
1057	-0.412145	145.135905	0.004908	7.9
1058	-0.410449	145.060757	0.006433	8.3
1059	-0.479649	144.985712	0.005681	7.7
1060	-0.000000	144.910771	0.000000	7.9
1061	-0.366566	144.835934	0.005378	7.0
1062	-0.594130	144.761199	0.008028	7.3
1063	-0.642381	144.686567	0.007292	8.0
1064	-1.082364	144.612037	0.007843	7.4
1065	-0.000000	144.537610	0.000000	9.1
1066	-0.482307	144.463285	0.005190	9.9
1067	-0.019272	144.389062	0.001578	8.2
1068	-0.733500	144.314940	0.011642	7.9
1069	-0.593288	144.240920	0.006313	7.3
1070	-0.136162	144.167001	0.003865	7.3
1071	-0.001805	144.093182	0.000398	8.0
1072	-0.762263	144.019465	0.006262	7.1
1073	-0.946176	143.945848	0.004659	8.2
1074	-0.249443	143.872331	0.004563	8.0
1075	-0.814394	143.798914	0.005285	8.4
1076	-0.947662	143.725597	0.007298	7.4
1077	-0.589498	143.652380	0.007621	9.2
1078	-0.956909	143.579262	0.006431	7.6
1079	-0.731361	143.506243	0.003672	8.8
1080	-0.826086	143.433323	0.006466	7.7
1081	-0.497750	143.360502	0.007357	7.6
1082	-0.876433	143.287780	0.006441	7.6
1083	-0.665850	143.215155	0.006932	8.4
1084	-0.386239	143.142629	0.005242	7.5
1085	-0.635740	143.070201	0.010327	7.9
1086	-0.631365	142.997870	0.006260	7.5
1087	-0.000000	142.925637	0.000000	9.1
1088	-0.807208	142.853501	0.005996	7.7
1089	-0.301374	142.781462	0.004437	8.3
1090	-1.024004	142.709519	0.005649	8.7
1091	-0.981944	142.637674	0.005930	10.0
1092	-0.348216	142.565924	0.004393	7.6
1093	-0.018599	142.494271	0.001169	8.6
1094	-0.098784	142.422714	0.003317	8.0
1095	-0.828978	142.351252	0.005665	8.3
1096	-0.000000	142.279886	0.000000	7.5
1097	-0.918947	142.208616	0.007138	7.7
1098	-0.000000	142.137440	0.000000	7.4
1099	-0.916399	142.066360	0.005659	7.8
1100	-0.094991	141.995374	0.005181	7.7
1101	-0.166953	141.924483	0.002495	8.1
1102	-0.702285	141.853685	0.005047	8.1
1103	-0.522045	141.782983	0.006394	8.0
1104	-0.696994	141.712373	0.006147	7.5
1105	-0.968407	141.641858	0.004802	8.0
1106	-0.000000	141.571436	0.000000	7.6
1107	-0.225248	141.501108	0.004777	8.2
1108	-0.524664	141.430872	0.007094	7.4
1109	-0.485636	141.360730	0.004587	7.9
1110	-0.000000	141.290680	0.000000	8.0
1111	-0.851030	141.220722	0.004535	7.2
1112	-0.506398	141.150857	0.006078	8.1
1113	-0.000000	141.081084	0.000000	7.2
1114	-0.855082	141.011403	0.010848	8.2
1115	-0.349559	140.941813	0.003908	7.5
1116	-0.547395	140.872315	0.005535	8.6
1117	-0.575092	140.802909	0.004211	8.1
1118	-0.324083	140.733593	0.004756	8.2
1119	-0.000000	140.664369	0.000000	8.1
1120	-0.554230	140.595235	0.006160	8.5
1121	-0.000000	140.526192	0.000000	7.5
1122	-0.378863	140.457239	0.007423	8.3
1123	-0.000000	140.388376	0.000000	7.6
1124	-0.450754	140.319603	0.005894	8.3
1125	-0.000856	140.250920	0.000230	7.4
1126	-0.649764	140.182326	0.007493	8.5
1127	-0.000000	140.113822	0.000000	7.7
1128	-0.351372	140.045407	0.004108	8.7
1129	-0.781109	139.977081	0.005970	8.4
1130	-0.000000	139.908844	0.000000	8.2
1131	-0.000000	139.840696	0.000000	7.5
1132	-0.427298	139.772635	0.004660	8.5
1133	-0.058498	139.704664	0.002610	7.7
1134	-0.337753	139.636780	0.006287	8.0
1135	-0.911507	139.568984	0.007427	7.6
1136	-0.000000	139.501276	0.000000	8.0
1137	-0.595374	139.433655	0.007605	7.9
1138	-0.964468	139.366122	0.007782	8.3
1139	-0.960013	139.298676	0.007225	7.8
1140	-0.610496	139.231317	0.005583	8.2
1141	-0.856749	139.164045	0.005776	7.5
1142	-0.584202	139.096859	0.007180	7.9
1143	-1.079604	139.029760	0.010486	9.0
1144	-0.000000	138.962747	0.000000	7.8
1145	-0.742843	138.895820	0.006456	7.3
1146	-0.000000	138.828978	0.000000	7.4
1147	-0.000000	138.762223	0.000000	7.5
1148	-0.259899	138.695553	0.003955	7.3
1149	-0.009906	138.628969	0.000945	8.1
1150	-0.972771	138.562469	0.009483	7.3
1151	-0.000000	138.496055	0.000000	8.1
1152	-0.655836	138.429725	0.005642	7.6
1153	-0.511922	138.363481	0.004130	8.1
1154	-0.000000	138.297320	0.000000	7.4
1155	-0.000000	138.231244	0.000000	8.8
1156	-0.079266	138.165252	0.003156	8.1
1157	-0.797813	138.099344	0.005620	8.7
1158	-0.006614	138.033520	0.000452	7.4
1159	-0.360422	137.967779	0.005338	8.3
1160	-0.000009	137.902122	0.000010	7.7
1161	-0.000009	137.836548	0.000009	8.1
1162	-0.000000	137.771057	0.000000	7.3
1163	-0.367020	137.705649	0.004982	8.5
1164	-0.878037	137.640324	0.006902	7.4
1165	-0.979736	137.575081	0.005182	8.7
1166	-0.996277	137.509921	0.004233	8.0
1167	-0.030804	137.444842	0.005013	8.1
1168	-0.838362	137.379846	0.005872	8.7
1169	-0.275781	137.314932	0.002875	8.9
1170	-0.712828	137.250100	0.008211	8.0
1171	-0.000000	137.185349	0.000000	8.5
1172	-0.554772	137.120680	0.007010	7.5
1173	-0.894051	137.056092	0.006978	7.9
1174	-0.573939	136.991585	0.006851	7.6
1175	-0.001610	136.927158	0.000155	8.3
1176	-0.000000	136.862813	0.000000	7.5
1177	-0.000271	136.798548	0.000166	8.1
1178	-1.071793	136.734363	0.006844	7.8
1179	-0.000000	136.670259	0.000000	7.9
1180	-1.127172	136.606235	0.007154	7.7
1181	-0.714606	136.542291	0.007343	8.2
1182	-0.492218	136.478426	0.005314	8.9
1183	-0.703092	136.414641	0.005442	7.4
1184	-0.610456	136.350936	0.005684	7.8
1185	-0.509322	136.287310	0.003843	7.7
1186	-0.895063	136.223763	0.006000	8.2
1187	-0.000006	136.160295	0.000007	8.4
1188	-0.356279	136.096905	0.007205	7.8
1189	-1.021394	136.033594	0.006068	7.4
1190	-0.939589	135.970362	0.006722	8.0
1191	-0.682345	135.907208	0.007160	7.2
1192	-0.000015	135.844133	0.000008	8.1
1193	-0.183823	135.781135	0.004677	7.8
1194	-0.012050	135.718215	0.002456	8.3
1195	-0.006180	135.655373	0.000678	8.1
1196	-0.910746	135.592608	0.007246	8.0
1197	-0.001999	135.529921	0.000399	8.1
1198	-0.821907	135.467311	0.006342	8.4
1199	-0.944310	135.404778	0.005030	7.4
1200	-0.665268	135.342322	0.008415	8.5
1201	-0.000000	135.279942	0.000000	7.5
1202	-0.003016	135.217640	0.000534	8.1
1203	-0.671563	135.155413	0.010463	7.4
1204	-0.000000	135.093263	0.000000	9.9
1205	-0.424616	135.031190	0.006010	7.5
1206	-0.272405	134.969192	0.007451	8.4
1207	-0.020440	134.907270	0.001578	8.7
1208	-0.717665	134.845424	0.004752	8.0
1209	-0.008786	134.783653	0.000792	8.1
1210	-0.000000	134.721958	0.000000	7.8
1211	-0.000000	134.660338	0.000000	7.3
1212	-0.195535	134.598793	0.003874	8.2
1213	-0.016281	134.537323	0.001481	8.0
1214	-0.839709	134.475927	0.006491	9.2
1215	-0.594073	134.414607	0.005049	7.5
1216	-0.943029	134.353361	0.005086	8.9
1217	-0.895729	134.292189	0.006066	7.5
1218	-1.019824	134.231092	0.005812	8.6
1219	-0.000000	134.170068	0.000000	7.3
1220	-0.001040	134.109119	0.000789	8.4
1221	-0.656728	134.048243	0.006367	8.4
1222	-0.436992	133.987441	0.006031	7.8
1223	-0.000000	133.926713	0.000000	7.5
1224	-1.014797	133.866057	0.006831	8.1
1225	-0.612964	133.805475	0.002379	7.5
1226	-0.000000	133.744966	0.000000	7.6
1227	-0.916630	133.684530	0.004417	7.8
1228	-0.000000	133.624167	0.000000	7.4
1229	-0.907597	133.563877	0.008021	8.0
1230	-0.552741	133.503658	0.004929	7.4
1231	-0.360385	133.443513	0.006613	8.1
1232	-0.000000	133.383439	0.000000	7.4
1233	-0.910000	133.323437	0.005582	8.7
1234	-0.671539	133.263508	0.005384	8.0
1235	-0.000457	133.203650	0.000218	8.3
1236	-0.999325	133.143864	0.008898	8.2
1237	-0.834292	133.084149	0.004888	8.6
1238	-0.000000	133.024506	0.000000	7.5
1239	-0.816752	132.964934	0.006664	8.7
1240	-0.488963	132.905433	0.005303	7.6
1241	-1.053281	132.846003	0.008526	8.3
1242	-0.000000	132.786643	0.000000	7.8
1243	-0.211493	132.727355	0.003018	8.2
1244	-0.691169	132.668137	0.005329	8.0
1245	-0.000000	132.608989	0.000000	7.6
1246	-0.487557	132.549912	0.006969	8.2
1247	-0.827325	132.490904	0.005279	7.9
1248	-0.610981	132.431967	0.005678	8.9
1249	-0.000000	132.373100	0.000000	8.4
1250	-0.769614	132.314302	0.006585	7.7
1251	-0.749039	132.255574	0.005835	8.0
1252	-0.695345	132.196916	0.005897	7.3
1253	-0.000000	132.138326	0.000000	8.9
1254	-0.000000	132.079806	0.000000	7.4
1255	-0.000004	132.021355	0.000004	7.9
1256	-0.952838	131.962973	0.009069	7.3
1257	-0.647630	131.904660	0.007754	8.7
1258	-0.000000	131.846415	0.000000	7.1
1259	-0.171422	131.788239	0.008757	7.7
1260	-0.594805	131.730131	0.008440	8.7
1261	-0.481050	131.672092	0.005692	8.0
1262	-0.000000	131.614121	0.000000	7.4
1263	-0.631123	131.556217	0.007410	7.2
1264	-0.681051	131.498382	0.006130	8.3
1265	-0.496832	131.440614	0.004820	7.4
1266	-0.104648	131.382914	0.002385	8.1
1267	-0.000000	131.325282	0.000000	7.4
1268	-0.000000	131.267717	0.000000	8.4
1269	-0.709639	131.210219	0.005905	7.4
1270	-0.551674	131.152788	0.007931	8.3
1271	-0.000000	131.095424	0.000000	7.9
1272	-0.000000	131.038127	0.000000	8.5
1273	-0.850861	130.980897	0.005285	8.6
1274	-0.905450	130.923733	0.006713	8.8
1275	-0.000142	130.866636	0.000161	7.8
1276	-0.837678	130.809605	0.006884	8.3
1277	-0.077830	130.752641	0.003101	7.5
1278	-0.838370	130.695742	0.004503	8.7
1279	-0.437044	130.638910	0.004446	7.4
1280	-1.009975	130.582143	0.005749	8.2
1281	-0.788928	130.525442	0.005279	8.0
1282	-0.000000	130.468807	0.000000	7.5
1283	-1.043062	130.412237	0.005125	8.4
1284	-0.066954	130.355733	0.005783	8.1
1285	-0.000000	130.299294	0.000000	8.3
1286	-0.561705	130.242920	0.008357	8.5
1287	-0.213344	130.186611	0.003631	7.4
1288	-0.749602	130.130366	0.007546	8.3
1289	-0.013461	130.074187	0.001231	7.4
1290	-0.972568	130.018072	0.005682	8.4
1291	-0.000000	129.962022	0.000000	7.7
1292	-0.561055	129.906036	0.004419	8.1
1293	-0.288866	129.850114	0.007671	7.0
1294	-0.225015	129.794257	0.005705	7.1
1295	-0.964204	129.738463	0.005299	8.1
1296	-0.730516	129.682734	0.011652	7.3
1297	-0.943300	129.627068	0.007171	7.8
1298	-0.888591	129.571466	0.006820	7.2
1299	-0.665313	129.515927	0.006117	8.6
1300	-0.277596	129.460452	0.004525	7.6
1301	-0.000000	129.405040	0.000000	8.4
1302	-0.683204	129.349692	0.006457	7.3
1303	-0.420944	129.294406	0.004015	8.7
1304	-0.000000	129.239183	0.000000	7.9
1305	-0.075657	129.184024	0.003035	8.7
1306	-0.000000	129.128927	0.000000	8.5
1307	-0.513959	129.073892	0.009160	7.8
1308	-0.856831	129.018921	0.007586	9.0
1309	-0.000000	128.964011	0.000000	8.9
1310	-0.913318	128.909164	0.009542	8.1
1311	-0.000458	128.854379	0.000130	9.7
1312	-0.000000	128.799656	0.000000	9.1
1313	-0.573584	128.744995	0.005265	9.0
1314	-0.000000	128.690396	0.000000	9.2
1315	-0.000000	128.635858	0.000000	8.5
1316	-0.668882	128.581382	0.006026	8.7
1317	-1.050050	128.526968	0.006890	8.0
1318	-0.263421	128.472615	0.003483	8.6
1319	-0.448644	128.418323	0.005190	7.8
1320	-0.842069	128.364092	0.005202	8.1
1321	-0.576460	128.309922	0.005118	8.1
1322	-0.834319	128.255814	0.008394	8.3
1323	-0.155798	128.201766	0.004313	8.8
1324	-0.041321	128.147778	0.003540	8.6
1325	-0.023114	128.093852	0.004081	7.6
1326	-0.802439	128.039985	0.008039	8.7
1327	-0.094270	127.986180	0.002121	9.3
1328	-0.914116	127.932434	0.010026	9.4
1329	-0.000000	127.878749	0.000000	9.3
1330	-0.000000	127.825123	0.000000	9.7
1331	-0.000000	127.771558	0.000000	8.2
1332	-0.331873	127.718052	0.004343	10.7
1333	-0.000292	127.664606	0.000204	11.1
1334	-0.537491	127.611220	0.004042	9.0
1335	-0.421634	127.557893	0.006333	10.1
1336	-0.000000	127.504625	0.000000	11.2
1337	-0.038360	127.451417	0.000609	9.8
1338	-0.508163	127.398268	0.004355	10.7
1339	-0.000000	127.345178	0.000000	9.4
1340	-0.230487	127.292147	0.007790	9.3
1341	-1.016835	127.239175	0.007771	10.4
1342	-0.523746	127.186261	0.006239	9.0
1343	-0.015598	127.133407	0.001234	9.3
1344	-0.574403	127.080610	0.006783	9.1
1345	-0.486427	127.027872	0.004929	9.7
1346	-0.759201	126.975193	0.008076	11.3
1347	-0.000000	126.922572	0.000000	9.7
1348	-0.390700	126.870008	0.005700	10.4
1349	-0.744187	126.817503	0.009564	10.9
1350	-0.247533	126.765056	0.003800	10.6
1351	-0.000000	126.712667	0.000000	9.6
1352	-0.000000	126.660335	0.000000	9.6
1353	-0.041712	126.608061	0.002554	9.4
1354	-0.036470	126.555844	0.003223	10.8
1355	-0.591335	126.503685	0.006975	9.8
1356	-0.642800	126.451583	0.005973	10.3
1357	-0.000000	126.399538	0.000000	12.3
1358	-0.000000	126.347550	0.000000	10.6
1359	-0.921121	126.295619	0.007331	9.6
1360	-0.009530	126.243745	0.001303	9.1
1361	-0.585258	126.191928	0.005502	11.2
1362	-0.758708	126.140168	0.005499	10.9
1363	-0.444157	126.088464	0.005576	9.2
1364	-0.540733	126.036817	0.005446	10.0
1365	-0.083035	125.985226	0.002039	9.1
1366	-0.625993	125.933691	0.005580	10.1
1367	-0.000000	125.882212	0.000000	9.8
1368	-0.074682	125.830790	0.004522	9.8
1369	-0.151436	125.779423	0.004284	10.0
1370	-0.525906	125.728113	0.005326	10.0
1371	-0.684593	125.676858	0.006809	8.9
1372	-0.568547	125.625659	0.003391	9.6
1373	-0.461708	125.574515	0.005176	9.1
1374	-0.764974	125.523427	0.006206	9.8
1375	-0.864202	125.472394	0.008026	9.2
1376	-0.221786	125.421417	0.008159	9.5
1377	-0.485417	125.370495	0.006659	9.4
1378	-0.000000	125.319628	0.000000	9.9
1379	-0.652525	125.268815	0.006254	10.3
1380	-0.000000	125.218058	0.000000	8.7
1381	-0.869550	125.167356	0.004855	8.7
1382	-0.953388	125.116708	0.007037	8.2
1383	-0.000000	125.066115	0.000000	9.4
1384	-0.803831	125.015576	0.005710	8.7
1385	-0.000000	124.965092	0.000000	10.0
1386	-0.007954	124.914662	0.001238	9.4
1387	-0.628692	124.864287	0.005687	9.7
1388	-1.020501	124.813965	0.006850	10.0
1389	-0.506508	124.763698	0.004194	9.5
1390	-0.291792	124.713485	0.005131	9.0
1391	-1.003190	124.663325	0.005531	8.6
1392	-0.868858	124.613219	0.005155	9.9
1393	-0.000000	124.563167	0.000000	9.9
1394	-0.467374	124.513168	0.003459	8.8
1395	-0.000000	124.463223	0.000000	9.2
1396	-0.000000	124.413332	0.000000	8.9
1397	-0.000000	124.363493	0.000000	9.0
1398	-0.001499	124.313708	0.000449	8.1
1399	-1.069160	124.263976	0.007803	10.2
1400	-0.000000	124.214297	0.000000	9.0
1401	-0.681948	124.164671	0.004304	8.9
1402	-0.650209	124.115097	0.006165	9.7
1403	-0.475313	124.065577	0.004582	8.8
1404	-0.000000	124.016109	0.000000	9.3
1405	-0.000000	123.966693	0.000000	8.7
1406	-0.697603	123.917330	0.006096	9.0
1407	-0.418533	123.868020	0.005305	8.7
1408	-0.541854	123.818762	0.008003	9.1
1409	-0.000000	123.769556	0.000000	8.4
1410	-0.000000	123.720402	0.000000	9.3
1411	-0.531240	123.671300	0.008042	9.6
1412	-0.477303	123.622250	0.003432	10.1
1413	-0.343350	123.573252	0.003163	9.2
1414	-0.229945	123.524305	0.005028	9.0
1415	-0.624272	123.475411	0.003281	9.8
1416	-0.761907	123.426568	0.006356	9.4
1417	-0.710105	123.377776	0.005558	9.2
1418	-0.000000	123.329036	0.000000	9.6
1419	-0.000000	123.280347	0.000000	9.1
1420	-0.195809	123.231709	0.003283	9.5
1421	-0.931154	123.183122	0.014539	8.8
1422	-0.782644	123.134587	0.006133	10.1
1423	-0.949336	123.086102	0.005854	8.5
1424	-0.331025	123.037669	0.004350	9.6
1425	-0.782763	122.989286	0.005883	9.5
1426	-0.035525	122.940954	0.001755	8.3
1427	-0.675005	122.892672	0.005307	9.3
1428	-0.707011	122.844441	0.007599	7.5
1429	-0.752071	122.796261	0.005828	9.7
1430	-0.855410	122.748130	0.005935	9.0
1431	-0.697994	122.700050	0.007926	9.5
1432	-0.000000	122.652021	0.000000	8.6
1433	-0.925777	122.604041	0.006154	9.4
1434	-0.901938	122.556111	0.008885	8.6
1435	-0.307650	122.508232	0.005846	9.9
1436	-0.000000	122.460402	0.000000	9.9
1437	-0.018637	122.412622	0.001235	9.2
1438	-0.288157	122.364891	0.005011	9.6
1439	-0.501942	122.317210	0.004455	8.6
1440	-0.331420	122.269579	0.004793	9.2
1441	-0.007371	122.221997	0.000759	9.0
1442	-0.555008	122.174465	0.005409	10.6
1443	-0.525364	122.126981	0.005422	10.3
1444	-0.088603	122.079547	0.003150	9.0
1445	-0.000000	122.032162	0.000000	10.6
1446	-0.804289	121.984826	0.005780	9.7
1447	-0.610127	121.937539	0.005150	8.3
1448	-0.916651	121.890301	0.005334	10.0
1449	-0.000000	121.843112	0.000000	9.1
1450	-0.711752	121.795971	0.004405	8.9
1451	-0.000404	121.748879	0.000091	10.1
1452	-0.807666	121.701835	0.005725	10.0
1453	-0.000000	121.654840	0.000000	9.1
1454	-0.453863	121.607893	0.005263	8.8
1455	-0.042565	121.560994	0.002185	9.1
1456	-0.042648	121.514144	0.002221	8.1
1457	-0.643074	121.467342	0.003342	9.0
1458	-0.987805	121.420588	0.004810	9.3
1459	-1.017267	121.373882	0.005705	9.3
1460	-0.964122	121.327223	0.008335	8.4
1461	-1.113500	121.280613	0.011733	9.1
1462	-0.486021	121.234050	0.005621	8.5
1463	-0.923964	121.187535	0.006986	8.8
1464	-0.172762	121.141067	0.006374	7.5
1465	-0.372674	121.094647	0.004469	9.3
1466	-0.000000	121.048274	0.000000	8.3
1467	-0.808637	121.001949	0.009498	8.6
1468	-0.031232	120.955671	0.002617	8.8
1469	-0.833401	120.909440	0.006906	8.7
1470	-0.334292	120.863256	0.003912	8.6
1471	-0.856304	120.817119	0.009071	9.3
1472	-0.556211	120.771029	0.005271	9.4
1473	-0.694822	120.724986	0.005052	8.0
1474	-0.281941	120.678990	0.003086	9.6
1475	-0.738157	120.633040	0.005297	8.3
1476	-0.000000	120.587137	0.000000	9.3
1477	-0.990580	120.541281	0.014971	8.5
1478	-0.908136	120.495471	0.007566	9.2
1479	-0.413623	120.449707	0.004793	8.9
1480	-0.000784	120.403990	0.000503	8.6
1481	-0.496269	120.358319	0.004908	9.6
1482	-0.878399	120.312694	0.004828	10.1
1483	-0.955114	120.267115	0.006610	9.6
1484	-0.050760	120.221582	0.001500	8.1
1485	-0.537452	120.176096	0.007175	9.4
1486	-0.030195	120.130655	0.000652	8.7
1487	-0.000000	120.085260	0.000000	8.4
1488	-0.124749	120.039910	0.004009	8.8
1489	-0.959448	119.994606	0.005697	8.6
1490	-0.000000	119.949348	0.000000	9.3
1491	-0.167371	119.904135	0.006320	9.0
1492	-0.110551	119.858968	0.005347	10.0
1493	-0.868152	119.813846	0.006053	8.7
1494	-0.831457	119.768769	0.006278	9.4
1495	-0.082526	119.723738	0.005283	8.7
1496	-0.955278	119.678752	0.005049	10.1
1497	-0.027123	119.633810	0.004229	8.4
1498	-0.048634	119.588914	0.002777	8.6
1499	-0.676065	119.544062	0.005873	9.1
1500	-0.095360	119.499256	0.003095	8.6
1501	-1.057034	119.454494	0.006622	8.8
1502	-0.086154	119.409777	0.005177	8.7
1503	-1.069644	119.365104	0.005990	9.3
1504	-0.054125	119.320476	0.002132	8.8
1505	-0.820899	119.275893	0.005041	9.6
1506	-0.224038	119.231353	0.007187	9.3
1507	-0.937558	119.186859	0.006611	9.2
1508	-0.000000	119.142408	0.000000	8.8
1509	-0.153914	119.098002	0.004074	8.9
1510	-0.000000	119.053639	0.000000	8.7
1511	-0.552811	119.009321	0.005066	8.8
1512	-0.008919	118.965047	0.000384	9.1
1513	-0.000000	118.920816	0.000000	7.9
1514	-0.597776	118.876630	0.004709	9.3
1515	-0.000000	118.832487	0.000000	8.9
1516	-0.000000	118.788388	0.000000	9.8
1517	-0.725761	118.744332	0.007831	8.9
1518	-0.002845	118.700320	0.001055	9.8
1519	-1.095116	118.656352	0.006808	9.4
1520	-0.848456	118.612427	0.007772	8.6
1521	-0.373371	118.568545	0.004247	9.5
1522	-0.146005	118.524706	0.005456	8.7
1523	-0.512080	118.480911	0.004741	10.0
1524	-0.267738	118.437159	0.003902	8.8
1525	-0.475143	118.393450	0.005282	9.4
1526	-0.000000	118.349784	0.000000	8.9
1527	-0.686804	118.306160	0.005791	8.9
1528	-0.621986	118.262580	0.005496	9.6
1529	-0.027670	118.219042	0.001661	10.6
1530	-0.000000	118.175548	0.000000	9.3
1531	-0.000000	118.132095	0.000000	9.4
1532	-0.573925	118.088686	0.005658	9.6
1533	-0.000000	118.045319	0.000000	9.1
1534	-0.762600	118.001994	0.005935	8.9
1535	-0.927174	117.958712	0.008519	9.6
1536	-0.754812	117.915472	0.006998	8.6
1537	-1.005697	117.872274	0.008955	9.7
1538	-0.000000	117.829118	0.000000	9.5
1539	-0.193003	117.786005	0.001966	9.7
1540	-0.879636	117.742933	0.006063	8.6
1541	-0.569955	117.699904	0.004638	10.2
1542	-0.865953	117.656916	0.006507	9.6
1543	-0.370530	117.613971	0.004334	8.8
1544	-0.319401	117.571067	0.004771	9.9
1545	-0.921747	117.528205	0.006030	10.0
1546	-0.000000	117.485384	0.000000	8.8
1547	-0.019188	117.442605	0.001185	9.0
1548	-0.626087	117.399867	0.005870	10.1
1549	-0.509162	117.357171	0.003792	10.6
1550	-0.270715	117.314517	0.004152	9.5
1551	-0.000000	117.271903	0.000000	11.5
1552	-0.000000	117.229331	0.000000	11.9
1553	-0.000000	117.186800	0.000000	10.8
1554	-0.978793	117.144311	0.008658	9.7
1555	-0.896957	117.101862	0.006543	9.7
1556	-0.483460	117.059454	0.004923	9.5
1557	-0.506838	117.017087	0.005186	10.1
1558	-1.042078	116.974762	0.005816	9.1
1559	-0.000000	116.932476	0.000000	9.0
1560	-0.000000	116.890232	0.000000	9.2
1561	-0.991711	116.848028	0.006898	9.9
1562	-0.000000	116.805865	0.000000	10.0
1563	-0.565136	116.763743	0.005825	11.3
1564	-0.471184	116.721661	0.005488	10.2
1565	-0.616084	116.679619	0.004013	9.6
1566	-0.169160	116.637618	0.002776	8.8
1567	-0.935018	116.595657	0.006750	9.6
1568	-0.678495	116.553736	0.003362	9.4
1569	-0.919602	116.511855	0.007853	9.5
1570	-0.398649	116.470015	0.003860	10.4
1571	-0.000000	116.428214	0.000000	8.8
1572	-0.434338	116.386454	0.004918	9.1
1573	-0.000180	116.344733	0.000129	9.7
1574	-0.859238	116.303052	0.004531	9.3
1575	-0.000000	116.261412	0.000000	7.4
1576	-0.877749	116.219810	0.006294	8.6
1577	-0.264563	116.178249	0.005008	8.3
1578	-0.000000	116.136727	0.000000	8.7
1579	-0.000000	116.095245	0.000000	8.5
1580	-0.944392	116.053802	0.005519	9.6
1581	-0.300777	116.012398	0.006575	8.9
1582	-0.000000	115.971034	0.000000	9.0
1583	-0.483564	115.929710	0.005316	10.7
1584	-0.905957	115.888424	0.004611	10.3
1585	-0.077332	115.847178	0.002239	9.5
1586	-0.753358	115.805970	0.006120	9.0
1587	-0.111699	115.764802	0.003245	9.3
1588	-0.572882	115.723673	0.005289	9.5
1589	-0.895557	115.682583	0.005294	9.2
1590	-0.000000	115.641532	0.000000	9.3
1591	-1.002289	115.600519	0.006977	8.7
1592	-0.029175	115.559546	0.001523	9.1
1593	-0.753895	115.518610	0.004860	9.0
1594	-0.832539	115.477714	0.008133	10.0
1595	-0.401074	115.436856	0.004582	8.5
1596	-0.947120	115.396037	0.006133	10.6
1597	-0.014463	115.355256	0.000754	10.1
1598	-0.000000	115.314514	0.000000	8.0
1599	-0.214048	115.273810	0.005791	9.8
1600	-0.000000	115.233144	0.000000	9.2
1601	-0.921831	115.192517	0.007490	8.9
1602	-0.001323	115.151927	0.000189	9.3
1603	-0.000000	115.111376	0.000000	8.7
1604	-0.149305	115.070863	0.003835	8.9
1605	-0.000000	115.030388	0.000000	9.0
1606	-0.446622	114.989951	0.007975	8.9
1607	-0.754193	114.949551	0.005618	9.9
1608	-0.845853	114.909190	0.007022	9.4
1609	-0.616092	114.868866	0.004734	8.8
1610	-0.906302	114.828580	0.007535	9.7
1611	-0.625251	114.788332	0.006837	8.6
1612	-0.914227	114.748121	0.004322	9.3
1613	-0.000000	114.707948	0.000000	8.7
1614	-0.785922	114.667812	0.006601	9.2
1615	-1.090219	114.627714	0.005861	9.4
1616	-0.468882	114.587653	0.004651	9.2
1617	-0.352298	114.547629	0.003709	9.0
1618	-0.817017	114.507643	0.007162	9.3
1619	-0.736291	114.467693	0.005415	9.2
1620	-1.004371	114.427781	0.004826	8.4
1621	-0.268621	114.387907	0.004068	9.6
1622	-0.787594	114.348069	0.006180	9.7
1623	-0.949704	114.308268	0.007351	9.5
1624	-0.472842	114.268504	0.005349	8.9
1625	-0.786353	114.228777	0.008439	9.0
1626	-0.811807	114.189086	0.006769	9.5
1627	-0.802384	114.149433	0.004655	10.1
1628	-0.659236	114.109816	0.006181	9.1
1629	-0.080412	114.070235	0.003864	9.3
1630	-0.334198	114.030692	0.004900	10.1
1631	-0.447651	113.991185	0.004651	9.1
1632	-0.707758	113.951714	0.006220	8.6
1633	-0.191149	113.912280	0.002577	9.1
1634	-0.704453	113.872882	0.004896	8.9
1635	-0.000000	113.833521	0.000000	9.1
1636	-0.819422	113.794195	0.007556	8.2
1637	-0.971539	113.754906	0.005952	8.8
1638	-0.544720	113.715653	0.005245	9.2
1639	-0.000000	113.676437	0.000000	8.3
1640	-0.006143	113.637256	0.001895	9.5
1641	-0.785570	113.598111	0.004703	8.9
1642	-0.771629	113.559002	0.005996	10.3
1643	-0.716813	113.519929	0.006755	9.4
1644	-0.000000	113.480892	0.000000	9.5
1645	-0.974800	113.441891	0.005002	9.0
1646	-0.777050	113.402925	0.004546	8.4
1647	-0.000321	113.363995	0.000118	8.8
1648	-0.000226	113.325101	0.000132	8.5
1649	-0.128067	113.286242	0.004152	10.2
1650	-0.000000	113.247419	0.000000	8.9
1651	-0.004030	113.208631	0.000454	9.4
1652	-0.324705	113.169879	0.002488	8.5
1653	-0.000000	113.131162	0.000000	10.8
1654	-0.007870	113.092480	0.000558	10.5
1655	-0.614318	113.053833	0.004868	9.0
1656	-0.585307	113.015222	0.008301	9.1
1657	-0.007379	112.976646	0.000808	8.9
1658	-0.704743	112.938105	0.003767	9.5
1659	-0.006091	112.899599	0.000959	8.7
1660	-0.486650	112.861128	0.004114	9.5
1661	-1.097492	112.822692	0.007038	9.2
1662	-0.757502	112.784291	0.005634	9.2
1663	-0.000549	112.745924	0.000205	9.7
1664	-0.926931	112.707593	0.006151	8.6
1665	-0.411112	112.669296	0.004345	9.5
1666	-0.642783	112.631034	0.008825	9.5
1667	-0.980067	112.592806	0.008111	8.8
1668	-0.000000	112.554613	0.000000	8.8
1669	-0.000009	112.516455	0.000008	9.9
1670	-0.288753	112.478331	0.002126	9.2
1671	-1.063392	112.440241	0.005653	8.3
1672	-0.490498	112.402186	0.004196	9.7
1673	-0.075981	112.364165	0.002197	8.5
1674	-0.557771	112.326179	0.005071	9.6
1675	-0.626944	112.288227	0.003690	8.0
1676	-0.443903	112.250309	0.004818	8.8
1677	-0.456191	112.212425	0.005171	8.8
1678	-0.626342	112.174575	0.005947	7.5
1679	-0.149920	112.136759	0.003820	8.9
1680	-0.000000	112.098977	0.000000	7.9
1681	-0.817833	112.061229	0.005506	8.1
1682	-0.000000	112.023515	0.000000	8.8
1683	-1.066120	111.985834	0.009503	8.5
1684	-0.749031	111.948188	0.006988	9.1
1685	-0.031009	111.910575	0.001273	8.3
1686	-0.651512	111.872996	0.004650	8.7
1687	-0.838028	111.835450	0.005177	8.9
1688	-0.317911	111.797939	0.004224	8.9
1689	-0.873134	111.760460	0.003896	9.3
1690	-0.629880	111.723015	0.005781	9.8
1691	-0.168706	111.685604	0.003295	9.1
1692	-0.838823	111.648226	0.006319	9.2
1693	-0.234495	111.610881	0.003004	9.0
1694	-0.559351	111.573570	0.005664	9.0
1695	-0.807377	111.536292	0.006979	9.3
1696	-0.759443	111.499047	0.004545	9.4
1697	-0.000000	111.461835	0.000000	8.8
1698	-0.000000	111.424656	0.000000	9.6
1699	-0.007325	111.387510	0.000684	8.5
1700	-0.613992	111.350398	0.006535	9.5
1701	-0.198320	111.313318	0.002554	9.1
1702	-0.008869	111.276271	0.000629	10.0
1703	-0.907832	111.239257	0.005480	9.4
1704	-0.690614	111.202276	0.005860	8.8
1705	-0.720772	111.165328	0.005416	9.7
1706	-0.687309	111.128412	0.006605	8.4
1707	-0.855791	111.091529	0.004177	9.2
1708	-0.000000	111.054679	0.000001	8.8
1709	-0.842489	111.017861	0.006039	9.2
1710	-0.761937	110.981076	0.007597	8.5
1711	-0.979942	110.944323	0.004586	10.1
1712	-0.811942	110.907603	0.006275	8.7
1713	-0.384172	110.870915	0.004463	8.3
1714	-0.000000	110.834259	0.000000	8.6
1715	-0.294176	110.797636	0.003634	7.8
1716	-0.859807	110.761045	0.005831	9.2
1717	-0.000000	110.724486	0.000000	8.0
1718	-0.907564	110.687959	0.007615	9.1
1719	-0.665747	110.651465	0.007579	8.3
1720	-0.000000	110.615002	0.000000	8.9
1721	-0.482842	110.578572	0.004062	9.1
1722	-0.636891	110.542173	0.003548	9.1
1723	-0.394533	110.505807	0.004582	7.6
1724	-1.041330	110.469472	0.006634	8.7
1725	-0.000000	110.433169	0.000000	8.9
1726	-0.675270	110.396898	0.010023	9.8
1727	-1.058858	110.360659	0.004863	8.8
1728	-0.364125	110.324451	0.004771	8.7
1729	-0.863502	110.288276	0.007777	9.5
1730	-0.922319	110.252131	0.005998	8.8
1731	-0.042124	110.216019	0.002811	8.8
1732	-0.858335	110.179937	0.007636	8.9
1733	-0.758006	110.143888	0.005969	9.1
1734	-0.000000	110.107869	0.000000	8.0
1735	-0.000000	110.071882	0.000000	8.8
1736	-0.461083	110.035927	0.007290	8.5
1737	-0.711126	110.000003	0.006711	10.8
1738	-0.000000	109.964110	0.000000	9.9
1739	-0.504367	109.928248	0.005285	9.0
1740	-0.000000	109.892417	0.000000	9.7
1741	-0.000000	109.856618	0.000000	8.0
1742	-0.532167	109.820850	0.006850	9.4
1743	-0.212862	109.785112	0.006700	8.9
1744	-0.009646	109.749406	0.002868	9.2
1745	-0.118927	109.713730	0.004248	7.7
1746	-0.002170	109.678086	0.000833	8.2
1747	-0.232132	109.642472	0.004701	8.5
1748	-0.053768	109.606890	0.001254	9.2
1749	-0.079395	109.571337	0.003445	9.3
1750	-0.364919	109.535816	0.006274	8.3
1751	-0.468980	109.500326	0.004977	8.3
1752	-0.482678	109.464866	0.006547	7.9
1753	-0.809607	109.429436	0.007532	8.8
1754	-0.677532	109.394038	0.006353	8.0
1755	-0.000000	109.358669	0.000000	8.1
1756	-0.000000	109.323331	0.000000	8.0
1757	-0.000000	109.288024	0.000000	8.8
1758	-0.194819	109.252747	0.003132	8.4
1759	-0.877723	109.217501	0.006325	9.5
1760	-0.059226	109.182284	0.001901	10.8
1761	-0.024876	109.147098	0.001352	8.6
1762	-0.287065	109.111942	0.004726	8.9
1763	-0.000001	109.076817	0.000001	8.2
1764	-0.594244	109.041721	0.006240	8.3
1765	-0.156550	109.006656	0.003137	8.3
1766	-0.709871	108.971620	0.005497	7.6
1767	-0.456938	108.936615	0.004394	8.5
1768	-0.306182	108.901640	0.004461	8.0
1769	-0.199238	108.866694	0.003637	9.6
1770	-0.028477	108.831779	0.003331	8.9
1771	-0.761890	108.796893	0.003293	9.2
1772	-0.279597	108.762037	0.004839	8.0
1773	-0.505751	108.727211	0.006192	8.5
1774	-0.360849	108.692415	0.003411	9.2
1775	-0.603812	108.657648	0.005098	9.6
1776	-0.885437	108.622911	0.006322	9.2
1777	-0.000000	108.588203	0.000000	8.7
1778	-0.673136	108.553525	0.005096	9.4
1779	-0.802370	108.518877	0.004953	9.1
1780	-0.102953	108.484258	0.002627	10.1
1781	-0.036353	108.449668	0.001342	9.5
1782	-0.866385	108.415108	0.007465	8.6
1783	-0.008536	108.380578	0.000522	9.9
1784	-0.000000	108.346076	0.000000	11.2
1785	-0.000000	108.311604	0.000000	10.6
1786	-0.075381	108.277161	0.002683	10.0
1787	-0.000000	108.242747	0.000000	8.6
1788	-0.919207	108.208363	0.005039	9.6
1789	-0.912500	108.174007	0.006982	9.2
1790	-0.005124	108.139681	0.000723	8.7
1791	-0.000000	108.105383	0.000000	8.7
1792	-0.847147	108.071115	0.006032	9.3
1793	-0.689087	108.036875	0.007269	10.5
1794	-0.110845	108.002665	0.005006	8.8
1795	-0.917294	107.968483	0.006854	9.2
1796	-0.853009	107.934330	0.008395	8.6
1797	-0.596592	107.900206	0.005007	9.0
1798	-0.000000	107.866111	0.000000	9.4
1799	-0.657453	107.832044	0.008177	9.5
1800	-0.678817	107.798007	0.005430	9.3
1801	-0.973527	107.763997	0.005597	8.6
1802	-0.931664	107.730017	0.008543	8.6
1803	-0.000000	107.696065	0.000000	8.4
1804	-0.957980	107.662141	0.006066	9.8
1805	-0.640360	107.628246	0.006175	9.3
1806	-0.839705	107.594379	0.004512	8.8
1807	-0.590590	107.560541	0.006555	9.1
1808	-1.139661	107.526731	0.007096	10.1
1809	-0.000000	107.492949	0.000000	8.0
1810	-0.000523	107.459196	0.000303	9.2
1811	-1.042394	107.425471	0.005147	9.7
1812	-0.566842	107.391774	0.005305	9.1
1813	-0.457187	107.358106	0.003297	9.9
1814	-0.924261	107.324465	0.009777	9.1
1815	-0.689919	107.290853	0.005435	10.4
1816	-0.211432	107.257268	0.004415	8.9
1817	-0.510149	107.223712	0.005634	9.5
1818	-0.593694	107.190184	0.005838	11.4
1819	-0.671801	107.156683	0.006025	8.5
1820	-0.100007	107.123211	0.002415	9.1
1821	-0.000000	107.089766	0.000000	9.1
1822	-0.788682	107.056349	0.005486	9.0
1823	-0.000000	107.022960	0.000000	8.6
1824	-0.000000	106.989599	0.000000	9.4
1825	-0.342022	106.956265	0.004950	8.4
1826	-0.783461	106.922960	0.004230	8.8
1827	-0.442286	106.889681	0.005090	9.5
1828	-0.827239	106.856431	0.006166	9.3
1829	-0.637924	106.823208	0.006637	9.4
1830	-0.827857	106.790012	0.005847	8.8
1831	-0.813161	106.756844	0.005984	9.7
1832	-0.374668	106.723703	0.004192	9.3
1833	-0.665971	106.690590	0.008139	9.3
1834	-0.186323	106.657505	0.005334	9.8
1835	-0.180561	106.624446	0.006802	8.7
1836	-0.546836	106.591415	0.006982	9.2
1837	-0.590846	106.558411	0.005403	8.4
1838	-0.592767	106.525435	0.005388	9.2
1839	-0.421070	106.492485	0.004440	8.6
1840	-0.519760	106.459563	0.004775	9.4
1841	-0.940026	106.426668	0.005590	9.7
1842	-0.899686	106.393800	0.006416	10.4
1843	-0.484140	106.360959	0.003933	9.4
1844	-0.899533	106.328145	0.006476	9.0
1845	-0.728568	106.295358	0.005571	9.9
1846	-1.070349	106.262598	0.008119	9.0
1847	-0.510418	106.229865	0.005740	9.6
1848	-0.000000	106.197158	0.000000	10.1
1849	-1.072236	106.164479	0.007177	8.9
1850	-0.037656	106.131826	0.001916	9.8
1851	-0.000000	106.099201	0.000000	8.8
1852	-0.000000	106.066602	0.000000	10.9
1853	-0.000000	106.034029	0.000000	10.0
1854	-1.022596	106.001483	0.005585	10.0
1855	-0.620213	105.968964	0.007395	9.7
1856	-0.703491	105.936472	0.006868	8.8
1857	-0.000000	105.904006	0.000000	8.8
1858	-0.000000	105.871566	0.000000	9.2
1859	-0.492005	105.839153	0.006554	9.0
1860	-0.000000	105.806767	0.000000	9.0
1861	-0.394296	105.774407	0.003133	9.6
1862	-0.032047	105.742073	0.002301	8.9
1863	-0.000000	105.709766	0.000000	8.9
1864	-0.327597	105.677485	0.004618	9.4
1865	-0.885926	105.645230	0.006020	9.7
1866	-0.866801	105.613001	0.005849	10.5
1867	-0.788854	105.580799	0.004664	9.2
1868	-0.716900	105.548623	0.005157	8.9
1869	-0.831573	105.516473	0.006111	9.1
1870	-0.519184	105.484349	0.005238	7.9
1871	-0.576291	105.452251	0.005415	9.4
1872	-0.900502	105.420179	0.004084	8.4
1873	-1.095585	105.388133	0.005055	9.1
1874	-0.000000	105.356113	0.000000	8.2
1875	-0.044357	105.324119	0.001747	9.6
1876	-0.993015	105.292151	0.010108	9.4
1877	-0.601860	105.260209	0.007751	9.2
1878	-0.435832	105.228293	0.005061	9.3
1879	-0.000000	105.196402	0.000000	8.9
1880	-0.741572	105.164537	0.004697	10.0
1881	-0.170312	105.132698	0.002110	8.2
1882	-0.689582	105.100885	0.005637	10.1
1883	-0.955929	105.069097	0.005888	9.1
1884	-0.006537	105.037335	0.000706	9.4
1885	-0.722326	105.005598	0.005741	8.8
1886	-0.770191	104.973887	0.005126	9.7
1887	-0.195040	104.942202	0.006884	8.6
1888	-0.000036	104.910542	0.000030	10.0
1889	-0.288271	104.878907	0.003339	9.6
1890	-0.290533	104.847298	0.003824	9.0
1891	-0.002351	104.815715	0.001087	9.7
1892	-0.927605	104.784156	0.006709	8.9
1893	-0.564900	104.752623	0.006028	9.8
1894	-0.614733	104.721116	0.007968	9.0
1895	-0.000000	104.689633	0.000000	8.5
1896	-1.033790	104.658176	0.007287	9.9
1897	-0.682777	104.626744	0.004563	8.7
1898	-0.167402	104.595337	0.002514	9.9
1899	-0.849643	104.563955	0.005068	9.2
1900	-0.433867	104.532599	0.009009	9.6
1901	-0.000000	104.501267	0.000000	8.5
1902	-0.587689	104.469960	0.007121	9.5
1903	-0.569464	104.438679	0.006147	10.0
1904	-0.799647	104.407422	0.004762	10.1
1905	-0.711065	104.376191	0.009233	9.8
1906	-0.169813	104.344984	0.005448	10.1
1907	-1.049646	104.313802	0.006105	9.6
1908	-0.610781	104.282645	0.004245	10.6
1909	-1.009341	104.251513	0.006545	9.6
1910	-0.000000	104.220405	0.000000	11.9
1911	-0.000058	104.189323	0.000061	10.7
1912	-0.673236	104.158265	0.006744	9.5
1913	-0.000000	104.127231	0.000000	10.7
1914	-0.034579	104.096222	0.006195	9.9
1915	-0.753951	104.065238	0.004473	9.2
1916	-0.194264	104.034279	0.004467	10.7
1917	-0.014774	104.003344	0.001397	8.7
1918	-0.000000	103.972433	0.000000	9.8
1919	-1.003908	103.941547	0.004687	8.7
1920	-0.794798	103.910686	0.007168	10.7
1921	-0.318973	103.879849	0.003048	10.2
1922	-0.157253	103.849036	0.011311	8.8
1923	-0.566157	103.818248	0.008100	9.8
1924	-0.463790	103.787484	0.003695	8.9
1925	-0.000000	103.756744	0.000000	8.9
1926	-0.075703	103.726029	0.006105	8.0
1927	-0.905670	103.695338	0.005419	9.7
1928	-0.000000	103.664671	0.000000	8.7
1929	-0.248562	103.634028	0.004708	8.3
1930	-0.000000	103.603409	0.000000	9.3
1931	-0.778570	103.572814	0.008377	10.1
1932	-0.753373	103.542244	0.005253	9.5
1933	-0.556322	103.511698	0.003587	9.0
1934	-0.983872	103.481175	0.007359	8.4
1935	-1.082137	103.450677	0.005097	9.1
1936	-0.447100	103.420202	0.003696	9.2
1937	-0.000000	103.389752	0.000000	9.5
1938	-0.000000	103.359325	0.000000	9.0
1939	-0.672936	103.328922	0.007176	9.6
1940	-0.000000	103.298543	0.000000	7.7
1941	-0.907169	103.268188	0.010118	8.9
1942	-0.681605	103.237857	0.007328	9.4
1943	-0.822071	103.207549	0.005961	9.4
1944	-0.000000	103.177265	0.000000	8.5
1945	-0.629252	103.147005	0.003088	8.9
1946	-0.000000	103.116768	0.000000	8.1
1947	-0.000000	103.086556	0.000000	8.6
1948	-0.093090	103.056366	0.003675	8.0
1949	-0.476219	103.026200	0.005860	10.5
1950	-0.590617	102.996058	0.005788	9.1
1951	-0.771816	102.965939	0.006547	8.8
1952	-0.841857	102.935844	0.006557	9.5
1953	-1.051165	102.905772	0.005793	8.6
1954	-0.720301	102.875724	0.005791	11.0
1955	-1.112624	102.845699	0.007226	8.5
1956	-0.000004	102.815697	0.000004	8.6
1957	-0.714334	102.785719	0.006397	9.2
1958	-0.000000	102.755764	0.000000	8.5
1959	-0.366379	102.725832	0.006773	10.0
1960	-0.810781	102.695924	0.007614	8.5
1961	-0.000000	102.666038	0.000000	8.8
1962	-0.771313	102.636176	0.006454	8.7
1963	-0.974909	102.606337	0.006674	9.4
1964	-0.816630	102.576521	0.006525	8.5
1965	-0.000000	102.546728	0.000000	9.8
1966	-0.923564	102.516959	0.005171	9.6
1967	-0.072656	102.487212	0.002939	9.7
1968	-0.000000	102.457488	0.000000	9.3
1969	-0.000000	102.427788	0.000000	9.4
1970	-0.000000	102.398110	0.000000	9.4
1971	-0.654753	102.368455	0.006352	8.8
1972	-0.818718	102.338823	0.011487	9.3
1973	-0.587091	102.309214	0.006494	9.8
1974	-0.816452	102.279628	0.007555	9.5
1975	-0.165386	102.250064	0.003696	8.9
1976	-0.596288	102.220524	0.005729	9.4
1977	-0.265776	102.191006	0.004140	9.5
1978	-0.533207	102.161511	0.003413	8.8
1979	-0.109974	102.132038	0.002992	9.4
1980	-0.873867	102.102588	0.012026	8.9
1981	-0.877092	102.073161	0.006162	9.3
1982	-1.010063	102.043757	0.006681	10.4
1983	-0.748400	102.014375	0.006345	8.3
1984	-0.000000	101.985015	0.000000	9.7
1985	-0.000000	101.955678	0.000000	9.3
1986	-0.036055	101.926364	0.002530	9.0
1987	-0.000000	101.897072	0.000000	8.6
1988	-0.641058	101.867802	0.004558	10.4
1989	-0.168695	101.838555	0.004976	8.9
1990	-0.243347	101.809330	0.005337	8.8
1991	-0.643335	101.780128	0.005037	9.9
1992	-0.807677	101.750948	0.006711	8.9
1993	-1.042137	101.721790	0.006948	9.7
1994	-0.868190	101.692654	0.004384	9.0
1995	-0.112391	101.663541	0.003140	9.0
1996	-0.045274	101.634450	0.004376	8.0
1997	-0.410498	101.605381	0.004965	9.4
1998	-0.100553	101.576335	0.001742	8.4
1999	-0.285444	101.547310	0.002572	10.0
