1:ItNr	2:Metric	3a:Time	3b:StepSize	4:||Gradient||	Time[ms]
0	-0.609638	0.000000	4.700149	0.013461	290.6
1	-0.586664	0.000000	4.700149	0.016025	2.4
2	-0.613570	0.000000	4.700149	0.015922	2.3
3	-0.592883	1.000000	4.486506	0.012014	2.3
4	-0.577927	0.714694	4.545454	0.016688	2.3
5	-0.606048	1.714639	4.345353	0.015120	2.8
6	-0.565892	2.714638	4.162118	0.018039	2.2
7	-0.594256	1.783858	4.332152	0.020644	2.2
8	-0.567268	2.783858	4.150005	0.012379	2.3
9	-0.604321	1.863806	4.317004	0.014758	2.7
10	-0.561544	0.937470	4.499294	0.008183	2.3
11	-0.564222	0.157393	4.665184	0.011529	2.6
12	-0.590484	0.991803	4.488178	0.012203	5.9
13	-0.621828	1.817033	4.325853	0.019008	4.2
14	-0.582397	0.879254	4.511266	0.023487	4.2
15	-0.564572	0.000000	4.700149	0.010868	3.3
16	-0.549088	0.000000	4.700149	0.019352	2.9
17	-0.605459	0.000000	4.700149	0.017847	3.5
18	-0.582167	0.999638	4.486580	0.026994	3.0
19	-0.604377	0.061815	4.686354	0.013745	2.7
20	-0.590073	1.061815	4.473935	0.015233	2.3
21	-0.578900	0.167342	4.662991	0.011465	2.1
22	-0.571355	0.278514	4.638629	0.014665	2.2
23	-0.610225	0.324120	4.628708	0.017756	2.1
24	-0.614806	1.324115	4.421368	0.012883	2.2
25	-0.585282	2.295675	4.236972	0.013625	2.1
26	-0.585816	1.395724	4.407231	0.022158	2.5
27	-0.617594	0.457905	4.599849	0.009540	2.7
28	-0.589683	0.000000	4.700149	0.015957	2.6
29	-0.618510	0.452509	4.601006	0.016998	2.6
30	-0.610997	0.000000	4.700149	0.012174	2.2
31	-0.568336	0.000000	4.700149	0.014318	2.4
32	-0.590016	0.000000	4.700149	0.014336	2.6
33	-0.622646	0.790590	4.529622	0.011393	2.7
34	-0.616133	1.607404	4.365965	0.014885	2.4
35	-0.575197	0.669766	4.554878	0.015113	2.3
36	-0.595735	0.000000	4.700149	0.019381	2.4
37	-0.613988	0.989468	4.488655	0.017483	2.2
38	-0.603091	0.052269	4.688479	0.020617	2.2
39	-0.588533	0.000000	4.700149	0.015292	2.7
40	-0.608338	1.000000	4.486506	0.014790	2.2
41	-0.578083	0.062168	4.686276	0.009103	2.1
42	-0.616493	0.000000	4.700149	0.016978	2.2
43	-0.610235	0.997369	4.487043	0.011215	2.1
44	-0.609783	1.994945	4.292384	0.012628	2.1
45	-0.579988	2.329744	4.230785	0.009940	2.2
46	-0.563834	1.991522	4.293023	0.014333	2.5
47	-0.610395	2.989398	4.114448	0.012939	2.2
48	-0.608056	2.169625	4.260023	0.014172	2.1
49	-0.574302	2.572712	4.187178	0.008053	2.2
50	-0.567737	3.191054	4.080150	0.012823	2.2
51	-0.581270	2.799449	4.147286	0.010092	2.2
52	-0.608886	3.596828	4.012840	0.011438	2.1
53	-0.615103	4.452907	3.877873	0.007395	2.4
54	-0.597512	4.771607	3.829918	0.015613	2.5
55	-0.581023	5.099257	3.781837	0.012517	2.5
56	-0.592913	6.042458	3.649932	0.010322	2.4
57	-0.593896	7.006325	3.524316	0.015373	2.1
58	-0.600011	6.070590	3.646139	0.018177	2.2
59	-0.558059	5.545754	3.718227	0.009436	2.2
60	-0.628874	4.968376	3.800897	0.014232	2.9
61	-0.582687	5.870423	3.673300	0.017195	2.3
62	-0.592273	6.860235	3.542796	0.015133	2.1
63	-0.562367	7.860235	3.420039	0.013378	2.1
64	-0.594546	8.859823	3.305550	0.015005	2.1
65	-0.631187	8.036584	3.399268	0.016999	2.1
66	-0.590559	8.888157	3.302416	0.014045	2.2
67	-0.590637	9.888116	3.195505	0.009728	2.8
68	-0.619300	10.563590	3.127120	0.013032	2.5
69	-0.626450	11.443984	3.042263	0.018630	2.3
70	-0.575245	10.506568	3.132780	0.013194	2.2
71	-0.584200	11.506431	3.036419	0.018818	2.1
72	-0.594295	10.568742	3.126610	0.010323	2.2
73	-0.611581	11.539082	3.033372	0.018574	2.2
74	-0.597173	11.146371	3.070428	0.012382	3.0
75	-0.591692	11.275982	3.058098	0.021305	2.5
76	-0.610965	10.408298	3.142581	0.011662	2.7
77	-0.567961	9.471656	3.239178	0.015734	2.2
78	-0.566847	8.546162	3.340641	0.015567	2.1
79	-0.578647	9.546115	3.231283	0.013534	2.1
80	-0.570218	10.542964	3.129165	0.015745	2.4
81	-0.590085	9.616770	3.223826	0.010352	2.8
82	-0.583359	8.682560	3.325290	0.010710	2.2
83	-0.590745	7.902290	3.415063	0.014387	2.2
84	-0.559277	7.401952	3.475224	0.016176	2.1
85	-0.583338	8.368020	3.360905	0.020024	2.2
86	-0.565689	7.652582	3.444825	0.021463	2.2
87	-0.612004	8.652582	3.328652	0.018105	2.7
88	-0.594880	9.652195	3.220100	0.017684	2.3
89	-0.595213	8.714370	3.321731	0.011714	2.2
90	-0.603839	7.799574	3.427243	0.011645	2.1
91	-0.592275	7.718236	3.436950	0.019817	2.1
92	-0.599973	8.286793	3.370227	0.013501	2.1
93	-0.635957	7.348992	3.481716	0.016735	2.1
94	-0.598999	8.337924	3.364353	0.016238	2.5
95	-0.581691	7.400098	3.475450	0.015225	2.4
96	-0.589830	8.095053	3.392437	0.015564	2.2
97	-0.570710	7.740436	3.434295	0.019816	2.2
98	-0.583004	6.868394	3.541759	0.008603	2.1
99	-0.580627	7.782981	3.429219	0.012262	2.2
100	-0.585792	7.033123	3.520947	0.013600	2.4
101	-0.578054	6.170303	3.632758	0.009691	2.6
102	-0.600288	7.022132	3.522328	0.014344	2.6
103	-0.566448	6.609589	3.574958	0.009837	2.1
104	-0.590566	7.602248	3.450887	0.018932	2.2
105	-0.587926	8.602180	3.334320	0.013591	2.1
106	-0.595202	7.674023	3.442249	0.012397	2.2
107	-0.597327	8.532025	3.342241	0.007155	2.3
108	-0.586340	9.412723	3.245455	0.018413	2.7
109	-0.586055	10.394390	3.143974	0.010731	2.4
110	-0.608450	11.391677	3.047176	0.011706	2.4
111	-0.621398	11.367706	3.049432	0.017188	2.1
112	-0.590577	11.409734	3.045478	0.017286	2.1
113	-0.600060	11.870822	3.002758	0.015101	2.4
114	-0.600757	10.933004	3.090944	0.010260	2.2
115	-0.602374	10.377246	3.145691	0.022143	2.9
116	-0.576802	11.377224	3.048536	0.021304	2.7
117	-0.617996	12.377224	2.957200	0.012864	2.6
118	-0.574340	13.375034	2.871361	0.013215	2.2
119	-0.573052	14.374299	2.790250	0.010460	2.1
120	-0.601332	13.443120	2.865685	0.010586	2.1
121	-0.590120	13.013216	2.901905	0.013431	2.4
122	-0.590340	12.076124	2.984120	0.015209	2.4
123	-0.598914	11.149032	3.070174	0.019097	2.1
124	-0.576870	10.348982	3.148527	0.013702	2.2
125	-0.588316	11.339174	3.052123	0.016895	2.1
126	-0.604104	12.338802	2.960608	0.014600	2.2
127	-0.582721	11.659401	3.022197	0.008772	2.2
128	-0.613405	12.610174	2.936704	0.013267	2.3
129	-0.571533	13.310234	2.876784	0.016329	2.6
130	-0.586969	12.520780	2.944536	0.017497	2.4
131	-0.574114	11.758254	3.013077	0.013803	2.2
132	-0.568566	11.056584	3.079028	0.015939	2.3
133	-0.581543	10.212078	3.162338	0.012816	2.1
134	-0.581526	11.209847	3.064378	0.014345	2.2
135	-0.589726	11.027043	3.081868	0.011034	2.3
136	-0.619094	11.928213	2.997525	0.013959	2.4
137	-0.592738	11.843519	3.005254	0.015021	2.1
138	-0.589623	12.843252	2.916479	0.015533	2.1
139	-0.612178	11.905504	2.999593	0.011956	2.1
140	-0.584548	12.862078	2.914857	0.009635	2.2
141	-0.595247	11.930323	2.997333	0.010477	2.1
142	-0.565292	11.165147	3.068636	0.015788	2.1
143	-0.611488	10.231824	3.160338	0.014520	2.8
144	-0.589955	9.418677	3.244820	0.012591	2.2
145	-0.612933	8.747492	3.318032	0.014436	2.1
146	-0.600285	7.816162	3.425270	0.017954	2.2
147	-0.599909	8.814117	3.310617	0.011357	2.1
148	-0.589002	8.269609	3.372205	0.017087	2.2
149	-0.594075	7.355613	3.480903	0.013994	2.2
150	-0.626879	6.703616	3.562825	0.018263	2.7
151	-0.592023	7.703615	3.438700	0.004769	2.4
152	-0.605403	8.686391	3.324861	0.009190	2.4
153	-0.602592	8.643403	3.329683	0.015423	2.3
154	-0.602155	9.469056	3.239455	0.018074	2.4
155	-0.581501	10.468788	3.136541	0.012456	2.4
156	-0.601282	11.467786	3.040033	0.012118	2.8
157	-0.583148	12.460903	2.949805	0.015296	2.5
158	-0.578153	11.566975	3.030774	0.022386	2.5
159	-0.588764	12.566975	2.940483	0.015252	2.3
160	-0.604397	13.566961	2.855418	0.017190	2.1
161	-0.581430	13.385535	2.870484	0.014088	2.1
162	-0.625452	12.467315	2.949240	0.013235	2.1
163	-0.540465	13.464916	2.863873	0.012751	2.7
164	-0.577100	12.786111	2.921411	0.018037	2.2
165	-0.584777	11.850468	3.004619	0.014188	2.1
166	-0.590458	10.912643	3.092916	0.013562	2.1
167	-0.577937	11.893622	3.000677	0.016514	2.1
168	-0.577493	10.984917	3.085927	0.020442	2.3
169	-0.608678	11.984896	2.992374	0.012888	2.4
170	-0.584594	12.984883	2.904325	0.011597	2.6
171	-0.578107	13.944591	2.824561	0.016983	2.2
172	-0.627791	13.372093	2.871607	0.023131	2.1
173	-0.613176	14.372076	2.790425	0.016465	2.1
174	-0.595244	15.039552	2.738745	0.009338	2.1
175	-0.583301	15.096985	2.734387	0.016831	2.3
176	-0.569651	14.165793	2.806794	0.018577	2.1
177	-0.615061	13.228154	2.883683	0.013567	2.6
178	-0.568694	12.308159	2.963332	0.012206	2.2
179	-0.572424	13.289667	2.878509	0.018182	2.2
180	-0.610298	14.071850	2.814312	0.015974	2.3
181	-0.563846	13.134019	2.891635	0.013280	2.5
182	-0.622110	12.355257	2.959148	0.014131	2.9
183	-0.618412	11.548095	3.032532	0.012326	2.8
184	-0.596599	10.611271	3.122403	0.012074	2.6
185	-0.577101	11.268412	3.058816	0.009742	2.1
186	-0.602747	10.594440	3.124066	0.014704	2.1
187	-0.620459	10.010909	3.182852	0.011269	2.2
188	-0.604260	11.008480	3.083656	0.011223	2.2
189	-0.614800	11.235515	3.061937	0.024902	2.4
190	-0.616023	11.491777	3.037788	0.014458	2.6
191	-0.591555	10.674554	3.116165	0.011682	2.4
192	-0.591608	9.737347	3.211179	0.018079	2.1
193	-0.566369	10.737293	3.110005	0.014848	2.2
194	-0.609063	9.800046	3.204642	0.012449	2.2
195	-0.588114	8.926614	3.298172	0.019745	2.2
196	-0.614224	8.662395	3.327551	0.012055	2.2
197	-0.610639	9.662393	3.219029	0.011250	2.7
198	-0.570372	8.953333	3.295230	0.011139	2.4
199	-0.619399	8.796935	3.312526	0.016311	2.1
200	-0.584373	9.507974	3.235322	0.011058	2.2
201	-0.597418	8.570171	3.337929	0.012239	2.5
202	-0.589544	7.652661	3.444815	0.012609	2.9
203	-0.587655	8.165812	3.384206	0.010263	2.7
204	-0.584610	7.754168	3.432655	0.021666	2.8
205	-0.578786	6.930193	3.533922	0.015109	2.5
206	-0.610738	7.905330	3.414704	0.013701	2.5
207	-0.628718	6.967841	3.529165	0.013376	2.2
208	-0.574206	7.798028	3.427427	0.016918	2.1
209	-0.582985	8.786790	3.313655	0.015637	2.1
210	-0.637887	7.848958	3.421376	0.017771	2.6
211	-0.603155	7.451644	3.469154	0.016515	2.4
212	-0.614142	6.513867	3.587396	0.009840	2.1
213	-0.577351	7.439024	3.470693	0.015544	2.2
214	-0.618030	8.222791	3.377608	0.015476	2.2
215	-0.587135	7.284965	3.489597	0.023563	2.3
216	-0.612826	8.284965	3.370437	0.012149	2.1
217	-0.607886	7.347150	3.481942	0.014707	2.5
218	-0.556619	6.495339	3.589813	0.009370	2.3
219	-0.610709	7.413354	3.473829	0.016586	2.3
220	-0.592478	8.413075	3.355757	0.011177	2.2
221	-0.588570	7.740155	3.434328	0.010303	2.2
222	-0.593192	7.080375	3.515022	0.009230	2.1
223	-0.621251	7.696346	3.439571	0.012669	2.2
224	-0.598003	8.695068	3.323890	0.009921	2.8
225	-0.613498	9.450816	3.241395	0.016904	2.5
226	-0.596237	8.556938	3.339423	0.019333	2.2
227	-0.613273	7.619344	3.448826	0.017501	2.1
228	-0.615645	8.619341	3.332388	0.012295	2.1
229	-0.614080	8.624050	3.331858	0.011074	2.1
230	-0.580078	7.977517	3.406197	0.018748	2.1
231	-0.633604	8.948571	3.295754	0.014130	2.8
232	-0.608994	8.010739	3.402296	0.009210	2.3
233	-0.575680	8.998709	3.290246	0.009975	2.1
234	-0.599115	8.156440	3.385294	0.011291	2.1
235	-0.603174	7.466562	3.467336	0.015100	2.1
236	-0.603623	6.622317	3.573311	0.015774	2.4
237	-0.616062	7.622304	3.448469	0.018991	2.3
238	-0.590186	8.592533	3.335407	0.015436	2.8
239	-0.599251	8.483557	3.347735	0.010321	2.7
240	-0.593864	9.432983	3.243295	0.013752	2.2
241	-0.627664	8.803625	3.311783	0.008440	2.2
242	-0.602994	9.765353	3.208256	0.012044	2.1
243	-0.595517	9.187757	3.269641	0.025844	2.1
244	-0.591942	8.249925	3.374475	0.018811	2.1
245	-0.599693	8.226822	3.377142	0.017413	2.8
246	-0.620183	7.290239	3.488946	0.012112	2.7
247	-0.584742	6.364612	3.606963	0.016106	2.6
248	-0.590186	6.573762	3.579603	0.013870	2.1
249	-0.596625	5.636037	3.705624	0.017528	2.2
