1:ItNr	2:Metric	3:StepSize	4:||Gradient||	Time[ms]
0	-0.051394	627.201626	0.001331	862.3
1	-1.233111	623.504937	0.012513	4.9
2	-0.000011	619.865785	0.000002	5.4
3	-0.924375	616.282728	0.006505	6.1
4	-1.362588	612.754375	0.016694	5.0
5	-1.401578	609.279381	0.014283	4.5
6	-0.754619	605.856447	0.020178	5.7
7	-0.020084	602.484317	0.001467	5.3
8	-1.394082	599.161779	0.015043	5.3
9	-0.119779	595.887656	0.000699	5.6
10	-1.272205	592.660813	0.018109	5.4
11	-1.148490	589.480151	0.012859	4.4
12	-1.517933	586.344606	0.009300	5.8
13	-1.344580	583.253145	0.010619	4.5
14	-0.556062	580.204771	0.007978	5.0
15	-1.049841	577.198517	0.013223	5.2
16	-1.351749	574.233444	0.010420	4.4
17	-0.089307	571.308645	0.002755	4.9
18	-0.773690	568.423237	0.011745	5.4
19	-0.836738	565.576365	0.006059	4.7
20	-1.222197	562.767201	0.010426	4.7
21	-0.796865	559.994938	0.015238	4.7
22	-0.845624	557.258797	0.013473	6.1
23	-0.000000	554.558018	0.000000	4.5
24	-0.000070	551.891865	0.000013	4.8
25	-1.166841	549.259621	0.009164	5.3
26	-0.463568	546.660592	0.009552	4.9
27	-0.723949	544.094102	0.004182	4.7
28	0.000000	541.559494	0.000000	5.5
29	-0.090846	539.056129	0.000796	5.1
30	-1.448519	536.583387	0.009636	5.2
31	-1.397066	534.140663	0.011448	5.5
32	-1.093419	531.727370	0.008663	5.2
33	-0.528733	529.342935	0.006669	4.9
34	-0.000002	526.986802	0.000000	5.1
35	-0.918228	524.658430	0.019245	4.9
36	-0.022079	522.357290	0.000892	4.7
37	-1.080426	520.082868	0.015927	4.6
38	-0.707782	517.834665	0.010086	5.6
39	-1.060170	515.612193	0.018279	5.1
40	-1.209086	513.414976	0.010032	4.5
41	-1.329521	511.242551	0.014573	5.8
42	-0.808576	509.094468	0.006044	4.6
43	-1.342341	506.970285	0.017197	4.5
44	-1.163072	504.869574	0.023213	5.6
45	-0.000000	502.791916	0.000000	5.0
46	-0.097026	500.736903	0.001640	4.8
47	-0.711737	498.704137	0.009315	5.2
48	-0.000038	496.693228	0.000009	4.7
49	-1.432930	494.703798	0.009898	5.7
50	-0.946068	492.735476	0.007259	5.7
51	-0.000000	490.787900	0.000000	7.2
52	-1.026025	488.860718	0.015734	6.5
53	-0.996045	486.953585	0.009553	6.4
54	-1.134851	485.066164	0.022918	4.9
55	-0.017658	483.198126	0.001560	4.9
56	-1.592876	481.349149	0.008618	5.9
57	-1.266981	479.518920	0.013972	4.8
58	-0.153991	477.707132	0.003203	4.8
59	-0.817056	475.913485	0.009344	5.9
60	-0.069461	474.137684	0.000247	4.8
61	-1.203124	472.379445	0.012306	5.1
62	-0.165661	470.638485	0.003746	5.8
63	-1.570238	468.914531	0.010381	5.1
64	-1.094806	467.207315	0.009175	4.8
65	-0.000000	465.516573	0.000000	5.2
66	-1.611936	463.842050	0.005391	4.9
67	-1.159246	462.183494	0.011776	4.8
68	-0.726769	460.540658	0.012922	4.8
69	-1.505323	458.913303	0.011324	6.3
70	-0.659980	457.301192	0.009466	5.2
71	-1.096105	455.704096	0.010891	4.8
72	-1.451379	454.121787	0.006007	5.8
73	-1.084328	452.554045	0.007202	4.7
74	-0.308415	451.000653	0.001770	4.9
75	-1.190496	449.461399	0.015505	5.9
76	-1.219377	447.936075	0.014586	4.6
77	-0.655261	446.424477	0.021102	4.8
78	-0.439476	444.926406	0.003440	5.9
79	-0.447342	443.441666	0.005525	4.9
80	-0.000000	441.970065	0.000000	5.1
81	-0.000000	440.511415	0.000000	5.7
82	-1.614606	439.065533	0.009608	5.0
83	-1.208627	437.632238	0.009203	5.0
84	-1.329561	436.211351	0.005161	5.7
85	-0.000000	434.802701	0.000000	4.8
86	-0.851405	433.406117	0.011759	5.1
87	-1.026926	432.021430	0.014630	5.0
88	-1.036324	430.648479	0.008162	5.9
89	-0.000033	429.287101	0.000006	5.1
90	-0.575274	427.937140	0.011477	5.2
91	-0.108848	426.598440	0.002920	5.5
92	-1.366314	425.270849	0.014339	4.8
93	-0.031011	423.954220	0.001590	5.3
94	-0.703768	422.648404	0.022629	5.8
95	-1.228384	421.353259	0.011447	4.8
96	-0.568180	420.068643	0.003024	4.8
97	-0.446226	418.794419	0.004863	6.3
98	-1.324162	417.530451	0.011719	4.8
99	-0.458555	416.276604	0.002618	4.8
100	-0.930203	415.032748	0.008380	5.8
101	-1.251514	413.798754	0.003729	5.1
102	-1.226569	412.574495	0.018316	4.9
103	-1.311072	411.359849	0.010649	5.6
104	-0.005868	410.154691	0.000097	4.9
105	-0.998361	408.958904	0.008895	4.8
106	-1.128789	407.772368	0.010629	5.7
107	-1.208077	406.594968	0.004440	5.7
108	-1.558844	405.426590	0.013260	5.1
109	-1.461621	404.267122	0.012829	6.1
110	-1.335562	403.116456	0.011799	4.9
111	-1.124260	401.974481	0.012377	5.2
112	-0.256297	400.841093	0.002791	5.8
113	-0.276316	399.716187	0.002185	4.8
114	-1.254041	398.599660	0.012674	4.9
115	-0.715609	397.491411	0.006079	5.8
116	0.000000	396.391342	0.000000	5.4
117	-1.373022	395.299353	0.015056	5.1
118	-0.647584	394.215350	0.004972	5.6
119	-0.124583	393.139238	0.001889	5.1
120	-0.228879	392.070924	0.002938	4.8
121	-0.358644	391.010316	0.002545	6.0
122	-1.125847	389.957325	0.012045	4.9
123	-0.805638	388.911862	0.008125	4.9
124	-0.002634	387.873839	0.000359	5.9
125	-1.570512	386.843173	0.004365	4.8
126	-1.566116	385.819777	0.024982	4.9
127	-0.000000	384.803569	0.000000	5.6
128	-0.518863	383.794468	0.005741	5.8
129	-0.000006	382.792393	0.000001	5.3
130	-0.472107	381.797264	0.008313	5.9
131	-0.313707	380.809005	0.002466	4.8
132	-0.000000	379.827537	0.000000	5.0
133	-1.061512	378.852786	0.004222	5.6
134	-0.320827	377.884678	0.004784	4.9
135	-0.599992	376.923138	0.003658	4.8
136	-1.117305	375.968095	0.011718	5.3
137	-0.375372	375.019479	0.004123	5.1
138	-0.975012	374.077218	0.007272	5.1
139	-1.039886	373.141244	0.011216	5.0
140	-0.424745	372.211489	0.002649	5.6
141	-1.263412	371.287887	0.014649	4.9
142	-0.833684	370.370370	0.007436	4.7
143	-1.030180	369.458876	0.028479	6.4
144	-1.431969	368.553338	0.013523	4.6
145	-0.002836	367.653696	0.000171	4.8
146	-1.316295	366.759885	0.014417	5.8
147	-0.001866	365.871846	0.000284	5.9
148	-0.019440	364.989518	0.001135	4.8
149	-1.011572	364.112841	0.006869	6.1
150	-1.173626	363.241757	0.008653	4.9
151	-0.715462	362.376208	0.007496	4.8
152	-1.222932	361.516137	0.010318	6.0
153	-0.000001	360.661488	0.000000	4.7
154	-0.902322	359.812206	0.013181	4.9
155	-0.012788	358.968236	0.000565	5.6
156	-0.962345	358.129524	0.017893	4.9
157	-0.678848	357.296018	0.016310	4.9
158	-0.000000	356.467665	0.000000	5.7
159	-1.513788	355.644414	0.020861	4.9
160	-1.283879	354.826213	0.010153	5.0
161	-1.558806	354.013012	0.014730	5.3
162	-0.547800	353.204763	0.007525	5.2
163	-0.144922	352.401415	0.003540	4.8
164	-1.141009	351.602922	0.007899	5.4
165	-0.132496	350.809235	0.003252	5.7
166	-1.406195	350.020308	0.010401	4.8
167	-0.800514	349.236095	0.008350	4.9
168	-0.000000	348.456550	0.000000	6.0
169	-0.208672	347.681627	0.003631	5.6
170	-1.306174	346.911283	0.011675	4.8
171	-0.000000	346.145474	0.000000	5.9
172	-1.311960	345.384157	0.012657	4.8
173	-0.677748	344.627288	0.004414	5.3
174	-1.038078	343.874826	0.013234	6.2
175	-1.327879	343.126729	0.012511	4.9
176	-0.000006	342.382957	0.000001	4.9
177	-0.416218	341.643469	0.012894	5.9
178	-1.109520	340.908224	0.016282	5.1
179	-0.467518	340.177184	0.004236	5.4
180	-1.357063	339.450309	0.008849	5.8
181	-1.571256	338.727561	0.021816	4.7
182	-0.846925	338.008902	0.009296	5.4
183	-0.003488	337.294295	0.000504	6.1
184	-0.807936	336.583703	0.012402	5.2
185	-0.308910	335.877089	0.003258	4.8
186	-0.277309	335.174416	0.003159	5.7
187	-1.369409	334.475651	0.018520	5.6
188	-0.000000	333.780756	0.000000	5.2
189	-1.248963	333.089698	0.007595	6.6
190	-1.221422	332.402443	0.013053	5.1
191	-0.843463	331.718955	0.001928	5.2
192	-0.000008	331.039203	0.000002	5.8
193	-0.628156	330.363153	0.014949	4.9
194	-1.277570	329.690771	0.007962	5.2
195	-0.736700	329.022027	0.008540	5.9
196	-0.066702	328.356888	0.001364	4.8
197	-0.005566	327.695322	0.000633	5.1
198	-0.065513	327.037299	0.002277	5.6
199	-1.174150	326.382787	0.005058	4.8
200	-0.947690	325.731758	0.006354	5.3
201	-0.463782	325.084179	0.006052	5.8
202	-1.341088	324.440023	0.011116	5.0
203	-0.134728	323.799258	0.000930	4.8
204	-1.000220	323.161858	0.004855	5.5
205	-0.946224	322.527792	0.009662	6.1
206	-0.007235	321.897034	0.000311	5.4
207	-0.000000	321.269554	0.000000	6.0
208	-0.001467	320.645325	0.000167	4.9
209	-0.890534	320.024320	0.008718	4.8
210	-0.236700	319.406512	0.002467	6.0
211	-1.392050	318.791875	0.015666	5.3
212	-1.218330	318.180381	0.010714	5.2
213	-0.789863	317.572005	0.007449	6.4
214	-0.211786	316.966721	0.003711	5.8
215	-1.427950	316.364504	0.011140	6.0
216	-0.381815	315.765329	0.003841	6.0
217	-0.000000	315.169170	0.000000	5.0
218	-0.000000	314.576003	0.000000	5.1
219	-1.562262	313.985804	0.016898	6.4
220	-1.293156	313.398548	0.009548	5.9
221	-1.374347	312.814213	0.010769	5.7
222	-0.010353	312.232773	0.000681	5.7
223	-0.000150	311.654207	0.000028	5.1
224	-1.392564	311.078491	0.015633	5.1
225	-0.025653	310.505602	0.000833	7.0
226	-0.000025	309.935518	0.000006	5.4
227	-1.565815	309.368217	0.015051	6.1
228	-1.018577	308.803676	0.012750	5.3
229	-1.582927	308.241874	0.003618	4.9
230	-0.592122	307.682789	0.017956	5.5
231	-1.295326	307.126400	0.015237	5.3
232	-0.303381	306.572687	0.005160	5.7
233	-1.172660	306.021627	0.009594	6.8
234	-0.662659	305.473201	0.004961	5.8
235	-0.553988	304.927388	0.004845	6.2
236	-0.709945	304.384168	0.012012	5.9
237	-0.000000	303.843521	0.000000	4.9
238	-0.000000	303.305427	0.000000	4.9
239	-0.171452	302.769867	0.004304	6.1
240	-1.428811	302.236821	0.017224	4.7
241	-0.017794	301.706270	0.000612	4.9
242	-1.371966	301.178196	0.015114	5.7
243	-0.782580	300.652580	0.012578	5.6
244	-1.133961	300.129402	0.012232	5.7
245	-0.537199	299.608645	0.004158	6.1
246	-0.835074	299.090291	0.006892	5.1
247	-1.456900	298.574321	0.013415	4.8
248	-1.311393	298.060718	0.012155	6.1
249	-0.825119	297.549465	0.005550	5.4
250	-0.098947	297.040543	0.002630	4.8
251	-0.276511	296.533936	0.003224	5.9
252	-1.086067	296.029626	0.008095	4.7
253	-0.563903	295.527597	0.014034	5.1
254	-0.827952	295.027832	0.011437	6.1
255	-0.000006	294.530315	0.000001	5.2
256	-1.382584	294.035028	0.007550	4.8
257	-0.197445	293.541956	0.004075	6.4
258	-0.057585	293.051083	0.001464	4.9
259	-0.920136	292.562393	0.006491	4.9
260	-0.000000	292.075870	0.000000	5.9
261	-1.129238	291.591498	0.005676	6.0
262	-1.320650	291.109263	0.017878	5.2
263	-1.246022	290.629149	0.010524	5.7
264	-1.178300	290.151140	0.010190	4.9
265	-1.224482	289.675222	0.012086	4.7
266	-1.455048	289.201380	0.030658	6.6
267	-0.035562	288.729600	0.001041	4.9
268	-0.885851	288.259866	0.012129	4.9
269	-0.677036	287.792165	0.003804	6.0
270	-0.911274	287.326481	0.013505	4.9
271	-0.903808	286.862802	0.018349	5.4
272	-0.357580	286.401113	0.003033	6.0
273	-0.393365	285.941400	0.021561	5.1
274	-1.053873	285.483649	0.004123	4.9
275	-0.730540	285.027847	0.008717	6.2
276	-0.131698	284.573981	0.002439	5.2
277	-1.260010	284.122037	0.010897	4.6
278	-1.141408	283.672002	0.006690	5.7
279	-0.412520	283.223863	0.004620	5.7
280	-1.499512	282.777607	0.017344	4.9
281	-0.033131	282.333221	0.001711	5.5
282	-0.004902	281.890692	0.000265	6.2
283	-1.278988	281.450008	0.008633	5.2
284	-1.415510	281.011157	0.009167	6.6
285	-1.552689	280.574125	0.010728	5.5
286	-0.400306	280.138901	0.014811	4.9
287	-0.000087	279.705473	0.000017	6.7
288	-0.790029	279.273829	0.024229	5.1
289	-1.079564	278.843956	0.005749	5.0
290	-0.000000	278.415844	0.000000	6.1
291	-0.646744	277.989479	0.008287	5.4
292	-0.640182	277.564851	0.007134	5.4
293	-1.365755	277.141949	0.007680	6.5
294	-1.492195	276.720761	0.017444	4.9
295	-0.104745	276.301275	0.002812	5.3
296	-0.972698	275.883480	0.006985	6.3
297	-0.795588	275.467366	0.006258	5.0
298	-1.073258	275.052922	0.005311	5.4
299	-0.724252	274.640136	0.004347	6.5
300	-1.241827	274.228998	0.012061	5.8
301	-1.313443	273.819497	0.020830	5.7
302	-1.211642	273.411623	0.007535	5.7
303	-1.373510	273.005365	0.019433	5.0
304	-0.045007	272.600712	0.001819	5.4
305	-1.101990	272.197655	0.015323	5.6
306	-1.141823	271.796184	0.010901	4.6
307	-1.554689	271.396287	0.011769	5.1
308	-0.067385	270.997956	0.000730	5.8
309	-1.312105	270.601180	0.007317	4.7
310	-0.000000	270.205949	0.000000	5.3
311	-0.089494	269.812254	0.002776	5.9
312	-0.416899	269.420085	0.003641	5.2
313	-0.210797	269.029432	0.002858	4.9
314	-0.709189	268.640287	0.005195	5.9
315	-1.406086	268.252638	0.017341	5.2
316	-1.135049	267.866478	0.018058	5.7
317	-1.007873	267.481796	0.009592	5.6
318	-1.451688	267.098584	0.013443	4.8
319	-1.100168	266.716833	0.010356	4.9
320	-0.006402	266.336533	0.000201	6.4
321	-0.832243	265.957676	0.007033	5.5
322	-0.000000	265.580253	0.000000	5.3
323	-0.407719	265.204254	0.004537	5.6
324	-0.000000	264.829672	0.000000	5.0
325	-0.280989	264.456497	0.003402	5.6
326	-0.000002	264.084721	0.000001	5.7
327	-1.481037	263.714335	0.009290	4.7
328	-0.471306	263.345332	0.004739	5.1
329	-0.851916	262.977702	0.021298	5.8
330	-0.002293	262.611438	0.000338	4.9
331	-0.712552	262.246531	0.006016	5.3
332	-0.980841	261.882973	0.010828	5.9
333	-0.824853	261.520756	0.007263	4.8
334	-0.000371	261.159871	0.000049	5.2
335	-0.308169	260.800312	0.005284	6.1
336	-0.699839	260.442070	0.007958	5.2
337	-0.937582	260.085137	0.011336	5.0
338	-1.195067	259.729505	0.009275	6.5
339	-1.045555	259.375167	0.009271	5.6
340	-1.131367	259.022116	0.009606	5.1
341	-0.872149	258.670343	0.016742	5.9
342	-0.000000	258.319841	0.000000	5.0
343	-1.417220	257.970602	0.014857	5.3
344	-0.000034	257.622620	0.000008	6.2
345	-1.045954	257.275887	0.015524	4.9
346	-1.225844	256.930396	0.013240	4.9
347	-1.420831	256.586139	0.014423	6.4
348	-0.000000	256.243109	0.000000	5.2
349	-1.657566	255.901300	0.012603	4.9
350	-0.952750	255.560703	0.014111	6.3
351	-1.272532	255.221313	0.011625	4.8
352	-0.574684	254.883122	0.004386	5.1
353	-1.068766	254.546124	0.014735	5.9
354	-1.319064	254.210311	0.013903	5.3
355	-0.010941	253.875677	0.000962	5.0
356	-0.241287	253.542215	0.002287	6.6
357	-1.356302	253.209918	0.008971	6.0
358	-0.883998	252.878781	0.014781	5.3
359	-0.000000	252.548795	0.000000	5.8
360	-0.905091	252.219956	0.006686	5.0
361	-0.803017	251.892255	0.003938	5.3
362	-0.007616	251.565688	0.000207	5.1
363	-1.341036	251.240247	0.010388	5.9
364	-0.419292	250.915926	0.003086	5.5
365	-0.782831	250.592720	0.006649	4.7
366	-0.154709	250.270621	0.001922	5.8
367	-1.284020	249.949624	0.010683	5.1
368	-0.545198	249.629723	0.009977	5.4
369	-1.383387	249.310911	0.008395	5.6
370	-0.000477	248.993182	0.000095	5.2
371	-0.546132	248.676531	0.012941	5.4
372	-0.000000	248.360952	0.000000	5.8
373	-1.203294	248.046438	0.005357	5.0
374	-1.628507	247.732984	0.004522	4.9
375	-1.396056	247.420584	0.009771	5.2
376	-0.715107	247.109233	0.010492	6.2
377	-0.000000	246.798924	0.000000	5.6
378	-1.088041	246.489652	0.008455	5.6
379	-0.000104	246.181412	0.000019	5.5
380	-0.590333	245.874197	0.015120	5.0
381	-1.390747	245.568002	0.008813	6.0
382	-1.590235	245.262822	0.012686	5.0
383	-0.152626	244.958652	0.003022	5.5
384	-1.612126	244.655485	0.007469	6.1
385	-0.840696	244.353317	0.012144	4.9
386	-0.000002	244.052142	0.000001	4.8
387	-0.286735	243.751955	0.002511	5.5
388	-0.016662	243.452750	0.000681	5.4
389	-0.000000	243.154523	0.000000	4.8
390	-0.871479	242.857268	0.017668	5.4
391	-1.524805	242.560980	0.023781	6.2
392	-1.061240	242.265654	0.003629	4.9
393	-0.009762	241.971285	0.000159	4.8
394	-1.236978	241.677868	0.012236	7.0
395	-1.324270	241.385397	0.007596	5.6
396	-1.179006	241.093869	0.012290	5.7
397	-0.000001	240.803278	0.000000	5.9
398	-1.315332	240.513619	0.015092	5.2
399	-0.013916	240.224887	0.001029	6.1
400	-0.147616	239.937077	0.002043	5.2
401	-0.009029	239.650186	0.000634	4.8
402	-0.000001	239.364207	0.000000	6.5
403	-0.327287	239.079136	0.005433	4.7
404	-1.520327	238.794969	0.015007	4.8
405	-1.412048	238.511701	0.016353	6.1
406	-0.540819	238.229327	0.020241	5.0
407	-0.000000	237.947843	0.000000	5.6
408	-0.205375	237.667244	0.002422	6.0
409	-1.294139	237.387526	0.010250	5.0
410	-1.128455	237.108684	0.007446	6.5
411	-0.000000	236.830714	0.000000	7.3
412	-1.481722	236.553610	0.009190	5.5
413	-0.501607	236.277370	0.028277	5.6
414	-1.200545	236.001989	0.013426	6.9
415	-1.553973	235.727461	0.008142	5.2
416	-0.982869	235.453784	0.010567	5.8
417	-0.705168	235.180952	0.008490	5.1
418	-0.550400	234.908962	0.006121	5.2
419	-0.631304	234.637809	0.007288	5.8
420	-1.049493	234.367488	0.008952	5.5
421	-1.174158	234.097997	0.008869	5.4
422	-1.330664	233.829331	0.015252	6.1
423	-1.306512	233.561485	0.008528	5.1
424	-0.506796	233.294456	0.006877	5.1
425	-1.301303	233.028239	0.005529	5.6
426	-1.025120	232.762831	0.022121	5.2
427	-0.000000	232.498228	0.000000	5.0
428	-0.611872	232.234425	0.010609	5.4
429	-1.119550	231.971419	0.007701	5.4
430	-1.238357	231.709205	0.014512	5.2
431	-0.493911	231.447781	0.010784	5.5
432	-1.142121	231.187141	0.008846	5.9
433	-0.086021	230.927283	0.001964	5.4
434	-0.854329	230.668202	0.005850	6.1
435	-0.000000	230.409895	0.000000	5.0
436	-0.038451	230.152358	0.001666	4.8
437	-0.807344	229.895587	0.005636	5.7
438	-1.522785	229.639578	0.009961	5.8
439	-0.852187	229.384329	0.010864	5.0
440	-0.103985	229.129834	0.001176	5.7
441	-1.300232	228.876091	0.011038	5.1
442	-0.000000	228.623096	0.000000	5.2
443	-0.817752	228.370846	0.008353	5.4
444	-0.000097	228.119336	0.000016	5.5
445	-0.000000	227.868563	0.000000	5.1
446	-0.463307	227.618525	0.011108	4.9
447	-1.397844	227.369216	0.009714	6.1
448	-1.231472	227.120635	0.006267	4.9
449	-0.058001	226.872777	0.001281	5.1
450	-0.243179	226.625638	0.003448	5.9
451	-1.194927	226.379217	0.008993	5.2
452	-0.770176	226.133509	0.004620	4.8
453	-0.000000	225.888510	0.000000	6.1
454	-0.037622	225.644218	0.001550	7.0
455	-0.173798	225.400630	0.003421	6.6
456	-1.662773	225.157741	0.013442	5.5
457	-0.585837	224.915549	0.005221	4.8
458	-0.141329	224.674051	0.002074	6.0
459	-1.138490	224.433242	0.005222	5.0
460	-0.658104	224.193121	0.006660	5.4
461	-0.000000	223.953684	0.000000	5.7
462	-1.222381	223.714927	0.026453	4.8
463	-0.814735	223.476848	0.019205	4.8
464	-0.985328	223.239444	0.012732	6.2
465	-0.421754	223.002710	0.010144	5.1
466	-1.394912	222.766645	0.010516	4.8
467	-1.232547	222.531245	0.007177	5.4
468	-1.384777	222.296508	0.009377	5.5
469	-1.341663	222.062429	0.007673	5.1
470	-1.070299	221.829007	0.016034	6.0
471	-1.442149	221.596238	0.010148	6.3
472	-0.601565	221.364119	0.008204	5.7
473	-0.496698	221.132647	0.005575	6.0
474	-1.496682	220.901820	0.008912	5.1
475	-0.000000	220.671634	0.000000	5.1
476	-1.341752	220.442086	0.008624	6.0
477	-0.849939	220.213174	0.009169	5.4
478	-0.825087	219.984895	0.006030	5.2
479	-1.489954	219.757246	0.012662	6.4
480	-1.374267	219.530224	0.014386	5.0
481	-0.979582	219.303826	0.005985	5.1
482	-1.457827	219.078050	0.015232	5.9
483	-0.007450	218.852893	0.000436	5.0
484	-1.554938	218.628352	0.017467	5.5
485	-1.407794	218.404424	0.012170	5.8
486	-1.222258	218.181106	0.024289	5.0
487	-1.088071	217.958397	0.009749	5.2
488	-0.034068	217.736292	0.000961	5.8
489	-1.148014	217.514790	0.023785	5.9
490	-0.641275	217.293888	0.004503	4.9
491	-1.401119	217.073584	0.009716	5.9
492	-0.017960	216.853873	0.000828	5.1
493	-0.000000	216.634755	0.000000	4.8
494	-1.370442	216.416227	0.014340	6.1
495	-0.265486	216.198285	0.002357	4.8
496	0.000000	215.980927	0.000000	5.1
497	-0.769626	215.764151	0.006721	5.8
498	-0.016681	215.547955	0.001012	4.9
499	-0.225767	215.332335	0.003950	4.9
500	-0.997396	215.117289	0.005113	6.2
501	-1.389428	214.902815	0.017358	5.0
502	-1.017936	214.688911	0.007890	4.8
503	-1.245080	214.475573	0.013140	6.0
504	-0.150330	214.262800	0.003556	5.1
505	-1.523044	214.050588	0.008681	5.1
506	-0.634068	213.838936	0.010528	5.4
507	-0.065319	213.627842	0.002362	4.8
508	-0.107671	213.417302	0.001576	4.8
509	-0.843016	213.207314	0.003586	5.6
510	-1.381790	212.997877	0.012975	6.1
511	-0.820547	212.788987	0.015864	5.9
512	-0.110072	212.580642	0.000478	6.2
513	-0.500257	212.372841	0.020839	4.9
514	-0.227759	212.165581	0.002063	4.9
515	-0.000000	211.958859	0.000000	5.3
516	-0.750327	211.752673	0.006123	5.0
517	-1.147628	211.547021	0.012061	4.8
518	-0.834022	211.341902	0.008349	4.6
519	-0.885271	211.137311	0.008444	6.0
520	-1.420266	210.933248	0.014968	5.5
521	-0.116428	210.729710	0.004437	4.9
522	-0.000278	210.526695	0.000056	6.0
523	-1.611105	210.324200	0.011552	4.9
524	-1.640586	210.122224	0.019339	4.9
525	-1.631717	209.920765	0.006920	6.5
526	-0.698330	209.719820	0.007590	5.0
527	-1.333865	209.519387	0.009564	4.9
528	-0.000000	209.319463	0.000000	5.9
529	-1.423409	209.120048	0.011441	5.9
530	-0.552271	208.921139	0.018343	5.0
531	-0.364968	208.722733	0.002798	6.2
532	-1.297135	208.524829	0.005787	5.2
533	-1.284561	208.327425	0.005457	5.4
534	-1.290478	208.130518	0.020578	6.2
535	-0.118341	207.934107	0.003383	4.9
536	-0.000000	207.738189	0.000000	4.9
537	-0.000000	207.542762	0.000000	5.9
538	-0.953133	207.347825	0.006294	4.7
539	-0.143819	207.153376	0.003633	5.3
540	-0.210139	206.959412	0.004951	5.7
541	-0.895791	206.765932	0.005676	5.0
542	-0.060789	206.572933	0.001100	4.9
543	-0.773895	206.380414	0.003483	6.0
544	0.000000	206.188373	0.000000	5.0
545	-1.383111	205.996807	0.012214	4.9
546	-1.263720	205.805716	0.005728	6.2
547	-0.000000	205.615096	0.000000	5.5
548	-0.817586	205.424946	0.007427	5.0
549	-1.037247	205.235265	0.010104	6.0
550	-0.983657	205.046050	0.019603	5.2
551	-1.023521	204.857299	0.008479	4.8
552	-1.262818	204.669011	0.019181	5.9
553	-1.145199	204.481184	0.011646	4.9
554	-1.587549	204.293816	0.005472	4.8
555	-0.423046	204.106905	0.004316	6.2
556	-0.874623	203.920449	0.007004	5.0
557	-0.974510	203.734447	0.009559	5.2
558	-0.000000	203.548896	0.000000	5.6
559	-0.000000	203.363795	0.000000	4.9
560	-0.704524	203.179143	0.016437	4.7
561	-1.651022	202.994937	0.007896	5.6
562	-1.062750	202.811176	0.004097	5.5
563	-1.308344	202.627857	0.013580	5.1
564	-1.546459	202.444980	0.009994	5.9
565	-0.490294	202.262543	0.004355	5.1
566	-1.285213	202.080543	0.013234	4.9
567	-1.348212	201.898979	0.013895	5.7
568	-0.119835	201.717849	0.002927	5.8
569	-1.289477	201.537153	0.015913	5.6
570	-1.226936	201.356887	0.010922	6.1
571	-0.848654	201.177050	0.012129	6.2
572	-0.075807	200.997642	0.001421	5.1
573	-0.012666	200.818659	0.000460	6.7
574	-0.939367	200.640100	0.010427	5.0
575	-0.000000	200.461965	0.000000	5.2
576	-0.000176	200.284250	0.000033	6.3
577	-0.556242	200.106955	0.013303	6.0
578	-0.954632	199.930078	0.006490	5.5
579	-1.041446	199.753617	0.009760	5.8
580	-0.040956	199.577571	0.001240	5.2
581	-0.000000	199.401938	0.000000	5.4
582	-1.277082	199.226717	0.012524	5.8
583	-1.300413	199.051905	0.011416	5.1
584	-0.174026	198.877502	0.004145	5.7
585	-0.000003	198.703506	0.000001	5.4
586	-1.097212	198.529916	0.005132	5.3
587	-1.485523	198.356729	0.013781	5.6
588	-0.156339	198.183944	0.003436	6.5
589	-1.031925	198.011560	0.001365	5.3
590	-1.425506	197.839576	0.021214	5.3
591	-1.564163	197.667989	0.006864	5.7
592	-0.000000	197.496798	0.000000	4.7
593	-0.012715	197.326002	0.000374	5.9
594	-0.000000	197.155600	0.000000	5.1
595	-0.806050	196.985589	0.009086	4.7
596	0.000000	196.815969	0.000000	5.4
597	-0.439340	196.646738	0.004151	5.4
598	-1.122754	196.477894	0.014160	5.3
599	-0.248232	196.309436	0.002108	5.1
600	-0.361652	196.141363	0.004271	6.0
601	-0.139719	195.973673	0.001139	4.8
602	-0.755296	195.806365	0.002470	4.9
603	-0.911668	195.639437	0.011540	6.1
604	-1.246797	195.472888	0.015379	5.0
605	-1.027756	195.306717	0.007905	5.1
606	-1.505045	195.140922	0.016652	6.2
607	-0.000000	194.975501	0.000000	6.0
608	-1.224062	194.810454	0.014585	4.7
609	-0.612783	194.645779	0.005481	6.3
610	-1.298436	194.481475	0.017819	4.9
611	-0.422571	194.317540	0.003586	5.5
612	-0.000000	194.153973	0.000000	5.4
613	-0.691616	193.990773	0.004428	5.2
614	-0.372556	193.827938	0.004132	5.0
615	-0.889284	193.665467	0.011059	5.7
616	-0.838908	193.503358	0.003314	5.2
617	-0.000000	193.341611	0.000000	5.1
618	-1.346467	193.180224	0.010695	5.7
619	-0.152867	193.019196	0.003454	5.4
620	-0.860381	192.858525	0.008926	5.0
621	-0.764018	192.698210	0.006433	5.7
622	-0.828017	192.538251	0.009430	5.2
623	-1.610689	192.378644	0.004800	4.7
624	-0.000000	192.219391	0.000000	6.1
625	-1.327483	192.060488	0.021926	4.7
626	-1.587265	191.901935	0.012542	5.3
627	-0.000089	191.743730	0.000015	6.0
628	-1.583791	191.585873	0.009085	5.8
629	-0.393096	191.428362	0.006276	5.0
630	-1.469577	191.271196	0.007819	5.7
631	-1.047823	191.114374	0.010742	4.9
632	-1.051896	190.957893	0.007808	5.1
633	-0.999191	190.801755	0.008833	6.2
634	-1.514565	190.645956	0.008122	5.1
635	-0.654860	190.490495	0.006116	4.8
636	-0.624257	190.335373	0.024323	6.5
637	-0.875770	190.180587	0.022081	5.9
638	-0.348892	190.026136	0.002910	5.4
639	-0.850925	189.872019	0.006508	5.7
640	-0.000038	189.718235	0.000007	4.9
641	-0.959389	189.564782	0.009433	5.2
642	-0.000000	189.411661	0.000000	6.2
643	-1.083154	189.258868	0.015677	4.7
644	-0.000874	189.106404	0.000117	4.8
645	-1.416377	188.954267	0.020260	6.1
646	-0.049204	188.802456	0.001856	5.9
647	-1.254110	188.650969	0.006723	5.4
648	-0.104718	188.499807	0.001580	5.9
649	-0.195004	188.348967	0.002281	5.2
650	-1.616585	188.198448	0.019123	5.2
651	-1.433746	188.048250	0.019644	5.7
652	-1.554192	187.898371	0.010968	4.7
653	-0.012757	187.748810	0.001413	4.8
654	-0.816520	187.599566	0.008049	6.0
655	-0.794533	187.450638	0.006409	5.4
656	-0.704544	187.302025	0.021140	5.1
657	-1.330678	187.153725	0.008390	6.1
658	-0.804720	187.005739	0.006306	5.0
659	-0.852407	186.858064	0.019901	5.2
660	-1.047327	186.710699	0.005866	6.1
661	-0.000082	186.563645	0.000012	4.9
662	-1.051109	186.416898	0.014972	4.9
663	-1.610492	186.270459	0.014457	6.0
664	-1.546311	186.124326	0.012034	5.7
665	-1.464382	185.978499	0.010652	5.2
666	-1.354578	185.832976	0.006758	5.7
667	-1.271575	185.687756	0.013562	5.8
668	-1.634292	185.542838	0.014249	5.1
669	-0.001588	185.398222	0.000282	5.9
670	-0.060840	185.253906	0.002149	5.3
671	-0.147106	185.109889	0.002992	5.3
672	-1.329957	184.966170	0.011328	5.9
673	-0.556016	184.822748	0.005212	4.7
674	-0.790987	184.679623	0.016719	5.5
675	-0.000000	184.536792	0.000000	5.8
676	-0.001054	184.394256	0.000144	4.9
677	-0.674945	184.252013	0.014147	4.8
678	-0.006162	184.110062	0.000478	6.2
679	-0.901557	183.968403	0.010811	4.9
680	-1.152984	183.827034	0.011410	5.4
681	-0.169831	183.685954	0.003326	6.0
682	-1.076546	183.545163	0.007868	4.7
683	-0.266166	183.404658	0.002791	5.0
684	-0.985901	183.264441	0.008231	5.6
685	-1.648476	183.124509	0.012377	6.2
686	-1.248211	182.984861	0.008867	5.0
687	-0.135556	182.845497	0.003053	5.9
688	-0.506625	182.706416	0.012421	4.7
689	-0.641072	182.567616	0.007404	4.9
690	-1.244907	182.429098	0.009272	6.0
691	-0.017566	182.290859	0.000980	4.8
692	-0.001645	182.152899	0.000270	4.9
693	-0.651150	182.015217	0.004261	6.2
694	-0.704872	181.877813	0.011094	5.6
695	-1.259794	181.740684	0.010825	5.2
696	-1.098727	181.603832	0.007827	5.7
697	-1.218937	181.467253	0.009766	4.8
698	-0.000124	181.330948	0.000026	5.7
699	-0.783823	181.194916	0.012075	6.2
700	-1.005255	181.059155	0.007762	5.6
701	-0.008081	180.923666	0.000449	5.1
702	-1.269467	180.788446	0.009791	5.6
703	-0.698323	180.653496	0.007450	7.0
704	-0.998126	180.518814	0.006503	5.1
705	-1.170010	180.384399	0.008548	6.0
706	-1.073856	180.250251	0.008277	5.1
707	-0.418091	180.116369	0.002472	4.9
708	-1.302380	179.982752	0.009004	6.3
709	-1.392749	179.849398	0.015083	5.9
710	-1.548987	179.716308	0.012423	5.6
711	-1.159944	179.583480	0.011424	8.1
712	-0.875529	179.450913	0.009897	7.0
713	-1.153219	179.318607	0.011481	7.3
714	-0.000000	179.186561	0.000000	5.5
715	-1.046997	179.054774	0.011268	6.1
716	-0.870077	178.923245	0.010194	5.8
717	-0.149514	178.791973	0.002844	5.1
718	-1.400257	178.660958	0.006288	6.0
719	-0.745100	178.530199	0.006523	5.0
720	-0.930813	178.399694	0.008021	5.4
721	-0.717969	178.269444	0.016184	5.5
722	-0.769960	178.139447	0.006307	5.8
723	-1.349721	178.009702	0.013662	5.5
724	-1.432145	177.880209	0.005426	5.9
725	-1.303627	177.750967	0.009798	4.8
726	-0.840446	177.621975	0.004889	4.7
727	-0.000000	177.493232	0.000000	5.5
728	-0.867139	177.364738	0.009987	5.1
729	-0.052820	177.236492	0.001486	5.4
730	-0.453373	177.108492	0.007114	6.0
731	-0.000017	176.980739	0.000004	5.0
732	-1.449811	176.853231	0.007635	5.3
733	-1.561998	176.725968	0.010890	5.0
734	-0.895475	176.598949	0.006910	5.5
735	-0.377499	176.472173	0.006325	4.8
736	-0.110141	176.345639	0.002763	5.3
737	-0.717494	176.219348	0.010972	6.0
738	-1.460427	176.093296	0.011870	5.1
739	-0.863089	175.967486	0.007289	4.9
740	-0.798022	175.841914	0.008685	5.9
741	-1.167662	175.716581	0.009655	4.8
742	-1.033661	175.591486	0.012171	4.8
743	-0.079508	175.466629	0.002948	6.4
744	-0.231499	175.342008	0.002090	5.5
745	-0.639129	175.217622	0.006357	5.4
746	-0.869856	175.093472	0.009681	6.0
747	-1.642918	174.969556	0.018099	4.9
748	-1.191153	174.845873	0.016983	4.7
749	-1.075106	174.722423	0.007181	5.7
750	-1.238531	174.599206	0.005142	4.8
751	-1.181659	174.476220	0.009976	4.9
752	-1.336024	174.353464	0.007686	7.3
753	-0.000081	174.230939	0.000016	5.8
754	-0.000000	174.108643	0.000000	4.6
755	-1.602795	173.986576	0.013770	5.8
756	-0.527695	173.864737	0.003591	4.8
757	-0.560343	173.743124	0.012143	5.1
758	-1.371969	173.621739	0.009799	6.1
759	-1.057670	173.500579	0.005887	5.3
760	-0.928302	173.379645	0.006164	5.1
761	-0.636780	173.258935	0.008210	5.9
762	-0.173002	173.138449	0.001549	5.8
763	-0.000245	173.018186	0.000040	4.9
764	-1.188217	172.898146	0.004202	5.9
765	-1.460237	172.778327	0.008642	5.5
766	-0.000002	172.658730	0.000000	5.0
767	-1.562761	172.539353	0.010081	6.3
768	-0.013654	172.420196	0.000231	5.2
769	-1.155144	172.301258	0.012840	5.0
770	-1.400137	172.182539	0.012647	6.3
771	-0.000000	172.064037	0.000000	5.1
772	-1.049388	171.945753	0.007677	5.5
773	-1.535887	171.827686	0.007135	5.8
774	-0.446160	171.709834	0.005128	5.1
775	-0.021751	171.592198	0.001433	5.9
776	-1.477587	171.474776	0.014314	6.2
777	-0.643259	171.357568	0.006090	5.3
778	-1.059730	171.240574	0.007348	6.1
779	-0.105282	171.123793	0.002388	5.2
780	-1.344290	171.007223	0.007628	5.1
781	-0.792409	170.890865	0.007130	5.7
782	-1.223897	170.774718	0.005040	6.4
783	-1.450878	170.658782	0.013473	4.9
784	-0.031022	170.543055	0.000653	6.3
785	-0.376274	170.427537	0.005401	4.8
786	-1.282547	170.312227	0.011571	5.0
787	-1.230297	170.197125	0.008020	6.4
788	-1.069726	170.082231	0.018499	4.8
789	-1.290655	169.967543	0.008935	4.8
790	-1.319057	169.853061	0.008480	6.0
791	-1.303542	169.738784	0.021000	4.9
792	-1.488687	169.624713	0.006864	4.8
793	-0.034609	169.510845	0.001938	4.9
794	-1.206836	169.397181	0.005943	5.4
795	-1.026600	169.283720	0.007938	5.7
796	-0.294826	169.170462	0.004738	5.2
797	-1.094243	169.057405	0.013003	5.8
798	-1.130716	168.944549	0.004992	4.8
799	-0.000098	168.831895	0.000019	5.5
800	-1.048184	168.719440	0.006938	5.5
801	-0.744989	168.607185	0.007075	5.4
802	-1.314589	168.495129	0.016563	4.7
803	-1.502981	168.383271	0.010874	6.0
804	-0.375967	168.271611	0.004007	6.1
805	-0.836572	168.160148	0.008733	5.1
806	-0.765137	168.048882	0.006978	5.5
807	-0.165761	167.937812	0.001442	4.8
808	-1.187373	167.826938	0.006827	5.3
809	-1.345614	167.716258	0.009525	5.7
810	-1.190195	167.605773	0.009953	5.0
811	-1.471599	167.495482	0.008261	5.2
812	-1.579839	167.385384	0.004941	5.7
813	-0.000000	167.275479	0.000000	5.4
814	-0.328260	167.165766	0.002893	4.5
815	-0.628203	167.056245	0.004332	6.1
816	-0.792867	166.946915	0.021835	4.8
817	-1.422979	166.837776	0.012349	5.6
818	-1.027460	166.728826	0.011758	5.7
819	-0.797229	166.620067	0.005760	5.2
820	-0.000000	166.511496	0.000000	4.7
821	-0.000003	166.403113	0.000001	6.1
822	-0.000001	166.294919	0.000000	5.6
823	-0.808951	166.186912	0.009760	4.8
824	-0.374392	166.079091	0.010277	6.3
825	-0.829273	165.971458	0.003079	4.7
826	-0.393690	165.864009	0.005152	5.1
827	-0.983529	165.756747	0.013671	6.6
828	-1.176526	165.649669	0.014845	4.9
829	-1.239062	165.542775	0.007735	4.8
830	-1.073961	165.436065	0.009073	6.3
831	-1.319259	165.329538	0.011266	5.3
832	-0.588467	165.223194	0.010205	4.8
833	-1.078898	165.117032	0.016403	6.3
834	-0.692931	165.011052	0.011034	5.1
835	-1.033527	164.905253	0.012931	4.9
836	-1.074129	164.799635	0.004962	6.6
837	-1.637595	164.694197	0.007082	5.0
838	-1.473002	164.588939	0.009595	4.7
839	-1.460045	164.483859	0.010726	5.8
840	-0.002502	164.378959	0.000175	5.8
841	-0.202661	164.274237	0.004042	5.3
842	-0.472718	164.169692	0.009513	5.9
843	-0.804460	164.065325	0.008740	5.2
844	-1.315251	163.961135	0.015571	4.7
845	-0.001139	163.857120	0.000192	5.8
846	-0.000000	163.753282	0.000000	4.9
847	-1.463991	163.649619	0.009270	5.1
848	-1.053898	163.546130	0.004417	5.8
849	-0.915531	163.442816	0.007847	4.8
850	-0.000416	163.339676	0.000063	5.2
851	-0.558071	163.236709	0.004106	6.2
852	-0.000316	163.133915	0.000058	4.8
853	-0.123862	163.031294	0.001768	4.9
854	-1.373928	162.928844	0.003633	5.6
855	-0.000010	162.826566	0.000002	5.0
856	-0.831928	162.724459	0.003713	5.8
857	-1.361286	162.622523	0.011745	5.9
858	-0.000000	162.520757	0.000000	4.8
859	-0.386042	162.419160	0.003181	5.1
860	-0.071824	162.317733	0.002088	6.2
861	-1.152955	162.216474	0.020806	5.9
862	-1.506650	162.115383	0.010002	5.3
863	-1.163761	162.014461	0.007825	5.4
864	-1.161544	161.913705	0.008124	5.0
865	-0.104151	161.813117	0.000514	5.6
866	-1.038926	161.712695	0.013872	5.8
867	-0.000000	161.612439	0.000000	4.8
868	-0.000000	161.512349	0.000000	5.1
869	-0.060483	161.412424	0.002427	5.5
870	-1.124014	161.312663	0.008129	5.0
871	-0.009253	161.213067	0.000200	5.1
872	-1.497035	161.113635	0.014653	5.6
873	-0.899804	161.014366	0.005331	5.4
874	-1.111463	160.915260	0.023797	4.9
875	-1.241328	160.816316	0.007250	6.0
876	-0.758364	160.717535	0.016161	4.9
877	-0.000000	160.618915	0.000000	5.3
878	-0.393111	160.520456	0.005746	5.5
879	-0.000000	160.422158	0.000000	6.0
880	-0.765541	160.324021	0.007402	5.6
881	-0.048732	160.226043	0.001751	5.8
882	-1.403358	160.128225	0.016286	5.3
883	-1.280020	160.030566	0.013818	4.8
884	-0.000022	159.933066	0.000004	6.2
885	-1.625480	159.835723	0.007486	5.1
886	-1.567401	159.738539	0.008112	4.8
887	-1.602560	159.641512	0.009555	6.4
888	-0.139154	159.544642	0.001286	4.9
889	-1.444908	159.447929	0.018092	4.8
890	-1.184904	159.351372	0.015059	5.9
891	-1.227153	159.254971	0.007235	4.9
892	-0.249669	159.158725	0.002754	5.5
893	-0.008487	159.062634	0.000297	5.5
894	-0.000000	158.966697	0.000000	5.3
895	-1.443827	158.870915	0.018146	5.1
896	-0.999148	158.775286	0.012004	5.7
897	-0.316863	158.679811	0.005137	5.9
898	-0.919565	158.584489	0.023825	4.8
899	-1.003238	158.489319	0.004145	5.6
900	-1.396466	158.394302	0.015556	6.3
901	-0.000000	158.299436	0.000000	5.1
902	-1.264315	158.204721	0.013311	5.9
903	-0.934148	158.110158	0.005583	4.7
904	-0.022593	158.015745	0.000534	5.4
905	-1.064262	157.921482	0.008344	6.1
906	-0.268586	157.827369	0.004113	4.9
907	-0.064925	157.733406	0.001482	5.0
908	-1.004591	157.639591	0.009441	5.6
909	-0.841562	157.545925	0.012228	5.3
910	-0.894838	157.452408	0.008566	4.4
911	-1.264591	157.359038	0.010630	5.3
912	-0.000000	157.265816	0.000000	5.6
913	-1.575533	157.172741	0.009217	5.9
914	-0.111137	157.079813	0.002121	6.0
915	-0.000000	156.987031	0.000000	5.5
916	-0.000252	156.894395	0.000044	5.0
917	-1.649215	156.801904	0.007505	5.8
918	-1.367693	156.709559	0.016123	6.0
919	-0.652269	156.617359	0.006978	5.4
920	-1.539261	156.525304	0.024549	6.5
921	-1.138523	156.433392	0.006901	5.0
922	-0.540267	156.341624	0.016423	5.2
923	-0.000000	156.250000	0.000000	6.7
924	-0.910708	156.158519	0.005017	4.9
925	-0.609619	156.067180	0.006488	5.5
926	-0.000000	155.975984	0.000000	5.8
927	-1.137376	155.884930	0.015714	4.8
928	-0.071425	155.794017	0.001634	5.0
929	-0.803041	155.703246	0.007239	6.5
930	-1.531664	155.612615	0.008742	5.5
931	-0.706556	155.522125	0.006624	4.9
932	-0.686653	155.431775	0.005092	6.7
933	-0.000001	155.341565	0.000000	4.8
934	-1.160130	155.251495	0.006148	5.0
935	-1.225202	155.161563	0.017473	6.5
936	-1.147643	155.071771	0.021030	5.2
937	-1.187428	154.982117	0.014830	4.7
938	-0.984367	154.892601	0.009793	6.0
939	-1.343861	154.803222	0.012480	5.9
940	0.000000	154.713981	0.000000	4.9
941	-1.550882	154.624878	0.011445	5.8
942	-1.507716	154.535910	0.016644	4.7
943	-0.000010	154.447080	0.000003	5.3
944	-0.801531	154.358385	0.011451	6.8
945	-1.117600	154.269826	0.018131	5.0
946	-0.000000	154.181402	0.000000	4.7
947	-1.074258	154.093114	0.011293	6.2
948	-0.952034	154.004960	0.011557	5.1
949	-0.000007	153.916940	0.000002	5.2
950	-1.462895	153.829054	0.007209	6.1
951	-0.000000	153.741303	0.000000	5.4
952	-0.596936	153.653684	0.010316	5.4
953	-0.466629	153.566198	0.016730	7.1
954	-0.168336	153.478846	0.003974	5.5
955	-1.014896	153.391625	0.009792	6.3
956	-0.617619	153.304537	0.003769	6.4
957	-1.419905	153.217580	0.021597	5.1
958	-1.595604	153.130755	0.007541	5.9
959	-0.000000	153.044061	0.000000	5.2
960	-1.204519	152.957498	0.010214	5.4
961	-0.000021	152.871065	0.000004	6.3
962	-0.007496	152.784762	0.000471	4.9
963	-0.000000	152.698589	0.000000	4.9
964	-0.969932	152.612545	0.012878	6.0
965	-1.128979	152.526631	0.006492	4.8
966	-1.501905	152.440845	0.013721	5.4
967	-0.650596	152.355188	0.004685	6.2
968	-0.997005	152.269660	0.005659	5.2
969	-0.079052	152.184259	0.003761	5.3
970	-1.336130	152.098986	0.007810	5.9
971	-0.000038	152.013840	0.000009	5.0
972	-0.879414	151.928821	0.003162	4.9
973	-0.549286	151.843928	0.004956	5.7
974	-0.000003	151.759163	0.000001	6.1
975	-1.443843	151.674523	0.013185	5.4
976	-1.530382	151.590009	0.007499	6.0
977	-0.000081	151.505620	0.000013	4.8
978	0.000000	151.421357	0.000000	4.8
979	-1.368373	151.337218	0.015133	6.2
980	-0.061938	151.253204	0.001091	5.0
981	-1.404744	151.169314	0.007107	5.0
982	-1.377861	151.085549	0.008068	5.9
983	-1.101776	151.001907	0.004956	4.8
984	-1.627470	150.918388	0.009768	5.8
985	-0.011217	150.834992	0.000727	6.3
986	-0.000000	150.751719	0.000000	5.0
987	-0.760822	150.668569	0.011624	5.2
988	-1.475826	150.585541	0.008546	6.3
989	-0.958483	150.502634	0.010412	6.3
990	-0.849298	150.419849	0.008220	5.7
991	-1.134790	150.337186	0.004097	6.6
992	-1.362045	150.254644	0.009042	5.1
993	-0.425914	150.172222	0.003042	4.9
994	-1.443317	150.089921	0.008935	6.9
995	-1.089182	150.007740	0.013293	6.2
996	-0.600823	149.925679	0.010653	6.7
997	-0.000004	149.843737	0.000001	5.0
998	-1.456942	149.761915	0.013453	5.2
999	-1.391435	149.680212	0.007536	6.2
1000	-0.779118	149.598627	0.008345	4.9
1001	-0.750078	149.517161	0.014828	5.4
1002	-0.604503	149.435814	0.005601	6.0
1003	-0.000000	149.354584	0.000000	4.8
1004	-1.602974	149.273472	0.013580	4.9
1005	-0.000000	149.192477	0.000000	6.1
1006	-0.000025	149.111599	0.000006	5.2
1007	-0.289267	149.030838	0.003163	5.1
1008	-0.000000	148.950194	0.000000	5.6
1009	-0.916791	148.869666	0.011835	5.3
1010	-1.073598	148.789253	0.008865	4.9
1011	-0.080944	148.708957	0.000427	5.2
1012	-0.787119	148.628776	0.012283	5.9
1013	-0.002125	148.548710	0.000358	5.0
1014	-0.046081	148.468759	0.001586	5.5
1015	-0.000071	148.388923	0.000016	5.0
1016	-1.288469	148.309201	0.008119	5.0
1017	-0.374172	148.229594	0.003087	4.9
1018	-0.466119	148.150100	0.003539	5.4
1019	-0.801877	148.070719	0.006644	5.0
1020	-0.000002	147.991452	0.000001	5.1
1021	-1.191725	147.912298	0.005999	6.6
1022	-0.665560	147.833257	0.004999	4.8
1023	-0.598055	147.754329	0.020856	5.1
1024	-1.227591	147.675512	0.018555	6.0
1025	-1.286436	147.596808	0.019923	5.4
1026	-0.709437	147.518216	0.006853	4.9
1027	-1.425941	147.439735	0.006855	5.9
1028	-0.345683	147.361365	0.006796	5.4
1029	-1.601799	147.283106	0.012633	4.9
1030	-0.031785	147.204958	0.001486	6.4
1031	-0.627705	147.126920	0.009497	4.9
1032	-1.166972	147.048993	0.009943	4.8
1033	-0.874832	146.971175	0.007708	6.0
1034	-1.431681	146.893468	0.008428	6.2
1035	-0.770302	146.815869	0.008189	6.2
1036	-1.502037	146.738380	0.012269	5.5
1037	-1.029020	146.661000	0.016698	5.4
1038	-1.230417	146.583729	0.012588	5.3
1039	-1.659227	146.506566	0.012119	5.7
1040	-0.914736	146.429511	0.007225	4.7
1041	-0.000504	146.352565	0.000086	5.3
1042	0.000000	146.275726	0.000000	5.5
1043	-1.315171	146.198994	0.011105	4.9
1044	-0.912302	146.122370	0.006908	4.7
1045	-1.133077	146.045853	0.008138	6.1
1046	-1.042793	145.969442	0.010733	4.8
1047	-1.098288	145.893139	0.009012	4.9
1048	-1.499269	145.816941	0.008802	6.5
1049	-1.357905	145.740849	0.004228	5.1
1050	-0.255721	145.664863	0.002865	4.8
1051	-0.954517	145.588983	0.002941	6.2
1052	-1.429028	145.513208	0.019290	5.8
1053	-1.315845	145.437538	0.008627	5.4
1054	-0.805300	145.361973	0.005608	5.9
1055	-0.246520	145.286513	0.003810	5.2
1056	-0.176478	145.211157	0.001090	4.9
1057	-0.186784	145.135905	0.003495	5.7
1058	-0.084714	145.060757	0.001022	4.8
1059	-0.007447	144.985712	0.000900	5.0
1060	-0.003730	144.910771	0.000571	5.8
1061	-0.029701	144.835934	0.001551	5.3
1062	-1.174585	144.761199	0.008429	5.1
1063	-1.375618	144.686567	0.015565	5.9
1064	-1.543305	144.612037	0.008447	5.6
1065	-1.156072	144.537610	0.003603	4.9
1066	-0.084105	144.463285	0.001671	6.0
1067	-1.338472	144.389062	0.024731	5.2
1068	-1.113394	144.314940	0.017641	5.0
1069	-0.734815	144.240920	0.008289	5.8
1070	-0.000215	144.167001	0.000041	4.9
1071	-0.744965	144.093182	0.012560	5.4
1072	-0.650229	144.019465	0.007774	6.1
1073	-1.462054	143.945848	0.005386	5.9
1074	-0.592227	143.872331	0.007221	4.8
1075	-0.000000	143.798914	0.000000	6.2
1076	-0.379162	143.725597	0.002442	5.0
1077	-1.421704	143.652380	0.014588	5.6
1078	-0.025384	143.579262	0.000753	5.9
1079	-0.480464	143.506243	0.009751	5.4
1080	-1.003877	143.433323	0.003481	5.1
1081	-1.408896	143.360502	0.009704	6.0
1082	-0.879962	143.287780	0.008509	5.2
1083	-1.162610	143.215155	0.011341	5.1
1084	-0.133236	143.142629	0.002518	6.3
1085	-1.064553	143.070201	0.008219	5.1
1086	0.000000	142.997870	0.000000	5.6
1087	-0.992353	142.925637	0.014123	5.7
1088	-1.527024	142.853501	0.009366	5.5
1089	-1.319509	142.781462	0.005894	5.8
1090	-1.386772	142.709519	0.006708	5.3
1091	-1.442501	142.637674	0.016272	5.0
1092	-0.800712	142.565924	0.013238	5.3
1093	-1.651783	142.494271	0.009155	6.3
1094	-0.791714	142.422714	0.008074	5.7
1095	-1.366254	142.351252	0.014492	5.6
1096	-0.964353	142.279886	0.005901	4.9
1097	-0.045473	142.208616	0.001537	5.1
1098	-0.882819	142.137440	0.014555	6.0
1099	-1.386801	142.066360	0.014223	5.1
1100	-0.000000	141.995374	0.000000	4.8
1101	-1.421799	141.924483	0.009093	5.1
1102	-1.235556	141.853685	0.007312	5.4
1103	-0.806220	141.782983	0.012725	5.1
1104	-0.830914	141.712373	0.009670	5.5
1105	-1.650282	141.641858	0.010944	5.9
1106	-0.002144	141.571436	0.000261	4.8
1107	-1.079637	141.501108	0.014023	5.4
1108	-1.150783	141.430872	0.007362	6.1
1109	-1.127238	141.360730	0.010595	4.9
1110	-1.017127	141.290680	0.007469	4.8
1111	-1.160751	141.220722	0.008952	7.5
1112	-0.000000	141.150857	0.000000	6.0
1113	-0.000001	141.081084	0.000000	6.7
1114	-1.155334	141.011403	0.011186	4.9
1115	-0.001572	140.941813	0.000213	4.7
1116	-0.728452	140.872315	0.003829	6.3
1117	-1.075969	140.802909	0.006392	4.7
1118	-1.262351	140.733593	0.013659	5.3
1119	-0.627437	140.664369	0.003919	6.2
1120	-0.007697	140.595235	0.000898	4.8
1121	-1.349438	140.526192	0.005268	4.8
1122	-0.000000	140.457239	0.000000	5.5
1123	-0.504614	140.388376	0.004789	5.2
1124	-0.000000	140.319603	0.000000	5.4
1125	-0.536531	140.250920	0.005729	5.7
1126	-0.008471	140.182326	0.000273	5.1
1127	-0.718485	140.113822	0.007095	5.9
1128	-0.435129	140.045407	0.006146	5.4
1129	-1.042530	139.977081	0.005333	6.0
1130	-0.246212	139.908844	0.005039	4.9
1131	-0.975821	139.840696	0.013083	5.9
1132	-1.122679	139.772635	0.018738	5.3
1133	-0.472673	139.704664	0.006775	4.8
1134	-0.870163	139.636780	0.006633	6.3
1135	-1.276522	139.568984	0.016701	5.3
1136	-0.953280	139.501276	0.011232	4.8
1137	-1.459685	139.433655	0.010508	6.2
1138	-1.447087	139.366122	0.010701	4.8
1139	-1.152643	139.298676	0.020081	4.8
1140	-1.594968	139.231317	0.012560	6.0
1141	-0.898512	139.164045	0.010764	5.1
1142	-1.385904	139.096859	0.005120	4.8
1143	-0.910240	139.029760	0.012896	6.5
1144	-0.000000	138.962747	0.000000	4.8
1145	-1.182067	138.895820	0.004736	4.8
1146	-1.616905	138.828978	0.007095	6.2
1147	-1.063035	138.762223	0.010446	5.3
1148	-1.628240	138.695553	0.023280	4.9
1149	-1.183896	138.628969	0.009048	5.7
1150	-1.484580	138.562469	0.008029	5.6
1151	-1.300268	138.496055	0.005414	5.0
1152	-1.178253	138.429725	0.007756	6.0
1153	-1.348874	138.363481	0.018529	4.7
1154	-0.432876	138.297320	0.006501	5.3
1155	-0.000000	138.231244	0.000000	5.2
1156	-0.000000	138.165252	0.000000	5.4
1157	-0.626594	138.099344	0.008182	5.0
1158	-0.282228	138.033520	0.005634	5.5
1159	-0.134185	137.967779	0.001881	5.8
1160	-1.020579	137.902122	0.006863	5.0
1161	-0.006519	137.836548	0.000664	4.9
1162	-1.452239	137.771057	0.017415	6.1
1163	-1.341197	137.705649	0.015446	5.2
1164	-0.563602	137.640324	0.019190	5.7
1165	-0.920317	137.575081	0.007676	5.7
1166	-1.359453	137.509921	0.014536	5.5
1167	-0.000000	137.444842	0.000000	5.9
1168	-0.961590	137.379846	0.010274	6.1
1169	-0.254636	137.314932	0.003074	5.9
1170	-0.000048	137.250100	0.000004	6.3
1171	-1.535207	137.185349	0.009158	4.8
1172	-0.064461	137.120680	0.001925	4.9
1173	-1.430304	137.056092	0.004765	6.4
1174	-0.792037	136.991585	0.018056	5.2
1175	-1.328455	136.927158	0.011247	5.5
1176	-0.849840	136.862813	0.004196	6.0
1177	-0.614143	136.798548	0.007820	5.1
1178	-0.000000	136.734363	0.000000	4.7
1179	-0.029404	136.670259	0.001514	5.8
1180	-0.826987	136.606235	0.008323	5.2
1181	-0.000000	136.542291	0.000000	5.3
1182	-0.000649	136.478426	0.000081	5.8
1183	-0.000000	136.414641	0.000000	5.3
1184	-1.395125	136.350936	0.008821	5.3
1185	-1.227113	136.287310	0.005998	5.5
1186	-0.694447	136.223763	0.007250	5.9
1187	-0.900879	136.160295	0.007840	5.7
1188	-1.113801	136.096905	0.012136	5.9
1189	-0.000000	136.033594	0.000000	4.8
1190	-0.810008	135.970362	0.014337	5.4
1191	-1.031030	135.907208	0.011203	5.8
1192	-1.159839	135.844133	0.010604	5.2
1193	-1.510064	135.781135	0.015569	5.0
1194	-0.902895	135.718215	0.006236	5.6
1195	-1.404945	135.655373	0.012434	5.2
1196	-1.276885	135.592608	0.018884	4.8
1197	-1.047964	135.529921	0.013114	6.0
1198	0.000000	135.467311	0.000000	4.7
1199	-0.000000	135.404778	0.000000	4.7
1200	-0.000020	135.342322	0.000003	5.9
1201	-0.005906	135.279942	0.000609	5.5
1202	-0.722199	135.217640	0.007315	4.7
1203	-0.624532	135.155413	0.004958	5.6
1204	-0.159996	135.093263	0.001483	4.8
1205	-0.760262	135.031190	0.024330	5.4
1206	-0.800070	134.969192	0.009345	5.3
1207	-1.551251	134.907270	0.011748	6.1
1208	-1.538590	134.845424	0.014675	5.2
1209	-0.713948	134.783653	0.004108	5.6
1210	-0.019472	134.721958	0.000850	5.3
1211	-0.472254	134.660338	0.006483	4.8
1212	-0.042130	134.598793	0.000647	5.4
1213	-0.003662	134.537323	0.000246	5.3
1214	-1.569495	134.475927	0.020470	4.5
1215	-0.293786	134.414607	0.003475	4.8
1216	-0.657324	134.353361	0.006034	6.1
1217	-1.377346	134.292189	0.008912	5.1
1218	-1.133591	134.231092	0.007771	4.8
1219	-1.291810	134.170068	0.011758	5.7
1220	-0.964600	134.109119	0.010523	4.6
1221	-1.354427	134.048243	0.011518	5.0
1222	-1.266807	133.987441	0.009489	6.0
1223	-1.049811	133.926713	0.013549	5.0
1224	-0.790743	133.866057	0.012756	4.8
1225	-1.230356	133.805475	0.006049	5.7
1226	-0.636947	133.744966	0.006933	6.0
1227	-1.330627	133.684530	0.010320	5.2
1228	-1.068780	133.624167	0.008598	6.2
1229	-1.288141	133.563877	0.013564	4.8
1230	-1.492715	133.503658	0.007663	4.7
1231	-0.985209	133.443513	0.011077	6.7
1232	-0.184092	133.383439	0.003040	5.0
1233	-0.810780	133.323437	0.008985	5.1
1234	-1.616461	133.263508	0.010023	5.8
1235	-0.214766	133.203650	0.004792	5.1
1236	-0.379412	133.143864	0.003218	4.7
1237	-0.046927	133.084149	0.000805	5.7
1238	-0.314352	133.024506	0.005457	5.1
1239	-0.807001	132.964934	0.009222	4.8
1240	-1.129034	132.905433	0.017545	6.5
1241	-0.757263	132.846003	0.004825	4.9
1242	-1.626323	132.786643	0.009859	5.2
1243	-0.074458	132.727355	0.000960	5.3
1244	-0.040745	132.668137	0.000883	5.6
1245	-1.462246	132.608989	0.013427	4.6
1246	-0.800819	132.549912	0.005799	4.8
1247	-0.000000	132.490904	0.000000	6.0
1248	-0.268100	132.431967	0.003246	5.1
1249	-1.430222	132.373100	0.013117	5.0
1250	-1.660177	132.314302	0.020473	5.8
1251	-0.000029	132.255574	0.000005	5.2
1252	-1.269031	132.196916	0.008348	5.3
1253	-0.435194	132.138326	0.005294	5.5
1254	-0.482926	132.079806	0.003755	4.9
1255	-1.221248	132.021355	0.004526	4.8
1256	-1.217966	131.962973	0.015743	6.0
1257	-1.476754	131.904660	0.002982	4.7
1258	-1.464244	131.846415	0.008217	5.0
1259	-1.005075	131.788239	0.019620	6.1
1260	-1.391436	131.730131	0.008371	4.7
1261	-1.341625	131.672092	0.012660	5.2
1262	-0.000000	131.614121	0.000000	6.2
1263	-1.188110	131.556217	0.004781	4.7
1264	-0.843865	131.498382	0.009115	4.8
1265	-1.548568	131.440614	0.012922	5.4
1266	-1.064045	131.382914	0.014909	5.8
1267	-1.190383	131.325282	0.013201	5.6
1268	-1.353611	131.267717	0.011128	6.1
1269	-1.261799	131.210219	0.010023	5.3
1270	-0.087510	131.152788	0.002474	5.4
1271	-1.384446	131.095424	0.012646	6.2
1272	-0.857510	131.038127	0.013284	5.1
1273	-1.113220	130.980897	0.010147	5.0
1274	-1.029748	130.923733	0.008680	6.7
1275	-0.145330	130.866636	0.001195	5.3
1276	-1.246720	130.809605	0.007837	5.2
1277	-0.844080	130.752641	0.009160	6.3
1278	-1.408007	130.695742	0.006867	5.2
1279	-0.662622	130.638910	0.005365	5.0
1280	-1.584218	130.582143	0.013865	5.7
1281	-1.382299	130.525442	0.007366	4.8
1282	-1.379894	130.468807	0.013146	5.3
1283	-1.494220	130.412237	0.013784	6.6
1284	-0.492300	130.355733	0.004083	5.3
1285	-1.290667	130.299294	0.017027	4.9
1286	-1.471735	130.242920	0.007625	5.9
1287	-0.924633	130.186611	0.022779	5.5
1288	-0.016962	130.130366	0.000453	5.2
1289	-0.586084	130.074187	0.006576	6.5
1290	-0.006664	130.018072	0.000371	5.4
1291	-0.828516	129.962022	0.009451	5.6
1292	-0.758166	129.906036	0.006333	5.3
1293	-0.951543	129.850114	0.010752	5.1
1294	-0.259718	129.794257	0.004559	5.5
1295	-0.874359	129.738463	0.012599	5.4
1296	-0.118401	129.682734	0.002432	4.8
1297	-1.298715	129.627068	0.008668	5.4
1298	-1.334761	129.571466	0.006407	5.6
1299	-0.958610	129.515927	0.008292	4.7
1300	-0.713902	129.460452	0.006486	4.8
1301	-0.812070	129.405040	0.022746	6.6
1302	-0.001376	129.349692	0.000250	4.7
1303	-0.000000	129.294406	0.000000	5.2
1304	-0.000464	129.239183	0.000053	5.8
1305	-1.228490	129.184024	0.005001	5.7
1306	-0.223903	129.128927	0.002998	5.1
1307	-0.000000	129.073892	0.000000	6.0
1308	-1.613622	129.018921	0.014846	5.4
1309	-0.339583	128.964011	0.004684	5.2
1310	-1.152011	128.909164	0.006867	6.0
1311	-1.053235	128.854379	0.015220	5.2
1312	-0.000000	128.799656	0.000000	5.0
1313	-1.622750	128.744995	0.018710	5.6
1314	-1.474524	128.690396	0.010405	5.0
1315	-1.484169	128.635858	0.008016	5.4
1316	-0.434961	128.581382	0.004415	6.2
1317	-1.303990	128.526968	0.011610	4.8
1318	-0.070828	128.472615	0.001595	5.3
1319	-1.353388	128.418323	0.008014	5.6
1320	-0.000000	128.364092	0.000000	4.8
1321	-0.000000	128.309922	0.000000	4.9
1322	-1.289036	128.255814	0.010628	6.3
1323	-1.118326	128.201766	0.014220	4.9
1324	-1.376983	128.147778	0.011647	5.3
1325	-1.187679	128.093852	0.011303	5.7
1326	-1.013359	128.039985	0.007464	5.6
1327	-0.956012	127.986180	0.006845	4.9
1328	-1.294453	127.932434	0.011742	6.7
1329	-0.583173	127.878749	0.014656	4.6
1330	-0.669852	127.825123	0.020134	5.4
1331	-0.000000	127.771558	0.000000	5.7
1332	-0.438604	127.718052	0.006952	4.5
1333	-1.027871	127.664606	0.005861	4.8
1334	-0.104111	127.611220	0.002074	5.8
1335	-1.319695	127.557893	0.004246	4.8
1336	-1.354848	127.504625	0.009159	5.7
1337	-1.454450	127.451417	0.012754	5.9
1338	-0.931356	127.398268	0.011542	5.3
1339	-1.077740	127.345178	0.005560	4.9
1340	-0.886148	127.292147	0.008285	6.1
1341	-1.070404	127.239175	0.014120	5.3
1342	-1.584792	127.186261	0.008636	4.6
1343	-0.775440	127.133407	0.012579	5.6
1344	-0.924394	127.080610	0.019037	5.6
1345	-0.373315	127.027872	0.005312	5.6
1346	-0.516341	126.975193	0.006260	5.9
1347	-1.270932	126.922572	0.009924	4.9
1348	-1.509097	126.870008	0.009624	5.1
1349	-0.804682	126.817503	0.004785	5.8
1350	-0.000003	126.765056	0.000001	5.3
1351	-0.000000	126.712667	0.000000	5.2
1352	-0.914003	126.660335	0.008295	5.8
1353	-0.103359	126.608061	0.001085	4.7
1354	-0.000000	126.555844	0.000000	5.3
1355	-0.972830	126.503685	0.010008	6.0
1356	-1.423910	126.451583	0.015898	5.2
1357	-0.699525	126.399538	0.007518	4.7
1358	-1.175048	126.347550	0.004232	6.0
1359	-0.001350	126.295619	0.000193	4.9
1360	-0.752377	126.243745	0.008265	4.8
1361	-0.000131	126.191928	0.000031	6.1
1362	-0.210050	126.140168	0.003643	5.2
1363	-0.910478	126.088464	0.020264	5.3
1364	-0.780677	126.036817	0.004224	5.3
1365	-0.962736	125.985226	0.009873	5.9
1366	-1.573576	125.933691	0.014522	5.3
1367	-1.008122	125.882212	0.007637	5.7
1368	-0.540677	125.830790	0.009574	5.0
1369	-0.000062	125.779423	0.000014	5.5
1370	-1.597707	125.728113	0.012373	5.7
1371	-0.187546	125.676858	0.002163	4.9
1372	-0.000003	125.625659	0.000001	4.9
1373	-0.919975	125.574515	0.008119	4.9
1374	-0.000000	125.523427	0.000000	6.0
1375	-0.581661	125.472394	0.005875	4.8
1376	-1.356832	125.421417	0.010404	5.8
1377	-1.594090	125.370495	0.005513	5.0
1378	-1.562864	125.319628	0.010379	4.8
1379	-0.737264	125.268815	0.020864	5.2
1380	-1.119808	125.218058	0.011345	5.9
1381	-1.122329	125.167356	0.009063	4.8
1382	-1.194303	125.116708	0.008085	5.0
1383	-1.566056	125.066115	0.012356	6.1
1384	-0.000637	125.015576	0.000038	5.6
1385	-1.542541	124.965092	0.010263	4.9
1386	-1.349096	124.914662	0.008531	5.8
1387	-0.672608	124.864287	0.008975	5.9
1388	-0.223153	124.813965	0.002220	4.9
1389	-0.000196	124.763698	0.000021	5.8
1390	-0.427142	124.713485	0.004593	5.5
1391	-1.192597	124.663325	0.012757	5.0
1392	-0.667569	124.613219	0.012510	5.9
1393	-0.447550	124.563167	0.002726	4.8
1394	-1.365159	124.513168	0.013643	5.0
1395	-0.002138	124.463223	0.000260	5.6
1396	-1.587545	124.413332	0.013668	4.9
1397	-1.233024	124.363493	0.004315	4.8
1398	-1.138140	124.313708	0.013739	6.4
1399	-0.825498	124.263976	0.008793	4.9
1400	-0.000000	124.214297	0.000000	5.4
1401	-1.582871	124.164671	0.008486	6.2
1402	-1.053706	124.115097	0.009897	5.1
1403	-0.963292	124.065577	0.011813	5.7
1404	-0.608280	124.016109	0.006852	6.2
1405	-1.139016	123.966693	0.012285	5.7
1406	-1.286841	123.917330	0.006435	5.4
1407	-0.118038	123.868020	0.001969	6.2
1408	-1.404527	123.818762	0.020168	5.7
1409	-1.337551	123.769556	0.007901	5.5
1410	-0.000523	123.720402	0.000086	5.5
1411	-0.590848	123.671300	0.008161	5.2
1412	-1.103614	123.622250	0.009563	5.8
1413	-0.745325	123.573252	0.011208	5.4
1414	-1.407491	123.524305	0.005861	4.8
1415	-0.794133	123.475411	0.009445	5.2
1416	-0.031479	123.426568	0.001978	6.0
1417	-0.344721	123.377776	0.002595	5.3
1418	-0.258645	123.329036	0.003075	5.5
1419	-0.097109	123.280347	0.002849	5.2
1420	-0.384111	123.231709	0.004869	4.7
1421	-1.671266	123.183122	0.008464	4.8
1422	-0.543401	123.134587	0.005141	6.0
1423	-0.135581	123.086102	0.001715	5.3
1424	-0.588643	123.037669	0.005400	5.5
1425	-0.637787	122.989286	0.002916	6.0
1426	-1.438446	122.940954	0.009954	5.4
1427	-1.584773	122.892672	0.007462	4.6
1428	-0.024467	122.844441	0.001676	6.0
1429	-1.325051	122.796261	0.020180	5.0
1430	-0.000000	122.748130	0.000000	5.0
1431	-0.765989	122.700050	0.009611	5.6
1432	-1.256423	122.652021	0.006502	5.6
1433	-0.759454	122.604041	0.009207	5.1
1434	-0.000000	122.556111	0.000000	6.2
1435	-1.384440	122.508232	0.007238	5.0
1436	-0.377164	122.460402	0.004495	5.2
1437	-0.000000	122.412622	0.000000	6.2
1438	-1.125756	122.364891	0.006346	4.8
1439	-0.891203	122.317210	0.010250	5.4
1440	-0.000000	122.269579	0.000000	5.9
1441	-1.382118	122.221997	0.020186	4.9
1442	-0.851729	122.174465	0.005674	4.7
1443	-0.000000	122.126981	0.000000	6.3
1444	-1.664934	122.079547	0.012582	4.8
1445	-1.103622	122.032162	0.006228	4.9
1446	-1.507354	121.984826	0.010368	6.3
1447	-0.004023	121.937539	0.000522	5.3
1448	-0.135346	121.890301	0.001974	4.9
1449	-0.579922	121.843112	0.006919	6.3
1450	-1.181575	121.795971	0.006348	4.8
1451	-0.070656	121.748879	0.002341	5.3
1452	-0.016504	121.701835	0.001255	6.3
1453	-1.381835	121.654840	0.017239	5.0
1454	-1.226596	121.607893	0.013209	5.3
1455	-0.342085	121.560994	0.004252	6.1
1456	-0.993649	121.514144	0.017671	4.9
1457	-0.000539	121.467342	0.000084	5.1
1458	-1.563359	121.420588	0.009031	5.8
1459	-0.000343	121.373882	0.000063	4.9
1460	-1.520208	121.327223	0.012596	5.2
1461	-0.550819	121.280613	0.005534	6.0
1462	-1.436893	121.234050	0.012515	5.0
1463	-1.353232	121.187535	0.016159	4.7
1464	-1.036559	121.141067	0.006865	6.1
1465	-1.125976	121.094647	0.012492	5.6
1466	-0.000000	121.048274	0.000000	5.0
1467	-0.160250	121.001949	0.001894	6.2
1468	-1.342075	120.955671	0.010776	5.1
1469	-1.016017	120.909440	0.010060	4.8
1470	-0.117793	120.863256	0.001604	6.0
1471	-0.864652	120.817119	0.010370	4.8
1472	-1.382799	120.771029	0.012473	5.0
1473	-0.813631	120.724986	0.004773	7.2
1474	-1.384939	120.678990	0.015232	5.9
1475	-0.000000	120.633040	0.000000	5.0
1476	-0.950567	120.587137	0.015523	6.1
1477	-1.331879	120.541281	0.004936	4.8
1478	-1.505967	120.495471	0.009706	4.8
1479	-0.719404	120.449707	0.004167	6.4
1480	-1.069530	120.403990	0.003391	4.7
1481	-1.163368	120.358319	0.003904	5.2
1482	-0.000000	120.312694	0.000000	6.1
1483	-1.595742	120.267115	0.014412	5.7
1484	-0.002229	120.221582	0.000302	4.7
1485	-0.004530	120.176096	0.000130	6.0
1486	-1.339729	120.130655	0.012996	5.0
1487	-1.447956	120.085260	0.006953	5.1
1488	-1.315629	120.039910	0.013532	6.0
1489	-1.416075	119.994606	0.004067	5.0
1490	-1.414538	119.949348	0.009533	5.5
1491	-0.214160	119.904135	0.002172	5.9
1492	-0.000220	119.858968	0.000041	4.9
1493	-0.595786	119.813846	0.006112	4.6
1494	-1.579038	119.768769	0.009545	6.0
1495	-1.076318	119.723738	0.010358	5.1
1496	-1.386583	119.678752	0.010525	5.1
1497	-0.567197	119.633810	0.004552	6.0
1498	-1.176622	119.588914	0.012507	4.9
1499	-0.648812	119.544062	0.005181	4.7
1500	-1.224835	119.499256	0.022578	6.0
1501	-0.005366	119.454494	0.000144	5.2
1502	-1.163070	119.409777	0.008463	4.7
1503	-0.678098	119.365104	0.019791	5.7
1504	-1.106912	119.320476	0.008375	6.1
1505	-1.070504	119.275893	0.006103	5.3
1506	-0.000000	119.231353	0.000000	6.1
1507	-0.510475	119.186859	0.010568	5.0
1508	-1.110591	119.142408	0.006465	5.0
1509	-1.288787	119.098002	0.016587	6.6
1510	-0.000000	119.053639	0.000000	5.3
1511	-1.254174	119.009321	0.016586	5.0
1512	-1.404474	118.965047	0.010409	6.0
1513	-1.234786	118.920816	0.012482	5.0
1514	-0.000000	118.876630	0.000000	5.7
1515	-1.190225	118.832487	0.012955	6.0
1516	-0.510917	118.788388	0.007490	4.9
1517	-0.506062	118.744332	0.011844	5.3
1518	-1.530329	118.700320	0.012299	5.8
1519	-1.277673	118.656352	0.006144	4.7
1520	-1.070699	118.612427	0.004705	4.7
1521	-1.181957	118.568545	0.014852	5.7
1522	-0.029475	118.524706	0.001625	6.0
1523	-1.406683	118.480911	0.009849	6.2
1524	-1.404997	118.437159	0.014078	6.0
1525	-1.328102	118.393450	0.007538	6.0
1526	-0.986973	118.349784	0.008455	5.3
1527	-1.519007	118.306160	0.012418	5.4
1528	-0.563601	118.262580	0.004714	4.8
1529	-1.467332	118.219042	0.004336	4.7
1530	-0.459986	118.175548	0.004827	6.1
1531	-1.516507	118.132095	0.012258	5.1
1532	-1.315696	118.088686	0.005818	5.1
1533	-1.511418	118.045319	0.013206	5.9
1534	-1.350028	118.001994	0.012068	4.7
1535	-0.011777	117.958712	0.000750	4.7
1536	-1.147460	117.915472	0.007915	6.1
1537	-1.043840	117.872274	0.006564	5.2
1538	-0.041054	117.829118	0.000628	4.9
1539	-0.584142	117.786005	0.006793	6.7
1540	-0.856508	117.742933	0.019315	5.8
1541	-1.100559	117.699904	0.007744	5.7
1542	-1.271255	117.656916	0.008954	6.0
1543	-0.251937	117.613971	0.003927	5.2
1544	-1.553722	117.571067	0.005888	4.6
1545	-1.254816	117.528205	0.005243	6.0
1546	-0.505542	117.485384	0.004075	5.0
1547	-1.550660	117.442605	0.012606	5.1
1548	-0.000236	117.399867	0.000051	6.4
1549	-1.400307	117.357171	0.011892	5.3
1550	-1.223720	117.314517	0.017246	5.2
1551	-1.009391	117.271903	0.009161	5.9
1552	-0.917777	117.229331	0.016056	4.9
1553	-0.005438	117.186800	0.000190	5.0
1554	-1.448608	117.144311	0.009817	6.0
1555	-0.043603	117.101862	0.001201	5.0
1556	-1.393127	117.059454	0.015261	5.5
1557	-1.380725	117.017087	0.014896	5.6
1558	-0.788755	116.974762	0.010374	5.1
1559	-0.224512	116.932476	0.004496	5.2
1560	-0.309614	116.890232	0.005793	5.7
1561	-0.756874	116.848028	0.005240	5.2
1562	-0.000008	116.805865	0.000002	5.2
1563	-0.248703	116.763743	0.002537	5.8
1564	-0.237354	116.721661	0.001806	5.6
1565	-0.223211	116.679619	0.002057	4.9
1566	-0.740320	116.637618	0.007179	6.4
1567	-0.849977	116.595657	0.009590	4.8
1568	-1.437773	116.553736	0.009751	4.9
1569	-1.393237	116.511855	0.029379	5.4
1570	-1.621157	116.470015	0.024227	4.8
1571	-0.000000	116.428214	0.000000	4.7
1572	-1.500003	116.386454	0.010034	6.0
1573	-0.729618	116.344733	0.004544	5.6
1574	-0.993364	116.303052	0.007008	5.1
1575	-1.362679	116.261412	0.015817	4.9
1576	-0.095524	116.219810	0.002158	4.7
1577	-1.263136	116.178249	0.007063	4.7
1578	-0.000035	116.136727	0.000007	5.1
1579	-0.297019	116.095245	0.004793	5.1
1580	-0.648881	116.053802	0.005327	5.0
1581	-0.729702	116.012398	0.004185	5.7
1582	-1.491993	115.971034	0.018806	5.4
1583	-1.561432	115.929710	0.018409	5.0
1584	-1.534180	115.888424	0.009359	4.8
1585	-1.406617	115.847178	0.006543	5.8
1586	-0.295409	115.805970	0.005609	5.7
1587	-0.000000	115.764802	0.000000	4.7
1588	-0.000000	115.723673	0.000000	6.2
1589	-1.000211	115.682583	0.014049	4.8
1590	-0.442635	115.641532	0.005596	5.4
1591	-1.024990	115.600519	0.009278	5.7
1592	-1.628829	115.559546	0.010794	5.2
1593	-0.001490	115.518610	0.000211	4.7
1594	-0.989273	115.477714	0.017237	5.7
1595	-1.321722	115.436856	0.008068	5.0
1596	-0.949422	115.396037	0.004880	4.7
1597	-0.168772	115.355256	0.003305	5.5
1598	-0.277205	115.314514	0.004386	4.8
1599	-1.639043	115.273810	0.009708	5.2
1600	-0.000000	115.233144	0.000000	5.9
1601	-0.113739	115.192517	0.003068	4.7
1602	-1.368142	115.151927	0.007884	5.2
1603	-0.000000	115.111376	0.000000	5.6
1604	-1.085394	115.070863	0.012700	5.9
1605	-1.660266	115.030388	0.006172	5.9
1606	-0.000004	114.989951	0.000001	5.6
1607	-0.929437	114.949551	0.008791	4.7
1608	-0.365036	114.909190	0.004929	4.7
1609	-1.279845	114.868866	0.006865	6.4
1610	-1.549550	114.828580	0.015087	4.8
1611	-0.971942	114.788332	0.009781	5.0
1612	-1.196803	114.748121	0.009492	5.5
1613	-1.496638	114.707948	0.008634	4.9
1614	-1.142360	114.667812	0.009535	4.7
1615	-0.488482	114.627714	0.006671	4.8
1616	-1.272588	114.587653	0.015612	6.5
1617	-1.079593	114.547629	0.009891	4.8
1618	-0.401941	114.507643	0.004170	4.9
1619	-1.249037	114.467693	0.009076	5.8
1620	-0.000000	114.427781	0.000000	4.4
1621	-0.000428	114.387907	0.000067	5.4
1622	-1.607093	114.348069	0.008893	5.9
1623	-1.490843	114.308268	0.010930	6.0
1624	-1.520843	114.268504	0.007322	5.3
1625	-0.703926	114.228777	0.004976	6.1
1626	-1.492944	114.189086	0.010170	4.7
1627	-1.388879	114.149433	0.017657	4.7
1628	-1.103380	114.109816	0.006777	6.3
1629	-0.008030	114.070235	0.000550	4.7
1630	-1.331577	114.030692	0.004976	5.3
1631	-0.000000	113.991185	0.000000	5.5
1632	-0.500617	113.951714	0.004042	5.2
1633	-0.513000	113.912280	0.016109	4.7
1634	-0.139624	113.872882	0.002589	5.7
1635	-1.086106	113.833521	0.008040	5.0
1636	-0.000000	113.794195	0.000000	5.2
1637	-0.337942	113.754906	0.005106	5.9
1638	-1.043963	113.715653	0.009721	4.9
1639	-0.829316	113.676437	0.010777	4.8
1640	-1.384050	113.637256	0.007674	5.8
1641	-1.473713	113.598111	0.005897	4.8
1642	-0.000002	113.559002	0.000001	4.7
1643	-0.000006	113.519929	0.000001	6.0
1644	-1.372352	113.480892	0.015470	5.7
1645	-0.852838	113.441891	0.010540	5.2
1646	-1.117519	113.402925	0.011422	5.6
1647	-0.000334	113.363995	0.000035	5.3
1648	-0.736954	113.325101	0.007449	4.8
1649	-1.356296	113.286242	0.012160	5.5
1650	-0.998794	113.247419	0.007274	4.9
1651	-1.550433	113.208631	0.007406	5.0
1652	-1.390075	113.169879	0.013774	5.7
1653	-1.405733	113.131162	0.017343	5.3
1654	-0.600640	113.092480	0.004589	5.2
1655	-0.747221	113.053833	0.011695	5.3
1656	-0.685989	113.015222	0.009038	6.3
1657	-1.214131	112.976646	0.013010	4.7
1658	-0.822403	112.938105	0.005360	5.5
1659	-1.184535	112.899599	0.010618	5.3
1660	-1.391793	112.861128	0.008822	5.0
1661	-0.029785	112.822692	0.001146	4.7
1662	-0.016586	112.784291	0.000538	6.1
1663	-0.000000	112.745924	0.000000	4.7
1664	-1.433254	112.707593	0.003847	4.8
1665	-0.397356	112.669296	0.004939	6.7
1666	-1.265012	112.631034	0.007531	5.3
1667	-1.259355	112.592806	0.014277	4.7
1668	-1.595352	112.554613	0.009218	6.0
1669	-0.000020	112.516455	0.000005	5.4
1670	-0.357288	112.478331	0.004145	4.8
1671	-0.051334	112.440241	0.000959	6.1
1672	-1.317613	112.402186	0.016625	5.4
1673	-0.000230	112.364165	0.000044	5.0
1674	-0.000000	112.326179	0.000000	6.5
1675	-1.577729	112.288227	0.015738	5.7
1676	-1.347335	112.250309	0.012099	5.6
1677	-0.791032	112.212425	0.010092	5.3
1678	-1.689708	112.174575	0.005945	5.6
1679	-0.303808	112.136759	0.003368	5.9
1680	-1.476934	112.098977	0.011929	5.2
1681	-1.039503	112.061229	0.017026	5.3
1682	-0.802564	112.023515	0.013859	5.3
1683	-0.000000	111.985834	0.000000	5.8
1684	-0.544125	111.948188	0.004342	5.1
1685	-1.122376	111.910575	0.006073	5.7
1686	-1.230546	111.872996	0.007504	5.3
1687	-1.051042	111.835450	0.008197	5.1
1688	-1.304598	111.797939	0.011250	5.0
1689	-0.415227	111.760460	0.004121	5.4
1690	-0.000000	111.723015	0.000000	5.0
1691	-0.506587	111.685604	0.002754	4.8
1692	-0.087146	111.648226	0.001366	5.8
1693	-0.001006	111.610881	0.000133	5.0
1694	-1.274309	111.573570	0.008871	4.9
1695	-0.321423	111.536292	0.003970	5.9
1696	-0.716878	111.499047	0.003757	4.7
1697	-1.302291	111.461835	0.011753	4.7
1698	-0.000002	111.424656	0.000001	6.2
1699	-0.011752	111.387510	0.000890	4.9
1700	-0.528363	111.350398	0.004999	5.0
1701	-1.131355	111.313318	0.005614	5.8
1702	-0.272008	111.276271	0.002748	4.9
1703	-0.015419	111.239257	0.000728	5.0
1704	-0.367244	111.202276	0.004928	6.0
1705	-1.253881	111.165328	0.016433	5.7
1706	-1.443310	111.128412	0.014583	4.9
1707	-1.187368	111.091529	0.006134	6.4
1708	-0.927801	111.054679	0.014077	4.8
1709	-1.343957	111.017861	0.006160	5.1
1710	-0.884130	110.981076	0.008214	6.0
1711	-1.552700	110.944323	0.013547	4.9
1712	-0.000000	110.907603	0.000000	5.3
1713	-0.000000	110.870915	0.000000	5.7
1714	-0.508606	110.834259	0.006658	5.0
1715	-1.392930	110.797636	0.019567	4.4
1716	-0.000000	110.761045	0.000000	5.3
1717	-0.922974	110.724486	0.009418	5.8
1718	-1.468569	110.687959	0.004666	4.9
1719	-1.159871	110.651465	0.004787	5.5
1720	-1.054717	110.615002	0.009306	5.5
1721	-0.756964	110.578572	0.006589	5.3
1722	-1.456847	110.542173	0.017881	5.4
1723	-0.000000	110.505807	0.000000	5.0
1724	-0.647816	110.469472	0.009431	4.7
1725	-0.039511	110.433169	0.001609	4.8
1726	-1.447673	110.396898	0.014083	6.8
1727	-0.893246	110.360659	0.018077	6.0
1728	-0.008458	110.324451	0.000752	5.4
1729	-1.518154	110.288276	0.012748	5.4
1730	-0.289523	110.252131	0.005579	4.7
1731	-0.557855	110.216019	0.022149	4.8
1732	-0.651356	110.179937	0.012447	5.4
1733	-1.140883	110.143888	0.005360	4.7
1734	-0.747411	110.107869	0.015129	5.2
1735	-1.377241	110.071882	0.013268	6.0
1736	-0.615510	110.035927	0.006206	4.8
1737	-0.325368	110.000003	0.005741	4.8
1738	-0.592525	109.964110	0.005526	6.0
1739	-1.314163	109.928248	0.005209	4.8
1740	-1.406057	109.892417	0.011099	5.1
1741	-0.972839	109.856618	0.008314	5.9
1742	-1.011123	109.820850	0.004487	5.2
1743	-1.231657	109.785112	0.031197	4.7
1744	-1.018208	109.749406	0.006350	5.5
1745	-0.993614	109.713730	0.008835	5.7
1746	-1.425003	109.678086	0.010027	5.1
1747	-0.017867	109.642472	0.000698	6.1
1748	-1.427281	109.606890	0.009170	4.7
1749	-0.516758	109.571337	0.004671	5.0
1750	-0.979805	109.535816	0.017243	5.8
1751	-0.000001	109.500326	0.000000	4.7
1752	-0.484062	109.464866	0.005537	5.0
1753	-0.000000	109.429436	0.000000	5.5
1754	-0.000754	109.394038	0.000137	5.5
1755	-1.331448	109.358669	0.005841	4.8
1756	-1.094287	109.323331	0.005599	5.5
1757	-1.524342	109.288024	0.005456	5.2
1758	-0.000382	109.252747	0.000078	5.3
1759	-0.888495	109.217501	0.006874	6.0
1760	-1.574522	109.182284	0.009525	5.2
1761	-0.687840	109.147098	0.004822	5.2
1762	-1.411759	109.111942	0.009254	5.8
1763	-0.000016	109.076817	0.000004	5.2
1764	-0.765231	109.041721	0.007070	4.9
1765	-1.714255	109.006656	0.006069	5.9
1766	-1.177702	108.971620	0.009762	6.0
1767	-1.209266	108.936615	0.009734	5.7
1768	-0.862301	108.901640	0.015141	6.1
1769	-1.343403	108.866694	0.011030	5.2
1770	-1.674230	108.831779	0.004839	5.2
1771	-1.278656	108.796893	0.004440	6.1
1772	-1.466759	108.762037	0.014444	4.9
1773	-0.000000	108.727211	0.000000	5.4
1774	-0.300072	108.692415	0.004960	6.3
1775	-0.000000	108.657648	0.000000	5.2
1776	-0.000000	108.622911	0.000000	5.1
1777	-0.662620	108.588203	0.007286	5.9
1778	-1.427509	108.553525	0.010300	5.6
1779	-0.736804	108.518877	0.005925	4.9
1780	-0.073760	108.484258	0.001790	6.1
1781	-0.875049	108.449668	0.007454	4.7
1782	-0.491393	108.415108	0.003352	5.4
1783	-1.577032	108.380578	0.010882	5.6
1784	-0.818518	108.346076	0.004533	6.0
1785	-0.029834	108.311604	0.000870	5.2
1786	-1.371932	108.277161	0.014696	5.8
1787	-1.316238	108.242747	0.020603	4.8
1788	-0.953776	108.208363	0.006408	4.8
1789	-1.488260	108.174007	0.006914	6.3
1790	-1.165538	108.139681	0.006882	4.8
1791	-0.199134	108.105383	0.002442	5.2
1792	-0.918205	108.071115	0.016134	6.0
1793	-0.569870	108.036875	0.006324	5.0
1794	-0.000021	108.002665	0.000003	5.0
1795	-0.707359	107.968483	0.005082	5.5
1796	-0.001809	107.934330	0.000075	4.9
1797	-0.000000	107.900206	0.000000	4.7
1798	-0.166370	107.866111	0.001368	5.6
1799	-0.286875	107.832044	0.002482	5.7
1800	-1.390138	107.798007	0.016513	4.8
1801	-1.333340	107.763997	0.007664	4.7
1802	-0.936712	107.730017	0.012475	5.9
1803	-0.191904	107.696065	0.003378	4.6
1804	-0.000003	107.662141	0.000001	5.6
1805	-1.192362	107.628246	0.008140	6.2
1806	-1.357363	107.594379	0.008802	5.7
1807	-0.757357	107.560541	0.006785	4.8
1808	-1.419297	107.526731	0.013120	5.5
1809	-1.410594	107.492949	0.013135	4.8
1810	-1.052163	107.459196	0.009516	5.1
1811	-0.000315	107.425471	0.000059	5.9
1812	-0.000081	107.391774	0.000014	4.7
1813	-1.320128	107.358106	0.010665	4.9
1814	-0.201372	107.324465	0.004227	5.9
1815	-1.127690	107.290853	0.010776	4.7
1816	-0.311218	107.257268	0.004369	5.1
1817	-0.766772	107.223712	0.006122	6.1
1818	-1.378562	107.190184	0.010643	5.1
1819	-0.001002	107.156683	0.000074	4.7
1820	-0.026530	107.123211	0.000821	5.9
1821	-1.105082	107.089766	0.010938	5.1
1822	-1.447070	107.056349	0.008761	5.1
1823	-1.426763	107.022960	0.012945	5.2
1824	-1.105272	106.989599	0.002657	5.9
1825	-0.947341	106.956265	0.005293	5.1
1826	-1.397918	106.922960	0.010449	5.8
1827	-1.489834	106.889681	0.012651	4.4
1828	-1.257430	106.856431	0.005112	5.0
1829	-0.044654	106.823208	0.001716	5.8
1830	-0.937599	106.790012	0.007175	5.1
1831	-0.457077	106.756844	0.007253	5.1
1832	-1.201867	106.723703	0.010623	5.3
1833	-0.038668	106.690590	0.001624	5.4
1834	-0.143716	106.657505	0.003303	4.7
1835	-1.244808	106.624446	0.015016	5.2
1836	-1.468366	106.591415	0.017003	5.9
1837	-1.412052	106.558411	0.011064	4.7
1838	-0.008784	106.525435	0.000600	5.2
1839	-1.267608	106.492485	0.009090	7.3
1840	-1.525248	106.459563	0.008856	5.7
1841	-0.005309	106.426668	0.000227	5.7
1842	-0.625429	106.393800	0.012032	5.2
1843	-1.133774	106.360959	0.009872	5.5
1844	-0.060666	106.328145	0.002759	5.5
1845	-0.538427	106.295358	0.004656	5.6
1846	-1.509300	106.262598	0.011473	5.3
1847	-1.361023	106.229865	0.006802	5.3
1848	-0.596743	106.197158	0.012490	5.4
1849	-0.977863	106.164479	0.009212	4.7
1850	-1.061534	106.131826	0.012173	4.8
1851	-0.404448	106.099201	0.003614	6.0
1852	-1.372899	106.066602	0.011964	5.1
1853	-1.391810	106.034029	0.007796	4.9
1854	-0.459793	106.001483	0.002520	5.7
1855	-0.520802	105.968964	0.004408	4.8
1856	-0.279267	105.936472	0.004330	4.7
1857	-1.225857	105.904006	0.007448	6.7
1858	-0.960389	105.871566	0.013418	5.2
1859	-0.986520	105.839153	0.011701	5.0
1860	-0.504679	105.806767	0.003002	6.3
1861	-0.758336	105.774407	0.005017	5.0
1862	-1.533889	105.742073	0.013419	4.9
1863	-1.307558	105.709766	0.019816	5.7
1864	-0.754624	105.677485	0.017827	6.0
1865	-1.443167	105.645230	0.025196	5.8
1866	-0.344457	105.613001	0.005469	5.5
1867	-0.113608	105.580799	0.001185	4.9
1868	-1.634254	105.548623	0.009480	5.1
1869	-0.000000	105.516473	0.000000	5.8
1870	-1.224836	105.484349	0.013780	5.4
1871	-0.562969	105.452251	0.010608	5.8
1872	-1.239981	105.420179	0.008480	5.5
1873	-1.388745	105.388133	0.023932	4.7
1874	-1.108754	105.356113	0.021709	4.7
1875	-1.137517	105.324119	0.007115	6.1
1876	-1.250545	105.292151	0.009731	4.7
1877	-0.345021	105.260209	0.002788	4.9
1878	-0.875955	105.228293	0.008288	6.6
1879	-1.240447	105.196402	0.011005	4.8
1880	-0.000000	105.164537	0.000000	5.2
1881	-1.512880	105.132698	0.012367	5.9
1882	-1.381698	105.100885	0.009899	4.6
1883	-1.151466	105.069097	0.012113	4.7
1884	-0.018691	105.037335	0.000559	6.4
1885	-0.035473	105.005598	0.001272	5.9
1886	-0.000000	104.973887	0.000000	4.8
1887	-1.061734	104.942202	0.007299	5.8
1888	-0.251526	104.910542	0.003338	5.3
1889	-0.997059	104.878907	0.005664	4.8
1890	-1.547462	104.847298	0.024491	6.0
1891	-1.562935	104.815715	0.006636	4.8
1892	-0.002816	104.784156	0.000249	4.7
1893	-1.466367	104.752623	0.008958	6.3
1894	-1.084115	104.721116	0.006614	5.0
1895	-1.435597	104.689633	0.011878	5.0
1896	-0.090803	104.658176	0.001913	5.9
1897	-0.390955	104.626744	0.004410	4.6
1898	-0.000000	104.595337	0.000000	4.8
1899	-0.345282	104.563955	0.004309	5.9
1900	-1.491232	104.532599	0.006006	5.1
1901	-0.163167	104.501267	0.002495	4.7
1902	-1.057975	104.469960	0.007895	5.1
1903	-1.001431	104.438679	0.013040	5.6
1904	-1.456341	104.407422	0.015502	4.7
1905	-0.000000	104.376191	0.000000	4.7
1906	-0.668802	104.344984	0.009241	6.2
1907	-1.339978	104.313802	0.008938	5.7
1908	-0.884761	104.282645	0.006990	4.8
1909	-1.422869	104.251513	0.009630	5.8
1910	-1.011311	104.220405	0.007070	5.2
1911	-0.685621	104.189323	0.017602	4.8
1912	-0.510683	104.158265	0.006275	6.0
1913	-0.000000	104.127231	0.000000	5.1
1914	-1.197616	104.096222	0.005473	5.2
1915	-1.517177	104.065238	0.013821	5.9
1916	-0.574319	104.034279	0.014779	4.8
1917	-0.000000	104.003344	0.000000	5.1
1918	-1.337875	103.972433	0.008743	5.8
1919	-0.154779	103.941547	0.001538	4.7
1920	-0.000084	103.910686	0.000018	5.2
1921	-1.240027	103.879849	0.009372	6.0
1922	-0.441412	103.849036	0.003830	4.9
1923	-0.004021	103.818248	0.000181	4.8
1924	-1.489317	103.787484	0.014889	5.5
1925	-0.385809	103.756744	0.003718	5.7
1926	-1.532368	103.726029	0.009487	5.7
1927	-0.874758	103.695338	0.010972	5.7
1928	-1.078867	103.664671	0.009094	4.8
1929	-0.461139	103.634028	0.003801	4.7
1930	-0.706792	103.603409	0.007753	5.9
1931	-0.505425	103.572814	0.010186	4.9
1932	0.000000	103.542244	0.000000	5.2
1933	-1.599165	103.511698	0.008041	5.9
1934	-1.311399	103.481175	0.009028	5.2
1935	-1.305510	103.450677	0.017985	4.7
1936	-0.812431	103.420202	0.004436	5.7
1937	-1.124920	103.389752	0.008447	4.8
1938	-1.541004	103.359325	0.014111	5.1
1939	-1.457985	103.328922	0.015759	5.5
1940	-0.000000	103.298543	0.000000	5.3
1941	-0.066572	103.268188	0.001273	5.2
1942	-0.170052	103.237857	0.003404	4.9
1943	-1.581973	103.207549	0.015869	5.8
1944	-0.461517	103.177265	0.015341	4.8
1945	-0.726208	103.147005	0.007001	5.3
1946	-1.464414	103.116768	0.015488	5.8
1947	-1.687560	103.086556	0.014158	5.4
1948	-0.000000	103.056366	0.000000	4.7
1949	-1.009746	103.026200	0.010767	6.4
1950	-0.786835	102.996058	0.011391	4.6
1951	-1.354211	102.965939	0.011025	5.4
1952	-0.284599	102.935844	0.003493	5.4
1953	-1.018249	102.905772	0.003650	4.8
1954	-1.041184	102.875724	0.006048	4.9
1955	-1.367845	102.845699	0.009829	6.3
1956	-1.616276	102.815697	0.006889	4.7
1957	-0.007637	102.785719	0.000861	4.8
1958	-1.407901	102.755764	0.011171	6.1
1959	-1.622912	102.725832	0.008349	4.8
1960	-1.402620	102.695924	0.008515	5.0
1961	-1.370518	102.666038	0.010810	5.8
1962	-1.305766	102.636176	0.013130	4.7
1963	-1.452956	102.606337	0.027393	4.8
1964	-0.846702	102.576521	0.008733	5.7
1965	-0.489665	102.546728	0.004288	5.7
1966	-1.408200	102.516959	0.010640	5.3
1967	-1.241151	102.487212	0.003081	5.5
1968	-1.313506	102.457488	0.009336	5.1
1969	-0.000000	102.427788	0.000000	4.9
1970	-0.421395	102.398110	0.003518	5.9
1971	-1.494869	102.368455	0.012680	4.8
1972	-0.054959	102.338823	0.001696	4.5
1973	-1.176071	102.309214	0.011485	4.8
1974	-0.255120	102.279628	0.003518	5.7
1975	-0.564809	102.250064	0.005175	5.3
1976	-1.449968	102.220524	0.009122	5.3
1977	-1.335738	102.191006	0.009318	5.9
1978	-1.218349	102.161511	0.012977	4.9
1979	-0.000000	102.132038	0.000000	5.0
1980	-0.994796	102.102588	0.009413	5.7
1981	-1.051396	102.073161	0.010093	4.7
1982	-1.320304	102.043757	0.005743	5.2
1983	-1.014048	102.014375	0.006737	6.0
1984	-0.000000	101.985015	0.000000	6.0
1985	-1.382113	101.955678	0.006695	4.7
1986	-0.000000	101.926364	0.000000	5.8
1987	-1.569009	101.897072	0.013537	4.7
1988	0.000000	101.867802	0.000000	4.8
1989	-1.297433	101.838555	0.006667	5.8
1990	-1.342858	101.809330	0.018517	5.6
1991	-0.002577	101.780128	0.000355	5.7
1992	-1.574698	101.750948	0.010769	5.9
1993	-1.461936	101.721790	0.004337	4.8
1994	-0.358784	101.692654	0.003398	4.6
1995	-1.637535	101.663541	0.010630	5.8
1996	-1.447809	101.634450	0.014624	4.7
1997	-0.000008	101.605381	0.000002	5.2
1998	-1.625491	101.576335	0.016200	6.0
1999	-0.546771	101.547310	0.008684	5.2
