1:ItNr	2:Metric	3:StepSize	4:||Gradient||	Time[ms]
0	-0.913258	627.201626	0.008648	735.3
1	-0.948824	623.504937	0.008651	7.0
2	-0.000000	619.865785	0.000000	8.2
3	-0.000000	616.282728	0.000000	6.9
4	-0.022106	612.754375	0.001341	8.3
5	-0.592512	609.279381	0.005973	7.2
6	-0.771395	605.856447	0.005676	7.6
7	-0.086460	602.484317	0.002548	6.4
8	-0.751335	599.161779	0.010018	7.9
9	-0.586907	595.887656	0.007024	7.1
10	-0.457573	592.660813	0.011971	7.5
11	-0.105457	589.480151	0.003283	7.5
12	-0.655105	586.344606	0.011043	7.3
13	-0.000000	583.253145	0.000000	7.8
14	-0.000000	580.204771	0.000000	7.3
15	-0.802841	577.198517	0.006655	7.9
16	-1.049530	574.233444	0.011651	7.7
17	-0.479137	571.308645	0.006111	8.5
18	-0.427778	568.423237	0.005999	7.5
19	-0.004343	565.576365	0.000309	8.3
20	-0.000003	562.767201	0.000002	7.0
21	-0.000000	559.994938	0.000000	7.7
22	-0.609480	557.258797	0.008019	7.8
23	-0.789713	554.558018	0.008703	8.2
24	-0.741880	551.891865	0.009818	7.2
25	-0.570830	549.259621	0.007313	8.4
26	-0.917850	546.660592	0.010500	7.2
27	-0.567255	544.094102	0.005649	8.1
28	-0.728482	541.559494	0.008079	7.8
29	-0.443550	539.056129	0.007039	8.3
30	-1.028291	536.583387	0.014220	7.6
31	-0.346336	534.140663	0.005862	7.9
32	-0.924591	531.727370	0.007577	10.5
33	-0.675316	529.342935	0.008080	8.0
34	-0.749329	526.986802	0.007508	7.7
35	-0.812843	524.658430	0.016069	8.8
36	-0.000000	522.357290	0.000000	7.7
37	-0.790474	520.082868	0.009654	8.9
38	-1.014577	517.834665	0.011095	10.0
39	-0.930378	515.612193	0.007555	9.8
40	-0.197495	513.414976	0.007346	7.4
41	-0.775148	511.242551	0.008690	8.6
42	-0.436084	509.094468	0.006752	7.6
43	-0.000000	506.970285	0.000000	9.9
44	-0.858842	504.869574	0.006454	7.7
45	-0.928410	502.791916	0.007774	8.3
46	-0.212807	500.736903	0.003997	7.6
47	-0.000000	498.704137	0.000000	8.6
48	-0.934336	496.693228	0.012992	7.7
49	-0.992639	494.703798	0.008159	8.4
50	-0.097757	492.735476	0.001399	7.6
51	-0.984511	490.787900	0.007731	8.7
52	-0.949319	488.860718	0.006940	7.8
53	-0.160040	486.953585	0.003479	8.5
54	-0.521372	485.066164	0.007592	7.7
55	-0.000000	483.198126	0.000000	8.6
56	-0.950366	481.349149	0.009519	7.9
57	-0.556288	479.518920	0.005954	9.2
58	-0.277641	477.707132	0.007343	8.0
59	-0.701981	475.913485	0.010383	8.1
60	-0.468509	474.137684	0.005701	7.6
61	-0.000000	472.379445	0.000000	8.6
62	-0.912012	470.638485	0.011453	7.8
63	-0.759508	468.914531	0.006026	8.6
64	-0.003097	467.207315	0.000135	7.8
65	-0.461344	465.516573	0.006364	8.6
66	-0.091392	463.842050	0.003082	7.9
67	-0.620842	462.183494	0.014841	8.8
68	-0.497172	460.540658	0.006352	7.7
69	-0.261460	458.913303	0.003670	8.9
70	-0.765158	457.301192	0.008171	8.0
71	-0.000000	455.704096	0.000000	8.8
72	-0.213831	454.121787	0.004663	7.5
73	-0.872428	452.554045	0.006838	8.6
74	-0.321245	451.000653	0.004823	7.9
75	-0.000000	449.461399	0.000000	8.8
76	-0.646298	447.936075	0.008082	7.7
77	-0.000000	446.424477	0.000000	8.7
78	-0.000000	444.926406	0.000000	7.9
79	-0.000000	443.441666	0.000000	8.6
80	-0.514173	441.970065	0.005869	7.9
81	-0.714302	440.511415	0.010221	9.6
82	-0.653570	439.065533	0.006419	8.0
83	-0.526714	437.632238	0.006765	8.3
84	-0.856245	436.211351	0.008890	8.2
85	-0.711620	434.802701	0.007116	8.1
86	-0.000000	433.406117	0.000000	8.1
87	-0.141810	432.021430	0.003265	7.8
88	-0.000000	430.648479	0.000000	8.1
89	-0.199573	429.287101	0.003564	8.4
90	-0.767734	427.937140	0.010244	7.8
91	-0.435880	426.598440	0.006803	8.4
92	-0.903952	425.270849	0.004477	7.8
93	-0.952313	423.954220	0.022688	8.3
94	-0.240403	422.648404	0.004849	7.8
95	-0.013150	421.353259	0.000232	9.2
96	-0.983137	420.068643	0.005958	8.1
97	-0.658489	418.794419	0.007570	8.9
98	-0.299262	417.530451	0.004721	7.9
99	-0.520423	416.276604	0.004421	8.4
100	-0.375767	415.032748	0.007221	8.3
101	-0.690760	413.798754	0.011267	8.3
102	-0.220256	412.574495	0.002375	8.2
103	-0.899284	411.359849	0.005608	8.6
104	-0.000000	410.154691	0.000000	8.2
105	-0.852040	408.958904	0.008146	7.6
106	-0.743334	407.772368	0.007781	8.1
107	-0.363785	406.594968	0.004034	9.0
108	-0.860770	405.426590	0.005587	8.6
109	-0.411059	404.267122	0.007392	8.3
110	-0.395965	403.116456	0.007132	8.4
111	-0.864404	401.974481	0.009953	8.2
112	-1.043608	400.841093	0.011664	8.4
113	-0.959995	399.716187	0.005831	8.1
114	-0.031720	398.599660	0.000984	8.2
115	-0.563153	397.491411	0.005577	8.1
116	-0.025774	396.391342	0.001309	8.3
117	-0.545109	395.299353	0.004116	7.4
118	-0.445237	394.215350	0.005665	8.4
119	-0.662054	393.139238	0.007943	8.2
120	-0.640306	392.070924	0.010938	8.2
121	-0.220552	391.010316	0.004694	9.2
122	-0.061415	389.957325	0.000661	9.4
123	-0.015367	388.911862	0.000640	8.0
124	-0.685313	387.873839	0.007828	8.7
125	-0.412965	386.843173	0.004458	7.9
126	-0.000018	385.819777	0.000018	8.4
127	-0.152951	384.803569	0.002183	7.8
128	-0.251905	383.794468	0.003739	8.5
129	-0.148811	382.792393	0.003737	7.8
130	-0.000000	381.797264	0.000000	8.4
131	-0.000000	380.809005	0.000000	8.1
132	-0.000000	379.827537	0.000000	8.5
133	-0.887488	378.852786	0.019763	7.8
134	-0.945236	377.884678	0.010172	9.9
135	-1.020113	376.923138	0.031305	8.6
136	-0.898584	375.968095	0.016577	8.9
137	-0.258731	375.019479	0.005789	7.8
138	-0.969420	374.077218	0.009423	8.1
139	-0.673416	373.141244	0.008100	8.2
140	-0.542160	372.211489	0.005937	8.6
141	-0.717562	371.287887	0.007597	7.7
142	-0.017053	370.370370	0.001168	8.8
143	-0.008650	369.458876	0.000542	8.0
144	-0.064245	368.553338	0.001828	8.4
145	-0.000000	367.653696	0.000000	7.9
146	-0.000000	366.759885	0.000000	8.6
147	-0.122220	365.871846	0.003379	7.7
148	-0.952241	364.989518	0.009216	8.9
149	-0.908149	364.112841	0.008499	8.3
150	-0.013672	363.241757	0.000499	8.9
151	-0.499585	362.376208	0.006295	7.6
152	-0.699340	361.516137	0.006202	9.2
153	-0.891660	360.661488	0.010835	7.7
154	-0.263039	359.812206	0.002938	8.8
155	-0.598860	358.968236	0.004569	7.8
156	-0.889615	358.129524	0.006994	8.5
157	-0.258133	357.296018	0.004857	8.3
158	-0.000000	356.467665	0.000000	8.4
159	-0.793836	355.644414	0.006054	7.6
160	-0.307241	354.826213	0.002649	8.7
161	-0.000495	354.013012	0.000014	8.5
162	-0.000000	353.204763	0.000000	8.7
163	-0.004711	352.401415	0.000422	8.3
164	-0.279474	351.602922	0.004209	8.1
165	-0.859704	350.809235	0.007881	8.0
166	-0.818646	350.020308	0.008478	8.5
167	-0.550203	349.236095	0.005731	7.9
168	-0.583986	348.456550	0.006712	8.4
169	-0.618499	347.681627	0.006804	8.0
170	-0.944324	346.911283	0.018998	8.7
171	-0.930571	346.145474	0.007614	7.9
172	-0.000000	345.384157	0.000000	8.2
173	-0.530459	344.627288	0.005352	8.2
174	-0.545032	343.874826	0.007217	9.2
175	-0.379817	343.126729	0.003921	8.4
176	-0.000000	342.382957	0.000000	8.0
177	-0.900033	341.643469	0.008647	8.5
178	-0.542206	340.908224	0.010619	8.0
179	-1.003317	340.177184	0.010077	8.8
180	-0.491606	339.450309	0.005312	7.9
181	-0.000000	338.727561	0.000000	8.8
182	-0.309999	338.008902	0.004875	8.0
183	-0.966712	337.294295	0.007476	8.7
184	-0.558236	336.583703	0.007875	8.1
185	-0.943822	335.877089	0.010632	9.2
186	-0.000000	335.174416	0.000000	8.7
187	-0.897413	334.475651	0.005775	8.5
188	-0.827372	333.780756	0.009713	8.1
189	-0.903527	333.089698	0.008694	8.4
190	-0.255139	332.402443	0.002880	7.7
191	-0.000000	331.718955	0.000000	8.6
192	-0.648402	331.039203	0.009722	7.9
193	-0.000000	330.363153	0.000000	9.0
194	-0.745046	329.690771	0.016631	8.0
195	-0.534218	329.022027	0.009504	8.5
196	-0.075460	328.356888	0.001881	7.9
197	-0.457442	327.695322	0.005442	9.1
198	-0.000000	327.037299	0.000000	7.9
199	-0.739205	326.382787	0.011464	8.8
200	-0.556095	325.731758	0.006485	8.7
201	-0.000000	325.084179	0.000000	8.5
202	-0.680971	324.440023	0.006196	8.2
203	-0.377727	323.799258	0.007462	8.6
204	-0.689415	323.161858	0.008543	7.9
205	-0.564822	322.527792	0.007317	8.8
206	-1.071570	321.897034	0.013790	7.8
207	-0.603740	321.269554	0.006729	8.7
208	-0.788699	320.645325	0.006086	8.4
209	-0.052139	320.024320	0.000912	8.7
210	-0.957305	319.406512	0.022150	7.8
211	-0.000071	318.791875	0.000053	8.9
212	-0.003281	318.180381	0.001178	8.9
213	-0.230964	317.572005	0.007017	8.5
214	-0.701291	316.966721	0.005451	8.3
215	-0.000000	316.364504	0.000000	8.3
216	-0.206968	315.765329	0.003156	8.8
217	-0.539900	315.169170	0.006269	8.1
218	-0.000000	314.576003	0.000000	8.7
219	-0.391799	313.985804	0.009177	7.9
220	-0.885031	313.398548	0.008767	8.6
221	-1.011553	312.814213	0.008200	7.8
222	-0.205802	312.232773	0.004978	8.6
223	-0.013600	311.654207	0.000449	8.2
224	-0.000000	311.078491	0.000000	8.0
225	-0.582069	310.505602	0.007244	9.7
226	-0.816076	309.935518	0.007813	8.9
227	-0.006432	309.368217	0.000377	8.4
228	-0.669853	308.803676	0.006425	8.4
229	-0.105522	308.241874	0.001951	8.2
230	-0.000000	307.682789	0.000000	8.2
231	-0.568275	307.126400	0.005812	8.2
232	-0.723459	306.572687	0.007601	8.4
233	-0.919506	306.021627	0.020259	8.3
234	-0.000000	305.473201	0.000000	8.6
235	-0.000000	304.927388	0.000000	7.9
236	-0.822532	304.384168	0.006451	8.9
237	-0.862330	303.843521	0.007156	8.7
238	-0.635206	303.305427	0.006966	8.7
239	-0.593428	302.769867	0.006139	8.5
240	-0.588777	302.236821	0.007282	10.0
241	-1.033020	301.706270	0.010343	9.2
242	-0.742426	301.178196	0.006046	7.9
243	-0.894666	300.652580	0.006220	9.1
244	-0.939356	300.129402	0.009021	7.9
245	-0.032249	299.608645	0.000367	8.5
246	-0.927726	299.090291	0.010337	7.7
247	-0.047697	298.574321	0.000862	8.6
248	-0.704751	298.060718	0.007564	8.5
249	-0.460224	297.549465	0.005069	7.9
250	-0.466158	297.040543	0.008233	9.1
251	-0.467629	296.533936	0.006198	9.2
252	-0.486121	296.029626	0.007834	7.7
253	-0.099204	295.527597	0.001860	8.8
254	-0.140436	295.027832	0.003811	8.3
255	-0.409448	294.530315	0.007191	8.4
256	-0.000000	294.035028	0.000000	7.7
257	-0.240827	293.541956	0.005171	9.0
258	-0.764143	293.051083	0.010604	8.0
259	-0.000000	292.562393	0.000000	8.8
260	-0.972310	292.075870	0.008640	7.7
261	-0.768150	291.591498	0.011470	8.7
262	-0.971316	291.109263	0.009716	8.0
263	-0.626471	290.629149	0.008236	8.6
264	-0.000000	290.151140	0.000000	8.3
265	-0.249632	289.675222	0.004125	8.3
266	-0.471760	289.201380	0.008576	7.8
267	-0.000000	288.729600	0.000000	8.6
268	-0.512671	288.259866	0.006466	7.7
269	-0.314278	287.792165	0.003298	8.8
270	-0.817877	287.326481	0.006985	7.9
271	-0.000000	286.862802	0.000000	8.4
272	-0.880623	286.401113	0.007137	7.8
273	-0.697058	285.941400	0.008397	8.3
274	-0.003626	285.483649	0.000462	8.2
275	-0.807231	285.027847	0.007708	9.0
276	-0.436229	284.573981	0.006177	7.6
277	-0.673486	284.122037	0.004455	8.5
278	-0.021791	283.672002	0.001119	8.4
279	-0.692870	283.223863	0.008951	8.8
280	-1.029186	282.777607	0.011134	7.7
281	-0.000003	282.333221	0.000000	8.6
282	-0.380169	281.890692	0.005778	8.0
283	-0.000000	281.450008	0.000000	8.8
284	-1.176156	281.011157	0.008488	8.1
285	-0.535757	280.574125	0.009521	8.2
286	-0.771984	280.138901	0.006365	7.6
287	-0.820625	279.705473	0.007326	9.3
288	-0.000000	279.273829	0.000000	8.2
289	-0.139503	278.843956	0.003030	8.9
290	-0.301384	278.415844	0.004692	7.8
291	-0.706327	277.989479	0.019465	8.7
292	-0.171936	277.564851	0.002783	7.9
293	-0.913827	277.141949	0.007098	8.6
294	-0.858027	276.720761	0.008010	7.8
295	-0.385023	276.301275	0.011293	8.5
296	-0.831421	275.883480	0.007038	8.0
297	-0.000000	275.467366	0.000000	8.4
298	-0.000002	275.052922	0.000000	8.0
299	-0.805138	274.640136	0.006916	8.7
300	-0.000000	274.228998	0.000000	7.8
301	-0.000000	273.819497	0.000000	9.0
302	-0.012668	273.411623	0.000166	7.8
303	-1.065942	273.005365	0.011494	8.8
304	-1.037056	272.600712	0.030966	8.9
305	-0.439241	272.197655	0.006705	8.8
306	-0.965265	271.796184	0.008399	8.1
307	-0.977872	271.396287	0.010795	8.0
308	-0.000000	270.997956	0.000000	8.3
309	-0.014538	270.601180	0.000534	8.2
310	-0.891790	270.205949	0.007649	7.6
311	-0.937166	269.812254	0.006731	8.2
312	-0.629131	269.420085	0.006417	8.4
313	-0.775887	269.029432	0.013576	8.3
314	-0.015231	268.640287	0.000231	9.6
315	-0.000000	268.252638	0.000000	9.9
316	-0.040036	267.866478	0.001406	9.1
317	-0.454222	267.481796	0.004967	8.0
318	-0.559499	267.098584	0.006913	8.9
319	-0.858209	266.716833	0.006038	7.9
320	-0.073656	266.336533	0.001318	8.8
321	-0.758052	265.957676	0.009593	8.0
322	-0.000000	265.580253	0.000000	9.0
323	-0.000000	265.204254	0.000000	8.1
324	-0.663209	264.829672	0.008165	9.0
325	-0.000000	264.456497	0.000000	7.7
326	-0.000000	264.084721	0.000000	9.0
327	-0.700455	263.714335	0.011082	8.0
328	-0.000000	263.345332	0.000000	8.7
329	-0.885084	262.977702	0.005367	8.2
330	-0.949854	262.611438	0.012126	8.7
331	-0.000000	262.246531	0.000000	8.1
332	-0.122398	261.882973	0.002704	9.1
333	-0.317033	261.520756	0.007138	7.9
334	-0.054869	261.159871	0.002184	8.4
335	-0.000000	260.800312	0.000000	8.4
336	-0.686680	260.442070	0.007648	8.2
337	-0.753632	260.085137	0.006704	8.3
338	-0.532748	259.729505	0.006232	9.1
339	-0.979258	259.375167	0.008497	8.6
340	-0.430812	259.022116	0.004950	9.1
341	-0.498402	258.670343	0.006959	8.9
342	-0.000000	258.319841	0.000000	8.3
343	-0.522670	257.970602	0.008332	8.8
344	-0.001886	257.622620	0.000162	7.8
345	-0.000000	257.275887	0.000000	8.8
346	-0.363842	256.930396	0.002707	8.1
347	-0.620766	256.586139	0.007374	8.8
348	-0.000000	256.243109	0.000000	7.8
349	-0.000154	255.901300	0.000005	8.5
350	-0.770892	255.560703	0.005475	8.1
351	-0.000000	255.221313	0.000000	8.6
352	-0.020773	254.883122	0.003227	8.3
353	-0.867065	254.546124	0.006528	8.6
354	-0.855143	254.210311	0.008061	8.2
355	-0.866784	253.875677	0.006622	8.8
356	-0.610859	253.542215	0.009787	8.3
357	-0.397855	253.209918	0.003633	9.0
358	-0.005915	252.878781	0.000210	8.4
359	-0.000000	252.548795	0.000000	8.8
360	-0.765973	252.219956	0.007054	7.8
361	-0.415646	251.892255	0.005051	8.6
362	-0.869211	251.565688	0.005419	7.7
363	-0.559571	251.240247	0.005444	8.3
364	-0.001815	250.915926	0.000032	8.2
365	-0.522694	250.592720	0.016559	9.0
366	-0.924202	250.270621	0.006957	8.4
367	-0.203374	249.949624	0.002171	8.5
368	-0.656008	249.629723	0.007443	8.6
369	-0.000028	249.310911	0.000009	8.9
370	-0.049318	248.993182	0.000490	8.5
371	-0.751695	248.676531	0.009441	7.9
372	-0.591781	248.360952	0.007251	8.6
373	-0.696678	248.046438	0.007152	7.9
374	-0.554713	247.732984	0.005266	8.6
375	-0.000000	247.420584	0.000000	8.1
376	-0.799712	247.109233	0.006035	8.5
377	-0.000000	246.798924	0.000000	8.4
378	-0.026917	246.489652	0.000659	8.1
379	-0.042176	246.181412	0.000572	8.8
380	-0.219910	245.874197	0.002656	8.5
381	-0.827624	245.568002	0.006808	7.9
382	-0.000000	245.262822	0.000000	9.1
383	-0.611256	244.958652	0.010014	7.4
384	-0.774032	244.655485	0.006632	8.9
385	-0.442959	244.353317	0.004344	8.3
386	-0.226121	244.052142	0.004496	8.2
387	-0.979419	243.751955	0.010956	7.7
388	-0.000000	243.452750	0.000000	8.4
389	-0.751642	243.154523	0.011072	8.5
390	-0.752431	242.857268	0.010963	8.2
391	-0.912096	242.560980	0.007793	8.6
392	-0.722229	242.265654	0.006900	9.1
393	-1.168493	241.971285	0.012290	7.8
394	-0.000000	241.677868	0.000000	8.6
395	-0.665891	241.385397	0.006330	8.1
396	-0.018996	241.093869	0.001595	8.5
397	-0.563337	240.803278	0.009682	7.9
398	-0.000000	240.513619	0.000000	8.2
399	-0.913294	240.224887	0.005782	8.0
400	-0.000000	239.937077	0.000000	8.2
401	-0.817793	239.650186	0.007674	7.8
402	-1.046243	239.364207	0.006279	8.9
403	-0.450983	239.079136	0.005816	8.3
404	-1.020487	238.794969	0.007383	8.9
405	-0.112934	238.511701	0.000975	8.3
406	-1.028673	238.229327	0.008432	9.2
407	-0.397635	237.947843	0.005424	7.6
408	-0.757555	237.667244	0.007099	8.7
409	-0.799664	237.387526	0.007467	8.1
410	-0.000000	237.108684	0.000000	8.9
411	-0.476696	236.830714	0.003704	7.8
412	-0.000000	236.553610	0.000000	8.4
413	-0.079577	236.277370	0.001963	7.4
414	-0.000000	236.001989	0.000000	8.8
415	-0.224609	235.727461	0.002656	8.0
416	-0.524269	235.453784	0.007141	8.9
417	-0.000044	235.180952	0.000050	7.9
418	-0.097145	234.908962	0.003961	8.6
419	-0.654827	234.637809	0.007936	8.0
420	-0.394753	234.367488	0.003383	9.0
421	-0.607102	234.097997	0.006237	7.6
422	-0.000734	233.829331	0.000413	8.9
423	-0.853707	233.561485	0.006201	7.9
424	-0.057105	233.294456	0.001587	8.7
425	-0.860956	233.028239	0.007910	7.6
426	-0.791738	232.762831	0.004840	8.7
427	-0.143025	232.498228	0.002157	7.8
428	-0.837879	232.234425	0.007842	9.0
429	-0.993728	231.971419	0.024608	8.3
430	-0.054784	231.709205	0.001486	9.2
431	-0.372665	231.447781	0.004854	8.1
432	-0.954630	231.187141	0.005240	8.5
433	-0.248695	230.927283	0.002980	8.3
434	-0.767409	230.668202	0.005139	8.6
435	-0.535412	230.409895	0.007361	9.1
436	-0.007656	230.152358	0.000583	8.0
437	-0.000000	229.895587	0.000000	9.4
438	-0.492000	229.639578	0.007574	8.3
439	-0.481935	229.384329	0.005192	8.8
440	-0.000000	229.129834	0.000000	7.6
441	-0.668731	228.876091	0.010024	8.8
442	-0.944650	228.623096	0.008499	8.6
443	-1.024467	228.370846	0.007795	8.6
444	-0.000000	228.119336	0.000000	8.0
445	-0.595883	227.868563	0.005869	8.5
446	-0.899517	227.618525	0.009832	8.1
447	-0.000000	227.369216	0.000000	8.8
448	-0.000000	227.120635	0.000000	8.4
449	-0.992971	226.872777	0.007024	8.8
450	-0.715680	226.625638	0.006060	7.3
451	-0.000000	226.379217	0.000000	8.9
452	-0.000386	226.133509	0.000244	7.9
453	-0.000000	225.888510	0.000000	8.8
454	-0.642294	225.644218	0.007051	7.7
455	-0.120399	225.400630	0.002623	9.1
456	-0.967529	225.157741	0.006707	8.3
457	-0.789186	224.915549	0.007509	8.4
458	-0.236954	224.674051	0.006795	8.2
459	-0.859010	224.433242	0.006267	8.5
460	-0.005021	224.193121	0.000461	8.1
461	-0.435050	223.953684	0.007112	8.2
462	-0.896417	223.714927	0.006075	7.9
463	-0.729116	223.476848	0.008866	8.6
464	-0.976068	223.239444	0.006940	8.0
465	-0.000000	223.002710	0.000000	8.5
466	-0.349307	222.766645	0.005328	7.8
467	-0.700143	222.531245	0.014708	8.7
468	-0.437971	222.296508	0.004963	7.7
469	-0.935774	222.062429	0.004525	8.7
470	-0.773860	221.829007	0.007810	8.4
471	-0.780186	221.596238	0.010074	8.9
472	-0.000000	221.364119	0.000000	7.7
473	-0.281232	221.132647	0.002869	8.7
474	-0.923538	220.901820	0.005349	8.6
475	-1.087979	220.671634	0.009290	9.2
476	-0.000006	220.442086	0.000002	9.4
477	-0.058934	220.213174	0.002892	7.9
478	-0.528006	219.984895	0.005481	10.0
479	-0.716714	219.757246	0.007531	7.9
480	-0.578472	219.530224	0.004997	8.7
481	-0.509195	219.303826	0.006199	7.8
482	-0.000000	219.078050	0.000000	8.7
483	-0.826406	218.852893	0.006552	8.8
484	-0.603241	218.628352	0.007094	8.5
485	-1.047912	218.404424	0.009486	7.9
486	-0.000000	218.181106	0.000000	9.0
487	-0.784940	217.958397	0.005522	8.0
488	-0.547935	217.736292	0.005974	8.9
489	-0.625772	217.514790	0.006969	7.6
490	-0.475822	217.293888	0.004247	9.1
491	-0.946735	217.073584	0.005144	8.2
492	-0.782888	216.853873	0.006019	7.8
493	-0.821341	216.634755	0.006841	7.9
494	-0.871477	216.416227	0.008221	9.4
495	-0.907170	216.198285	0.005109	8.2
496	-0.000000	215.980927	0.000000	8.5
497	-0.662732	215.764151	0.007727	8.4
498	-0.130250	215.547955	0.002805	8.7
499	-0.419147	215.332335	0.005619	7.7
500	-0.000000	215.117289	0.000000	8.7
501	-0.005643	214.902815	0.000070	8.2
502	-0.000000	214.688911	0.000000	8.9
503	-0.392340	214.475573	0.004731	7.8
504	-0.562433	214.262800	0.006427	8.7
505	-0.180552	214.050588	0.004226	7.4
506	-0.939701	213.838936	0.007491	8.5
507	-0.574603	213.627842	0.004180	8.2
508	-0.828334	213.417302	0.009719	9.6
509	-0.000000	213.207314	0.000000	8.8
510	-0.890958	212.997877	0.006656	8.5
511	-0.886453	212.788987	0.006088	8.3
512	-0.512547	212.580642	0.007198	8.8
513	-0.000000	212.372841	0.000000	8.5
514	-0.988007	212.165581	0.013736	8.2
515	-0.543022	211.958859	0.004547	8.5
516	-0.418318	211.752673	0.005107	7.6
517	-0.000000	211.547021	0.000000	8.9
518	-0.598856	211.341902	0.004103	8.1
519	-0.000000	211.137311	0.000000	8.8
520	-0.000000	210.933248	0.000000	9.2
521	-0.000000	210.729710	0.000000	8.5
522	-0.031726	210.526695	0.000700	7.9
523	-0.744565	210.324200	0.006809	8.9
524	-0.240043	210.122224	0.003175	7.8
525	-0.130641	209.920765	0.002992	8.5
526	-0.757805	209.719820	0.008253	7.9
527	-0.045974	209.519387	0.000552	7.9
528	-0.016433	209.319463	0.000890	7.9
529	-0.418517	209.120048	0.006409	9.6
530	-0.926450	208.921139	0.006659	7.7
531	-0.408389	208.722733	0.009515	9.1
532	-0.268699	208.524829	0.002779	9.5
533	-0.160369	208.327425	0.002730	9.5
534	-0.878399	208.130518	0.010149	8.3
535	-0.315832	207.934107	0.003253	8.5
536	-0.576207	207.738189	0.004993	8.0
537	-0.000000	207.542762	0.000000	8.6
538	-0.000000	207.347825	0.000000	8.3
539	-0.648042	207.153376	0.005200	7.6
540	-0.418530	206.959412	0.006382	8.7
541	-0.138690	206.765932	0.002794	8.4
542	-0.000000	206.572933	0.000000	8.3
543	-0.053112	206.380414	0.001640	8.2
544	-0.690073	206.188373	0.005652	9.0
545	-0.741773	205.996807	0.008057	9.0
546	-0.000000	205.805716	0.000000	8.8
547	-0.692057	205.615096	0.008778	8.2
548	-0.680526	205.424946	0.005933	8.5
549	-1.003070	205.235265	0.008861	8.0
550	-0.956851	205.046050	0.014675	7.9
551	-0.293885	204.857299	0.003401	8.5
552	-0.000000	204.669011	0.000000	8.5
553	-0.912871	204.481184	0.006808	8.0
554	-0.009125	204.293816	0.000247	8.6
555	-0.000001	204.106905	0.000000	8.2
556	-0.000000	203.920449	0.000000	8.7
557	-0.405826	203.734447	0.005968	7.8
558	-0.863860	203.548896	0.007539	8.3
559	-0.898218	203.363795	0.005959	9.4
560	-0.741795	203.179143	0.007527	8.6
561	-0.000000	202.994937	0.000000	8.2
562	-0.808439	202.811176	0.006642	8.8
563	-0.883990	202.627857	0.005139	8.2
564	-0.387440	202.444980	0.005408	8.5
565	-0.914346	202.262543	0.006455	7.9
566	-1.018902	202.080543	0.009924	8.8
567	-0.757239	201.898979	0.005966	8.0
568	-0.000067	201.717849	0.000009	8.8
569	-0.175153	201.537153	0.004923	10.1
570	-0.893438	201.356887	0.008092	9.6
571	-0.092996	201.177050	0.001254	8.7
572	-0.733713	200.997642	0.008410	10.0
573	-0.866584	200.818659	0.007041	8.6
574	-0.714694	200.640100	0.005511	8.3
575	-0.000000	200.461965	0.000000	9.5
576	-0.769994	200.284250	0.007489	8.8
577	-0.897333	200.106955	0.009253	10.3
578	-0.804959	199.930078	0.006785	10.3
579	-0.836266	199.753617	0.008080	9.1
580	-0.000000	199.577571	0.000000	9.4
581	-0.767662	199.401938	0.004852	8.4
582	-0.639030	199.226717	0.007504	9.0
583	-0.512579	199.051905	0.006714	9.5
584	-0.603538	198.877502	0.006640	9.4
585	-0.701026	198.703506	0.007518	10.6
586	-0.000000	198.529916	0.000000	10.0
587	-0.000000	198.356729	0.000000	10.2
588	-1.057888	198.183944	0.010698	9.1
589	-1.029568	198.011560	0.005798	11.2
590	-0.633067	197.839576	0.004015	10.9
591	-0.000000	197.667989	0.000000	8.7
592	-0.228478	197.496798	0.003982	9.7
593	-0.501472	197.326002	0.007300	9.0
594	-0.825899	197.155600	0.007508	11.4
595	-0.520324	196.985589	0.005754	10.0
596	-0.434215	196.815969	0.005245	8.3
597	-0.431415	196.646738	0.004996	8.9
598	-0.935544	196.477894	0.008559	8.2
599	-0.000128	196.309436	0.000018	9.3
600	-0.364928	196.141363	0.010305	7.9
601	-0.870919	195.973673	0.009967	9.6
602	-0.807626	195.806365	0.005604	8.9
603	-0.001495	195.639437	0.000069	8.9
604	-0.897146	195.472888	0.007223	8.7
605	-0.107141	195.306717	0.001925	10.8
606	-0.000000	195.140922	0.000000	9.7
607	-0.471176	194.975501	0.005101	8.5
608	-0.709608	194.810454	0.008662	10.4
609	-0.466024	194.645779	0.007590	8.3
610	-0.916561	194.481475	0.007416	9.2
611	-0.317803	194.317540	0.003563	8.1
612	-0.519585	194.153973	0.007114	8.7
613	-0.351217	193.990773	0.004330	8.5
614	-0.715792	193.827938	0.005962	8.6
615	-0.013314	193.665467	0.000395	8.8
616	-0.000000	193.503358	0.000000	8.2
617	-0.766895	193.341611	0.005270	8.3
618	-0.677095	193.180224	0.006157	9.9
619	-0.000000	193.019196	0.000000	9.2
620	-0.565448	192.858525	0.006470	7.8
621	-0.661779	192.698210	0.008375	8.7
622	-0.721832	192.538251	0.005759	8.3
623	-0.105253	192.378644	0.002148	8.2
624	-0.802159	192.219391	0.005707	7.6
625	-0.312355	192.060488	0.005888	8.8
626	-0.000000	191.901935	0.000000	7.8
627	-0.923607	191.743730	0.012184	8.4
628	-0.004503	191.585873	0.000511	8.1
629	-0.547930	191.428362	0.007826	8.5
630	-0.000000	191.271196	0.000000	8.8
631	-0.961552	191.114374	0.007833	8.2
632	-0.690765	190.957893	0.007566	7.7
633	-0.226381	190.801755	0.003728	9.1
634	-0.461669	190.645956	0.004822	8.0
635	-0.065183	190.490495	0.001426	8.3
636	-0.429249	190.335373	0.006341	7.4
637	-0.889173	190.180587	0.007624	8.9
638	-0.264224	190.026136	0.005511	7.6
639	-0.227929	189.872019	0.003106	8.6
640	-0.898470	189.718235	0.006957	7.8
641	-0.000000	189.564782	0.000000	8.4
642	-0.746041	189.411661	0.003560	7.9
643	-0.712593	189.258868	0.008790	8.8
644	-0.000078	189.106404	0.000042	9.0
645	-1.022408	188.954267	0.011104	8.8
646	-0.147082	188.802456	0.004414	7.7
647	-0.477396	188.650969	0.004519	9.2
648	-0.092148	188.499807	0.002840	8.0
649	-0.006083	188.348967	0.000142	7.8
650	-0.781376	188.198448	0.006185	8.0
651	-0.577013	188.048250	0.005671	8.5
652	-0.858792	187.898371	0.009337	7.7
653	-0.981325	187.748810	0.006281	9.1
654	-0.355003	187.599566	0.007123	9.0
655	-0.627067	187.450638	0.009043	8.9
656	-0.014148	187.302025	0.001615	10.4
657	-0.411071	187.153725	0.004715	9.4
658	-0.802919	187.005739	0.006623	11.0
659	-0.567638	186.858064	0.006487	11.0
660	-0.000000	186.710699	0.000000	10.2
661	-0.376775	186.563645	0.004749	11.7
662	-0.000000	186.416898	0.000000	10.7
663	-0.729242	186.270459	0.007831	10.3
664	-0.508276	186.124326	0.006448	12.6
665	-0.886795	185.978499	0.009435	12.1
666	-0.000000	185.832976	0.000000	10.8
667	-0.760643	185.687756	0.004735	12.0
668	-0.705885	185.542838	0.006183	12.2
669	-0.000000	185.398222	0.000000	10.3
670	-0.871453	185.253906	0.007704	11.2
671	-0.909416	185.109889	0.005011	10.2
672	-0.449448	184.966170	0.005379	10.6
673	-0.019970	184.822748	0.001561	10.5
674	-0.000000	184.679623	0.000000	10.4
675	-0.492873	184.536792	0.006572	11.1
676	-0.005676	184.394256	0.000663	11.9
677	-0.881929	184.252013	0.004733	11.7
678	-0.742345	184.110062	0.007252	11.2
679	-0.000000	183.968403	0.000000	12.0
680	-0.000000	183.827034	0.000000	11.2
681	-0.000000	183.685954	0.000000	10.0
682	-0.970867	183.545163	0.010761	10.1
683	-0.843376	183.404658	0.006948	11.1
684	-0.924760	183.264441	0.006945	10.3
685	-0.000000	183.124509	0.000000	11.7
686	-0.198522	182.984861	0.007213	12.4
687	-1.114095	182.845497	0.006089	10.9
688	-0.000000	182.706416	0.000000	11.0
689	-0.994445	182.567616	0.006098	11.3
690	-0.942545	182.429098	0.006822	10.4
691	-0.000344	182.290859	0.000076	10.3
692	-0.166360	182.152899	0.002246	11.4
693	-0.103541	182.015217	0.002076	10.1
694	-0.993809	181.877813	0.009983	10.5
695	-0.751731	181.740684	0.006041	11.2
696	-0.595378	181.603832	0.004292	11.5
697	-0.971169	181.467253	0.011287	10.4
698	-0.868893	181.330948	0.007472	10.7
699	-0.787560	181.194916	0.003569	11.4
700	-0.010928	181.059155	0.000564	10.0
701	-0.000000	180.923666	0.000000	12.0
702	-0.502384	180.788446	0.004361	10.4
703	-0.016075	180.653496	0.000387	10.7
704	-0.268145	180.518814	0.004723	10.5
705	-0.822088	180.384399	0.007428	11.3
706	-0.000000	180.250251	0.000000	11.0
707	-0.058303	180.116369	0.001045	10.9
708	-0.000000	179.982752	0.000000	9.7
709	-0.941515	179.849398	0.008356	10.7
710	-0.815395	179.716308	0.006514	10.1
711	-0.694410	179.583480	0.003152	9.7
712	-0.000000	179.450913	0.000000	10.6
713	-0.411132	179.318607	0.005360	9.9
714	-1.044074	179.186561	0.009891	11.3
715	-0.872606	179.054774	0.007374	11.3
716	-0.340930	178.923245	0.003569	10.1
717	-0.025298	178.791973	0.000769	11.0
718	-0.660844	178.660958	0.006061	11.3
719	-0.000000	178.530199	0.000000	10.3
720	-1.020131	178.399694	0.006413	10.6
721	-0.000000	178.269444	0.000000	11.1
722	-0.996905	178.139447	0.005361	10.0
723	-0.148746	178.009702	0.003655	10.4
724	-0.641172	177.880209	0.005045	9.6
725	-0.426283	177.750967	0.003259	9.4
726	-0.849418	177.621975	0.007631	10.7
727	-0.618157	177.493232	0.006241	10.3
728	-0.761400	177.364738	0.007171	10.2
729	-0.311961	177.236492	0.005664	11.3
730	-0.885256	177.108492	0.008739	11.8
731	-0.943750	176.980739	0.005499	10.8
732	-0.418046	176.853231	0.003477	10.9
733	-0.665994	176.725968	0.003755	9.3
734	-0.000004	176.598949	0.000004	11.0
735	-0.698663	176.472173	0.007429	10.6
736	-0.000000	176.345639	0.000000	8.8
737	-0.885077	176.219348	0.007808	10.3
738	-0.895496	176.093296	0.007695	8.5
739	-0.000000	175.967486	0.000000	10.3
740	-0.289842	175.841914	0.004241	10.1
741	-0.861174	175.716581	0.005852	9.2
742	-0.284574	175.591486	0.004082	9.7
743	-0.905039	175.466629	0.009453	9.1
744	-0.688614	175.342008	0.007188	10.8
745	-0.806061	175.217622	0.005552	11.6
746	-0.594653	175.093472	0.004296	9.3
747	-0.221667	174.969556	0.001885	10.8
748	-0.669840	174.845873	0.004068	11.4
749	-0.000000	174.722423	0.000000	11.1
750	-0.000000	174.599206	0.000000	11.9
751	-0.040572	174.476220	0.002389	11.2
752	-0.981827	174.353464	0.008151	9.1
753	-0.335574	174.230939	0.006140	10.8
754	-0.095814	174.108643	0.001382	11.8
755	-0.042971	173.986576	0.001832	9.8
756	-1.034007	173.864737	0.005108	9.7
757	-0.000000	173.743124	0.000000	9.8
758	-0.172748	173.621739	0.001918	10.9
759	-0.767266	173.500579	0.003831	12.0
760	-0.936519	173.379645	0.006952	8.6
761	-0.408775	173.258935	0.005240	9.6
762	-0.038317	173.138449	0.002242	8.3
763	-0.760457	173.018186	0.008933	10.0
764	-0.000000	172.898146	0.000000	9.9
765	-0.010119	172.778327	0.000377	11.1
766	-0.014939	172.658730	0.000973	10.3
767	-1.053174	172.539353	0.010385	9.9
768	-0.000000	172.420196	0.000000	10.0
769	-0.868277	172.301258	0.008059	10.8
770	-0.052790	172.182539	0.002188	9.2
771	-0.827025	172.064037	0.007132	10.3
772	-0.776151	171.945753	0.007267	11.9
773	-0.021578	171.827686	0.000787	10.1
774	-0.769146	171.709834	0.005772	10.4
775	-0.000000	171.592198	0.000000	9.3
776	-0.355511	171.474776	0.003556	9.5
777	-0.645123	171.357568	0.004403	10.3
778	-0.133942	171.240574	0.002892	9.4
779	-0.620897	171.123793	0.007131	9.5
780	-0.355651	171.007223	0.004983	9.6
781	-0.000000	170.890865	0.000000	11.5
782	-0.641196	170.774718	0.005487	10.4
783	-0.940910	170.658782	0.008661	9.8
784	-0.000000	170.543055	0.000000	10.9
785	-0.544265	170.427537	0.006790	10.8
786	-0.830637	170.312227	0.008116	10.6
787	-0.000000	170.197125	0.000000	10.2
788	-0.000000	170.082231	0.000000	10.5
789	-0.009313	169.967543	0.000358	9.6
790	-0.059688	169.853061	0.002829	10.1
791	-0.649961	169.738784	0.006601	10.2
792	-0.549932	169.624713	0.008046	9.6
793	-0.041665	169.510845	0.001809	11.4
794	-0.001155	169.397181	0.000128	9.7
795	-0.149047	169.283720	0.004686	11.6
796	-0.496845	169.170462	0.007030	9.9
797	-1.014323	169.057405	0.007095	9.2
798	-0.633981	168.944549	0.008702	10.4
799	-0.993357	168.831895	0.006995	9.4
800	-0.905216	168.719440	0.005766	10.2
801	-0.794287	168.607185	0.006060	9.1
802	-0.434448	168.495129	0.004067	10.0
803	-0.895205	168.383271	0.008080	10.1
804	-0.531653	168.271611	0.004419	9.6
805	-0.000000	168.160148	0.000000	10.2
806	-0.000005	168.048882	0.000000	11.3
807	-0.955545	167.937812	0.006969	8.5
808	-0.326403	167.826938	0.004462	9.5
809	-0.007739	167.716258	0.000756	8.7
810	-0.868743	167.605773	0.007381	9.9
811	-0.000000	167.495482	0.000000	10.7
812	-0.777527	167.385384	0.007268	9.5
813	-0.385162	167.275479	0.006821	10.9
814	-0.344852	167.165766	0.006201	9.9
815	-0.811641	167.056245	0.007288	11.7
816	-0.887657	166.946915	0.006655	10.6
817	-0.839659	166.837776	0.005224	9.2
818	-0.909053	166.728826	0.006898	10.3
819	-0.141172	166.620067	0.003120	9.6
820	-0.000000	166.511496	0.000000	10.2
821	-0.000000	166.403113	0.000000	10.4
822	-0.815650	166.294919	0.004666	8.7
823	-0.594222	166.186912	0.006098	10.2
824	-0.845906	166.079091	0.005133	9.8
825	-0.749990	165.971458	0.007329	9.0
826	-0.504643	165.864009	0.004262	10.0
827	-0.586758	165.756747	0.006974	10.7
828	-0.651086	165.649669	0.005571	10.8
829	-0.503522	165.542775	0.002952	10.8
830	-0.000000	165.436065	0.000000	10.2
831	-0.668130	165.329538	0.004405	9.5
832	-0.701560	165.223194	0.002699	8.5
833	-0.000000	165.117032	0.000000	10.5
834	-0.780139	165.011052	0.005583	10.3
835	-0.000000	164.905253	0.000000	9.6
836	-0.986815	164.799635	0.006853	10.6
837	-0.534161	164.694197	0.006667	9.2
838	-0.875565	164.588939	0.008788	9.5
839	-0.872917	164.483859	0.004941	10.0
840	-0.000000	164.378959	0.000000	8.8
841	-0.000000	164.274237	0.000000	9.8
842	-0.814640	164.169692	0.005570	9.3
843	-0.000000	164.065325	0.000000	10.8
844	-0.799907	163.961135	0.004526	10.7
845	-0.663176	163.857120	0.006242	10.4
846	-0.000000	163.753282	0.000000	11.0
847	-0.124541	163.649619	0.002766	11.0
848	-1.010421	163.546130	0.006661	10.6
849	-0.000000	163.442816	0.000000	10.2
850	-0.787746	163.339676	0.004363	9.8
851	-0.486970	163.236709	0.005281	10.6
852	-0.932164	163.133915	0.006665	10.7
853	-0.108191	163.031294	0.001535	9.4
854	-0.921793	162.928844	0.011521	10.6
855	-0.678919	162.826566	0.004416	9.9
856	-0.604593	162.724459	0.005588	9.6
857	-0.653612	162.622523	0.007394	11.4
858	-0.000000	162.520757	0.000000	10.4
859	-1.032553	162.419160	0.007479	11.6
860	-0.000000	162.317733	0.000000	10.4
861	-0.000000	162.216474	0.000000	10.7
862	-0.395011	162.115383	0.003723	9.7
863	-0.937550	162.014461	0.011678	10.2
864	-0.000000	161.913705	0.000000	9.9
865	-0.405823	161.813117	0.005116	10.8
866	-0.464000	161.712695	0.003729	10.1
867	-0.000000	161.612439	0.000000	10.1
868	-0.040849	161.512349	0.002088	10.4
869	-0.591202	161.412424	0.005722	10.5
870	-0.000000	161.312663	0.000000	9.5
871	-0.815918	161.213067	0.009257	9.5
872	-0.765815	161.113635	0.006061	8.4
873	-0.538959	161.014366	0.004284	8.6
874	-0.395814	160.915260	0.003722	9.3
875	-0.869807	160.816316	0.006468	10.3
876	-0.137929	160.717535	0.002606	9.2
877	-0.378388	160.618915	0.003420	10.2
878	-0.016592	160.520456	0.000169	11.9
879	-0.148150	160.422158	0.003645	9.4
880	-0.059132	160.324021	0.001482	12.3
881	-0.280418	160.226043	0.003167	9.9
882	-0.144754	160.128225	0.002907	9.9
883	-0.000000	160.030566	0.000001	11.1
884	-0.000000	159.933066	0.000000	10.9
885	-0.159792	159.835723	0.002272	10.2
886	-0.886364	159.738539	0.008836	9.9
887	-0.778801	159.641512	0.008288	13.1
888	-0.080151	159.544642	0.002616	11.4
889	-0.687355	159.447929	0.004556	11.0
890	-0.000000	159.351372	0.000000	11.5
891	-0.619275	159.254971	0.006912	10.2
892	-0.548374	159.158725	0.006102	10.8
893	-0.899656	159.062634	0.008203	10.1
894	-0.000000	158.966697	0.000000	9.3
895	-0.063598	158.870915	0.001044	11.2
896	-0.997884	158.775286	0.009049	9.8
897	-0.000000	158.679811	0.000000	9.8
898	-0.997771	158.584489	0.006211	11.5
899	-0.508118	158.489319	0.003266	9.3
900	-0.121513	158.394302	0.003905	11.1
901	-0.498654	158.299436	0.005542	11.2
902	-0.836865	158.204721	0.007092	9.3
903	-0.531358	158.110158	0.003706	10.8
904	-1.001122	158.015745	0.009436	9.5
905	-0.864465	157.921482	0.004782	9.4
906	-0.829462	157.827369	0.011023	10.6
907	-0.882380	157.733406	0.005228	9.3
908	-0.813422	157.639591	0.007303	8.7
909	-0.814504	157.545925	0.006563	9.7
910	-0.000000	157.452408	0.000000	10.6
911	-1.109553	157.359038	0.009636	11.7
912	-0.658931	157.265816	0.006927	9.3
913	-0.000000	157.172741	0.000000	9.7
914	-0.361951	157.079813	0.003345	9.2
915	-0.000000	156.987031	0.000000	9.6
916	-0.777120	156.894395	0.008225	10.3
917	-0.000000	156.801904	0.000000	9.7
918	-0.429056	156.709559	0.005604	8.7
919	-0.418859	156.617359	0.003147	9.4
920	-1.065015	156.525304	0.010539	9.4
921	-0.962981	156.433392	0.004951	9.1
922	-0.715894	156.341624	0.005479	12.2
923	-0.553096	156.250000	0.003180	11.1
924	-0.554579	156.158519	0.005187	11.2
925	-1.043573	156.067180	0.007894	8.9
926	-1.117120	155.975984	0.012142	10.1
927	-0.739157	155.884930	0.004219	9.4
928	-0.390231	155.794017	0.004223	10.2
929	-0.849456	155.703246	0.014531	9.7
930	-0.000000	155.612615	0.000000	10.8
931	-0.671380	155.522125	0.008493	10.4
932	-0.000000	155.431775	0.000000	10.7
933	-0.462548	155.341565	0.007818	10.6
934	-0.975232	155.251495	0.005235	9.8
935	-0.138031	155.161563	0.002455	9.4
936	-0.412470	155.071771	0.003005	9.0
937	-0.051980	154.982117	0.002773	9.4
938	-0.000000	154.892601	0.000000	9.6
939	-0.705993	154.803222	0.005241	10.0
940	-0.996044	154.713981	0.009527	9.6
941	-0.760977	154.624878	0.004621	10.8
942	-0.000000	154.535910	0.000000	10.4
943	-0.000526	154.447080	0.000317	9.8
944	-0.988921	154.358385	0.006720	9.8
945	-0.000032	154.269826	0.000006	9.1
946	-0.686127	154.181402	0.005655	10.3
947	-0.000000	154.093114	0.000000	9.4
948	-0.068747	154.004960	0.003661	9.5
949	-0.000000	153.916940	0.000000	10.3
950	-0.319648	153.829054	0.005836	9.1
951	-0.075860	153.741303	0.002103	9.9
952	-0.544371	153.653684	0.003193	9.0
953	-0.895562	153.566198	0.010087	10.9
954	-0.508804	153.478846	0.006003	9.7
955	-0.564750	153.391625	0.006341	9.2
956	-0.637200	153.304537	0.005566	9.8
957	-0.868316	153.217580	0.006207	10.2
958	-0.748525	153.130755	0.006413	8.7
959	-0.000000	153.044061	0.000000	9.7
960	-0.589324	152.957498	0.005181	9.0
961	-0.006513	152.871065	0.000214	10.8
962	-0.000000	152.784762	0.000000	9.1
963	-0.811201	152.698589	0.007176	10.0
964	-0.777936	152.612545	0.006057	9.7
965	-0.535781	152.526631	0.007874	10.7
966	-0.893116	152.440845	0.007134	10.2
967	-0.787147	152.355188	0.005195	9.9
968	-1.000019	152.269660	0.005147	9.0
969	-0.860360	152.184259	0.008224	8.5
970	-0.000000	152.098986	0.000000	9.7
971	-1.015829	152.013840	0.006922	11.4
972	-0.035475	151.928821	0.001397	10.2
973	-0.522775	151.843928	0.005249	10.5
974	-1.017605	151.759163	0.006576	10.0
975	-0.000000	151.674523	0.000000	10.8
976	-0.599979	151.590009	0.006069	10.3
977	-0.597123	151.505620	0.005188	9.3
978	-0.468317	151.421357	0.005659	9.5
979	-0.146568	151.337218	0.004163	10.9
980	-0.700321	151.253204	0.006349	9.5
981	-0.331370	151.169314	0.003763	9.8
982	-0.893183	151.085549	0.008162	9.6
983	-0.935969	151.001907	0.005435	10.5
984	-0.641921	150.918388	0.007536	11.2
985	-1.222982	150.834992	0.014296	8.7
986	-0.468353	150.751719	0.006114	10.0
987	-0.954815	150.668569	0.008119	9.5
988	-0.564259	150.585541	0.005576	9.5
989	-0.000000	150.502634	0.000000	10.3
990	-0.000000	150.419849	0.000000	8.8
991	-0.438021	150.337186	0.005892	10.3
992	-0.755869	150.254644	0.004415	9.9
993	-0.325405	150.172222	0.003024	10.7
994	-0.502148	150.089921	0.003553	10.4
995	-0.015056	150.007740	0.000240	9.6
996	-0.054207	149.925679	0.000633	10.1
997	-0.982423	149.843737	0.006995	9.4
998	-0.335625	149.761915	0.003660	10.9
999	-0.659042	149.680212	0.010385	10.6
1000	-0.721493	149.598627	0.007109	10.3
1001	-0.447125	149.517161	0.005778	9.6
1002	-0.000000	149.435814	0.000000	10.9
1003	-0.000000	149.354584	0.000000	11.0
1004	-0.000000	149.273472	0.000000	10.8
1005	-0.776317	149.192477	0.006357	10.7
1006	-0.000000	149.111599	0.000000	9.1
1007	-0.002458	149.030838	0.000155	10.2
1008	-0.000000	148.950194	0.000000	9.6
1009	-0.153010	148.869666	0.002333	11.3
1010	-0.119005	148.789253	0.001362	11.7
1011	-0.915477	148.708957	0.007620	9.2
1012	-0.297630	148.628776	0.012217	9.0
1013	-0.000159	148.548710	0.000125	8.8
1014	-0.283530	148.468759	0.003483	9.4
1015	-0.000000	148.388923	0.000000	9.6
1016	-0.734075	148.309201	0.006913	9.5
1017	-0.630160	148.229594	0.004926	10.4
1018	-0.000091	148.150100	0.000003	9.8
1019	-0.000000	148.070719	0.000000	9.9
1020	-0.788847	147.991452	0.006839	9.4
1021	-0.000000	147.912298	0.000000	8.2
1022	-1.052879	147.833257	0.007288	10.2
1023	-0.097862	147.754329	0.003451	9.5
1024	-0.000000	147.675512	0.000000	9.4
1025	-0.932647	147.596808	0.009982	8.5
1026	-0.000000	147.518216	0.000000	8.7
1027	-0.000165	147.439735	0.000040	9.1
1028	-0.750793	147.361365	0.007932	9.3
1029	-0.000000	147.283106	0.000000	10.5
1030	-0.000000	147.204958	0.000000	9.3
1031	-0.807426	147.126920	0.007760	9.0
1032	-0.517377	147.048993	0.003619	9.1
1033	-0.794158	146.971175	0.004693	9.8
1034	-0.162798	146.893468	0.003370	9.2
1035	-0.716778	146.815869	0.004586	8.8
1036	-0.795961	146.738380	0.005887	9.9
1037	-0.000000	146.661000	0.000000	8.4
1038	-0.933317	146.583729	0.005329	10.2
1039	-0.189483	146.506566	0.005329	9.1
1040	-0.024126	146.429511	0.001203	9.4
1041	-0.865543	146.352565	0.008471	10.1
1042	-1.047297	146.275726	0.007626	10.9
1043	-1.048889	146.198994	0.007475	10.0
1044	-0.985453	146.122370	0.005225	9.7
1045	-0.691964	146.045853	0.004890	9.6
1046	-0.544221	145.969442	0.005269	10.1
1047	-0.809983	145.893139	0.007706	8.8
1048	-0.956436	145.816941	0.008260	9.1
1049	-0.925501	145.740849	0.006796	9.0
1050	-0.490405	145.664863	0.004568	10.4
1051	-0.000000	145.588983	0.000000	9.5
1052	-0.790762	145.513208	0.004816	9.4
1053	-0.543113	145.437538	0.005149	10.1
1054	-0.006057	145.361973	0.000245	9.9
1055	-0.779785	145.286513	0.004976	9.8
1056	-0.406777	145.211157	0.005603	9.0
1057	-0.394399	145.135905	0.005886	9.9
1058	-0.438052	145.060757	0.008991	10.0
1059	-0.554026	144.985712	0.004540	9.4
1060	-0.000000	144.910771	0.000000	10.7
1061	-0.305072	144.835934	0.003872	9.9
1062	-0.730727	144.761199	0.006321	10.5
1063	-0.864976	144.686567	0.007732	11.3
1064	-0.976763	144.612037	0.008594	11.0
1065	-0.000000	144.537610	0.000000	9.7
1066	-0.493955	144.463285	0.005140	10.1
1067	-0.032583	144.389062	0.001671	9.2
1068	-0.789680	144.314940	0.007646	10.4
1069	-0.637105	144.240920	0.004406	9.3
1070	-0.140105	144.167001	0.002782	9.3
1071	-0.010972	144.093182	0.000168	10.4
1072	-0.806369	144.019465	0.005185	9.4
1073	-1.017669	143.945848	0.008635	10.8
1074	-0.265350	143.872331	0.003259	9.3
1075	-0.839007	143.798914	0.005923	11.3
1076	-0.971221	143.725597	0.005335	10.2
1077	-0.754801	143.652380	0.005359	8.8
1078	-0.980037	143.579262	0.008025	9.9
1079	-0.712134	143.506243	0.006158	8.6
1080	-0.746081	143.433323	0.006432	9.5
1081	-0.331935	143.360502	0.005995	10.5
1082	-0.816584	143.287780	0.005825	9.4
1083	-0.824155	143.215155	0.007124	12.8
1084	-0.505572	143.142629	0.005388	9.3
1085	-0.851291	143.070201	0.007697	10.1
1086	-0.839185	142.997870	0.008170	10.1
1087	-0.000000	142.925637	0.000000	9.1
1088	-0.836587	142.853501	0.007245	10.3
1089	-0.377803	142.781462	0.004585	10.6
1090	-0.970501	142.709519	0.006671	9.9
1091	-0.818515	142.637674	0.009569	10.3
1092	-0.445155	142.565924	0.005002	9.9
1093	-0.019619	142.494271	0.000652	11.2
1094	-0.136075	142.422714	0.004525	11.5
1095	-0.886496	142.351252	0.006058	13.1
1096	-0.000000	142.279886	0.000000	12.1
1097	-1.026284	142.208616	0.006711	10.6
1098	-0.000000	142.137440	0.000000	11.1
1099	-0.902941	142.066360	0.006989	10.9
1100	-0.092182	141.995374	0.003772	10.7
1101	-0.155482	141.924483	0.003111	12.9
1102	-0.749289	141.853685	0.004423	12.5
1103	-0.672942	141.782983	0.006996	11.1
1104	-0.778527	141.712373	0.004980	10.8
1105	-0.879524	141.641858	0.005668	11.0
1106	-0.000000	141.571436	0.000000	12.3
1107	-0.229762	141.501108	0.002926	12.9
1108	-0.528983	141.430872	0.006584	11.8
1109	-0.539381	141.360730	0.006709	10.4
1110	-0.000000	141.290680	0.000000	10.7
1111	-0.934682	141.220722	0.004691	11.7
1112	-0.574088	141.150857	0.006093	11.0
1113	-0.000000	141.081084	0.000000	10.9
1114	-0.948241	141.011403	0.007417	12.1
1115	-0.429208	140.941813	0.005149	11.4
1116	-0.601688	140.872315	0.004302	9.5
1117	-0.606883	140.802909	0.005192	11.4
1118	-0.334861	140.733593	0.004101	10.6
1119	-0.000000	140.664369	0.000000	9.9
1120	-0.615298	140.595235	0.006038	12.2
1121	-0.000000	140.526192	0.000000	12.3
1122	-0.388398	140.457239	0.005555	11.1
1123	-0.000000	140.388376	0.000000	10.8
1124	-0.502372	140.319603	0.006578	10.7
1125	-0.006286	140.250920	0.000234	10.8
1126	-0.755666	140.182326	0.005690	14.1
1127	-0.000000	140.113822	0.000000	10.7
1128	-0.386737	140.045407	0.004113	13.3
1129	-0.739918	139.977081	0.005446	9.9
1130	-0.000000	139.908844	0.000000	11.5
1131	-0.000000	139.840696	0.000000	11.4
1132	-0.465387	139.772635	0.005491	10.4
1133	-0.078097	139.704664	0.001925	11.3
1134	-0.351880	139.636780	0.004318	11.2
1135	-0.930096	139.568984	0.007733	10.0
1136	-0.000000	139.501276	0.000000	11.6
1137	-0.712056	139.433655	0.006565	12.2
1138	-0.962677	139.366122	0.009212	10.3
1139	-1.129189	139.298676	0.008549	10.7
1140	-0.693151	139.231317	0.006371	12.8
1141	-0.863294	139.164045	0.005880	10.3
1142	-0.592831	139.096859	0.006890	11.3
1143	-1.108839	139.029760	0.011834	12.0
1144	-0.000000	138.962747	0.000000	9.8
1145	-0.729663	138.895820	0.004884	14.1
1146	-0.000000	138.828978	0.000000	11.2
1147	-0.000000	138.762223	0.000000	10.8
1148	-0.286693	138.695553	0.002460	10.4
1149	-0.013225	138.628969	0.000207	11.8
1150	-0.984487	138.562469	0.007664	10.3
1151	-0.000000	138.496055	0.000000	10.1
1152	-0.854941	138.429725	0.007400	11.4
1153	-0.512160	138.363481	0.004212	11.2
1154	-0.000000	138.297320	0.000000	8.8
1155	-0.000000	138.231244	0.000000	10.3
1156	-0.095433	138.165252	0.001954	9.8
1157	-0.786754	138.099344	0.004692	9.8
1158	-0.006851	138.033520	0.000471	10.6
1159	-0.405121	137.967779	0.002780	9.4
1160	-0.000706	137.902122	0.000095	12.2
1161	-0.001223	137.836548	0.000098	9.6
1162	-0.000000	137.771057	0.000000	9.5
1163	-0.396452	137.705649	0.005660	11.7
1164	-0.922259	137.640324	0.006381	10.2
1165	-1.006889	137.575081	0.006855	9.7
1166	-0.987402	137.509921	0.007986	10.9
1167	-0.039314	137.444842	0.002483	9.9
1168	-0.883073	137.379846	0.005691	11.2
1169	-0.320041	137.314932	0.002894	10.4
1170	-0.736922	137.250100	0.008007	10.8
1171	-0.000000	137.185349	0.000000	10.5
1172	-0.550951	137.120680	0.007933	11.0
1173	-0.936120	137.056092	0.007113	10.3
1174	-0.604708	136.991585	0.005586	11.4
1175	-0.002625	136.927158	0.000095	12.4
1176	-0.000000	136.862813	0.000000	10.8
1177	-0.000966	136.798548	0.000221	10.7
1178	-1.111220	136.734363	0.012543	11.2
1179	-0.000000	136.670259	0.000000	10.2
1180	-1.160343	136.606235	0.015612	13.5
1181	-0.704583	136.542291	0.006450	12.1
1182	-0.506733	136.478426	0.005883	10.1
1183	-0.743491	136.414641	0.004828	12.1
1184	-0.588099	136.350936	0.006413	10.8
1185	-0.506424	136.287310	0.002922	9.8
1186	-0.951882	136.223763	0.008961	10.2
1187	-0.000363	136.160295	0.000045	12.6
1188	-0.387952	136.096905	0.005297	11.0
1189	-1.072147	136.033594	0.007402	11.2
1190	-0.890472	135.970362	0.005416	13.1
1191	-0.789260	135.907208	0.006479	14.9
1192	-0.000048	135.844133	0.000017	10.9
1193	-0.198601	135.781135	0.003542	10.4
1194	-0.019887	135.718215	0.000994	10.1
1195	-0.006827	135.655373	0.000255	10.7
1196	-0.987682	135.592608	0.006130	9.7
1197	-0.008543	135.529921	0.000328	10.2
1198	-0.903425	135.467311	0.009205	10.2
1199	-0.966882	135.404778	0.005387	11.8
1200	-0.606782	135.342322	0.006932	10.7
1201	-0.000000	135.279942	0.000000	10.8
1202	-0.005605	135.217640	0.000132	10.0
1203	-0.755300	135.155413	0.009001	9.8
1204	-0.000003	135.093263	0.000000	10.9
1205	-0.291125	135.031190	0.004992	10.0
1206	-0.285756	134.969192	0.003919	10.3
1207	-0.041923	134.907270	0.002247	10.1
1208	-0.733153	134.845424	0.006257	9.7
1209	-0.021223	134.783653	0.001098	10.5
1210	-0.000000	134.721958	0.000000	9.4
1211	-0.000000	134.660338	0.000000	10.9
1212	-0.212858	134.598793	0.002686	9.2
1213	-0.019257	134.537323	0.001028	10.9
1214	-0.932690	134.475927	0.005756	10.4
1215	-0.648097	134.414607	0.005790	9.8
1216	-0.991805	134.353361	0.005895	10.1
1217	-0.854394	134.292189	0.005787	9.8
1218	-1.086301	134.231092	0.011314	9.9
1219	-0.000000	134.170068	0.000000	10.0
1220	-0.001346	134.109119	0.000460	9.9
1221	-0.706616	134.048243	0.005241	10.5
1222	-0.511488	133.987441	0.006105	10.5
1223	-0.000000	133.926713	0.000000	11.6
1224	-0.975751	133.866057	0.007482	11.0
1225	-0.744526	133.805475	0.005623	11.8
1226	-0.000000	133.744966	0.000000	9.4
1227	-0.939113	133.684530	0.005640	13.0
1228	-0.000000	133.624167	0.000000	10.9
1229	-0.995775	133.563877	0.007191	10.3
1230	-0.528041	133.503658	0.004145	10.7
1231	-0.510287	133.443513	0.006702	12.1
1232	-0.000000	133.383439	0.000000	11.1
1233	-0.941346	133.323437	0.005164	11.9
1234	-0.729579	133.263508	0.007049	11.6
1235	-0.005938	133.203650	0.000199	13.4
1236	-1.004738	133.143864	0.008167	10.8
1237	-0.873043	133.084149	0.006618	10.5
1238	-0.000000	133.024506	0.000000	11.0
1239	-0.921594	132.964934	0.005728	10.4
1240	-0.489355	132.905433	0.006067	12.2
1241	-1.187830	132.846003	0.007878	11.5
1242	-0.000000	132.786643	0.000000	10.3
1243	-0.245549	132.727355	0.004672	12.6
1244	-0.795731	132.668137	0.004960	11.0
1245	-0.000000	132.608989	0.000000	10.5
1246	-0.583467	132.549912	0.005315	9.4
1247	-0.905762	132.490904	0.004095	10.9
1248	-0.601436	132.431967	0.006129	9.6
1249	-0.000000	132.373100	0.000000	10.2
1250	-0.907053	132.314302	0.006005	9.5
1251	-0.703817	132.255574	0.006841	10.2
1252	-0.849686	132.196916	0.006647	10.9
1253	-0.000000	132.138326	0.000000	9.3
1254	-0.000000	132.079806	0.000000	10.1
1255	-0.004923	132.021355	0.000449	9.6
1256	-0.994131	131.962973	0.011936	9.0
1257	-0.788777	131.904660	0.006442	10.0
1258	-0.000000	131.846415	0.000000	9.2
1259	-0.188044	131.788239	0.002489	10.1
1260	-0.663363	131.730131	0.008898	8.9
1261	-0.593097	131.672092	0.006322	10.5
1262	-0.000000	131.614121	0.000000	10.1
1263	-0.701736	131.556217	0.006575	9.9
1264	-0.782637	131.498382	0.009514	9.7
1265	-0.480838	131.440614	0.005575	9.4
1266	-0.087642	131.382914	0.002232	9.2
1267	-0.000000	131.325282	0.000000	11.2
1268	-0.000000	131.267717	0.000000	9.9
1269	-0.865130	131.210219	0.007486	9.8
1270	-0.619465	131.152788	0.008107	10.0
1271	-0.000000	131.095424	0.000000	9.9
1272	-0.000000	131.038127	0.000000	10.0
1273	-0.767067	130.980897	0.006201	11.8
1274	-0.953210	130.923733	0.006610	9.9
1275	-0.001031	130.866636	0.000224	11.1
1276	-0.858401	130.809605	0.006060	9.3
1277	-0.080411	130.752641	0.002334	10.4
1278	-0.923090	130.695742	0.004655	10.4
1279	-0.480088	130.638910	0.003562	10.8
1280	-1.030647	130.582143	0.005667	10.3
1281	-0.825407	130.525442	0.003863	10.0
1282	-0.000000	130.468807	0.000000	9.5
1283	-1.035819	130.412237	0.006464	10.2
1284	-0.066195	130.355733	0.002838	10.5
1285	-0.000000	130.299294	0.000000	10.3
1286	-0.661266	130.242920	0.004560	11.7
1287	-0.308758	130.186611	0.003061	10.2
1288	-0.814417	130.130366	0.006522	11.1
1289	-0.022561	130.074187	0.000886	9.9
1290	-1.026349	130.018072	0.005864	9.9
1291	-0.000000	129.962022	0.000000	10.9
1292	-0.562478	129.906036	0.003520	10.0
1293	-0.288051	129.850114	0.003262	11.3
1294	-0.155709	129.794257	0.003478	10.5
1295	-0.926132	129.738463	0.007762	9.6
1296	-0.878871	129.682734	0.006664	9.7
1297	-0.914932	129.627068	0.005111	11.1
1298	-0.985662	129.571466	0.007476	10.3
1299	-0.730157	129.515927	0.005867	10.8
1300	-0.281887	129.460452	0.003049	9.7
1301	-0.000000	129.405040	0.000000	11.3
1302	-0.811762	129.349692	0.005210	10.5
1303	-0.528609	129.294406	0.007035	9.4
1304	-0.000000	129.239183	0.000000	10.9
1305	-0.086009	129.184024	0.003011	9.8
1306	-0.000001	129.128927	0.000000	11.2
1307	-0.538501	129.073892	0.005919	10.4
1308	-0.889015	129.018921	0.007619	10.1
1309	-0.000000	128.964011	0.000000	9.5
1310	-0.875903	128.909164	0.005740	10.6
1311	-0.001396	128.854379	0.000032	10.3
1312	-0.000000	128.799656	0.000000	9.8
1313	-0.570865	128.744995	0.006773	10.1
1314	-0.000000	128.690396	0.000000	9.6
1315	-0.000000	128.635858	0.000000	12.4
1316	-0.776193	128.581382	0.004407	10.4
1317	-1.007025	128.526968	0.006112	9.9
1318	-0.326066	128.472615	0.004061	9.5
1319	-0.471829	128.418323	0.005315	10.4
1320	-0.878357	128.364092	0.010713	9.5
1321	-0.625855	128.309922	0.004996	10.9
1322	-0.942344	128.255814	0.006010	9.8
1323	-0.189773	128.201766	0.002833	10.8
1324	-0.060268	128.147778	0.002456	9.9
1325	-0.026871	128.093852	0.000677	10.7
1326	-0.833056	128.039985	0.008865	10.4
1327	-0.125563	127.986180	0.001727	9.9
1328	-0.945803	127.932434	0.005458	9.5
1329	-0.000000	127.878749	0.000000	10.3
1330	-0.000000	127.825123	0.000000	9.4
1331	-0.000000	127.771558	0.000000	9.8
1332	-0.375717	127.718052	0.004885	10.0
1333	-0.000126	127.664606	0.000115	9.9
1334	-0.553661	127.611220	0.004543	10.2
1335	-0.470048	127.557893	0.002226	9.0
1336	-0.000000	127.504625	0.000000	9.1
1337	-0.039917	127.451417	0.000352	9.0
1338	-0.558063	127.398268	0.005332	10.6
1339	-0.000000	127.345178	0.000000	10.2
1340	-0.219877	127.292147	0.003610	9.8
1341	-1.170729	127.239175	0.008883	10.3
1342	-0.486116	127.186261	0.005448	9.7
1343	-0.022276	127.133407	0.000309	9.7
1344	-0.616122	127.080610	0.007547	10.9
1345	-0.450943	127.027872	0.003914	11.4
1346	-0.932035	126.975193	0.009837	11.6
1347	-0.000000	126.922572	0.000000	11.4
1348	-0.495776	126.870008	0.006126	10.3
1349	-0.780013	126.817503	0.007555	11.3
1350	-0.236242	126.765056	0.002533	10.4
1351	-0.000000	126.712667	0.000000	11.1
1352	-0.000000	126.660335	0.000000	9.8
1353	-0.096310	126.608061	0.002040	11.7
1354	-0.054195	126.555844	0.001416	11.2
1355	-0.618764	126.503685	0.006239	9.6
1356	-0.602628	126.451583	0.005853	10.6
1357	-0.000000	126.399538	0.000000	9.9
1358	-0.000000	126.347550	0.000000	11.3
1359	-1.070793	126.295619	0.006575	11.2
1360	-0.047758	126.243745	0.001200	9.7
1361	-0.652649	126.191928	0.005732	9.9
1362	-0.850541	126.140168	0.007001	11.9
1363	-0.531615	126.088464	0.005619	11.7
1364	-0.569077	126.036817	0.005637	9.6
1365	-0.120262	125.985226	0.001350	11.4
1366	-0.697500	125.933691	0.005706	10.6
1367	-0.000000	125.882212	0.000000	11.1
1368	-0.110148	125.830790	0.004870	11.0
1369	-0.160936	125.779423	0.004005	11.2
1370	-0.597294	125.728113	0.005365	9.7
1371	-0.794682	125.676858	0.006431	11.4
1372	-0.667035	125.625659	0.005100	10.2
1373	-0.473946	125.574515	0.006731	9.8
1374	-0.834964	125.523427	0.005443	10.4
1375	-0.895792	125.472394	0.006227	9.1
1376	-0.180379	125.421417	0.003194	10.7
1377	-0.535886	125.370495	0.006033	10.5
1378	-0.000000	125.319628	0.000000	10.8
1379	-0.664569	125.268815	0.007948	10.6
1380	-0.000000	125.218058	0.000000	12.4
1381	-0.872003	125.167356	0.004915	10.7
1382	-0.941875	125.116708	0.008661	11.4
1383	-0.000000	125.066115	0.000000	10.2
1384	-0.883467	125.015576	0.005613	9.9
1385	-0.000000	124.965092	0.000000	10.3
1386	-0.022134	124.914662	0.000914	10.0
1387	-0.634231	124.864287	0.005065	11.5
1388	-0.970339	124.813965	0.007994	12.8
1389	-0.681863	124.763698	0.005215	10.7
1390	-0.343595	124.713485	0.003928	10.0
1391	-1.001638	124.663325	0.007401	10.2
1392	-0.915507	124.613219	0.004434	8.9
1393	-0.000000	124.563167	0.000000	11.3
1394	-0.534801	124.513168	0.003857	9.5
1395	-0.000000	124.463223	0.000000	9.5
1396	-0.000227	124.413332	0.000015	10.7
1397	-0.000000	124.363493	0.000000	10.1
1398	-0.015397	124.313708	0.000226	12.0
1399	-1.017870	124.263976	0.007410	11.0
1400	-0.000000	124.214297	0.000000	11.4
1401	-0.739142	124.164671	0.006367	9.7
1402	-0.730830	124.115097	0.008024	10.3
1403	-0.560937	124.065577	0.005720	10.3
1404	-0.000000	124.016109	0.000000	10.3
1405	-0.000000	123.966693	0.000000	11.1
1406	-0.851038	123.917330	0.008215	9.3
1407	-0.367639	123.868020	0.003885	10.3
1408	-0.411882	123.818762	0.005487	10.5
1409	-0.000000	123.769556	0.000000	10.8
1410	-0.000000	123.720402	0.000000	10.4
1411	-0.544086	123.671300	0.005844	9.9
1412	-0.509582	123.622250	0.002731	10.2
1413	-0.438838	123.573252	0.003177	10.8
1414	-0.261948	123.524305	0.003925	9.7
1415	-0.697194	123.475411	0.003568	9.7
1416	-0.814725	123.426568	0.005541	10.5
1417	-0.729458	123.377776	0.005175	10.2
1418	-0.000000	123.329036	0.000000	11.3
1419	-0.000000	123.280347	0.000000	10.2
1420	-0.208892	123.231709	0.004809	9.8
1421	-1.037365	123.183122	0.010979	10.3
1422	-0.774387	123.134587	0.006991	9.1
1423	-0.917507	123.086102	0.006785	9.7
1424	-0.425625	123.037669	0.005081	10.2
1425	-0.811628	122.989286	0.004472	9.1
1426	-0.032143	122.940954	0.001442	11.5
1427	-0.686717	122.892672	0.003939	10.0
1428	-0.491725	122.844441	0.008000	9.5
1429	-0.846321	122.796261	0.004243	10.2
1430	-0.946871	122.748130	0.005943	10.9
1431	-0.867650	122.700050	0.008736	10.0
1432	-0.000000	122.652021	0.000000	10.5
1433	-1.051659	122.604041	0.005541	11.5
1434	-0.901547	122.556111	0.008981	11.1
1435	-0.319313	122.508232	0.006227	12.8
1436	-0.000000	122.460402	0.000000	10.6
1437	-0.020211	122.412622	0.000684	12.7
1438	-0.297656	122.364891	0.002463	11.5
1439	-0.532640	122.317210	0.005304	10.9
1440	-0.376868	122.269579	0.004662	10.6
1441	-0.014746	122.221997	0.000330	11.6
1442	-0.657125	122.174465	0.005739	11.1
1443	-0.545681	122.126981	0.007076	9.8
1444	-0.101291	122.079547	0.002851	11.3
1445	-0.000000	122.032162	0.000000	11.2
1446	-0.838419	121.984826	0.007440	11.7
1447	-0.634179	121.937539	0.006389	11.9
1448	-0.884797	121.890301	0.006164	12.0
1449	-0.000000	121.843112	0.000000	12.8
1450	-0.782308	121.795971	0.005226	11.7
1451	-0.000243	121.748879	0.000006	16.3
1452	-0.819106	121.701835	0.005928	12.3
1453	-0.000000	121.654840	0.000000	12.9
1454	-0.486458	121.607893	0.006407	12.0
1455	-0.082895	121.560994	0.001315	12.0
1456	-0.050902	121.514144	0.001528	11.7
1457	-0.682446	121.467342	0.004819	13.5
1458	-0.991756	121.420588	0.006109	11.4
1459	-1.036812	121.373882	0.009209	10.1
1460	-1.018081	121.327223	0.010737	10.3
1461	-1.216799	121.280613	0.009624	10.2
1462	-0.562233	121.234050	0.006327	11.1
1463	-0.928982	121.187535	0.006434	10.2
1464	-0.155170	121.141067	0.002326	12.9
1465	-0.481332	121.094647	0.006151	10.7
1466	-0.000000	121.048274	0.000000	11.3
1467	-0.871384	121.001949	0.004825	10.9
1468	-0.034456	120.955671	0.001431	11.0
1469	-0.894941	120.909440	0.012409	10.3
1470	-0.374755	120.863256	0.004395	10.9
1471	-0.923717	120.817119	0.007688	11.3
1472	-0.610816	120.771029	0.006107	13.0
1473	-0.808101	120.724986	0.006178	10.7
1474	-0.308879	120.678990	0.003835	13.5
1475	-0.744451	120.633040	0.008996	10.4
1476	-0.000000	120.587137	0.000000	11.9
1477	-1.175239	120.541281	0.008359	12.0
1478	-0.893703	120.495471	0.007620	11.9
1479	-0.567475	120.449707	0.006624	11.9
1480	-0.002626	120.403990	0.000580	12.4
1481	-0.572435	120.358319	0.005183	11.4
1482	-0.900362	120.312694	0.007677	10.5
1483	-0.848043	120.267115	0.007966	12.0
1484	-0.049723	120.221582	0.000423	12.3
1485	-0.773090	120.176096	0.007145	12.0
1486	-0.028340	120.130655	0.000620	10.8
1487	-0.000336	120.085260	0.000163	11.8
1488	-0.127952	120.039910	0.002857	9.8
1489	-1.089751	119.994606	0.005693	11.6
1490	-0.000000	119.949348	0.000000	10.4
1491	-0.165521	119.904135	0.004064	10.8
1492	-0.144407	119.858968	0.002093	10.8
1493	-0.872810	119.813846	0.007209	11.6
1494	-0.992439	119.768769	0.006658	10.3
1495	-0.112810	119.723738	0.002950	12.6
1496	-0.972930	119.678752	0.006151	11.6
1497	-0.032866	119.633810	0.001238	11.6
1498	-0.036500	119.588914	0.001267	12.7
1499	-0.711160	119.544062	0.005507	11.0
1500	-0.074400	119.499256	0.001915	11.9
1501	-0.985262	119.454494	0.007520	10.5
1502	-0.116467	119.409777	0.002574	10.3
1503	-1.043786	119.365104	0.007425	11.5
1504	-0.062813	119.320476	0.001754	11.8
1505	-0.857548	119.275893	0.003985	9.8
1506	-0.289957	119.231353	0.005365	10.5
1507	-1.085364	119.186859	0.009512	9.3
1508	-0.000000	119.142408	0.000000	9.5
1509	-0.154446	119.098002	0.005247	11.0
1510	-0.000000	119.053639	0.000000	8.7
1511	-0.592267	119.009321	0.005263	10.5
1512	-0.010273	118.965047	0.000121	8.7
1513	-0.000108	118.920816	0.000017	10.3
1514	-0.648709	118.876630	0.004654	9.9
1515	-0.000000	118.832487	0.000000	9.9
1516	-0.000000	118.788388	0.000000	9.9
1517	-0.789843	118.744332	0.008053	9.5
1518	-0.002660	118.700320	0.000857	9.5
1519	-1.063277	118.656352	0.007978	8.9
1520	-0.927019	118.612427	0.005856	9.8
1521	-0.441014	118.568545	0.005123	10.1
1522	-0.169459	118.524706	0.005237	8.9
1523	-0.582025	118.480911	0.005740	9.9
1524	-0.280732	118.437159	0.003930	9.4
1525	-0.528479	118.393450	0.004407	10.2
1526	-0.000000	118.349784	0.000000	10.8
1527	-0.691685	118.306160	0.007640	8.8
1528	-0.648631	118.262580	0.005802	9.6
1529	-0.036220	118.219042	0.001139	9.3
1530	-0.000000	118.175548	0.000000	10.0
1531	-0.000000	118.132095	0.000000	9.8
1532	-0.536419	118.088686	0.005700	10.8
1533	-0.000000	118.045319	0.000000	10.2
1534	-0.838577	118.001994	0.007115	10.4
1535	-1.001551	117.958712	0.008558	9.5
1536	-0.814107	117.915472	0.008105	10.7
1537	-1.055985	117.872274	0.007069	10.2
1538	-0.000000	117.829118	0.000000	10.1
1539	-0.198668	117.786005	0.002043	10.2
1540	-0.984334	117.742933	0.007331	9.2
1541	-0.622482	117.699904	0.004989	10.9
1542	-0.822085	117.656916	0.006287	11.1
1543	-0.400046	117.613971	0.005511	10.1
1544	-0.347116	117.571067	0.003729	9.7
1545	-0.895431	117.528205	0.007241	10.2
1546	-0.000000	117.485384	0.000000	11.0
1547	-0.025480	117.442605	0.001492	12.8
1548	-0.753588	117.399867	0.005745	10.4
1549	-0.546786	117.357171	0.006231	10.2
1550	-0.316077	117.314517	0.003613	10.2
1551	-0.000000	117.271903	0.000000	9.2
1552	-0.000000	117.229331	0.000000	11.2
1553	-0.000000	117.186800	0.000000	13.2
1554	-1.071604	117.144311	0.010887	9.1
1555	-0.943722	117.101862	0.004874	10.7
1556	-0.547945	117.059454	0.005677	9.7
1557	-0.568117	117.017087	0.005850	10.5
1558	-1.026764	116.974762	0.006560	12.2
1559	-0.000000	116.932476	0.000000	10.9
1560	-0.000000	116.890232	0.000000	10.2
1561	-1.062909	116.848028	0.007022	10.5
1562	-0.000000	116.805865	0.000000	11.3
1563	-0.731873	116.763743	0.006631	10.7
1564	-0.455014	116.721661	0.004315	11.4
1565	-0.691859	116.679619	0.006879	10.6
1566	-0.167964	116.637618	0.001922	14.1
1567	-1.008512	116.595657	0.010663	15.3
1568	-0.740995	116.553736	0.005118	13.3
1569	-0.959919	116.511855	0.007448	11.8
1570	-0.442062	116.470015	0.005569	13.9
1571	-0.000000	116.428214	0.000000	15.3
1572	-0.497671	116.386454	0.005250	9.7
1573	-0.000780	116.344733	0.000293	11.1
1574	-0.878234	116.303052	0.005672	10.3
1575	-0.000000	116.261412	0.000000	9.2
1576	-0.835949	116.219810	0.007302	10.4
1577	-0.274011	116.178249	0.004104	10.3
1578	-0.000000	116.136727	0.000000	10.3
1579	-0.000000	116.095245	0.000000	10.7
1580	-0.987639	116.053802	0.006298	9.4
1581	-0.347024	116.012398	0.002142	10.4
1582	-0.000000	115.971034	0.000000	10.1
1583	-0.490862	115.929710	0.003484	9.5
1584	-0.955198	115.888424	0.007606	11.5
1585	-0.132539	115.847178	0.001876	9.9
1586	-0.775222	115.805970	0.006331	11.4
1587	-0.100742	115.764802	0.003263	9.9
1588	-0.630389	115.723673	0.007083	10.8
1589	-0.954958	115.682583	0.004201	10.3
1590	-0.000000	115.641532	0.000000	11.2
1591	-1.038552	115.600519	0.006730	9.8
1592	-0.028923	115.559546	0.000964	10.0
1593	-0.721523	115.518610	0.007041	10.9
1594	-0.907064	115.477714	0.004471	9.6
1595	-0.488663	115.436856	0.006078	10.4
1596	-1.001966	115.396037	0.005065	9.5
1597	-0.029959	115.355256	0.001098	11.8
1598	-0.000000	115.314514	0.000000	10.2
1599	-0.240881	115.273810	0.003569	10.6
1600	-0.000000	115.233144	0.000000	10.5
1601	-0.810453	115.192517	0.005213	10.4
1602	-0.000870	115.151927	0.000459	9.8
1603	-0.000000	115.111376	0.000000	10.6
1604	-0.201083	115.070863	0.004524	10.3
1605	-0.000000	115.030388	0.000000	10.2
1606	-0.521289	114.989951	0.007571	11.5
1607	-0.785095	114.949551	0.005684	12.7
1608	-0.887300	114.909190	0.007690	9.8
1609	-0.628762	114.868866	0.006512	10.6
1610	-1.006263	114.828580	0.008618	10.4
1611	-0.596743	114.788332	0.005669	10.1
1612	-0.867532	114.748121	0.006388	10.1
1613	-0.000000	114.707948	0.000000	9.5
1614	-0.852951	114.667812	0.008656	10.4
1615	-1.145310	114.627714	0.007362	11.0
1616	-0.516974	114.587653	0.005314	9.7
1617	-0.367835	114.547629	0.005525	10.8
1618	-0.853982	114.507643	0.004978	10.3
1619	-0.759173	114.467693	0.004644	10.3
1620	-0.998247	114.427781	0.004978	10.7
1621	-0.355525	114.387907	0.003626	10.0
1622	-0.926371	114.348069	0.005866	9.2
1623	-1.096618	114.308268	0.006772	9.6
1624	-0.651293	114.268504	0.006197	9.0
1625	-0.787308	114.228777	0.007397	10.0
1626	-0.668281	114.189086	0.006510	9.0
1627	-0.858473	114.149433	0.006420	10.9
1628	-0.844721	114.109816	0.005966	10.7
1629	-0.104312	114.070235	0.002346	11.3
1630	-0.394702	114.030692	0.004831	10.6
1631	-0.555003	113.991185	0.005313	10.2
1632	-0.916442	113.951714	0.007297	9.7
1633	-0.235115	113.912280	0.004269	11.3
1634	-0.803825	113.872882	0.004886	11.9
1635	-0.000019	113.833521	0.000012	9.5
1636	-0.829377	113.794195	0.008138	9.8
1637	-1.031953	113.754906	0.006230	9.8
1638	-0.601674	113.715653	0.005613	11.1
1639	-0.000000	113.676437	0.000000	11.1
1640	-0.007822	113.637256	0.000028	9.6
1641	-0.859604	113.598111	0.005446	10.7
1642	-0.833283	113.559002	0.005504	10.5
1643	-0.786556	113.519929	0.007700	9.3
1644	-0.000000	113.480892	0.000000	12.0
1645	-0.938914	113.441891	0.007282	10.3
1646	-0.788073	113.402925	0.004911	9.4
1647	-0.002714	113.363995	0.000138	10.8
1648	-0.003146	113.325101	0.000278	9.6
1649	-0.147281	113.286242	0.003979	10.4
1650	-0.000000	113.247419	0.000000	10.9
1651	-0.001256	113.208631	0.000047	9.0
1652	-0.362359	113.169879	0.004541	10.0
1653	-0.000000	113.131162	0.000000	10.2
1654	-0.003994	113.092480	0.000092	10.0
1655	-0.629451	113.053833	0.005752	10.3
1656	-0.647991	113.015222	0.005874	8.9
1657	-0.014514	112.976646	0.000195	10.7
1658	-0.707824	112.938105	0.003752	11.0
1659	-0.005532	112.899599	0.001094	10.7
1660	-0.509269	112.861128	0.003996	11.6
1661	-1.037527	112.822692	0.008213	12.1
1662	-0.877239	112.784291	0.005843	9.6
1663	-0.004664	112.745924	0.000198	10.4
1664	-1.015162	112.707593	0.006292	10.1
1665	-0.438637	112.669296	0.003329	10.2
1666	-0.748945	112.631034	0.007513	9.8
1667	-1.015419	112.592806	0.006672	11.8
1668	-0.000000	112.554613	0.000000	10.3
1669	-0.000122	112.516455	0.000025	10.5
1670	-0.283975	112.478331	0.002184	10.1
1671	-1.026331	112.440241	0.007319	10.4
1672	-0.487148	112.402186	0.003882	10.2
1673	-0.089508	112.364165	0.001921	10.2
1674	-0.647828	112.326179	0.006750	10.2
1675	-0.667156	112.288227	0.005875	9.7
1676	-0.532012	112.250309	0.005014	10.0
1677	-0.522958	112.212425	0.009598	11.3
1678	-0.442353	112.174575	0.006918	10.5
1679	-0.168045	112.136759	0.002671	11.4
1680	-0.000000	112.098977	0.000000	10.9
1681	-0.861548	112.061229	0.005405	12.7
1682	-0.000000	112.023515	0.000000	10.0
1683	-1.036049	111.985834	0.006718	10.9
1684	-0.940288	111.948188	0.007013	10.6
1685	-0.025050	111.910575	0.000877	10.5
1686	-0.681172	111.872996	0.004078	11.7
1687	-0.849046	111.835450	0.004460	11.3
1688	-0.347683	111.797939	0.002800	10.7
1689	-0.902813	111.760460	0.006826	11.4
1690	-0.735317	111.723015	0.007185	11.9
1691	-0.182744	111.685604	0.003944	11.2
1692	-0.883019	111.648226	0.005166	11.8
1693	-0.316482	111.610881	0.003606	11.0
1694	-0.594021	111.573570	0.005428	10.3
1695	-0.990357	111.536292	0.007687	11.1
1696	-0.816354	111.499047	0.005654	11.5
1697	-0.000000	111.461835	0.000000	10.6
1698	-0.000000	111.424656	0.000000	9.9
1699	-0.011939	111.387510	0.000250	10.4
1700	-0.585171	111.350398	0.008494	10.3
1701	-0.200963	111.313318	0.001871	9.8
1702	-0.017285	111.276271	0.000446	9.4
1703	-0.807501	111.239257	0.007004	10.5
1704	-0.789193	111.202276	0.005961	10.5
1705	-0.690851	111.165328	0.007122	10.3
1706	-0.829917	111.128412	0.005870	10.5
1707	-0.973400	111.091529	0.006000	10.2
1708	-0.000000	111.054679	0.000000	12.0
1709	-0.944603	111.017861	0.004971	10.6
1710	-0.772351	110.981076	0.007637	10.1
1711	-0.998102	110.944323	0.005221	9.7
1712	-0.910425	110.907603	0.006218	10.5
1713	-0.460360	110.870915	0.005149	10.4
1714	-0.000000	110.834259	0.000000	9.6
1715	-0.396948	110.797636	0.004975	11.4
1716	-0.844335	110.761045	0.006366	9.8
1717	-0.000000	110.724486	0.000000	10.3
1718	-0.973228	110.687959	0.007414	10.2
1719	-0.685709	110.651465	0.005429	10.5
1720	-0.000000	110.615002	0.000000	9.8
1721	-0.539381	110.578572	0.004204	9.7
1722	-0.727619	110.542173	0.004202	11.0
1723	-0.447824	110.505807	0.005474	11.4
1724	-1.049536	110.469472	0.007224	9.5
1725	-0.000000	110.433169	0.000000	11.0
1726	-0.802037	110.396898	0.006450	12.2
1727	-1.012756	110.360659	0.006544	10.9
1728	-0.393008	110.324451	0.003858	12.7
1729	-0.913402	110.288276	0.008418	9.7
1730	-1.015175	110.252131	0.005317	10.4
1731	-0.030235	110.216019	0.001712	10.7
1732	-0.986680	110.179937	0.008401	10.9
1733	-0.847442	110.143888	0.006131	10.1
1734	-0.000000	110.107869	0.000000	10.5
1735	-0.000000	110.071882	0.000000	11.9
1736	-0.474775	110.035927	0.005402	10.0
1737	-0.921266	110.000003	0.006033	12.4
1738	-0.000000	109.964110	0.000000	10.4
1739	-0.540106	109.928248	0.005571	9.7
1740	-0.000000	109.892417	0.000000	10.5
1741	-0.000000	109.856618	0.000000	10.2
1742	-0.595240	109.820850	0.008039	10.4
1743	-0.186724	109.785112	0.002242	10.2
1744	-0.020765	109.749406	0.002194	9.8
1745	-0.062224	109.713730	0.003499	11.1
1746	-0.001421	109.678086	0.000417	11.4
1747	-0.265693	109.642472	0.005540	10.3
1748	-0.055679	109.606890	0.000728	10.6
1749	-0.124381	109.571337	0.002577	10.8
1750	-0.312141	109.535816	0.006584	9.9
1751	-0.512933	109.500326	0.005146	10.6
1752	-0.488110	109.464866	0.006073	10.0
1753	-0.947521	109.429436	0.005670	9.8
1754	-0.720977	109.394038	0.006850	10.5
1755	-0.000000	109.358669	0.000000	10.0
1756	-0.000000	109.323331	0.000000	10.3
1757	-0.000000	109.288024	0.000000	9.6
1758	-0.213095	109.252747	0.002908	9.5
1759	-0.778957	109.217501	0.005548	10.6
1760	-0.063289	109.182284	0.000916	9.9
1761	-0.030746	109.147098	0.001099	10.4
1762	-0.339768	109.111942	0.003878	10.0
1763	-0.003045	109.076817	0.000155	9.8
1764	-0.687161	109.041721	0.006827	10.3
1765	-0.181993	109.006656	0.002364	10.8
1766	-0.724956	108.971620	0.005713	10.1
1767	-0.569022	108.936615	0.005717	10.8
1768	-0.373837	108.901640	0.004597	10.4
1769	-0.210100	108.866694	0.003753	10.8
1770	-0.023943	108.831779	0.003007	10.3
1771	-0.801688	108.796893	0.003587	10.1
1772	-0.275711	108.762037	0.003009	9.8
1773	-0.523798	108.727211	0.005781	10.7
1774	-0.392178	108.692415	0.003816	10.2
1775	-0.691399	108.657648	0.006381	10.3
1776	-0.853334	108.622911	0.005198	10.5
1777	-0.000000	108.588203	0.000000	9.4
1778	-0.758664	108.553525	0.005770	11.4
1779	-0.886154	108.518877	0.004715	10.2
1780	-0.121561	108.484258	0.002233	9.5
1781	-0.040537	108.449668	0.000996	10.3
1782	-0.900667	108.415108	0.005020	9.6
1783	-0.014965	108.380578	0.000282	10.0
1784	-0.000000	108.346076	0.000000	9.5
1785	-0.000000	108.311604	0.000000	9.6
1786	-0.086326	108.277161	0.002863	10.1
1787	-0.000000	108.242747	0.000000	9.0
1788	-0.872665	108.208363	0.005372	10.4
1789	-1.056640	108.174007	0.007007	10.3
1790	-0.021686	108.139681	0.000552	9.9
1791	-0.000000	108.105383	0.000000	10.6
1792	-1.021670	108.071115	0.006132	10.6
1793	-0.773674	108.036875	0.006872	10.3
1794	-0.123229	108.002665	0.002881	11.4
1795	-0.863648	107.968483	0.007651	9.7
1796	-1.021881	107.934330	0.007440	10.1
1797	-0.633968	107.900206	0.003289	10.5
1798	-0.000000	107.866111	0.000000	10.0
1799	-0.785230	107.832044	0.007942	10.1
1800	-0.762833	107.798007	0.006736	10.6
1801	-0.869094	107.763997	0.007565	9.4
1802	-1.006865	107.730017	0.006544	9.5
1803	-0.000000	107.696065	0.000000	10.9
1804	-1.038680	107.662141	0.007788	9.8
1805	-0.754199	107.628246	0.006118	9.9
1806	-0.885254	107.594379	0.004678	10.5
1807	-0.755985	107.560541	0.006926	9.5
1808	-1.192645	107.526731	0.008268	10.0
1809	-0.000000	107.492949	0.000000	9.9
1810	-0.001984	107.459196	0.000414	9.7
1811	-1.010169	107.425471	0.010156	10.5
1812	-0.660057	107.391774	0.005059	10.2
1813	-0.476067	107.358106	0.003931	10.2
1814	-1.014670	107.324465	0.008312	9.6
1815	-0.679084	107.290853	0.006349	10.2
1816	-0.222027	107.257268	0.002734	9.6
1817	-0.486396	107.223712	0.006336	10.6
1818	-0.696646	107.190184	0.006606	9.9
1819	-0.752632	107.156683	0.005799	9.2
1820	-0.109462	107.123211	0.000831	10.4
1821	-0.000000	107.089766	0.000000	15.6
1822	-0.837794	107.056349	0.005712	12.1
1823	-0.000000	107.022960	0.000000	10.8
1824	-0.000000	106.989599	0.000000	10.5
1825	-0.366786	106.956265	0.004037	10.9
1826	-0.860702	106.922960	0.003839	12.2
1827	-0.496414	106.889681	0.006273	11.5
1828	-1.030636	106.856431	0.005975	11.6
1829	-0.636911	106.823208	0.003841	10.0
1830	-0.923126	106.790012	0.007162	10.4
1831	-0.805152	106.756844	0.006724	13.4
1832	-0.416301	106.723703	0.004302	11.5
1833	-0.841551	106.690590	0.006662	10.1
1834	-0.174834	106.657505	0.004786	15.2
1835	-0.218944	106.624446	0.002854	16.1
1836	-0.707994	106.591415	0.006719	12.7
1837	-0.604443	106.558411	0.003874	10.6
1838	-0.702393	106.525435	0.005156	12.4
1839	-0.451839	106.492485	0.005316	11.7
1840	-0.568094	106.459563	0.005203	14.1
1841	-0.941106	106.426668	0.007135	10.7
1842	-0.972962	106.393800	0.007093	10.1
1843	-0.489727	106.360959	0.003096	11.7
1844	-0.932158	106.328145	0.006140	11.7
1845	-0.729612	106.295358	0.006841	11.2
1846	-1.115043	106.262598	0.008989	10.9
1847	-0.565842	106.229865	0.005890	9.8
1848	-0.000000	106.197158	0.000000	11.2
1849	-1.046477	106.164479	0.008313	12.6
1850	-0.035264	106.131826	0.001215	13.3
1851	-0.000000	106.099201	0.000000	10.6
1852	-0.000011	106.066602	0.000007	11.8
1853	-0.000000	106.034029	0.000000	10.8
1854	-1.078076	106.001483	0.011045	9.9
1855	-0.527762	105.968964	0.007513	20.6
1856	-0.766244	105.936472	0.006284	13.2
1857	-0.000000	105.904006	0.000000	13.9
1858	-0.000000	105.871566	0.000000	10.7
1859	-0.563520	105.839153	0.006752	11.3
1860	-0.000000	105.806767	0.000000	9.3
1861	-0.451848	105.774407	0.004361	10.3
1862	-0.061902	105.742073	0.001430	9.7
1863	-0.000000	105.709766	0.000000	9.7
1864	-0.343992	105.677485	0.003747	9.8
1865	-1.036951	105.645230	0.006153	9.8
1866	-0.887917	105.613001	0.005971	9.5
1867	-0.873828	105.580799	0.004853	9.2
1868	-0.772978	105.548623	0.005078	11.0
1869	-0.897297	105.516473	0.004602	10.2
1870	-0.563504	105.484349	0.006356	9.5
1871	-0.626834	105.452251	0.005898	12.8
1872	-0.953010	105.420179	0.008580	14.8
1873	-1.065906	105.388133	0.007075	9.8
1874	-0.000000	105.356113	0.000000	9.9
1875	-0.046992	105.324119	0.001209	10.4
1876	-1.111450	105.292151	0.008346	9.8
1877	-0.682779	105.260209	0.007913	11.0
1878	-0.456650	105.228293	0.006420	10.8
1879	-0.000000	105.196402	0.000000	9.7
1880	-0.847729	105.164537	0.006800	10.2
1881	-0.180477	105.132698	0.002441	8.9
1882	-0.746716	105.100885	0.004380	10.2
1883	-0.959800	105.069097	0.006840	10.2
1884	-0.017472	105.037335	0.000639	10.2
1885	-0.790714	105.005598	0.006382	9.6
1886	-0.832554	104.973887	0.007026	9.4
1887	-0.208488	104.942202	0.002930	10.1
1888	-0.005115	104.910542	0.000739	9.1
1889	-0.272548	104.878907	0.005953	9.1
1890	-0.354078	104.847298	0.004395	9.9
1891	-0.004802	104.815715	0.001648	9.8
1892	-0.966239	104.784156	0.006519	10.2
1893	-0.602504	104.752623	0.006970	9.8
1894	-0.665493	104.721116	0.006376	9.9
1895	-0.000000	104.689633	0.000000	9.9
1896	-1.081532	104.658176	0.010369	9.5
1897	-0.817249	104.626744	0.005901	9.8
1898	-0.175813	104.595337	0.002535	10.3
1899	-0.953229	104.563955	0.006389	8.8
1900	-0.399001	104.532599	0.005410	9.7
1901	-0.000000	104.501267	0.000000	9.3
1902	-0.636159	104.469960	0.009611	9.6
1903	-0.605859	104.438679	0.004247	10.0
1904	-0.770165	104.407422	0.006076	9.9
1905	-0.823399	104.376191	0.005513	10.2
1906	-0.165429	104.344984	0.003739	9.2
1907	-1.086195	104.313802	0.005956	9.8
1908	-0.557177	104.282645	0.004244	9.4
1909	-0.954563	104.251513	0.007142	10.0
1910	-0.000000	104.220405	0.000000	10.4
1911	-0.000067	104.189323	0.000049	9.1
1912	-0.694221	104.158265	0.006906	10.4
1913	-0.000000	104.127231	0.000000	11.3
1914	-0.049212	104.096222	0.001541	9.2
1915	-0.776267	104.065238	0.005732	10.0
1916	-0.202349	104.034279	0.003685	9.6
1917	-0.018070	104.003344	0.001023	9.6
1918	-0.000000	103.972433	0.000000	9.0
1919	-0.995665	103.941547	0.006526	9.0
1920	-0.848509	103.910686	0.005983	9.9
1921	-0.331749	103.879849	0.002897	9.2
1922	-0.151926	103.849036	0.003728	9.9
1923	-0.582537	103.818248	0.005355	9.1
1924	-0.535048	103.787484	0.003464	10.6
1925	-0.000000	103.756744	0.000000	10.5
1926	-0.072879	103.726029	0.002977	9.4
1927	-0.945065	103.695338	0.005564	10.4
1928	-0.000000	103.664671	0.000000	9.7
1929	-0.254607	103.634028	0.003435	9.6
1930	-0.000000	103.603409	0.000000	9.5
1931	-0.959057	103.572814	0.005624	9.5
1932	-0.692733	103.542244	0.006568	10.5
1933	-0.648490	103.511698	0.005049	9.6
1934	-0.861298	103.481175	0.010765	9.8
1935	-1.072855	103.450677	0.007070	10.0
1936	-0.447038	103.420202	0.002631	9.4
1937	-0.000000	103.389752	0.000000	9.7
1938	-0.000000	103.359325	0.000000	9.0
1939	-0.793983	103.328922	0.006838	9.1
1940	-0.000000	103.298543	0.000000	10.0
1941	-0.925358	103.268188	0.006904	9.6
1942	-0.872469	103.237857	0.007299	9.6
1943	-0.720752	103.207549	0.006329	9.0
1944	-0.000000	103.177265	0.000000	9.9
1945	-0.671058	103.147005	0.002993	8.8
1946	-0.000000	103.116768	0.000000	9.7
1947	-0.000000	103.086556	0.000000	11.8
1948	-0.111757	103.056366	0.004489	9.7
1949	-0.496620	103.026200	0.004587	10.5
1950	-0.647586	102.996058	0.004009	9.3
1951	-0.771548	102.965939	0.006345	8.5
1952	-0.901230	102.935844	0.006638	9.1
1953	-1.022033	102.905772	0.006613	9.4
1954	-0.725534	102.875724	0.004055	9.6
1955	-1.152259	102.845699	0.007926	9.3
1956	-0.000692	102.815697	0.000018	10.1
1957	-0.766951	102.785719	0.004284	10.6
1958	-0.000000	102.755764	0.000000	9.5
1959	-0.337475	102.725832	0.005397	9.5
1960	-0.973291	102.695924	0.008031	9.9
1961	-0.000000	102.666038	0.000000	11.0
1962	-0.848743	102.636176	0.005605	10.7
1963	-0.886975	102.606337	0.007835	12.9
1964	-0.796469	102.576521	0.005524	10.3
1965	-0.000000	102.546728	0.000000	9.9
1966	-0.875930	102.516959	0.008101	9.4
1967	-0.077278	102.487212	0.001679	10.4
1968	-0.000000	102.457488	0.000000	10.2
1969	-0.000000	102.427788	0.000000	10.6
1970	-0.000000	102.398110	0.000000	9.5
1971	-0.703933	102.368455	0.007166	9.2
1972	-0.903368	102.338823	0.006405	9.7
1973	-0.572581	102.309214	0.006472	9.4
1974	-0.840800	102.279628	0.006288	9.3
1975	-0.204077	102.250064	0.002533	9.0
1976	-0.647671	102.220524	0.008885	9.2
1977	-0.228800	102.191006	0.001963	9.1
1978	-0.578617	102.161511	0.006564	9.2
1979	-0.110947	102.132038	0.002278	10.2
1980	-0.954392	102.102588	0.009622	10.4
1981	-0.981382	102.073161	0.004375	8.4
1982	-1.110929	102.043757	0.006170	9.6
1983	-0.771890	102.014375	0.004194	8.9
1984	-0.000000	101.985015	0.000000	9.8
1985	-0.000000	101.955678	0.000000	8.8
1986	-0.052007	101.926364	0.001712	9.5
1987	-0.000000	101.897072	0.000000	9.8
1988	-0.628412	101.867802	0.003537	9.6
1989	-0.191131	101.838555	0.002040	9.5
1990	-0.287853	101.809330	0.006310	9.6
1991	-0.737451	101.780128	0.005717	9.7
1992	-0.788671	101.750948	0.007152	9.8
1993	-1.118196	101.721790	0.006610	9.4
1994	-0.922688	101.692654	0.006156	9.6
1995	-0.135561	101.663541	0.002674	8.9
1996	-0.048935	101.634450	0.002834	11.6
1997	-0.349982	101.605381	0.004563	10.2
1998	-0.111661	101.576335	0.001065	9.5
1999	-0.299453	101.547310	0.002027	10.5
