1:ItNr	2:Metric	3:StepSize	4:||Gradient||	Time[ms]
0	-0.771698	627.201626	0.012434	726.7
1	-1.044600	623.504937	0.018918	4.5
2	-1.046158	619.865785	0.032679	4.7
3	-0.787218	616.282728	0.043970	4.8
4	0.000000	612.754375	0.000000	5.2
5	-0.374577	609.279381	0.010126	4.7
6	-0.657690	605.856447	0.018547	4.4
7	0.000000	602.484317	0.000000	5.4
8	0.000000	599.161779	0.000000	5.8
9	-0.516630	595.887656	0.027461	4.8
10	-0.000000	592.660813	0.000000	5.3
11	-0.570386	589.480151	0.017241	5.0
12	-0.897962	586.344606	0.013820	4.7
13	-0.279841	583.253145	0.002750	4.9
14	0.000000	580.204771	0.000000	5.6
15	-0.681149	577.198517	0.017165	5.1
16	-0.768945	574.233444	0.024732	6.4
17	-0.752920	571.308645	0.021223	5.2
18	-0.958604	568.423237	0.022908	5.4
19	-0.442070	565.576365	0.013947	5.6
20	0.000000	562.767201	0.000000	4.9
21	-0.981490	559.994938	0.017110	5.0
22	-0.604150	557.258797	0.008971	5.8
23	-0.040133	554.558018	0.001457	5.5
24	-1.112925	551.891865	0.016789	5.1
25	-0.918308	549.259621	0.012276	5.7
26	-0.622750	546.660592	0.019958	5.0
27	-0.633172	544.094102	0.012877	4.9
28	-0.564311	541.559494	0.007019	5.5
29	-0.364534	539.056129	0.009323	5.8
30	0.000000	536.583387	0.000000	5.2
31	-0.747473	534.140663	0.021930	5.9
32	0.000000	531.727370	0.000000	5.6
33	-0.130146	529.342935	0.001775	5.3
34	-1.029894	526.986802	0.013849	6.2
35	-0.257260	524.658430	0.005162	5.4
36	-0.203258	522.357290	0.002802	5.4
37	0.000000	520.082868	0.000000	6.1
38	-0.010804	517.834665	0.000628	5.3
39	-0.928113	515.612193	0.020365	5.3
40	-0.800253	513.414976	0.016562	6.2
41	-0.319444	511.242551	0.007369	5.1
42	-1.097769	509.094468	0.011453	5.3
43	-0.863429	506.970285	0.029960	6.0
44	0.000000	504.869574	0.000000	5.5
45	-0.488296	502.791916	0.016713	5.6
46	-0.296580	500.736903	0.003832	6.4
47	-0.951387	498.704137	0.029930	5.6
48	-0.127264	496.693228	0.005030	5.5
49	0.000000	494.703798	0.000000	6.4
50	-0.000000	492.735476	0.000000	5.8
51	0.000000	490.787900	0.000000	6.2
52	-0.499071	488.860718	0.030808	5.2
53	-0.332027	486.953585	0.010770	5.4
54	-0.908137	485.066164	0.016530	6.0
55	-0.234535	483.198126	0.004162	5.9
56	-0.968932	481.349149	0.011581	5.4
57	-0.333147	479.518920	0.008721	6.1
58	-0.816413	477.707132	0.027883	5.4
59	-0.510555	475.913485	0.003108	5.4
60	-1.038253	474.137684	0.023294	6.4
61	-0.540074	472.379445	0.023697	5.5
62	-0.000000	470.638485	0.000000	4.8
63	-0.261122	468.914531	0.011337	6.0
64	-0.553094	467.207315	0.010309	5.3
65	-0.875759	465.516573	0.026115	5.3
66	0.000000	463.842050	0.000000	6.5
67	-0.895879	462.183494	0.010245	5.9
68	-0.704011	460.540658	0.018206	5.7
69	-0.554776	458.913303	0.013725	5.6
70	-0.505012	457.301192	0.008986	5.5
71	-0.280313	455.704096	0.005952	6.2
72	0.000000	454.121787	0.000000	5.5
73	-0.994552	452.554045	0.026379	5.3
74	-0.569657	451.000653	0.028127	6.2
75	-0.792969	449.461399	0.010961	5.9
76	-0.000000	447.936075	0.000000	5.3
77	-0.797114	446.424477	0.015092	6.5
78	-0.026888	444.926406	0.001435	5.5
79	-0.702651	443.441666	0.009342	5.3
80	-0.844047	441.970065	0.012839	5.7
81	-0.651117	440.511415	0.013560	5.4
82	-0.623206	439.065533	0.028841	6.0
83	-0.695057	437.632238	0.014024	6.5
84	-0.513177	436.211351	0.009783	5.9
85	-0.000000	434.802701	0.000000	5.9
86	-0.775556	433.406117	0.011828	5.8
87	-0.098458	432.021430	0.001224	5.6
88	-0.000601	430.648479	0.000355	6.1
89	0.000000	429.287101	0.000000	5.5
90	-0.906036	427.937140	0.027272	5.5
91	-0.212938	426.598440	0.004689	5.7
92	-0.561562	425.270849	0.020850	5.5
93	-0.096547	423.954220	0.003254	5.6
94	-0.604423	422.648404	0.009721	6.5
95	-0.059088	421.353259	0.002833	5.7
96	-0.064922	420.068643	0.001568	5.5
97	-0.032128	418.794419	0.000473	6.3
98	-0.000000	417.530451	0.000000	5.6
99	-0.732091	416.276604	0.011682	6.2
100	-0.957202	415.032748	0.013900	6.3
101	-0.939670	413.798754	0.019597	5.5
102	0.000000	412.574495	0.000000	5.9
103	-0.602695	411.359849	0.020106	6.2
104	-0.824129	410.154691	0.032628	5.8
105	-0.603933	408.958904	0.010528	6.3
106	-0.595904	407.772368	0.011094	5.7
107	-0.746002	406.594968	0.008102	5.7
108	-1.028368	405.426590	0.011977	6.6
109	-0.000002	404.267122	0.000000	5.8
110	-0.542307	403.116456	0.009009	6.1
111	-1.101740	401.974481	0.012473	5.8
112	0.000000	400.841093	0.000000	5.6
113	-1.028596	399.716187	0.021217	6.0
114	-0.065420	398.599660	0.002470	5.7
115	0.000000	397.491411	0.000000	5.6
116	0.000000	396.391342	0.000000	6.3
117	-0.225922	395.299353	0.006826	5.9
118	-0.767875	394.215350	0.006619	5.8
119	-0.132282	393.139238	0.003877	6.4
120	-0.815712	392.070924	0.014338	6.2
121	-0.787695	391.010316	0.011326	6.0
122	-0.000959	389.957325	0.000103	5.8
123	-0.927974	388.911862	0.030377	5.8
124	-0.580566	387.873839	0.010414	6.6
125	-0.975424	386.843173	0.008139	5.5
126	-0.000000	385.819777	0.000000	5.6
127	-0.905291	384.803569	0.025537	6.3
128	-0.796252	383.794468	0.021433	5.5
129	-0.812113	382.792393	0.011087	5.6
130	-1.142640	381.797264	0.035984	6.2
131	-0.241198	380.809005	0.007351	5.8
132	-0.905896	379.827537	0.005656	5.9
133	-0.009210	378.852786	0.000405	6.0
134	-0.885450	377.884678	0.034367	5.6
135	-0.691438	376.923138	0.007550	6.7
136	-0.804450	375.968095	0.008516	5.6
137	-0.591177	375.019479	0.009191	5.9
138	-0.710673	374.077218	0.009744	6.0
139	-0.844750	373.141244	0.009545	6.1
140	-0.125547	372.211489	0.003328	5.5
141	-0.965183	371.287887	0.015780	6.7
142	-0.605418	370.370370	0.020273	5.5
143	-0.407855	369.458876	0.004602	6.2
144	-0.000000	368.553338	0.000000	6.0
145	-1.014392	367.653696	0.019554	5.6
146	-0.925909	366.759885	0.026099	5.8
147	-0.526656	365.871846	0.020798	5.5
148	-0.000691	364.989518	0.000017	5.6
149	-0.562279	364.112841	0.033474	6.4
150	0.000000	363.241757	0.000000	5.9
151	-0.426571	362.376208	0.011503	5.6
152	-0.024114	361.516137	0.001335	6.5
153	-0.587283	360.661488	0.008514	5.5
154	-0.679051	359.812206	0.011229	5.9
155	-0.099879	358.968236	0.003001	6.2
156	-0.507679	358.129524	0.010754	5.7
157	-0.474610	357.296018	0.009425	6.0
158	0.000000	356.467665	0.000000	6.6
159	-0.769760	355.644414	0.008892	5.7
160	-0.916884	354.826213	0.013477	7.0
161	-1.020450	354.013012	0.023192	5.6
162	0.000000	353.204763	0.000000	5.6
163	-0.767163	352.401415	0.013730	6.1
164	0.000000	351.602922	0.000000	5.7
165	-0.000000	350.809235	0.000000	5.9
166	-0.465846	350.020308	0.010767	5.9
167	-0.924306	349.236095	0.006385	6.0
168	-0.810859	348.456550	0.010438	6.6
169	0.000000	347.681627	0.000000	6.0
170	-0.755076	346.911283	0.025432	5.6
171	-0.755409	346.145474	0.009852	6.7
172	-0.307357	345.384157	0.004286	5.7
173	-0.982784	344.627288	0.041981	5.8
174	-0.990277	343.874826	0.019306	7.2
175	-0.003598	343.126729	0.000179	6.2
176	-1.006622	342.382957	0.013417	7.1
177	0.000000	341.643469	0.000000	5.7
178	-0.172287	340.908224	0.001641	5.4
179	-0.625890	340.177184	0.010363	6.1
180	-0.675023	339.450309	0.017573	6.1
181	0.000000	338.727561	0.000000	6.8
182	-0.081917	338.008902	0.005013	6.0
183	-0.883546	337.294295	0.010189	5.5
184	-0.555422	336.583703	0.010738	6.7
185	-0.938469	335.877089	0.018817	5.6
186	-0.326876	335.174416	0.005507	6.2
187	-1.023054	334.475651	0.033391	5.9
188	-0.764295	333.780756	0.010792	5.7
189	-0.000070	333.089698	0.000028	6.2
190	0.000000	332.402443	0.000000	5.5
191	-0.786104	331.718955	0.018581	5.2
192	-0.594712	331.039203	0.007913	5.9
193	-0.841408	330.363153	0.010202	6.5
194	-0.351459	329.690771	0.002526	6.0
195	0.000000	329.022027	0.000000	6.3
196	-0.967788	328.356888	0.022435	5.6
197	0.000000	327.695322	0.000000	5.8
198	-0.552454	327.037299	0.011619	6.4
199	0.000000	326.382787	0.000000	5.9
200	-0.403908	325.731758	0.004818	6.1
201	0.000000	325.084179	0.000000	6.6
202	-1.132008	324.440023	0.031941	5.9
203	-0.958762	323.799258	0.021980	6.4
204	-0.991057	323.161858	0.017776	5.9
205	-0.000825	322.527792	0.000437	5.7
206	-0.536370	321.897034	0.007528	6.6
207	-0.008079	321.269554	0.001143	5.6
208	-0.439874	320.645325	0.002955	6.0
209	-0.064087	320.024320	0.001721	6.1
210	-0.322476	319.406512	0.012068	6.4
211	-0.775508	318.791875	0.011383	6.0
212	-1.042747	318.180381	0.020242	5.5
213	0.000000	317.572005	0.000000	5.7
214	-0.675040	316.966721	0.011756	6.6
215	0.000000	316.364504	0.000000	5.8
216	0.000000	315.765329	0.000000	6.3
217	0.000000	315.169170	0.000000	6.0
218	-0.983407	314.576003	0.023133	6.0
219	-1.016679	313.985804	0.026856	5.9
220	-0.845002	313.398548	0.019349	5.9
221	0.000000	312.814213	0.000000	5.5
222	-0.584006	312.232773	0.004472	6.3
223	-1.059255	311.654207	0.019605	6.0
224	-0.525692	311.078491	0.008303	5.6
225	0.000000	310.505602	0.000000	6.6
226	0.000000	309.935518	0.000000	5.6
227	-0.894773	309.368217	0.019126	5.9
228	-0.918588	308.803676	0.017798	6.5
229	0.000000	308.241874	0.000000	6.4
230	-0.512533	307.682789	0.008023	6.9
231	-0.123857	307.126400	0.004278	5.7
232	0.000000	306.572687	0.000000	5.7
233	0.000000	306.021627	0.000000	6.2
234	-0.391764	305.473201	0.011847	5.9
235	-0.592826	304.927388	0.010292	6.1
236	-0.556749	304.384168	0.010564	6.2
237	0.000000	303.843521	0.000000	6.0
238	-0.729415	303.305427	0.006942	6.3
239	-0.914014	302.769867	0.009936	6.2
240	-0.849266	302.236821	0.013745	5.5
241	-0.000000	301.706270	0.000000	6.3
242	-0.983435	301.178196	0.018721	5.5
243	0.000000	300.652580	0.000000	6.6
244	-0.710186	300.129402	0.015038	6.6
245	-0.884028	299.608645	0.017717	6.6
246	-0.155469	299.090291	0.003682	6.0
247	-0.631816	298.574321	0.026759	5.8
248	-0.927593	298.060718	0.020871	5.3
249	-1.010107	297.549465	0.019156	6.3
250	-0.682536	297.040543	0.007932	6.3
251	-0.564157	296.533936	0.011972	5.8
252	0.000000	296.029626	0.000000	6.2
253	-0.725238	295.527597	0.006329	5.7
254	-0.547397	295.027832	0.008110	6.5
255	-0.055973	294.530315	0.002424	6.3
256	-0.339513	294.035028	0.003468	6.1
257	-0.818904	293.541956	0.018626	6.2
258	0.000000	293.051083	0.000000	5.6
259	-0.526528	292.562393	0.006144	6.0
260	0.000000	292.075870	0.000000	6.1
261	-1.069377	291.591498	0.010950	5.8
262	-0.000000	291.109263	0.000000	6.2
263	-0.963399	290.629149	0.027974	6.6
264	-0.000010	290.151140	0.000005	6.1
265	-0.610514	289.675222	0.008015	6.1
266	-0.125659	289.201380	0.002955	5.9
267	0.000000	288.729600	0.000000	5.9
268	0.000000	288.259866	0.000000	6.2
269	-0.880578	287.792165	0.008714	5.9
270	0.000000	287.326481	0.000000	5.9
271	-0.890205	286.862802	0.010239	5.8
272	-0.002193	286.401113	0.000159	6.0
273	-0.141438	285.941400	0.003671	6.8
274	0.000000	285.483649	0.000000	5.6
275	-0.631485	285.027847	0.016129	5.8
276	-0.790560	284.573981	0.010031	5.9
277	-0.638568	284.122037	0.007200	5.7
278	-0.962153	283.672002	0.006954	5.8
279	-0.314210	283.223863	0.004203	6.9
280	-0.883161	282.777607	0.021229	6.4
281	0.000000	282.333221	0.000000	6.5
282	-0.768334	281.890692	0.007016	5.7
283	-0.575804	281.450008	0.007405	5.8
284	-1.060527	281.011157	0.008269	6.2
285	-0.868923	280.574125	0.025833	5.9
286	-0.764040	280.138901	0.006381	5.8
287	-0.243683	279.705473	0.007545	6.3
288	-0.478830	279.273829	0.009229	5.6
289	0.000000	278.843956	0.000000	6.7
290	-0.879440	278.415844	0.011292	6.0
291	-0.183556	277.989479	0.004156	5.5
292	-0.217746	277.564851	0.006619	6.0
293	-0.280402	277.141949	0.006186	5.8
294	-1.035232	276.720761	0.021788	5.6
295	-0.895746	276.301275	0.018672	7.0
296	-1.065247	275.883480	0.033605	6.5
297	-0.016391	275.467366	0.001258	6.0
298	0.000000	275.052922	0.000000	6.0
299	-0.317047	274.640136	0.003158	5.4
300	-0.826211	274.228998	0.037882	6.7
301	-0.470246	273.819497	0.010063	5.6
302	0.000000	273.411623	0.000000	5.6
303	-0.551716	273.005365	0.008677	6.7
304	-0.576273	272.600712	0.009100	5.5
305	0.000000	272.197655	0.000000	6.7
306	-0.008497	271.796184	0.000439	6.0
307	-0.314406	271.396287	0.005997	5.6
308	-0.564603	270.997956	0.007169	5.7
309	-0.909238	270.601180	0.028587	5.5
310	-0.000072	270.205949	0.000043	5.7
311	-0.723596	269.812254	0.009468	7.2
312	-0.796051	269.420085	0.006506	6.1
313	-1.076429	269.029432	0.022890	5.4
314	-0.509551	268.640287	0.005703	6.7
315	-0.847088	268.252638	0.011112	6.1
316	0.000000	267.866478	0.000000	6.4
317	-0.152942	267.481796	0.003947	5.9
318	-0.000111	267.098584	0.000019	6.0
319	0.000000	266.716833	0.000000	6.3
320	-0.623284	266.336533	0.008191	5.4
321	-0.771216	265.957676	0.010337	5.4
322	0.000000	265.580253	0.000000	6.4
323	-0.710809	265.204254	0.007613	6.0
324	-0.259633	264.829672	0.005152	5.8
325	-1.057120	264.456497	0.014597	5.8
326	-0.388799	264.084721	0.004571	5.9
327	-0.222389	263.714335	0.003457	5.9
328	-0.735682	263.345332	0.009597	5.7
329	-0.620224	262.977702	0.007989	5.5
330	-0.523088	262.611438	0.006832	5.9
331	-0.693366	262.246531	0.010709	6.7
332	-0.613005	261.882973	0.008430	6.2
333	-1.173582	261.520756	0.005940	6.1
334	-0.819176	261.159871	0.004917	5.5
335	-0.790545	260.800312	0.027755	5.7
336	-0.000000	260.442070	0.000000	5.9
337	-0.396893	260.085137	0.007973	5.8
338	-0.968423	259.729505	0.020832	5.8
339	-0.000000	259.375167	0.000000	5.9
340	-0.356521	259.022116	0.004369	5.3
341	-0.660466	258.670343	0.011757	5.2
342	-0.037405	258.319841	0.001146	5.7
343	-0.679713	257.970602	0.034960	5.6
344	-0.984344	257.622620	0.028292	6.5
345	-0.031712	257.275887	0.000881	6.0
346	-1.033107	256.930396	0.016709	5.7
347	-0.354516	256.586139	0.008855	6.6
348	-0.934167	256.243109	0.024187	6.8
349	-0.312358	255.901300	0.006457	6.4
350	-0.627273	255.560703	0.016549	6.8
351	-0.643607	255.221313	0.006737	5.8
352	-0.561672	254.883122	0.006997	7.0
353	-0.687928	254.546124	0.007833	5.6
354	-0.669100	254.210311	0.012782	6.2
355	-0.528322	253.875677	0.005946	6.3
356	-0.093855	253.542215	0.002294	5.6
357	-1.038253	253.209918	0.011341	6.0
358	-0.002098	252.878781	0.000200	5.8
359	-0.633730	252.548795	0.014740	5.4
360	-0.433232	252.219956	0.008248	6.8
361	-0.631802	251.892255	0.010420	6.0
362	-0.643809	251.565688	0.005845	6.1
363	0.000000	251.240247	0.000000	7.3
364	-0.075731	250.915926	0.002043	5.8
365	-0.000029	250.592720	0.000001	6.8
366	-0.959552	250.270621	0.010274	6.0
367	-0.538792	249.949624	0.011329	5.6
368	-0.735293	249.629723	0.009685	6.6
369	-0.000017	249.310911	0.000007	6.0
370	0.000000	248.993182	0.000000	6.6
371	-1.085730	248.676531	0.028108	5.8
372	-0.880542	248.360952	0.011335	5.9
373	0.000000	248.046438	0.000000	6.1
374	-0.000003	247.732984	0.000001	5.9
375	-0.837354	247.420584	0.011668	5.7
376	-0.679465	247.109233	0.008186	6.4
377	-0.027007	246.798924	0.002044	5.4
378	0.000000	246.489652	0.000000	6.1
379	0.000000	246.181412	0.000000	6.5
380	0.000000	245.874197	0.000000	5.7
381	-0.194752	245.568002	0.003481	7.5
382	-0.001160	245.262822	0.000174	5.6
383	-0.688568	244.958652	0.007178	5.8
384	-0.272927	244.655485	0.003886	6.4
385	-0.254166	244.353317	0.004268	6.4
386	-0.009078	244.052142	0.000305	6.2
387	-0.193424	243.751955	0.004707	6.1
388	-0.595350	243.452750	0.011000	5.7
389	-0.468962	243.154523	0.004649	6.2
390	-0.911902	242.857268	0.016379	5.7
391	-1.019328	242.560980	0.015762	5.8
392	-0.496389	242.265654	0.004637	6.5
393	0.000000	241.971285	0.000000	5.6
394	-0.967722	241.677868	0.009182	5.7
395	-0.745768	241.385397	0.019656	6.2
396	-0.490960	241.093869	0.005780	5.6
397	-0.985131	240.803278	0.010931	6.7
398	-0.000551	240.513619	0.000256	5.9
399	-0.448547	240.224887	0.005195	5.8
400	-0.000000	239.937077	0.000000	6.4
401	-0.497905	239.650186	0.015361	5.6
402	0.000000	239.364207	0.000000	6.0
403	-0.974449	239.079136	0.011729	6.5
404	-0.795380	238.794969	0.017663	6.5
405	-0.000001	238.511701	0.000000	6.0
406	-1.140315	238.229327	0.009684	5.6
407	-1.027011	237.947843	0.012795	5.7
408	-1.170680	237.667244	0.006663	5.9
409	-0.014411	237.387526	0.001185	5.4
410	-0.000000	237.108684	0.000000	5.4
411	-0.874728	236.830714	0.006541	5.8
412	-0.170334	236.553610	0.002571	5.8
413	0.000000	236.277370	0.000000	6.6
414	0.000000	236.001989	0.000000	6.3
415	-0.000000	235.727461	0.000000	5.7
416	-0.541577	235.453784	0.009948	6.1
417	-0.704390	235.180952	0.010027	5.7
418	-0.326268	234.908962	0.007449	6.2
419	-0.647434	234.637809	0.007582	6.6
420	-0.203906	234.367488	0.004610	6.3
421	-0.000000	234.097997	0.000000	5.9
422	-0.709331	233.829331	0.006583	6.2
423	-1.032348	233.561485	0.028997	5.9
424	-0.084248	233.294456	0.002175	6.0
425	-0.160283	233.028239	0.008757	6.1
426	-0.611140	232.762831	0.007842	5.9
427	-0.827820	232.498228	0.013527	6.0
428	-0.159985	232.234425	0.003275	5.3
429	-0.565130	231.971419	0.007123	5.5
430	-0.654510	231.709205	0.008178	6.1
431	-0.713903	231.447781	0.006210	5.4
432	-1.065391	231.187141	0.018768	5.3
433	-0.846810	230.927283	0.031365	6.1
434	0.000000	230.668202	0.000000	5.2
435	-0.000000	230.409895	0.000000	5.3
436	0.000000	230.152358	0.000000	6.7
437	0.000000	229.895587	0.000000	6.2
438	-0.053125	229.639578	0.001720	5.7
439	-0.710221	229.384329	0.008060	5.8
440	-0.837817	229.129834	0.004843	5.4
441	-0.865114	228.876091	0.010180	6.2
442	-1.156785	228.623096	0.013649	6.4
443	-1.066556	228.370846	0.016179	5.7
444	-0.396690	228.119336	0.004229	5.8
445	0.000000	227.868563	0.000000	6.2
446	-0.023031	227.618525	0.001370	5.5
447	-1.082978	227.369216	0.012381	5.5
448	-0.891530	227.120635	0.010937	5.7
449	-1.102083	226.872777	0.040273	5.6
450	-0.210845	226.625638	0.002814	6.8
451	-0.257872	226.379217	0.004045	5.9
452	-0.419602	226.133509	0.006395	6.0
453	-0.545187	225.888510	0.018837	6.3
454	-1.088721	225.644218	0.067440	5.8
455	0.000000	225.400630	0.000000	6.3
456	-0.965664	225.157741	0.020764	6.3
457	-0.672241	224.915549	0.009798	6.1
458	0.000000	224.674051	0.000000	6.5
459	0.000000	224.433242	0.000000	5.8
460	-0.026735	224.193121	0.001750	5.8
461	0.000000	223.953684	0.000000	6.0
462	-0.671850	223.714927	0.008506	5.8
463	-0.013765	223.476848	0.001010	6.0
464	-0.118714	223.239444	0.003055	5.7
465	-0.721223	223.002710	0.009778	5.9
466	-0.184626	222.766645	0.002279	6.7
467	-0.383085	222.531245	0.004257	5.7
468	-0.716680	222.296508	0.012643	6.3
469	-0.840430	222.062429	0.015012	6.2
470	-0.000000	221.829007	0.000000	5.6
471	-0.219930	221.596238	0.002290	5.9
472	-1.004341	221.364119	0.006841	6.2
473	-0.173096	221.132647	0.003604	6.1
474	-0.254693	220.901820	0.006727	6.2
475	-0.969926	220.671634	0.021433	5.7
476	-0.960538	220.442086	0.016355	6.5
477	-0.214054	220.213174	0.006584	6.3
478	-0.149836	219.984895	0.001378	5.6
479	-0.727961	219.757246	0.007744	6.7
480	-0.280998	219.530224	0.003199	6.0
481	-0.333539	219.303826	0.004980	5.9
482	-0.378802	219.078050	0.008126	6.8
483	-0.000000	218.852893	0.000000	5.4
484	-1.064105	218.628352	0.008122	6.0
485	-1.020715	218.404424	0.021897	6.7
486	-0.064227	218.181106	0.001602	5.8
487	-0.671155	217.958397	0.007695	5.9
488	0.000000	217.736292	0.000000	6.3
489	-0.000098	217.514790	0.000045	6.0
490	0.000000	217.293888	0.000000	6.6
491	0.000000	217.073584	0.000000	6.2
492	-0.016986	216.853873	0.000926	6.9
493	-0.470744	216.634755	0.008181	5.9
494	-0.898029	216.416227	0.007822	5.2
495	-0.614154	216.198285	0.002645	6.4
496	0.000000	215.980927	0.000000	5.5
497	-0.067210	215.764151	0.002976	5.5
498	-0.616956	215.547955	0.007550	6.3
499	-0.705324	215.332335	0.007297	5.7
500	0.000000	215.117289	0.000000	6.1
501	-0.000000	214.902815	0.000000	6.4
502	-1.040908	214.688911	0.012308	5.8
503	-0.935641	214.475573	0.030663	6.2
504	-0.616191	214.262800	0.009458	5.8
505	-0.661174	214.050588	0.008877	5.7
506	-0.314783	213.838936	0.005359	5.8
507	-0.421893	213.627842	0.003554	7.8
508	-0.065910	213.417302	0.000774	6.1
509	0.000000	213.207314	0.000000	6.4
510	-0.055865	212.997877	0.002007	5.6
511	-0.928213	212.788987	0.011614	6.7
512	-0.039600	212.580642	0.000389	5.7
513	0.000000	212.372841	0.000000	5.3
514	-0.614750	212.165581	0.006510	7.1
515	-0.349486	211.958859	0.010082	5.5
516	-0.000494	211.752673	0.000019	5.7
517	-1.079809	211.547021	0.007255	6.8
518	-0.576120	211.341902	0.008268	5.5
519	-1.180165	211.137311	0.013866	5.7
520	-0.976776	210.933248	0.014997	6.0
521	-0.798318	210.729710	0.006712	5.9
522	-0.460336	210.526695	0.002697	5.8
523	-1.037021	210.324200	0.009759	6.9
524	-0.000003	210.122224	0.000002	5.8
525	0.000000	209.920765	0.000000	6.3
526	0.000000	209.719820	0.000000	5.8
527	-0.455879	209.519387	0.006636	5.4
528	-0.816496	209.319463	0.010198	6.3
529	-1.039929	209.120048	0.016154	5.6
530	-0.660279	208.921139	0.018869	5.9
531	-0.789069	208.722733	0.013911	5.6
532	-1.060472	208.524829	0.011021	5.4
533	-0.956972	208.327425	0.013254	6.5
534	0.000000	208.130518	0.000000	5.5
535	-0.996987	207.934107	0.017655	5.5
536	-0.974028	207.738189	0.007325	6.2
537	-1.001203	207.542762	0.015458	5.8
538	-0.914843	207.347825	0.008069	6.0
539	-0.584980	207.153376	0.008701	6.0
540	-0.000611	206.959412	0.000082	5.0
541	-0.503701	206.765932	0.004863	6.0
542	-0.703593	206.572933	0.008027	6.7
543	-1.031626	206.380414	0.007092	6.1
544	-0.502231	206.188373	0.005573	6.2
545	-0.008992	205.996807	0.000639	5.8
546	-0.006408	205.805716	0.000556	5.5
547	-0.733527	205.615096	0.007673	6.4
548	-1.173411	205.424946	0.014376	6.0
549	-0.039727	205.235265	0.000786	6.0
550	-1.017956	205.046050	0.009741	6.0
551	-0.619156	204.857299	0.004369	5.7
552	-0.976381	204.669011	0.007673	5.7
553	-0.390082	204.481184	0.005063	5.6
554	-0.000000	204.293816	0.000000	5.8
555	-0.905366	204.106905	0.011588	6.5
556	-0.610328	203.920449	0.006489	5.7
557	-0.845637	203.734447	0.005141	5.8
558	-1.163733	203.548896	0.014885	6.6
559	-0.784524	203.363795	0.010223	5.5
560	-0.361958	203.179143	0.004559	5.5
561	-0.124100	202.994937	0.004514	7.2
562	-1.026201	202.811176	0.008287	6.3
563	0.000000	202.627857	0.000000	6.0
564	-0.444431	202.444980	0.006433	5.5
565	-0.516135	202.262543	0.004864	6.0
566	0.000000	202.080543	0.000000	6.8
567	-0.957210	201.898979	0.012640	5.6
568	-0.627540	201.717849	0.004663	5.9
569	-0.893375	201.537153	0.014469	6.3
570	-0.568940	201.356887	0.006631	5.7
571	-0.706395	201.177050	0.007485	5.8
572	-0.221774	200.997642	0.002445	5.9
573	-0.122340	200.818659	0.004349	5.9
574	-0.666550	200.640100	0.007823	6.5
575	0.000000	200.461965	0.000000	5.7
576	-0.664657	200.284250	0.012433	5.7
577	-0.781511	200.106955	0.011373	6.3
578	-0.592790	199.930078	0.007211	5.8
579	-0.611432	199.753617	0.005282	6.0
580	-0.738911	199.577571	0.006914	6.6
581	-0.774819	199.401938	0.007390	6.4
582	-0.610101	199.226717	0.007620	6.4
583	-0.562766	199.051905	0.024369	5.7
584	-0.871117	198.877502	0.011828	6.1
585	-0.397441	198.703506	0.005570	6.2
586	-0.556095	198.529916	0.006170	5.8
587	-0.019097	198.356729	0.000712	5.6
588	-1.103237	198.183944	0.009240	6.3
589	0.000000	198.011560	0.000000	6.1
590	0.000000	197.839576	0.000000	6.2
591	-0.639054	197.667989	0.006800	6.2
592	-0.990879	197.496798	0.016213	5.4
593	-0.000002	197.326002	0.000001	6.1
594	-0.944387	197.155600	0.022872	5.5
595	-0.469916	196.985589	0.004703	6.1
596	-1.192536	196.815969	0.011274	6.8
597	0.000000	196.646738	0.000000	5.8
598	0.000000	196.477894	0.000000	5.7
599	-0.610813	196.309436	0.004682	6.5
600	0.000000	196.141363	0.000000	6.0
601	0.000000	195.973673	0.000000	6.0
602	-0.000073	195.806365	0.000038	5.7
603	0.000000	195.639437	0.000000	5.9
604	-0.654892	195.472888	0.014153	6.1
605	-0.001941	195.306717	0.000247	5.9
606	-0.159650	195.140922	0.005846	6.0
607	-0.990186	194.975501	0.036325	5.7
608	0.000000	194.810454	0.000000	5.6
609	-0.993529	194.645779	0.010272	6.1
610	-0.001506	194.481475	0.000207	6.0
611	-0.003047	194.317540	0.000625	5.8
612	-1.138023	194.153973	0.011571	6.6
613	-0.619289	193.990773	0.005157	5.8
614	-0.724862	193.827938	0.009200	5.9
615	-0.001868	193.665467	0.000316	6.1
616	-0.693153	193.503358	0.007232	6.8
617	-1.032148	193.341611	0.011893	6.1
618	0.000000	193.180224	0.000000	6.2
619	-0.000062	193.019196	0.000017	5.7
620	-0.788085	192.858525	0.005424	6.2
621	-1.080300	192.698210	0.015621	6.0
622	-0.000000	192.538251	0.000000	5.8
623	-0.959523	192.378644	0.011816	6.4
624	-0.125641	192.219391	0.002951	5.8
625	-0.973751	192.060488	0.010747	5.8
626	-0.707047	191.901935	0.005449	6.3
627	-0.620525	191.743730	0.005628	6.0
628	-0.508174	191.585873	0.007217	6.9
629	-0.933319	191.428362	0.017590	5.7
630	-0.138920	191.271196	0.006252	5.8
631	-1.138746	191.114374	0.011208	6.4
632	-0.000285	190.957893	0.000035	5.9
633	-0.711725	190.801755	0.006004	5.6
634	-1.213900	190.645956	0.019022	6.4
635	-0.850354	190.490495	0.009631	6.2
636	-0.880211	190.335373	0.006306	6.6
637	0.000000	190.180587	0.000000	6.1
638	-1.171782	190.026136	0.015797	5.6
639	-0.774768	189.872019	0.012065	6.3
640	-0.677056	189.718235	0.004024	5.5
641	-0.838771	189.564782	0.015964	5.6
642	-0.667637	189.411661	0.005560	7.1
643	-1.118996	189.258868	0.030563	5.8
644	-0.677210	189.106404	0.007193	5.0
645	-1.146876	188.954267	0.022208	6.3
646	-0.083951	188.802456	0.003588	5.7
647	-0.575432	188.650969	0.012333	6.5
648	-1.104229	188.499807	0.012179	5.8
649	-0.849839	188.348967	0.008971	5.6
650	-0.459897	188.198448	0.006064	6.8
651	-0.066788	188.048250	0.003005	6.5
652	-1.004676	187.898371	0.016846	6.1
653	-0.000001	187.748810	0.000000	6.2
654	-1.098888	187.599566	0.008648	5.4
655	-0.501322	187.450638	0.010474	5.8
656	-0.753853	187.302025	0.016151	5.9
657	-0.911439	187.153725	0.015242	6.7
658	-0.398674	187.005739	0.002271	6.6
659	-0.024320	186.858064	0.001049	5.6
660	-0.446949	186.710699	0.007721	5.5
661	-0.000777	186.563645	0.000206	6.3
662	0.000000	186.416898	0.000000	5.4
663	-0.413305	186.270459	0.006903	6.0
664	-0.716112	186.124326	0.007276	6.3
665	-0.040847	185.978499	0.002062	5.3
666	-0.929965	185.832976	0.009510	5.3
667	-0.783206	185.687756	0.007820	5.7
668	-0.949304	185.542838	0.010945	5.3
669	-0.000018	185.398222	0.000018	6.1
670	-1.026398	185.253906	0.018588	7.0
671	-0.515612	185.109889	0.004784	6.2
672	-0.336939	184.966170	0.010458	6.1
673	-0.805842	184.822748	0.008827	5.4
674	0.000000	184.679623	0.000000	5.6
675	-0.000001	184.536792	0.000000	6.5
676	-0.909436	184.394256	0.008431	5.8
677	-0.868551	184.252013	0.004173	6.3
678	-0.954693	184.110062	0.014748	5.0
679	0.000000	183.968403	0.000000	5.9
680	0.000000	183.827034	0.000000	6.4
681	-0.802295	183.685954	0.006218	6.0
682	0.000000	183.545163	0.000000	5.6
683	-0.726497	183.404658	0.007572	6.2
684	-0.302954	183.264441	0.002205	5.7
685	0.000000	183.124509	0.000000	5.6
686	-0.641875	182.984861	0.006933	6.2
687	-0.872679	182.845497	0.010033	6.0
688	-0.575075	182.706416	0.009571	6.9
689	-0.357967	182.567616	0.006892	6.8
690	0.000000	182.429098	0.000000	6.0
691	-0.000009	182.290859	0.000003	6.3
692	-0.606898	182.152899	0.007527	5.4
693	-0.839066	182.015217	0.009146	6.1
694	-0.730641	181.877813	0.007904	6.4
695	-0.941108	181.740684	0.008226	5.5
696	-0.920077	181.603832	0.014517	6.2
697	-0.263381	181.467253	0.001874	5.9
698	-0.686289	181.330948	0.007654	6.0
699	-0.473350	181.194916	0.004516	5.8
700	-0.000000	181.059155	0.000000	5.8
701	0.000000	180.923666	0.000000	5.5
702	-0.355660	180.788446	0.007705	7.2
703	-0.053286	180.653496	0.001166	5.5
704	-1.186507	180.518814	0.032381	5.8
705	-0.910907	180.384399	0.007663	7.4
706	-1.000310	180.250251	0.011395	5.7
707	-0.128129	180.116369	0.001933	6.8
708	-0.000000	179.982752	0.000000	6.0
709	-0.911407	179.849398	0.016352	5.9
710	0.000000	179.716308	0.000000	6.6
711	0.000000	179.583480	0.000000	5.5
712	-0.000000	179.450913	0.000000	5.9
713	-1.050038	179.318607	0.010301	6.3
714	-0.267230	179.186561	0.008107	5.6
715	-0.000003	179.054774	0.000001	6.1
716	-1.066322	178.923245	0.015620	6.0
717	-0.657418	178.791973	0.005073	5.8
718	0.000000	178.660958	0.000000	6.2
719	-0.578752	178.530199	0.008108	5.6
720	-0.753596	178.399694	0.010893	5.8
721	-1.071891	178.269444	0.030839	6.7
722	-0.953785	178.139447	0.007119	6.3
723	0.000000	178.009702	0.000000	7.6
724	-1.127137	177.880209	0.009794	5.5
725	-0.549650	177.750967	0.006790	5.6
726	-0.758354	177.621975	0.008819	7.0
727	0.000000	177.493232	0.000000	5.5
728	-0.719586	177.364738	0.018689	5.9
729	-0.820193	177.236492	0.007475	6.8
730	-0.917780	177.108492	0.012151	5.5
731	-0.384909	176.980739	0.005148	6.1
732	-0.493993	176.853231	0.013683	5.7
733	-1.071826	176.725968	0.016585	6.0
734	-0.487268	176.598949	0.006013	6.4
735	-0.524479	176.472173	0.007805	6.0
736	-0.544125	176.345639	0.009666	5.6
737	-1.152005	176.219348	0.007840	7.0
738	-0.608211	176.093296	0.005669	5.7
739	-0.398619	175.967486	0.004606	5.9
740	-0.420372	175.841914	0.007422	6.2
741	-0.936858	175.716581	0.018737	6.2
742	-0.407138	175.591486	0.007001	6.7
743	-0.653259	175.466629	0.007923	5.8
744	-0.000000	175.342008	0.000000	5.5
745	0.000000	175.217622	0.000000	6.7
746	-0.001638	175.093472	0.000180	5.6
747	-0.939343	174.969556	0.008893	6.3
748	-1.200905	174.845873	0.012586	6.0
749	-0.615540	174.722423	0.006234	5.7
750	-0.295950	174.599206	0.003993	6.0
751	0.000000	174.476220	0.000000	5.6
752	-1.160592	174.353464	0.017162	5.9
753	-0.267955	174.230939	0.006359	7.4
754	-0.704583	174.108643	0.007406	5.6
755	-0.191147	173.986576	0.003063	6.0
756	-1.016792	173.864737	0.008387	5.9
757	-0.852603	173.743124	0.008823	5.5
758	-0.813684	173.621739	0.006857	5.9
759	-0.000002	173.500579	0.000000	6.6
760	-0.578605	173.379645	0.005745	5.8
761	-0.719520	173.258935	0.006880	6.5
762	-1.134082	173.138449	0.014390	5.8
763	0.000000	173.018186	0.000000	5.6
764	-0.991788	172.898146	0.027306	6.1
765	-0.731811	172.778327	0.009162	6.0
766	-0.002183	172.658730	0.000714	5.8
767	-0.735934	172.539353	0.006474	5.8
768	-1.011461	172.420196	0.013440	5.9
769	-0.348147	172.301258	0.001787	7.3
770	-0.033363	172.182539	0.002582	5.4
771	-0.322023	172.064037	0.003098	5.8
772	-1.044147	171.945753	0.016201	6.3
773	-0.080806	171.827686	0.001740	5.6
774	-1.154132	171.709834	0.029579	5.4
775	-0.129285	171.592198	0.003321	6.4
776	-0.984740	171.474776	0.006596	5.7
777	-0.919305	171.357568	0.004607	6.0
778	-1.029588	171.240574	0.007335	5.7
779	0.000000	171.123793	0.000000	5.6
780	-0.032603	171.007223	0.002398	5.9
781	-0.807722	170.890865	0.007841	5.2
782	-0.578403	170.774718	0.006995	5.4
783	-0.357993	170.658782	0.006475	5.4
784	-0.000000	170.543055	0.000000	5.3
785	-0.979942	170.427537	0.005290	6.2
786	0.000000	170.312227	0.000000	6.6
787	0.000000	170.197125	0.000000	5.5
788	-0.972300	170.082231	0.014449	5.6
789	0.000000	169.967543	0.000000	7.0
790	-1.230126	169.853061	0.015552	5.9
791	-0.054475	169.738784	0.001510	6.4
792	-0.247891	169.624713	0.004183	5.8
793	0.000000	169.510845	0.000000	5.8
794	-0.809339	169.397181	0.006098	6.3
795	-0.902093	169.283720	0.005288	6.2
796	-0.605560	169.170462	0.008178	5.8
797	-0.643746	169.057405	0.006693	6.6
798	-1.093061	168.944549	0.008998	5.9
799	0.000000	168.831895	0.000000	6.1
800	-0.490291	168.719440	0.007523	6.4
801	-1.028414	168.607185	0.013527	5.8
802	-0.583810	168.495129	0.007328	6.1
803	-1.047923	168.383271	0.006485	5.7
804	-0.755659	168.271611	0.023897	5.6
805	-0.881910	168.160148	0.006435	6.9
806	-0.000000	168.048882	0.000000	5.8
807	-0.000009	167.937812	0.000005	5.9
808	-1.083562	167.826938	0.005025	6.1
809	-0.821811	167.716258	0.009208	5.7
810	-0.000000	167.605773	0.000000	6.1
811	-1.125007	167.495482	0.006364	6.7
812	-1.073017	167.385384	0.006081	6.3
813	0.000000	167.275479	0.000000	6.3
814	-0.324641	167.165766	0.006390	5.6
815	-0.834113	167.056245	0.004713	5.5
816	-0.443805	166.946915	0.008293	6.3
817	-0.000000	166.837776	0.000000	5.9
818	-0.000000	166.728826	0.000000	6.5
819	-0.453367	166.620067	0.012109	5.9
820	-0.123532	166.511496	0.004550	5.6
821	0.000000	166.403113	0.000000	6.3
822	-0.385852	166.294919	0.003904	5.7
823	-0.750824	166.186912	0.005514	5.6
824	-1.069636	166.079091	0.035445	6.9
825	-0.330987	165.971458	0.006168	5.5
826	-0.399139	165.864009	0.007714	6.3
827	-0.761590	165.756747	0.007058	6.6
828	-0.535377	165.649669	0.001958	5.6
829	-0.801368	165.542775	0.003919	5.9
830	-0.922264	165.436065	0.008577	6.7
831	-0.660546	165.329538	0.004557	9.1
832	-0.865801	165.223194	0.011172	6.7
833	-0.147992	165.117032	0.002001	7.7
834	-1.159110	165.011052	0.013610	6.3
835	-0.657918	164.905253	0.006680	6.0
836	-0.987098	164.799635	0.007846	6.7
837	-0.099110	164.694197	0.002660	6.0
838	-0.811969	164.588939	0.008883	5.8
839	-0.176388	164.483859	0.005637	6.7
840	0.000000	164.378959	0.000000	5.6
841	-0.000000	164.274237	0.000000	6.5
842	-0.450066	164.169692	0.012178	6.2
843	-0.664826	164.065325	0.009170	5.5
844	-1.035856	163.961135	0.018840	6.8
845	-0.000005	163.857120	0.000001	6.3
846	-0.727545	163.753282	0.004583	5.4
847	-0.524941	163.649619	0.008295	7.1
848	-0.038233	163.546130	0.003609	5.6
849	-0.160634	163.442816	0.004985	6.6
850	0.000000	163.339676	0.000000	6.5
851	-1.195614	163.236709	0.016602	5.9
852	-0.000000	163.133915	0.000000	6.5
853	0.000000	163.031294	0.000000	5.8
854	0.000000	162.928844	0.000000	5.7
855	-0.014360	162.826566	0.001072	6.4
856	-1.125704	162.724459	0.016121	6.0
857	-0.411833	162.622523	0.007477	6.1
858	-0.642005	162.520757	0.004537	6.0
859	-0.000001	162.419160	0.000001	6.0
860	-1.023305	162.317733	0.014241	6.2
861	-0.001440	162.216474	0.000067	5.9
862	-0.618159	162.115383	0.004171	5.6
863	-0.597535	162.014461	0.006081	7.0
864	-0.000025	161.913705	0.000003	6.5
865	-0.856744	161.813117	0.015184	6.3
866	0.000000	161.712695	0.000000	5.9
867	-0.988738	161.612439	0.004282	6.1
868	-1.041082	161.512349	0.014407	6.3
869	-0.000000	161.412424	0.000000	5.6
870	-0.163144	161.312663	0.003897	5.7
871	0.000000	161.213067	0.000000	6.9
872	-0.000000	161.113635	0.000000	6.0
873	-0.010902	161.014366	0.000558	6.3
874	-0.000000	160.915260	0.000000	6.0
875	-0.375902	160.816316	0.004097	6.1
876	-0.942990	160.717535	0.006626	5.6
877	-0.701442	160.618915	0.010416	6.5
878	-0.002999	160.520456	0.000216	5.5
879	-1.265089	160.422158	0.018629	7.0
880	0.000000	160.324021	0.000000	6.7
881	-0.001586	160.226043	0.000182	6.9
882	0.000000	160.128225	0.000000	6.0
883	-0.533272	160.030566	0.006256	5.6
884	0.000000	159.933066	0.000000	6.7
885	-0.000003	159.835723	0.000001	5.4
886	-0.943907	159.738539	0.009738	5.9
887	-0.109907	159.641512	0.002826	6.4
888	-0.854230	159.544642	0.007478	5.7
889	-0.595717	159.447929	0.004721	6.5
890	-1.125235	159.351372	0.015030	6.2
891	-0.323522	159.254971	0.002176	5.3
892	0.000000	159.158725	0.000000	6.1
893	-0.453821	159.062634	0.005332	5.6
894	-1.066509	158.966697	0.007447	5.8
895	-0.641233	158.870915	0.008248	6.2
896	-0.848551	158.775286	0.012985	5.5
897	-0.849387	158.679811	0.004365	6.2
898	-0.716854	158.584489	0.009296	6.2
899	-0.357519	158.489319	0.004972	6.3
900	-0.000000	158.394302	0.000000	6.1
901	-0.775074	158.299436	0.007809	6.1
902	-0.723599	158.204721	0.006058	5.9
903	-0.000000	158.110158	0.000000	6.5
904	0.000000	158.015745	0.000000	5.6
905	-0.963134	157.921482	0.008130	5.9
906	0.000000	157.827369	0.000000	6.3
907	0.000000	157.733406	0.000000	5.6
908	-0.233430	157.639591	0.004003	5.7
909	-0.903698	157.545925	0.005881	5.4
910	-0.130223	157.452408	0.003269	5.7
911	-0.981791	157.359038	0.012751	5.9
912	-0.568033	157.265816	0.004554	6.3
913	-1.262318	157.172741	0.021469	5.6
914	-0.950180	157.079813	0.032512	6.1
915	-0.583154	156.987031	0.004856	6.3
916	-0.000035	156.894395	0.000024	5.6
917	-1.070737	156.801904	0.007423	6.4
918	-1.118203	156.709559	0.046316	5.6
919	-0.316047	156.617359	0.003476	5.8
920	-0.814988	156.525304	0.008392	6.1
921	-0.867145	156.433392	0.006546	5.4
922	-1.158347	156.341624	0.035953	6.3
923	-1.023570	156.250000	0.009043	5.8
924	-1.104343	156.158519	0.012650	5.5
925	-0.772667	156.067180	0.012793	5.7
926	-1.073920	155.975984	0.010256	5.4
927	-0.910193	155.884930	0.007083	5.9
928	-0.522697	155.794017	0.003935	6.3
929	-0.889830	155.703246	0.009890	6.1
930	-0.648579	155.612615	0.005383	5.4
931	-0.364854	155.522125	0.006462	6.4
932	-0.000000	155.431775	0.000000	6.9
933	-0.949179	155.341565	0.033575	7.1
934	-0.990789	155.251495	0.008929	6.0
935	-0.730588	155.161563	0.010678	5.7
936	0.000000	155.071771	0.000000	6.3
937	-0.030712	154.982117	0.000332	6.3
938	-0.000037	154.892601	0.000013	5.8
939	-0.675241	154.803222	0.006963	6.4
940	0.000000	154.713981	0.000000	6.2
941	-0.287326	154.624878	0.008811	6.0
942	-0.828943	154.535910	0.005697	5.7
943	-0.617865	154.447080	0.006792	6.2
944	-1.048610	154.358385	0.011831	6.7
945	-0.006957	154.269826	0.000246	5.5
946	0.000000	154.181402	0.000000	5.8
947	-0.627652	154.093114	0.005975	6.6
948	-0.902923	154.004960	0.008531	5.2
949	-1.081310	153.916940	0.019986	6.1
950	-0.008116	153.829054	0.000137	6.8
951	-0.995579	153.741303	0.010012	5.9
952	-0.994096	153.653684	0.008063	6.4
953	-0.755020	153.566198	0.008272	5.5
954	-0.051432	153.478846	0.002044	5.6
955	-0.038822	153.391625	0.000332	6.6
956	-0.958196	153.304537	0.007247	6.2
957	-1.107943	153.217580	0.011101	5.6
958	-0.849774	153.130755	0.017245	6.1
959	-0.210015	153.044061	0.002860	5.5
960	-0.004012	152.957498	0.000250	6.6
961	-0.793283	152.871065	0.006649	6.2
962	-1.032189	152.784762	0.007011	5.5
963	-0.815778	152.698589	0.007701	6.4
964	-1.114255	152.612545	0.015470	5.8
965	-0.049517	152.526631	0.001608	5.6
966	-0.732166	152.440845	0.018738	6.3
967	-0.632321	152.355188	0.011800	5.9
968	-0.430724	152.269660	0.006661	6.3
969	-1.056925	152.184259	0.037821	6.0
970	-0.429758	152.098986	0.007900	5.7
971	-0.805645	152.013840	0.008923	6.6
972	-0.000000	151.928821	0.000000	6.9
973	-0.795309	151.843928	0.003905	6.1
974	-1.136845	151.759163	0.017419	5.6
975	-0.597410	151.674523	0.004646	6.0
976	-0.970594	151.590009	0.014889	5.8
977	-1.019004	151.505620	0.009857	6.1
978	-0.688224	151.421357	0.008584	5.7
979	0.000000	151.337218	0.000000	6.9
980	-0.700682	151.253204	0.027499	5.6
981	-0.771960	151.169314	0.005113	5.5
982	-0.467760	151.085549	0.005757	7.2
983	-1.124730	151.001907	0.020330	5.7
984	-1.010363	150.918388	0.011191	6.4
985	-0.426123	150.834992	0.007020	6.1
986	-0.000472	150.751719	0.000249	5.4
987	-0.614190	150.668569	0.005905	6.8
988	-1.019768	150.585541	0.053513	5.6
989	-0.826486	150.502634	0.012640	5.8
990	-0.680355	150.419849	0.007521	6.4
991	-0.756573	150.337186	0.004733	6.4
992	-0.113654	150.254644	0.002511	6.0
993	-0.514203	150.172222	0.004409	6.3
994	-1.004902	150.089921	0.007776	5.5
995	-0.008446	150.007740	0.000191	7.4
996	-1.074679	149.925679	0.015669	7.1
997	0.000000	149.843737	0.000000	6.4
998	-0.980201	149.761915	0.024667	6.1
999	-0.748350	149.680212	0.004583	5.5
1000	-1.017268	149.598627	0.006108	6.6
1001	-0.001875	149.517161	0.000065	5.5
1002	-0.504036	149.435814	0.006643	5.5
1003	-0.850030	149.354584	0.005662	6.4
1004	-0.850404	149.273472	0.020204	5.8
1005	-0.897697	149.192477	0.008599	6.2
1006	-1.165742	149.111599	0.006698	6.7
1007	0.000000	149.030838	0.000000	5.8
1008	-0.719235	148.950194	0.003820	7.1
1009	-0.000000	148.869666	0.000000	5.5
1010	-0.828930	148.789253	0.007924	5.7
1011	-0.864507	148.708957	0.017174	7.3
1012	-0.559146	148.628776	0.005561	5.8
1013	-0.300873	148.548710	0.009278	6.2
1014	0.000000	148.468759	0.000000	5.8
1015	0.000000	148.388923	0.000000	5.7
1016	-1.057827	148.309201	0.005978	6.7
1017	-0.775436	148.229594	0.008978	5.9
1018	-0.770898	148.150100	0.009430	5.7
1019	-0.456530	148.070719	0.011246	6.5
1020	-0.797611	147.991452	0.011167	5.6
1021	-1.186122	147.912298	0.026964	5.8
1022	0.000000	147.833257	0.000000	6.7
1023	-0.894243	147.754329	0.009627	5.5
1024	-1.040838	147.675512	0.007474	6.2
1025	-0.942147	147.596808	0.009994	5.8
1026	-0.101326	147.518216	0.003256	5.6
1027	-0.484485	147.439735	0.010012	7.0
1028	0.000000	147.361365	0.000000	5.5
1029	-0.674550	147.283106	0.010932	5.9
1030	-0.807473	147.204958	0.008469	6.3
1031	-0.425359	147.126920	0.005396	5.4
1032	-0.255549	147.048993	0.002266	6.3
1033	-0.990259	146.971175	0.006351	5.8
1034	-0.568701	146.893468	0.016399	5.4
1035	-0.899864	146.815869	0.008877	6.9
1036	-1.302087	146.738380	0.034250	6.0
1037	-0.950853	146.661000	0.017113	5.9
1038	-0.937844	146.583729	0.007131	6.5
1039	-0.843055	146.506566	0.004516	6.4
1040	0.000000	146.429511	0.000000	5.8
1041	-0.225500	146.352565	0.005187	6.2
1042	-0.434926	146.275726	0.005178	5.7
1043	-0.000000	146.198994	0.000000	5.8
1044	0.000000	146.122370	0.000000	5.5
1045	-0.905170	146.045853	0.008410	5.8
1046	-0.019678	145.969442	0.001508	6.1
1047	-0.000053	145.893139	0.000016	5.8
1048	-0.000889	145.816941	0.000199	5.6
1049	-0.605555	145.740849	0.005410	6.4
1050	-0.324704	145.664863	0.006757	5.6
1051	-0.859336	145.588983	0.007773	5.6
1052	-0.887288	145.513208	0.031075	6.1
1053	-0.766804	145.437538	0.011989	5.4
1054	-0.636032	145.361973	0.007127	6.3
1055	-0.000000	145.286513	0.000000	6.0
1056	0.000000	145.211157	0.000000	5.8
1057	0.000000	145.135905	0.000000	6.6
1058	-0.786695	145.060757	0.026332	6.8
1059	0.000000	144.985712	0.000000	6.0
1060	-0.780999	144.910771	0.005415	6.5
1061	-0.657306	144.835934	0.005974	6.0
1062	-0.405100	144.761199	0.008882	6.4
1063	-0.000000	144.686567	0.000000	5.5
1064	0.000000	144.612037	0.000000	5.4
1065	0.000000	144.537610	0.000000	6.3
1066	-0.585514	144.463285	0.006090	6.0
1067	-0.906651	144.389062	0.007568	5.6
1068	-0.684960	144.314940	0.003720	6.7
1069	-0.260847	144.240920	0.006994	5.7
1070	-0.825995	144.167001	0.017821	5.8
1071	-0.853611	144.093182	0.008718	5.8
1072	-0.697880	144.019465	0.007006	6.2
1073	-0.821815	143.945848	0.022644	6.0
1074	-1.045369	143.872331	0.008142	6.2
1075	-0.694641	143.798914	0.017911	5.9
1076	-0.301709	143.725597	0.003567	6.6
1077	-1.116253	143.652380	0.034928	5.6
1078	-1.082526	143.579262	0.015613	6.7
1079	-1.061488	143.506243	0.019562	6.3
1080	-1.177825	143.433323	0.032399	5.2
1081	-0.850993	143.360502	0.007572	6.8
1082	-0.951666	143.287780	0.008523	5.7
1083	-0.513790	143.215155	0.006187	5.8
1084	-0.299387	143.142629	0.006972	6.8
1085	-0.820166	143.070201	0.030865	5.7
1086	0.000000	142.997870	0.000000	5.4
1087	-0.618280	142.925637	0.005484	6.3
1088	-0.984836	142.853501	0.008156	5.7
1089	-0.582214	142.781462	0.003925	6.3
1090	-0.211505	142.709519	0.003497	5.6
1091	-0.566227	142.637674	0.006403	5.8
1092	-0.760739	142.565924	0.008195	7.0
1093	-0.890394	142.494271	0.008180	6.6
1094	-0.711348	142.422714	0.007242	5.9
1095	-0.426076	142.351252	0.002982	6.3
1096	-0.900292	142.279886	0.008633	5.7
1097	-0.628548	142.208616	0.005971	6.6
1098	0.000000	142.137440	0.000000	5.9
1099	-0.069446	142.066360	0.002017	5.8
1100	-0.868116	141.995374	0.007082	6.5
1101	0.000000	141.924483	0.000000	5.8
1102	-0.962572	141.853685	0.010754	5.6
1103	-1.046495	141.782983	0.010296	6.7
1104	-0.208890	141.712373	0.004306	5.2
1105	-0.279927	141.641858	0.002929	6.3
1106	-0.993584	141.571436	0.013100	5.7
1107	-0.566420	141.501108	0.004236	5.6
1108	-0.973677	141.430872	0.014043	6.7
1109	-0.305694	141.360730	0.003138	6.4
1110	0.000000	141.290680	0.000000	6.0
1111	-0.599450	141.220722	0.007050	6.5
1112	-0.808325	141.150857	0.009166	5.7
1113	-0.462077	141.081084	0.006572	6.0
1114	-0.283331	141.011403	0.004377	6.0
1115	0.000000	140.941813	0.000000	5.9
1116	-0.155182	140.872315	0.004046	6.0
1117	0.000000	140.802909	0.000000	5.7
1118	-0.033764	140.733593	0.000587	5.9
1119	0.000000	140.664369	0.000000	6.1
1120	0.000000	140.595235	0.000000	5.5
1121	0.000000	140.526192	0.000000	5.9
1122	-1.296160	140.457239	0.025603	6.3
1123	-0.654192	140.388376	0.008209	5.6
1124	0.000000	140.319603	0.000000	5.9
1125	-0.666356	140.250920	0.005319	6.9
1126	-1.095451	140.182326	0.022265	5.9
1127	-0.153500	140.113822	0.002395	6.6
1128	-0.100804	140.045407	0.003063	5.5
1129	-0.205361	139.977081	0.003072	5.4
1130	0.000000	139.908844	0.000000	6.5
1131	-0.032909	139.840696	0.001601	5.5
1132	-0.131163	139.772635	0.002812	5.7
1133	-0.088306	139.704664	0.001114	6.5
1134	-1.039862	139.636780	0.019880	5.5
1135	-0.207598	139.568984	0.006569	5.8
1136	0.000000	139.501276	0.000000	5.9
1137	0.000000	139.433655	0.000000	5.9
1138	-0.051670	139.366122	0.002322	6.0
1139	0.000000	139.298676	0.000000	5.7
1140	-0.678170	139.231317	0.007602	5.8
1141	-0.253385	139.164045	0.002252	6.4
1142	-0.521310	139.096859	0.007373	5.8
1143	-0.573681	139.029760	0.005504	6.2
1144	-1.182350	138.962747	0.026849	6.7
1145	-0.816031	138.895820	0.008759	5.8
1146	0.000000	138.828978	0.000000	6.3
1147	-1.136012	138.762223	0.018759	6.3
1148	-1.089123	138.695553	0.009723	5.6
1149	-0.847427	138.628969	0.005378	6.6
1150	-0.000269	138.562469	0.000042	6.0
1151	0.000000	138.496055	0.000000	5.6
1152	-0.005396	138.429725	0.000495	6.4
1153	-1.035870	138.363481	0.010237	5.7
1154	-0.066390	138.297320	0.001979	5.9
1155	-0.372398	138.231244	0.003952	6.7
1156	-0.846323	138.165252	0.016525	5.9
1157	-0.000030	138.099344	0.000021	6.2
1158	-0.375776	138.033520	0.006869	5.6
1159	-0.523976	137.967779	0.004785	5.4
1160	0.000000	137.902122	0.000000	6.5
1161	-0.690469	137.836548	0.007396	5.3
1162	-0.234085	137.771057	0.004192	5.8
1163	-0.646306	137.705649	0.006378	6.3
1164	-1.002633	137.640324	0.032421	5.4
1165	-1.100025	137.575081	0.011675	5.8
1166	-0.919218	137.509921	0.012145	6.4
1167	-0.495613	137.444842	0.006818	6.2
1168	-0.837592	137.379846	0.009698	5.9
1169	-0.033678	137.314932	0.002835	5.9
1170	0.000000	137.250100	0.000000	5.8
1171	-1.204256	137.185349	0.011625	6.5
1172	-1.021168	137.120680	0.008252	5.5
1173	-0.000000	137.056092	0.000000	6.1
1174	-0.917834	136.991585	0.009339	6.8
1175	-0.872601	136.927158	0.007886	5.6
1176	-1.039072	136.862813	0.007726	5.7
1177	-0.628275	136.798548	0.006390	5.9
1178	-0.929893	136.734363	0.007229	5.7
1179	-0.780521	136.670259	0.007503	6.4
1180	-0.589607	136.606235	0.006899	5.6
1181	0.000000	136.542291	0.000000	5.6
1182	-1.086557	136.478426	0.029393	6.7
1183	-0.206860	136.414641	0.005061	6.2
1184	-0.573252	136.350936	0.013774	6.2
1185	-0.088653	136.287310	0.002923	6.2
1186	-0.004189	136.223763	0.000202	5.6
1187	-0.284611	136.160295	0.009278	6.0
1188	-0.874701	136.096905	0.008197	6.1
1189	-0.036555	136.033594	0.001857	5.6
1190	-0.297720	135.970362	0.003779	6.2
1191	-0.509344	135.907208	0.005170	5.5
1192	-0.340219	135.844133	0.008691	6.0
1193	-0.874618	135.781135	0.007177	6.1
1194	-0.000000	135.718215	0.000000	5.6
1195	-0.324745	135.655373	0.005379	5.8
1196	-0.791135	135.592608	0.005865	6.1
1197	0.000000	135.529921	0.000000	5.6
1198	-0.020452	135.467311	0.001556	6.6
1199	-0.914776	135.404778	0.004075	5.9
1200	-0.833988	135.342322	0.006170	6.3
1201	-0.693599	135.279942	0.013678	6.3
1202	-0.018704	135.217640	0.001163	6.4
1203	-0.116192	135.155413	0.003469	6.1
1204	-0.760184	135.093263	0.009217	6.1
1205	-0.261238	135.031190	0.008538	5.6
1206	-0.397764	134.969192	0.005677	6.7
1207	-0.665019	134.907270	0.014096	5.9
1208	-0.245803	134.845424	0.004613	5.6
1209	-0.767818	134.783653	0.005554	6.8
1210	0.000000	134.721958	0.000000	6.8
1211	0.000000	134.660338	0.000000	6.4
1212	-0.665008	134.598793	0.005644	5.8
1213	-0.561309	134.537323	0.005887	5.4
1214	-0.869096	134.475927	0.007762	6.4
1215	-0.275260	134.414607	0.006058	38.5
1216	0.000000	134.353361	0.000000	6.2
1217	-0.954505	134.292189	0.009771	14.2
1218	-0.829410	134.231092	0.013248	6.7
1219	-0.711141	134.170068	0.006080	5.4
1220	0.000000	134.109119	0.000000	5.5
1221	-0.651734	134.048243	0.009075	6.7
1222	0.000000	133.987441	0.000000	5.6
1223	-0.657279	133.926713	0.006038	5.8
1224	-0.759060	133.866057	0.009780	6.5
1225	-0.693058	133.805475	0.017288	5.7
1226	-1.330541	133.744966	0.022416	6.8
1227	-0.012581	133.684530	0.000514	5.3
1228	-0.755430	133.624167	0.006204	5.5
1229	-0.576335	133.563877	0.004591	6.2
1230	-0.000000	133.503658	0.000000	6.3
1231	-0.929934	133.443513	0.006443	5.7
1232	-0.573776	133.383439	0.003770	6.3
1233	-0.741468	133.323437	0.006725	5.7
1234	-0.414061	133.263508	0.011436	5.6
1235	-0.974330	133.203650	0.010670	6.4
1236	-0.839427	133.143864	0.005305	5.4
1237	-0.880250	133.084149	0.014659	6.2
1238	-0.618028	133.024506	0.004153	6.0
1239	-0.866958	132.964934	0.004613	5.8
1240	-0.695191	132.905433	0.006473	6.3
1241	-1.296978	132.846003	0.020810	5.6
1242	-0.212516	132.786643	0.004397	5.8
1243	-0.955042	132.727355	0.024579	6.2
1244	-0.000000	132.668137	0.000000	5.6
1245	-0.761145	132.608989	0.005881	5.7
1246	0.000000	132.549912	0.000000	7.0
1247	-0.887889	132.490904	0.014068	6.0
1248	-0.000000	132.431967	0.000000	6.9
1249	-0.486162	132.373100	0.005510	5.7
1250	0.000000	132.314302	0.000000	5.8
1251	-0.859345	132.255574	0.004807	6.7
1252	-0.014473	132.196916	0.000528	5.6
1253	-1.111618	132.138326	0.011458	5.6
1254	-0.396917	132.079806	0.002846	6.4
1255	0.000000	132.021355	0.000000	5.6
1256	-0.000000	131.962973	0.000000	6.5
1257	-0.069712	131.904660	0.002926	6.0
1258	-0.924736	131.846415	0.007766	5.2
1259	-0.280791	131.788239	0.002965	5.9
1260	-0.713835	131.730131	0.009031	5.7
1261	-0.780767	131.672092	0.006708	5.6
1262	-0.101221	131.614121	0.002050	6.1
1263	-0.244557	131.556217	0.004814	6.6
1264	-0.712860	131.498382	0.005733	6.0
1265	-0.234193	131.440614	0.005287	6.7
1266	-1.131702	131.382914	0.010744	5.7
1267	-0.856554	131.325282	0.010054	6.4
1268	0.000000	131.267717	0.000000	5.5
1269	-0.239802	131.210219	0.003651	5.7
1270	-0.610850	131.152788	0.007431	6.6
1271	-0.525016	131.095424	0.004131	5.5
1272	-0.486053	131.038127	0.005566	5.7
1273	-0.049316	130.980897	0.000921	6.9
1274	-0.690735	130.923733	0.009094	5.7
1275	-0.698016	130.866636	0.007904	6.0
1276	-0.365020	130.809605	0.004634	5.8
1277	-0.767440	130.752641	0.006949	5.5
1278	-0.167153	130.695742	0.002871	6.0
1279	-0.440080	130.638910	0.002123	6.0
1280	-1.096874	130.582143	0.007955	6.3
1281	0.000000	130.525442	0.000000	6.4
1282	-0.476405	130.468807	0.003107	6.3
1283	0.000000	130.412237	0.000000	5.6
1284	-1.015366	130.355733	0.014358	6.5
1285	-0.044814	130.299294	0.003076	5.7
1286	0.000000	130.242920	0.000000	7.0
1287	-0.000000	130.186611	0.000000	5.8
1288	-1.000580	130.130366	0.006292	5.9
1289	-1.062588	130.074187	0.009228	6.8
1290	-1.068039	130.018072	0.010342	5.5
1291	-0.918653	129.962022	0.007997	5.7
1292	0.000000	129.906036	0.000000	5.4
1293	-0.631152	129.850114	0.005697	6.1
1294	0.000000	129.794257	0.000000	5.9
1295	-0.993254	129.738463	0.011639	6.4
1296	0.000000	129.682734	0.000000	5.7
1297	-1.182517	129.627068	0.017950	6.6
1298	-0.334318	129.571466	0.002312	6.6
1299	-0.285005	129.515927	0.005595	5.8
1300	-0.000029	129.460452	0.000002	6.7
1301	-0.000000	129.405040	0.000000	5.7
1302	-0.750753	129.349692	0.011963	5.9
1303	-0.879851	129.294406	0.006436	5.8
1304	-0.157421	129.239183	0.004953	5.7
1305	-0.929479	129.184024	0.010692	6.7
1306	-0.629828	129.128927	0.008351	5.7
1307	-0.861271	129.073892	0.009575	6.0
1308	0.000000	129.018921	0.000000	5.9
1309	0.000000	128.964011	0.000000	5.7
1310	-0.002173	128.909164	0.000383	5.6
1311	-0.008504	128.854379	0.001168	7.8
1312	-0.342502	128.799656	0.003197	6.2
1313	-0.107961	128.744995	0.004072	7.1
1314	-0.886425	128.690396	0.011801	6.4
1315	-1.010260	128.635858	0.004269	6.2
1316	-0.921883	128.581382	0.006267	6.5
1317	-0.966527	128.526968	0.009631	5.7
1318	-0.000000	128.472615	0.000000	6.6
1319	-1.106732	128.418323	0.009093	5.1
1320	-1.046184	128.364092	0.007159	6.0
1321	-0.902519	128.309922	0.010327	6.7
1322	-0.710156	128.255814	0.005763	5.9
1323	-0.940348	128.201766	0.010335	6.0
1324	-1.064125	128.147778	0.022261	6.0
1325	-0.005144	128.093852	0.000393	6.0
1326	-0.602484	128.039985	0.004789	6.3
1327	-0.707837	127.986180	0.013343	5.6
1328	-1.079285	127.932434	0.008196	5.8
1329	-0.105584	127.878749	0.004638	7.4
1330	-0.000001	127.825123	0.000000	6.0
1331	0.000000	127.771558	0.000000	5.7
1332	0.000000	127.718052	0.000000	6.5
1333	-1.161555	127.664606	0.007784	6.1
1334	-0.141907	127.611220	0.003284	6.3
1335	-0.725404	127.557893	0.009985	6.2
1336	-0.000658	127.504625	0.000054	5.9
1337	-0.716720	127.451417	0.006835	6.5
1338	0.000000	127.398268	0.000000	5.8
1339	-0.921783	127.345178	0.008542	6.2
1340	-0.022189	127.292147	0.000935	5.8
1341	-0.570989	127.239175	0.006611	5.6
1342	-0.204304	127.186261	0.006726	6.1
1343	-1.022553	127.133407	0.005841	6.0
1344	-0.841012	127.080610	0.004412	5.6
1345	-1.069088	127.027872	0.007535	6.8
1346	-1.055520	126.975193	0.015438	5.7
1347	-0.623802	126.922572	0.007252	6.2
1348	-0.609682	126.870008	0.004889	6.5
1349	-0.012094	126.817503	0.000985	5.8
1350	-0.707621	126.765056	0.004433	6.3
1351	-0.534827	126.712667	0.007786	6.5
1352	-0.653033	126.660335	0.008416	6.0
1353	0.000000	126.608061	0.000000	6.3
1354	-0.014920	126.555844	0.000490	5.7
1355	-0.776883	126.503685	0.010168	5.5
1356	0.000000	126.451583	0.000000	6.3
1357	-0.691639	126.399538	0.005569	5.8
1358	-0.604438	126.347550	0.010015	5.8
1359	-0.230970	126.295619	0.005068	5.9
1360	-0.502691	126.243745	0.004788	5.6
1361	-0.031819	126.191928	0.000646	5.9
1362	-0.434642	126.140168	0.005761	6.1
1363	-0.674649	126.088464	0.005782	5.8
1364	0.000000	126.036817	0.000000	6.5
1365	0.000000	125.985226	0.000000	5.8
1366	-0.748005	125.933691	0.005606	5.9
1367	-0.136324	125.882212	0.001780	7.1
1368	-0.728216	125.830790	0.006184	6.1
1369	-0.776518	125.779423	0.009656	6.3
1370	-0.098490	125.728113	0.001372	6.3
1371	-0.307989	125.676858	0.006934	5.5
1372	-0.629405	125.625659	0.010710	6.1
1373	-0.994925	125.574515	0.006302	5.7
1374	-0.379970	125.523427	0.005357	5.4
1375	-0.610369	125.472394	0.006799	6.0
1376	-0.002029	125.421417	0.000496	5.5
1377	-0.005642	125.370495	0.000458	5.5
1378	-0.968449	125.319628	0.006484	6.0
1379	-1.156457	125.268815	0.021171	5.6
1380	-1.092426	125.218058	0.006569	6.4
1381	-0.585934	125.167356	0.005568	6.1
1382	-0.607376	125.116708	0.005339	5.5
1383	-0.545218	125.066115	0.005300	6.3
1384	-0.145020	125.015576	0.004584	5.7
1385	0.000000	124.965092	0.000000	6.2
1386	-1.006774	124.914662	0.006632	6.7
1387	-0.161370	124.864287	0.003568	6.2
1388	-0.733962	124.813965	0.009135	5.7
1389	-1.010813	124.763698	0.013875	6.2
1390	-0.779112	124.713485	0.009519	5.9
1391	-0.903581	124.663325	0.006461	6.2
1392	-0.677613	124.613219	0.005564	6.2
1393	-0.000000	124.563167	0.000000	5.7
1394	0.000000	124.513168	0.000000	6.1
1395	-1.093505	124.463223	0.006239	5.8
1396	-0.000000	124.413332	0.000000	5.3
1397	-0.741752	124.363493	0.006764	6.3
1398	-0.910201	124.313708	0.006716	5.5
1399	-0.817473	124.263976	0.005263	5.2
1400	-0.830325	124.214297	0.006725	6.4
1401	-0.378814	124.164671	0.004776	5.2
1402	0.000000	124.115097	0.000000	5.9
1403	-0.591744	124.065577	0.007976	6.6
1404	-0.848089	124.016109	0.004313	5.9
1405	-0.836650	123.966693	0.012355	5.7
1406	-0.988742	123.917330	0.008103	5.1
1407	-0.043751	123.868020	0.000699	5.9
1408	-0.000000	123.818762	0.000000	6.3
1409	-0.705563	123.769556	0.005323	6.2
1410	-0.824057	123.720402	0.004609	6.0
1411	-0.790181	123.671300	0.006099	6.3
1412	-0.692823	123.622250	0.005838	5.8
1413	-0.016029	123.573252	0.001517	6.2
1414	-0.759105	123.524305	0.006061	5.6
1415	-1.154186	123.475411	0.010463	5.9
1416	-0.948830	123.426568	0.016802	6.9
1417	0.000000	123.377776	0.000000	5.8
1418	-0.081712	123.329036	0.002290	6.0
1419	-0.102489	123.280347	0.002030	6.7
1420	-0.116780	123.231709	0.003503	5.6
1421	-0.511693	123.183122	0.003885	5.8
1422	-0.000000	123.134587	0.000000	6.5
1423	-0.733002	123.086102	0.007256	6.4
1424	-1.043385	123.037669	0.012382	6.7
1425	-0.976077	122.989286	0.012353	5.5
1426	0.000000	122.940954	0.000000	5.6
1427	-0.811643	122.892672	0.004722	6.5
1428	-0.538418	122.844441	0.007310	5.9
1429	-0.667502	122.796261	0.004983	5.7
1430	0.000000	122.748130	0.000000	6.5
1431	-0.368127	122.700050	0.002026	5.8
1432	-1.046411	122.652021	0.013762	6.3
1433	-0.587727	122.604041	0.005067	5.9
1434	-0.670543	122.556111	0.006363	5.6
1435	0.000000	122.508232	0.000000	6.7
1436	-0.376852	122.460402	0.007026	5.7
1437	-0.462466	122.412622	0.005545	5.8
1438	-0.899255	122.364891	0.010994	6.3
1439	-1.127516	122.317210	0.014978	5.5
1440	-0.000640	122.269579	0.000087	6.3
1441	-0.594435	122.221997	0.003108	6.3
1442	0.000000	122.174465	0.000000	5.9
1443	0.000000	122.126981	0.000000	7.0
1444	-0.830900	122.079547	0.009393	6.0
1445	-0.083640	122.032162	0.002798	5.8
1446	-0.603581	121.984826	0.003799	6.2
1447	-0.866723	121.937539	0.005879	5.4
1448	-0.811617	121.890301	0.010715	6.6
1449	-0.007046	121.843112	0.000795	5.9
1450	-1.035901	121.795971	0.015883	5.6
1451	-0.699259	121.748879	0.003728	6.7
1452	-0.623049	121.701835	0.006443	5.5
1453	-0.884880	121.654840	0.006588	5.9
1454	-0.009944	121.607893	0.000902	5.9
1455	-0.899684	121.560994	0.007098	5.7
1456	-0.912986	121.514144	0.009151	6.3
1457	-0.996123	121.467342	0.006006	6.2
1458	0.000000	121.420588	0.000000	5.9
1459	-0.565337	121.373882	0.006042	7.4
1460	-0.667178	121.327223	0.004183	5.7
1461	-1.059624	121.280613	0.006856	6.1
1462	-0.000004	121.234050	0.000003	6.3
1463	-0.000043	121.187535	0.000015	5.7
1464	-1.178389	121.141067	0.012090	6.3
1465	-0.772085	121.094647	0.007117	6.1
1466	-1.122391	121.048274	0.022770	5.8
1467	-0.597645	121.001949	0.007386	6.9
1468	-0.339841	120.955671	0.004817	5.7
1469	-0.915210	120.909440	0.010249	5.7
1470	-0.000000	120.863256	0.000000	6.3
1471	-0.000028	120.817119	0.000006	5.8
1472	0.000000	120.771029	0.000000	5.7
1473	-0.080403	120.724986	0.002654	7.1
1474	0.000000	120.678990	0.000000	5.7
1475	-1.090573	120.633040	0.011131	6.5
1476	-0.881068	120.587137	0.007468	6.7
1477	-0.480603	120.541281	0.004962	6.9
1478	-0.187775	120.495471	0.004302	6.1
1479	-0.000271	120.449707	0.000135	6.0
1480	-0.861459	120.403990	0.007381	7.6
1481	-0.324815	120.358319	0.004446	5.4
1482	-0.614421	120.312694	0.007375	5.6
1483	0.000000	120.267115	0.000000	6.6
1484	-0.099291	120.221582	0.001825	5.7
1485	-1.084852	120.176096	0.022488	6.5
1486	-0.604163	120.130655	0.006806	5.7
1487	-0.102243	120.085260	0.003595	5.4
1488	-0.189677	120.039910	0.004693	5.5
1489	-1.015368	119.994606	0.012614	5.9
1490	-0.082006	119.949348	0.001977	5.3
1491	-0.482947	119.904135	0.005687	6.6
1492	-0.334492	119.858968	0.003125	6.4
1493	-1.178312	119.813846	0.009164	6.2
1494	-0.609846	119.768769	0.002863	6.2
1495	-0.423340	119.723738	0.003274	5.5
1496	-1.003444	119.678752	0.005494	5.7
1497	-1.118385	119.633810	0.007769	6.2
1498	-1.072217	119.588914	0.012424	5.8
1499	-0.456632	119.544062	0.004764	6.2
1500	-1.063379	119.499256	0.007031	6.0
1501	-1.165368	119.454494	0.014546	5.5
1502	-0.000000	119.409777	0.000000	5.6
1503	-0.928833	119.365104	0.007243	5.5
1504	-0.927896	119.320476	0.013944	5.8
1505	-0.746771	119.275893	0.004594	6.2
1506	-0.639998	119.231353	0.007742	5.7
1507	-1.138143	119.186859	0.017275	5.6
1508	-0.913548	119.142408	0.008442	6.3
1509	-0.000000	119.098002	0.000000	6.5
1510	-0.965792	119.053639	0.010574	6.1
1511	-0.554239	119.009321	0.007817	6.3
1512	-0.498612	118.965047	0.005213	5.7
1513	-0.035134	118.920816	0.001468	5.2
1514	0.000000	118.876630	0.000000	6.1
1515	-0.758078	118.832487	0.009380	5.7
1516	-0.753586	118.788388	0.006744	6.3
1517	-1.030084	118.744332	0.015773	6.1
1518	0.000000	118.700320	0.000000	6.1
1519	-0.000000	118.656352	0.000000	5.9
1520	-1.127023	118.612427	0.006748	5.6
1521	-0.473174	118.568545	0.008265	6.3
1522	-1.047057	118.524706	0.005807	6.0
1523	-0.788656	118.480911	0.005112	5.7
1524	-0.005168	118.437159	0.000039	6.4
1525	-1.120586	118.393450	0.007517	5.9
1526	-0.799492	118.349784	0.004779	5.7
1527	-1.100827	118.306160	0.013759	6.3
1528	-0.365999	118.262580	0.007650	5.2
1529	-0.588192	118.219042	0.007311	6.0
1530	-0.838721	118.175548	0.007789	6.5
1531	-0.675724	118.132095	0.005199	6.6
1532	-0.203041	118.088686	0.004009	6.2
1533	-0.348070	118.045319	0.005731	5.9
1534	-0.213811	118.001994	0.002275	5.6
1535	0.000000	117.958712	0.000000	5.9
1536	-0.991315	117.915472	0.008212	5.4
1537	-0.357901	117.872274	0.003746	5.5
1538	-0.894735	117.829118	0.005380	6.6
1539	0.000000	117.786005	0.000000	5.7
1540	-0.043804	117.742933	0.003695	6.0
1541	-1.123528	117.699904	0.007842	6.3
1542	0.000000	117.656916	0.000000	6.0
1543	-1.056393	117.613971	0.011460	6.0
1544	0.000000	117.571067	0.000000	6.3
1545	-0.915867	117.528205	0.006771	5.6
1546	-0.859310	117.485384	0.007262	6.8
1547	-0.028659	117.442605	0.001678	6.5
1548	-1.030425	117.399867	0.011603	6.2
1549	-0.000003	117.357171	0.000002	6.0
1550	-0.103193	117.314517	0.004724	5.6
1551	-0.342611	117.271903	0.008145	5.8
1552	0.000000	117.229331	0.000000	6.1
1553	-0.941874	117.186800	0.008076	6.4
1554	-0.575664	117.144311	0.006231	6.5
1555	-1.104418	117.101862	0.010493	5.9
1556	-1.080661	117.059454	0.009055	5.1
1557	-0.821207	117.017087	0.006271	6.3
1558	-0.410768	116.974762	0.003681	5.7
1559	-0.560763	116.932476	0.007555	6.0
1560	-0.384751	116.890232	0.004091	6.5
1561	-0.244061	116.848028	0.004975	5.6
1562	-0.887591	116.805865	0.005193	6.6
1563	0.000000	116.763743	0.000000	6.8
1564	-1.181584	116.721661	0.010317	6.4
1565	-0.269004	116.679619	0.003142	6.7
1566	-0.502139	116.637618	0.005890	5.7
1567	-0.872460	116.595657	0.006779	6.2
1568	-1.157184	116.553736	0.006582	5.7
1569	0.000000	116.511855	0.000000	5.5
1570	-0.914961	116.470015	0.011056	6.1
1571	-0.778836	116.428214	0.005183	6.3
1572	-1.070670	116.386454	0.015380	5.8
1573	-1.045867	116.344733	0.009197	6.1
1574	-1.038080	116.303052	0.008538	5.5
1575	-0.098075	116.261412	0.003830	6.0
1576	-0.913537	116.219810	0.003810	6.0
1577	-0.882544	116.178249	0.007327	5.8
1578	-0.074461	116.136727	0.000554	6.2
1579	-0.624895	116.095245	0.011818	6.2
1580	-0.353631	116.053802	0.007568	6.2
1581	-1.029220	116.012398	0.005153	6.3
1582	-1.274822	115.971034	0.011267	6.6
1583	-0.956304	115.929710	0.005560	6.1
1584	-1.094270	115.888424	0.005403	6.1
1585	-0.955137	115.847178	0.008568	6.2
1586	0.000000	115.805970	0.000000	6.0
1587	0.000000	115.764802	0.000000	6.0
1588	-1.106316	115.723673	0.009162	5.6
1589	-0.026210	115.682583	0.001444	6.9
1590	-1.175615	115.641532	0.022868	5.7
1591	0.000000	115.600519	0.000000	5.6
1592	-0.744781	115.559546	0.007033	6.3
1593	-0.962389	115.518610	0.008831	6.0
1594	-1.147077	115.477714	0.008331	6.6
1595	-1.132779	115.436856	0.011483	6.1
1596	-0.994675	115.396037	0.008052	5.8
1597	-1.118415	115.355256	0.007160	6.1
1598	-1.196991	115.314514	0.010642	6.8
1599	-0.045686	115.273810	0.001628	6.4
1600	-0.876500	115.233144	0.014152	6.3
1601	-0.856232	115.192517	0.009055	5.5
1602	-0.053539	115.151927	0.002069	6.4
1603	-0.623037	115.111376	0.009360	6.2
1604	-0.000036	115.070863	0.000014	5.5
1605	-1.048697	115.030388	0.006984	6.3
1606	-0.416455	114.989951	0.005718	5.6
1607	-0.757009	114.949551	0.011154	5.6
1608	-0.960108	114.909190	0.006604	6.7
1609	-0.000000	114.868866	0.000000	5.4
1610	-0.782473	114.828580	0.009708	5.8
1611	-1.098996	114.788332	0.008659	6.3
1612	-1.061009	114.748121	0.016023	5.9
1613	-1.065290	114.707948	0.011519	6.0
1614	-0.545214	114.667812	0.012637	5.6
1615	-0.515447	114.627714	0.006174	5.3
1616	-0.803988	114.587653	0.013496	5.8
1617	-0.652367	114.547629	0.018707	6.5
1618	-0.898455	114.507643	0.009053	5.8
1619	-0.976822	114.467693	0.008951	6.3
1620	0.000000	114.427781	0.000000	5.4
1621	-0.134379	114.387907	0.003677	5.4
1622	-0.923174	114.348069	0.005623	6.0
1623	-0.768559	114.308268	0.004245	5.5
1624	-0.950159	114.268504	0.013820	6.0
1625	-0.592798	114.228777	0.006686	6.1
1626	-0.059056	114.189086	0.001353	5.3
1627	-0.800791	114.149433	0.012244	6.2
1628	-0.559744	114.109816	0.005931	6.1
1629	-0.507244	114.070235	0.004644	5.7
1630	-0.155663	114.030692	0.005336	6.2
1631	-0.648821	113.991185	0.006135	5.7
1632	-0.001763	113.951714	0.000153	5.5
1633	0.000000	113.912280	0.000000	6.3
1634	-1.036332	113.872882	0.008485	6.5
1635	-0.744103	113.833521	0.007497	6.2
1636	-0.331606	113.794195	0.006364	6.0
1637	-0.605640	113.754906	0.005506	5.7
1638	0.000000	113.715653	0.000000	6.5
1639	-1.021887	113.676437	0.005526	6.1
1640	0.000000	113.637256	0.000000	5.7
1641	-0.083758	113.598111	0.002342	6.7
1642	-0.000000	113.559002	0.000000	5.7
1643	-0.000000	113.519929	0.000000	6.4
1644	-1.003341	113.480892	0.007839	5.9
1645	-0.675766	113.441891	0.005890	5.8
1646	-0.632560	113.402925	0.016747	6.3
1647	-0.368533	113.363995	0.003382	6.0
1648	-0.898623	113.325101	0.008851	5.8
1649	-0.782027	113.286242	0.005699	6.6
1650	-0.085286	113.247419	0.002851	7.2
1651	-0.196941	113.208631	0.005394	7.8
1652	-0.846848	113.169879	0.005714	6.6
1653	-1.050320	113.131162	0.009088	6.6
1654	-0.929428	113.092480	0.007553	6.0
1655	-0.704206	113.053833	0.005866	6.2
1656	-0.046070	113.015222	0.000750	6.3
1657	0.000000	112.976646	0.000000	5.9
1658	-0.083190	112.938105	0.003218	5.6
1659	-1.085875	112.899599	0.014860	6.4
1660	-0.355155	112.861128	0.003768	5.6
1661	-0.597036	112.822692	0.012152	6.3
1662	0.000000	112.784291	0.000000	6.1
1663	-0.225828	112.745924	0.002802	5.5
1664	0.000000	112.707593	0.000000	6.7
1665	-1.150612	112.669296	0.011872	5.3
1666	-0.382511	112.631034	0.005850	5.5
1667	-1.017434	112.592806	0.005068	6.5
1668	-0.907410	112.554613	0.008755	5.6
1669	-0.000000	112.516455	0.000000	5.6
1670	-1.126042	112.478331	0.008843	6.7
1671	-0.672036	112.440241	0.009663	6.4
1672	-0.916406	112.402186	0.007828	6.5
1673	-0.000000	112.364165	0.000000	5.9
1674	-0.914242	112.326179	0.004357	5.8
1675	-0.899627	112.288227	0.012339	6.6
1676	-0.000000	112.250309	0.000000	5.7
1677	-0.633361	112.212425	0.009528	5.5
1678	-1.055882	112.174575	0.008858	6.3
1679	-0.979176	112.136759	0.010596	5.6
1680	-1.149313	112.098977	0.015537	5.7
1681	-0.016866	112.061229	0.001115	6.2
1682	-1.004303	112.023515	0.004338	5.7
1683	-0.074629	111.985834	0.002045	5.5
1684	-1.140834	111.948188	0.016770	6.0
1685	-1.224624	111.910575	0.015242	5.8
1686	-1.010965	111.872996	0.006188	7.0
1687	-0.588737	111.835450	0.009983	5.6
1688	-0.215029	111.797939	0.004975	6.0
1689	-0.025243	111.760460	0.000746	6.3
1690	-0.668070	111.723015	0.009787	6.9
1691	-0.559940	111.685604	0.007041	6.1
1692	0.000000	111.648226	0.000000	6.0
1693	-0.758610	111.610881	0.002916	6.0
1694	-1.074353	111.573570	0.006079	5.8
1695	-1.040430	111.536292	0.006449	5.7
1696	-0.642118	111.499047	0.003322	5.8
1697	-1.151330	111.461835	0.015094	6.3
1698	-0.616050	111.424656	0.003724	6.0
1699	-0.658501	111.387510	0.010762	6.0
1700	0.000000	111.350398	0.000000	5.8
1701	0.000000	111.313318	0.000000	6.0
1702	-0.298115	111.276271	0.006808	6.6
1703	-0.536117	111.239257	0.006008	5.8
1704	-0.961587	111.202276	0.004202	6.0
1705	-0.969788	111.165328	0.003420	6.9
1706	-0.957577	111.128412	0.005783	6.7
1707	-0.000007	111.091529	0.000003	6.3
1708	-0.757559	111.054679	0.005705	6.2
1709	-0.684995	111.017861	0.008388	5.6
1710	-0.684261	110.981076	0.005904	5.8
1711	0.000000	110.944323	0.000000	5.7
1712	-0.815722	110.907603	0.018520	5.8
1713	-0.000000	110.870915	0.000000	6.5
1714	-0.986460	110.834259	0.006484	5.5
1715	-0.912579	110.797636	0.011438	6.0
1716	-0.496951	110.761045	0.008579	6.3
1717	-1.002454	110.724486	0.019463	5.5
1718	-0.825180	110.687959	0.009115	6.0
1719	-0.049401	110.651465	0.001334	6.3
1720	0.000000	110.615002	0.000000	5.9
1721	-0.553854	110.578572	0.008471	6.4
1722	-0.629766	110.542173	0.011009	5.8
1723	-0.651971	110.505807	0.010144	5.9
1724	-0.000000	110.469472	0.000000	5.9
1725	-0.329456	110.433169	0.005206	6.3
1726	-0.879723	110.396898	0.008095	6.3
1727	-0.017774	110.360659	0.000921	5.9
1728	-0.686337	110.324451	0.018558	6.0
1729	-1.036343	110.288276	0.021758	6.2
1730	-0.802177	110.252131	0.004022	6.2
1731	-0.362435	110.216019	0.002672	5.9
1732	-0.673648	110.179937	0.004051	6.3
1733	-1.075331	110.143888	0.005216	6.0
1734	-0.021829	110.107869	0.000371	6.9
1735	-1.120046	110.071882	0.007353	5.7
1736	-0.043974	110.035927	0.002140	6.4
1737	-0.969088	110.000003	0.008662	6.3
1738	-0.920248	109.964110	0.007952	5.6
1739	-0.469922	109.928248	0.010083	5.7
1740	0.000000	109.892417	0.000000	6.1
1741	-0.000000	109.856618	0.000000	6.5
1742	-0.985021	109.820850	0.012246	6.8
1743	-0.580662	109.785112	0.005730	5.6
1744	-0.022177	109.749406	0.000755	6.0
1745	-0.520483	109.713730	0.005072	6.5
1746	-0.003092	109.678086	0.000186	5.8
1747	-0.658098	109.642472	0.009458	5.9
1748	-0.135015	109.606890	0.001199	6.0
1749	-1.022556	109.571337	0.005699	5.8
1750	-0.626967	109.535816	0.007026	6.4
1751	-0.000000	109.500326	0.000000	6.3
1752	-0.581994	109.464866	0.009293	5.4
1753	-0.029402	109.429436	0.000909	6.1
1754	-0.985034	109.394038	0.008064	5.9
1755	-0.916633	109.358669	0.003779	5.9
1756	-0.190361	109.323331	0.005195	6.1
1757	-1.023224	109.288024	0.007154	5.6
1758	0.000000	109.252747	0.000000	5.3
1759	-0.299843	109.217501	0.004974	6.1
1760	-0.785969	109.182284	0.010241	6.0
1761	0.000000	109.147098	0.000000	5.6
1762	-0.309185	109.111942	0.003424	6.0
1763	-0.764808	109.076817	0.005650	5.0
1764	-0.776721	109.041721	0.005933	6.0
1765	-0.000000	109.006656	0.000000	6.8
1766	-1.026409	108.971620	0.012159	5.4
1767	-0.547093	108.936615	0.005499	6.8
1768	-0.766273	108.901640	0.005934	5.6
1769	-0.637763	108.866694	0.004916	5.8
1770	-0.997548	108.831779	0.006507	7.0
1771	-0.455462	108.796893	0.006874	5.9
1772	-0.619593	108.762037	0.010381	6.2
1773	-0.251755	108.727211	0.003944	5.6
1774	-0.235068	108.692415	0.005032	5.4
1775	-0.898803	108.657648	0.010409	6.0
1776	0.000000	108.622911	0.000000	6.8
1777	-0.708510	108.588203	0.006856	6.2
1778	-0.740078	108.553525	0.005202	6.4
1779	-1.246546	108.518877	0.025096	5.7
1780	0.000000	108.484258	0.000000	5.8
1781	-1.019171	108.449668	0.009459	6.5
1782	-0.541340	108.415108	0.014255	6.1
1783	-0.682669	108.380578	0.011366	6.3
1784	-0.127738	108.346076	0.001498	5.5
1785	-0.972187	108.311604	0.003913	5.9
1786	-0.522200	108.277161	0.004100	6.6
1787	-0.995770	108.242747	0.014202	5.9
1788	-0.000307	108.208363	0.000049	5.6
1789	-0.248806	108.174007	0.004466	6.1
1790	-0.590487	108.139681	0.007512	5.5
1791	-0.220025	108.105383	0.002453	6.5
1792	-1.080215	108.071115	0.008080	6.2
1793	-0.923360	108.036875	0.037727	5.8
1794	-0.942810	108.002665	0.005051	6.7
1795	-1.152294	107.968483	0.020281	6.6
1796	-0.971981	107.934330	0.009259	5.9
1797	-0.746238	107.900206	0.030538	6.3
1798	-1.135476	107.866111	0.006164	6.0
1799	-0.667157	107.832044	0.008284	6.8
1800	-0.630578	107.798007	0.006505	6.4
1801	-0.717358	107.763997	0.004389	5.7
1802	-0.965700	107.730017	0.008124	6.6
1803	-0.363779	107.696065	0.004458	5.8
1804	-0.961676	107.662141	0.010608	6.1
1805	0.000000	107.628246	0.000000	6.0
1806	-0.743635	107.594379	0.020604	5.5
1807	-1.005183	107.560541	0.006603	6.4
1808	0.000000	107.526731	0.000000	6.0
1809	0.000000	107.492949	0.000000	6.1
1810	-0.947371	107.459196	0.009191	6.3
1811	0.000000	107.425471	0.000000	6.4
1812	-0.818965	107.391774	0.006723	6.0
1813	-0.826895	107.358106	0.015349	6.2
1814	-0.974312	107.324465	0.004517	6.2
1815	-0.757134	107.290853	0.009875	7.2
1816	-1.117778	107.257268	0.019930	5.9
1817	0.000000	107.223712	0.000000	5.6
1818	-0.787438	107.190184	0.004822	6.4
1819	-0.599287	107.156683	0.005319	5.7
1820	-0.000000	107.123211	0.000000	7.0
1821	-0.202977	107.089766	0.003730	5.7
1822	0.000000	107.056349	0.000000	5.7
1823	-0.790794	107.022960	0.009604	6.5
1824	-0.221142	106.989599	0.005100	6.2
1825	-0.035343	106.956265	0.000972	5.7
1826	-1.048345	106.922960	0.008416	6.5
1827	0.000000	106.889681	0.000000	6.1
1828	-0.000000	106.856431	0.000000	6.0
1829	-0.866812	106.823208	0.006186	6.0
1830	-0.550970	106.790012	0.006552	6.2
1831	-0.063278	106.756844	0.002371	6.2
1832	-1.147766	106.723703	0.009579	5.6
1833	0.000000	106.690590	0.000000	6.1
1834	-1.160622	106.657505	0.013158	6.2
1835	-0.183634	106.624446	0.003332	5.7
1836	-0.835395	106.591415	0.013852	6.2
1837	-0.000000	106.558411	0.000000	6.0
1838	-0.912960	106.525435	0.015540	5.7
1839	-0.695621	106.492485	0.006118	7.0
1840	-0.210812	106.459563	0.004579	6.1
1841	-0.101007	106.426668	0.002013	5.5
1842	-1.062116	106.393800	0.011145	6.4
1843	-0.581070	106.360959	0.006513	5.7
1844	-0.835813	106.328145	0.007009	5.9
1845	-0.613541	106.295358	0.006178	7.3
1846	-0.990146	106.262598	0.007089	6.0
1847	-0.735186	106.229865	0.006196	6.2
1848	-0.644861	106.197158	0.007555	6.0
1849	0.000000	106.164479	0.000000	6.1
1850	0.000000	106.131826	0.000000	6.7
1851	-0.868233	106.099201	0.005315	5.6
1852	-0.419806	106.066602	0.002091	6.0
1853	-0.564236	106.034029	0.005458	6.1
1854	-0.416415	106.001483	0.008188	5.3
1855	-1.028175	105.968964	0.010737	6.3
1856	-0.380572	105.936472	0.004797	5.6
1857	-1.135129	105.904006	0.015660	5.5
1858	-1.037460	105.871566	0.007561	5.8
1859	-0.470400	105.839153	0.006034	5.6
1860	-0.180155	105.806767	0.004802	5.9
1861	0.000000	105.774407	0.000000	5.9
1862	-0.851180	105.742073	0.008146	6.1
1863	-0.502862	105.709766	0.004254	5.6
1864	-0.537726	105.677485	0.011213	6.3
1865	-0.709162	105.645230	0.003650	5.6
1866	0.000000	105.613001	0.000000	5.9
1867	0.000000	105.580799	0.000000	5.8
1868	-1.127011	105.548623	0.006831	5.6
1869	-0.008281	105.516473	0.000674	6.8
1870	0.000000	105.484349	0.000000	5.5
1871	0.000000	105.452251	0.000000	5.7
1872	0.000000	105.420179	0.000000	6.4
1873	-1.126091	105.388133	0.012056	6.2
1874	-0.136675	105.356113	0.002122	5.7
1875	-0.973374	105.324119	0.015167	7.0
1876	0.000000	105.292151	0.000000	5.6
1877	-1.176984	105.260209	0.009547	6.2
1878	0.000000	105.228293	0.000000	6.2
1879	-0.539584	105.196402	0.005202	5.7
1880	-0.000094	105.164537	0.000040	6.3
1881	-0.933703	105.132698	0.006900	6.5
1882	-0.765710	105.100885	0.005581	6.0
1883	-0.944009	105.069097	0.007223	6.4
1884	0.000000	105.037335	0.000000	5.6
1885	-0.786902	105.005598	0.011086	6.9
1886	0.000000	104.973887	0.000000	5.6
1887	-0.841633	104.942202	0.007628	5.8
1888	-0.590130	104.910542	0.003828	6.2
1889	-0.186681	104.878907	0.001326	5.7
1890	-0.834473	104.847298	0.005838	5.7
1891	-0.781027	104.815715	0.006903	6.3
1892	-0.003781	104.784156	0.000415	5.4
1893	-0.001134	104.752623	0.000103	5.7
1894	-0.556792	104.721116	0.006965	5.9
1895	-0.872016	104.689633	0.005854	5.9
1896	-0.337052	104.658176	0.004231	6.8
1897	0.000000	104.626744	0.000000	5.1
1898	0.000000	104.595337	0.000000	5.7
1899	-1.115386	104.563955	0.010787	6.1
1900	-0.129279	104.532599	0.003844	6.8
1901	-0.873267	104.501267	0.006583	6.0
1902	-0.031171	104.469960	0.001093	6.3
1903	-0.394421	104.438679	0.005404	5.6
1904	-1.117166	104.407422	0.009949	6.5
1905	-0.155582	104.376191	0.004070	5.6
1906	0.000000	104.344984	0.000000	5.7
1907	-0.783994	104.313802	0.005200	5.8
1908	-0.670327	104.282645	0.008523	5.6
1909	-0.002914	104.251513	0.000258	5.5
1910	-0.857749	104.220405	0.008411	6.4
1911	-1.012215	104.189323	0.007712	5.4
1912	-0.497663	104.158265	0.004664	5.6
1913	0.000000	104.127231	0.000000	7.1
1914	-0.000000	104.096222	0.000000	5.8
1915	0.000000	104.065238	0.000000	5.9
1916	-0.060143	104.034279	0.001444	6.4
1917	-1.092601	104.003344	0.006689	6.1
1918	-1.164736	103.972433	0.009161	6.5
1919	-0.450099	103.941547	0.003013	5.6
1920	-0.132773	103.910686	0.002655	5.6
1921	-1.084490	103.879849	0.012137	6.7
1922	0.000000	103.849036	0.000000	5.7
1923	-0.758069	103.818248	0.008756	5.7
1924	-0.605879	103.787484	0.010339	6.2
1925	-0.992104	103.756744	0.008126	5.7
1926	-0.318672	103.726029	0.004637	6.8
1927	-0.767528	103.695338	0.007307	6.1
1928	0.000000	103.664671	0.000000	5.4
1929	-0.579840	103.634028	0.006552	6.3
1930	-0.881673	103.603409	0.006788	5.6
1931	-0.867116	103.572814	0.006347	5.5
1932	0.000000	103.542244	0.000000	6.4
1933	0.000000	103.511698	0.000000	5.4
1934	-1.106933	103.481175	0.010701	5.9
1935	-0.992410	103.450677	0.013077	6.4
1936	-0.592776	103.420202	0.008076	5.8
1937	-0.672701	103.389752	0.009615	5.8
1938	-0.799530	103.359325	0.016572	5.9
1939	-0.333989	103.328922	0.005218	6.0
1940	-0.036702	103.298543	0.002157	6.1
1941	-0.749070	103.268188	0.006657	5.5
1942	0.000000	103.237857	0.000000	5.3
1943	-1.069367	103.207549	0.012226	5.9
1944	-0.859532	103.177265	0.004985	5.4
1945	0.000000	103.147005	0.000000	5.7
1946	0.000000	103.116768	0.000000	7.5
1947	-0.987749	103.086556	0.006966	5.7
1948	-1.104141	103.056366	0.004862	5.8
1949	-0.986306	103.026200	0.007129	5.3
1950	-0.087654	102.996058	0.001657	5.5
1951	-0.000000	102.965939	0.000000	6.5
1952	0.000000	102.935844	0.000000	6.7
1953	-0.513652	102.905772	0.006895	5.8
1954	-0.149078	102.875724	0.002687	6.1
1955	-0.756099	102.845699	0.005949	5.8
1956	-0.378940	102.815697	0.004687	5.9
1957	-1.089397	102.785719	0.007696	5.7
1958	-0.620030	102.755764	0.003401	5.8
1959	-0.582261	102.725832	0.004065	6.4
1960	-0.942096	102.695924	0.006369	5.9
1961	-0.451239	102.666038	0.006765	5.8
1962	-0.026899	102.636176	0.000737	7.3
1963	-0.678100	102.606337	0.005036	6.8
1964	-1.064392	102.576521	0.010964	6.8
1965	-1.170606	102.546728	0.007730	5.6
1966	-1.020269	102.516959	0.009587	5.6
1967	-0.887422	102.487212	0.006902	6.4
1968	-0.321386	102.457488	0.001825	6.7
1969	-0.818278	102.427788	0.013512	5.8
1970	-0.000000	102.398110	0.000000	6.2
1971	0.000000	102.368455	0.000000	5.9
1972	-0.818010	102.338823	0.006150	5.9
1973	-0.044555	102.309214	0.001877	5.7
1974	-0.666668	102.279628	0.010354	5.9
1975	-0.000000	102.250064	0.000000	5.9
1976	-0.052908	102.220524	0.001063	5.8
1977	0.000000	102.191006	0.000000	5.3
1978	-0.232614	102.161511	0.004200	6.7
1979	-1.176558	102.132038	0.011430	6.1
1980	-1.099732	102.102588	0.011087	5.4
1981	-0.946938	102.073161	0.005997	5.6
1982	-1.055626	102.043757	0.009836	5.2
1983	0.000000	102.014375	0.000000	5.5
1984	-0.942834	101.985015	0.005396	6.2
1985	-0.047539	101.955678	0.001445	5.6
1986	-0.441537	101.926364	0.005864	5.2
1987	-1.007935	101.897072	0.006153	6.3
1988	-0.943774	101.867802	0.005103	6.1
1989	-0.000106	101.838555	0.000007	5.9
1990	0.000000	101.809330	0.000000	5.9
1991	0.000000	101.780128	0.000000	6.0
1992	0.000000	101.750948	0.000000	6.6
1993	-0.000000	101.721790	0.000000	5.3
1994	-0.493007	101.692654	0.004532	5.2
1995	-0.525381	101.663541	0.007076	6.1
1996	-0.975621	101.634450	0.006882	5.7
1997	-0.000398	101.605381	0.000093	5.5
1998	-0.626096	101.576335	0.007078	6.2
1999	-0.052641	101.547310	0.002116	5.3
