1:ItNr	2:Metric	3:StepSize	4:||Gradient||	Time[ms]
0	-0.089107	627.201626	0.004736	742.4
1	-0.775980	623.504937	0.020907	3.7
2	-0.000000	619.865785	0.000000	3.9
3	-0.820926	616.282728	0.017209	4.5
4	-0.000000	612.754375	0.000000	4.7
5	-0.017262	609.279381	0.001937	4.1
6	-0.976479	605.856447	0.013183	4.0
7	-0.877468	602.484317	0.010020	4.7
8	-0.283977	599.161779	0.001587	4.2
9	-0.000000	595.887656	0.000000	3.8
10	-0.707953	592.660813	0.014229	3.9
11	-0.005109	589.480151	0.001234	5.2
12	-0.895331	586.344606	0.020211	3.9
13	-0.734779	583.253145	0.012292	4.0
14	-0.625974	580.204771	0.004593	4.2
15	-0.000000	577.198517	0.000000	4.1
16	-0.819632	574.233444	0.016773	4.6
17	-0.800070	571.308645	0.010790	4.4
18	-0.000033	568.423237	0.000004	5.5
19	-0.720148	565.576365	0.026390	4.1
20	-0.052948	562.767201	0.001296	4.0
21	-0.003775	559.994938	0.000301	4.3
22	-1.106866	557.258797	0.013100	4.9
23	-1.129253	554.558018	0.012589	4.9
24	-0.756924	551.891865	0.009588	4.2
25	-0.804784	549.259621	0.029247	5.2
26	-0.521159	546.660592	0.011542	5.3
27	-0.718479	544.094102	0.017887	4.2
28	-0.040848	541.559494	0.001193	4.9
29	-0.001295	539.056129	0.000170	4.6
30	-1.114442	536.583387	0.023747	4.5
31	-0.670467	534.140663	0.024327	4.2
32	-0.283850	531.727370	0.002235	5.6
33	-1.124112	529.342935	0.016555	4.7
34	-1.286509	526.986802	0.018365	4.4
35	-1.089693	524.658430	0.020816	5.5
36	-0.607587	522.357290	0.019223	4.7
37	-0.787877	520.082868	0.029250	4.3
38	-0.970309	517.834665	0.020828	4.4
39	-0.000000	515.612193	0.000000	6.0
40	-0.957764	513.414976	0.012575	4.5
41	-0.860131	511.242551	0.006505	4.6
42	-1.114606	509.094468	0.019493	5.8
43	-0.932683	506.970285	0.034746	5.0
44	-0.127157	504.869574	0.000939	4.4
45	-0.973657	502.791916	0.016694	5.5
46	-0.086297	500.736903	0.001078	4.5
47	-0.907911	498.704137	0.011761	4.5
48	-0.552152	496.693228	0.011896	4.7
49	-0.705668	494.703798	0.005811	6.2
50	-0.000000	492.735476	0.000000	5.7
51	-0.875597	490.787900	0.010294	5.7
52	-0.710461	488.860718	0.015148	4.7
53	-1.204357	486.953585	0.039625	4.9
54	-0.495335	485.066164	0.009821	4.5
55	-0.769370	483.198126	0.015953	5.7
56	-0.626656	481.349149	0.025619	4.6
57	-0.639621	479.518920	0.013631	4.9
58	-0.356186	477.707132	0.004548	6.4
59	-0.916978	475.913485	0.008091	6.2
60	-0.000548	474.137684	0.000017	5.8
61	-1.173194	472.379445	0.015259	5.9
62	-0.000000	470.638485	0.000000	5.0
63	-0.906811	468.914531	0.023466	4.6
64	-1.161953	467.207315	0.019343	5.4
65	-0.863418	465.516573	0.014809	4.5
66	-0.000000	463.842050	0.000000	4.3
67	-0.587468	462.183494	0.007198	6.5
68	-1.058032	460.540658	0.029736	4.5
69	-0.000300	458.913303	0.000005	4.9
70	-1.117088	457.301192	0.026087	5.5
71	-0.584973	455.704096	0.031806	5.6
72	-0.806623	454.121787	0.013203	4.7
73	-0.000630	452.554045	0.000116	5.6
74	-0.000000	451.000653	0.000000	4.9
75	-1.001532	449.461399	0.006324	4.7
76	-0.000000	447.936075	0.000000	5.3
77	-0.420215	446.424477	0.007926	6.3
78	-0.000000	444.926406	0.000000	5.4
79	-0.295519	443.441666	0.004368	5.6
80	-1.019756	441.970065	0.018786	4.8
81	-0.338694	440.511415	0.004490	4.7
82	-0.808723	439.065533	0.009911	5.0
83	-0.000000	437.632238	0.000000	5.4
84	-0.792247	436.211351	0.005702	5.1
85	-0.306065	434.802701	0.004738	4.7
86	-0.330417	433.406117	0.005569	5.8
87	-0.594173	432.021430	0.015512	4.7
88	-0.658936	430.648479	0.009386	4.8
89	-0.000000	429.287101	0.000000	5.8
90	-0.828095	427.937140	0.011741	5.0
91	-1.093260	426.598440	0.009937	4.6
92	-0.910357	425.270849	0.011816	5.6
93	-1.097350	423.954220	0.014947	6.3
94	-0.759303	422.648404	0.014066	4.7
95	-0.854769	421.353259	0.010277	5.9
96	-0.572569	420.068643	0.007151	4.7
97	-0.674163	418.794419	0.007638	4.7
98	-0.100062	417.530451	0.001333	5.7
99	-0.000000	416.276604	0.000000	4.8
100	-1.047742	415.032748	0.027655	4.8
101	-0.995881	413.798754	0.007117	5.0
102	-0.596313	412.574495	0.007616	5.5
103	-1.168153	411.359849	0.008239	4.8
104	-0.929795	410.154691	0.010960	4.7
105	-1.153654	408.958904	0.011344	6.0
106	-0.667805	407.772368	0.014631	4.7
107	-0.986272	406.594968	0.047933	4.7
108	-0.181131	405.426590	0.009828	5.9
109	-1.035960	404.267122	0.016802	4.7
110	-0.000000	403.116456	0.000000	5.0
111	-0.000000	401.974481	0.000000	5.6
112	-0.465444	400.841093	0.003576	5.7
113	-0.733902	399.716187	0.010880	4.8
114	-1.080220	398.599660	0.028674	5.8
115	-0.665287	397.491411	0.006119	4.7
116	-0.373871	396.391342	0.006888	4.6
117	-0.000000	395.299353	0.000000	5.6
118	-0.974205	394.215350	0.012387	4.8
119	-1.132875	393.139238	0.010657	4.7
120	-0.541773	392.070924	0.015896	4.7
121	-0.000000	391.010316	0.000000	5.6
122	-0.558150	389.957325	0.011152	4.7
123	-0.000000	388.911862	0.000000	4.9
124	-1.187309	387.873839	0.032166	5.9
125	-0.762040	386.843173	0.014231	4.7
126	-0.505185	385.819777	0.010764	4.9
127	-0.742983	384.803569	0.010639	5.7
128	-0.811584	383.794468	0.003740	4.8
129	-1.046628	382.792393	0.028004	4.7
130	-0.103470	381.797264	0.006412	5.5
131	-0.940372	380.809005	0.009495	5.6
132	0.000000	379.827537	0.000000	5.1
133	-1.001118	378.852786	0.024037	5.6
134	-0.808470	377.884678	0.010178	4.8
135	-0.230405	376.923138	0.004102	4.9
136	-0.488391	375.968095	0.012294	4.9
137	-0.070502	375.019479	0.001626	5.5
138	-0.531287	374.077218	0.005964	4.7
139	-0.830031	373.141244	0.008742	4.8
140	-0.000000	372.211489	0.000000	5.7
141	-0.018960	371.287887	0.001374	4.7
142	-0.202561	370.370370	0.003084	4.8
143	-1.158446	369.458876	0.017074	6.0
144	-0.113741	368.553338	0.001664	4.8
145	-0.605417	367.653696	0.015184	4.7
146	-0.067908	366.759885	0.000930	5.8
147	-0.627517	365.871846	0.014085	4.7
148	-1.088890	364.989518	0.009079	4.3
149	-0.600056	364.112841	0.015017	5.1
150	-0.879555	363.241757	0.017728	5.8
151	-0.979554	362.376208	0.006584	5.2
152	-0.001356	361.516137	0.000308	4.9
153	-0.817726	360.661488	0.007982	5.3
154	-0.987935	359.812206	0.015374	4.7
155	-0.070892	358.968236	0.001182	4.9
156	-0.719483	358.129524	0.010247	6.0
157	-0.648157	357.296018	0.019284	4.9
158	-0.225200	356.467665	0.005817	4.7
159	-0.143046	355.644414	0.004302	5.7
160	-0.158602	354.826213	0.002324	4.8
161	-1.108254	354.013012	0.015068	4.7
162	-0.000307	353.204763	0.000036	6.0
163	-0.000000	352.401415	0.000000	4.8
164	-1.245310	351.602922	0.026782	4.9
165	-1.070307	350.809235	0.008082	5.6
166	-0.203913	350.020308	0.002832	5.2
167	-0.913730	349.236095	0.022753	5.2
168	-0.021342	348.456550	0.000857	6.2
169	-0.982557	347.681627	0.013358	5.0
170	-0.000000	346.911283	0.000000	5.3
171	-1.021095	346.145474	0.019569	6.0
172	-0.860954	345.384157	0.006687	5.8
173	-0.404881	344.627288	0.004480	5.5
174	-1.021617	343.874826	0.014457	6.1
175	-1.037636	343.126729	0.019388	5.2
176	-0.971473	342.382957	0.009209	5.3
177	-1.142768	341.643469	0.033060	6.0
178	-0.565936	340.908224	0.012232	5.3
179	-0.656347	340.177184	0.003987	5.3
180	-0.187356	339.450309	0.004122	5.6
181	-0.293473	338.727561	0.002324	5.2
182	-1.117116	338.008902	0.049103	5.2
183	-0.698273	337.294295	0.005414	6.0
184	-0.997523	336.583703	0.014558	5.5
185	-1.024752	335.877089	0.030125	5.7
186	-1.020315	335.174416	0.004293	6.2
187	-0.077192	334.475651	0.001351	5.2
188	-0.367291	333.780756	0.013960	5.7
189	-0.433785	333.089698	0.033684	6.8
190	-1.098688	332.402443	0.005246	5.5
191	-0.000000	331.718955	0.000000	5.6
192	-0.879091	331.039203	0.024220	6.9
193	-0.000000	330.363153	0.000000	5.6
194	-0.268632	329.690771	0.001606	6.4
195	-0.678958	329.022027	0.013840	5.9
196	-0.776229	328.356888	0.013838	5.7
197	-0.001578	327.695322	0.000218	5.9
198	-0.281093	327.037299	0.001866	5.7
199	-0.953475	326.382787	0.012287	5.2
200	-0.608868	325.731758	0.008579	6.2
201	-0.049684	325.084179	0.001227	5.2
202	-0.079375	324.440023	0.002396	5.8
203	-0.000000	323.799258	0.000000	6.2
204	-1.076266	323.161858	0.019957	5.3
205	-0.071465	322.527792	0.001171	5.6
206	-0.547539	321.897034	0.003490	6.1
207	-0.000103	321.269554	0.000015	5.4
208	-1.196881	320.645325	0.025374	6.5
209	-0.632944	320.024320	0.011490	5.6
210	-1.237919	319.406512	0.021110	5.5
211	-1.186782	318.791875	0.016366	5.8
212	-1.208184	318.180381	0.020574	6.0
213	-1.076045	317.572005	0.007621	5.5
214	-0.000000	316.966721	0.000000	6.0
215	-0.078780	316.364504	0.001224	5.4
216	-0.000000	315.765329	0.000000	5.9
217	-0.221399	315.169170	0.003001	6.4
218	-0.013474	314.576003	0.000569	4.7
219	-0.000425	313.985804	0.000060	5.2
220	-1.302721	313.398548	0.038159	6.7
221	-0.719047	312.814213	0.010031	5.2
222	-0.444278	312.232773	0.005317	6.1
223	-1.166618	311.654207	0.039786	6.0
224	-0.173959	311.078491	0.008054	5.4
225	-0.000000	310.505602	0.000000	5.9
226	-0.982912	309.935518	0.012977	4.8
227	-0.000000	309.368217	0.000000	5.5
228	-1.084447	308.803676	0.021299	6.1
229	-0.519251	308.241874	0.011780	5.4
230	-0.105241	307.682789	0.004751	5.6
231	-0.001317	307.126400	0.000029	6.1
232	-0.059071	306.572687	0.002926	6.2
233	-0.913398	306.021627	0.032528	5.6
234	-0.293355	305.473201	0.004383	6.4
235	-0.922201	304.927388	0.007965	5.4
236	-0.900715	304.384168	0.013314	5.3
237	-0.184085	303.843521	0.005390	6.3
238	-0.614838	303.305427	0.007998	5.3
239	-0.413780	302.769867	0.004791	6.0
240	-0.020282	302.236821	0.000873	5.7
241	-1.047754	301.706270	0.013737	5.3
242	-0.909853	301.178196	0.011929	6.1
243	-0.665460	300.652580	0.006380	5.6
244	-0.402215	300.129402	0.005582	5.6
245	-0.814701	299.608645	0.010164	6.3
246	-0.977136	299.090291	0.014071	5.2
247	-1.123980	298.574321	0.012533	5.4
248	-0.000000	298.060718	0.000000	6.4
249	-0.000000	297.549465	0.000000	5.8
250	-0.062962	297.040543	0.002086	5.9
251	-0.642188	296.533936	0.017442	6.1
252	-0.247647	296.029626	0.005886	5.4
253	-0.904500	295.527597	0.003899	5.2
254	-0.000000	295.027832	0.000000	5.6
255	-0.574926	294.530315	0.010100	5.9
256	-0.819778	294.035028	0.009431	5.3
257	-0.777000	293.541956	0.008783	7.2
258	-1.145982	293.051083	0.013808	5.6
259	-1.134224	292.562393	0.010435	5.8
260	-0.000000	292.075870	0.000000	5.7
261	-0.970602	291.591498	0.022181	5.4
262	-0.804505	291.109263	0.007020	6.2
263	-0.091388	290.629149	0.002551	5.2
264	-0.064157	290.151140	0.002307	5.2
265	-0.744052	289.675222	0.030579	6.1
266	-0.865977	289.201380	0.010825	6.2
267	-0.619246	288.729600	0.009261	5.6
268	-0.081394	288.259866	0.003126	6.1
269	-1.143601	287.792165	0.008057	5.4
270	-0.699488	287.326481	0.015584	6.2
271	-0.702641	286.862802	0.013484	6.4
272	-0.334115	286.401113	0.003265	5.5
273	-0.776656	285.941400	0.011671	6.0
274	-0.817881	285.483649	0.010755	5.9
275	-0.002359	285.027847	0.000175	5.4
276	-1.064815	284.573981	0.019268	6.5
277	-0.777688	284.122037	0.008316	5.4
278	-0.646720	283.672002	0.019350	5.2
279	-0.000000	283.223863	0.000000	6.7
280	-1.028836	282.777607	0.040688	5.2
281	-0.000000	282.333221	0.000000	5.1
282	-0.253713	281.890692	0.004069	7.3
283	-0.000000	281.450008	0.000000	6.1
284	-0.627806	281.011157	0.015671	6.5
285	-0.458705	280.574125	0.007643	5.9
286	-0.955190	280.138901	0.015847	5.3
287	-0.760333	279.705473	0.018802	6.0
288	-1.164033	279.273829	0.008505	5.8
289	-0.637412	278.843956	0.009174	5.4
290	-0.250976	278.415844	0.003240	6.4
291	-0.000000	277.989479	0.000000	5.3
292	-0.965571	277.564851	0.011844	5.5
293	-0.974417	277.141949	0.013694	6.1
294	-0.969671	276.720761	0.011784	5.8
295	-1.178056	276.301275	0.019001	5.5
296	-0.000000	275.883480	0.000000	6.3
297	-0.531166	275.467366	0.013629	5.3
298	-1.009892	275.052922	0.018568	5.3
299	-1.017475	274.640136	0.010236	6.7
300	-0.146475	274.228998	0.000804	5.3
301	-1.060911	273.819497	0.023672	5.8
302	-0.728022	273.411623	0.013877	6.0
303	-0.000001	273.005365	0.000000	5.7
304	-0.372247	272.600712	0.011941	5.5
305	-0.000000	272.197655	0.000000	5.4
306	-0.000000	271.796184	0.000000	5.7
307	-0.000544	271.396287	0.000041	6.8
308	-0.003553	270.997956	0.000298	4.5
309	-0.000000	270.601180	0.000000	5.0
310	-0.000000	270.205949	0.000000	6.1
311	-0.605527	269.812254	0.014274	5.1
312	-0.634649	269.420085	0.008221	5.6
313	-0.729906	269.029432	0.014842	5.9
314	-0.000000	268.640287	0.000000	5.6
315	-0.818613	268.252638	0.015163	5.0
316	-0.312498	267.866478	0.005705	6.1
317	-0.152054	267.481796	0.004937	5.2
318	-0.954708	267.098584	0.009129	5.1
319	-0.986174	266.716833	0.011333	5.7
320	-0.393133	266.336533	0.006133	6.6
321	0.000000	265.957676	0.000000	5.2
322	-0.930174	265.580253	0.012635	5.7
323	-0.265961	265.204254	0.002396	5.0
324	-0.952600	264.829672	0.012449	5.7
325	-0.603107	264.456497	0.006999	6.2
326	-1.157414	264.084721	0.012130	5.4
327	-0.572131	263.714335	0.011929	5.3
328	-0.000000	263.345332	0.000000	6.6
329	-0.001791	262.977702	0.000176	5.4
330	-1.163611	262.611438	0.042755	5.6
331	-0.387980	262.246531	0.007701	6.0
332	-0.681968	261.882973	0.017935	5.2
333	-0.583482	261.520756	0.018919	5.9
334	-0.938071	261.159871	0.015578	5.6
335	-0.234006	260.800312	0.002957	5.2
336	-1.137880	260.442070	0.010981	6.2
337	-0.633169	260.085137	0.011650	5.5
338	-0.383092	259.729505	0.005471	5.3
339	-0.095604	259.375167	0.001031	5.5
340	-0.000000	259.022116	0.000000	6.3
341	-0.000000	258.670343	0.000000	5.9
342	-1.102105	258.319841	0.009041	6.1
343	-1.182658	257.970602	0.011636	5.3
344	-1.067311	257.622620	0.022012	5.9
345	-1.170699	257.275887	0.031318	6.2
346	-0.956270	256.930396	0.005676	5.3
347	-1.128851	256.586139	0.021366	5.5
348	-0.000000	256.243109	0.000000	6.1
349	-0.742323	255.901300	0.016374	5.4
350	-0.105260	255.560703	0.001782	5.7
351	-1.026443	255.221313	0.038372	5.9
352	-0.885860	254.883122	0.014058	5.6
353	-0.816674	254.546124	0.020106	6.2
354	-0.000274	254.210311	0.000069	5.5
355	-0.787820	253.875677	0.030140	5.3
356	-0.740213	253.542215	0.012366	6.3
357	-0.896591	253.209918	0.009291	5.2
358	-0.000008	252.878781	0.000002	5.3
359	-0.205760	252.548795	0.002312	6.5
360	-0.000171	252.219956	0.000046	6.6
361	-0.047037	251.892255	0.001763	5.2
362	-0.895796	251.565688	0.014110	6.2
363	-1.035937	251.240247	0.019409	5.3
364	-1.051400	250.915926	0.012985	5.5
365	-0.934063	250.592720	0.013882	6.0
366	-0.037960	250.270621	0.000117	5.2
367	-0.641004	249.949624	0.013165	6.5
368	-0.034749	249.629723	0.001165	5.6
369	-0.123486	249.310911	0.006411	5.2
370	-0.895276	248.993182	0.014781	5.7
371	-0.945161	248.676531	0.008877	5.8
372	-0.000000	248.360952	0.000000	5.5
373	-1.046230	248.046438	0.014211	6.8
374	-0.000020	247.732984	0.000008	5.4
375	-0.000586	247.420584	0.000130	5.3
376	-1.133454	247.109233	0.024856	6.2
377	-1.012463	246.798924	0.006235	5.2
378	-0.000000	246.489652	0.000000	5.7
379	-0.018693	246.181412	0.001245	6.3
380	-0.000000	245.874197	0.000000	6.0
381	-1.122692	245.568002	0.008196	5.4
382	-1.047778	245.262822	0.012073	6.3
383	-0.009263	244.958652	0.000718	5.3
384	-1.023545	244.655485	0.009784	5.7
385	-0.000000	244.353317	0.000000	6.0
386	-0.848899	244.052142	0.011425	5.2
387	-0.283468	243.751955	0.003673	5.7
388	-0.250899	243.452750	0.005893	5.8
389	-0.143830	243.154523	0.002700	5.3
390	-0.747594	242.857268	0.015849	6.4
391	-1.286364	242.560980	0.015525	5.5
392	-0.273956	242.265654	0.006516	5.2
393	-0.229450	241.971285	0.005368	6.8
394	-0.047631	241.677868	0.002126	5.2
395	-0.971555	241.385397	0.009420	5.1
396	-1.246033	241.093869	0.023689	5.6
397	-0.194771	240.803278	0.002702	6.5
398	-0.479646	240.513619	0.006794	5.6
399	-0.829112	240.224887	0.008867	6.2
400	-1.199317	239.937077	0.012264	5.8
401	-0.976603	239.650186	0.017063	5.2
402	-1.003148	239.364207	0.015422	5.9
403	-0.044844	239.079136	0.000950	5.0
404	-1.138685	238.794969	0.026935	5.3
405	-0.907402	238.511701	0.016775	6.3
406	-0.158592	238.229327	0.004572	4.7
407	-0.019734	237.947843	0.000797	5.5
408	-0.000000	237.667244	0.000000	5.9
409	-0.502092	237.387526	0.007368	5.2
410	-0.762506	237.108684	0.007435	5.7
411	-0.787518	236.830714	0.013857	5.9
412	-0.385285	236.553610	0.003028	6.3
413	-1.054606	236.277370	0.013999	6.4
414	-1.030149	236.001989	0.025630	5.5
415	-0.539765	235.727461	0.013546	5.3
416	-0.935056	235.453784	0.012002	6.7
417	-0.777298	235.180952	0.003826	5.9
418	-0.052853	234.908962	0.000760	5.5
419	-0.962199	234.637809	0.006896	6.5
420	-0.618074	234.367488	0.012643	5.3
421	-1.182940	234.097997	0.038730	5.8
422	-0.358277	233.829331	0.003460	5.9
423	-0.000000	233.561485	0.000000	5.3
424	-0.891275	233.294456	0.008752	6.0
425	-0.911724	233.028239	0.027594	5.6
426	-0.014978	232.762831	0.001302	5.7
427	-1.192851	232.498228	0.023133	6.3
428	-0.569500	232.234425	0.010682	6.4
429	-1.048472	231.971419	0.009122	6.0
430	-0.739575	231.709205	0.013620	6.2
431	-0.129057	231.447781	0.004886	5.3
432	-0.941246	231.187141	0.009665	5.4
433	-0.314362	230.927283	0.001887	6.7
434	-1.210751	230.668202	0.017752	5.7
435	-0.819225	230.409895	0.007829	5.9
436	-1.086591	230.152358	0.013480	6.4
437	-0.023192	229.895587	0.003029	5.7
438	-0.900436	229.639578	0.011093	6.4
439	-0.366461	229.384329	0.008084	5.4
440	-0.060932	229.129834	0.001444	5.3
441	-0.008712	228.876091	0.000989	6.8
442	-0.025390	228.623096	0.000788	5.2
443	-0.361822	228.370846	0.002493	5.2
444	-0.695278	228.119336	0.010039	7.2
445	-1.084380	227.868563	0.011035	6.0
446	-1.122127	227.618525	0.024562	5.7
447	-0.000249	227.369216	0.000070	5.6
448	-0.211316	227.120635	0.002630	5.3
449	-0.000000	226.872777	0.000000	5.5
450	-0.004624	226.625638	0.000260	5.5
451	-1.183907	226.379217	0.016536	5.5
452	-0.441867	226.133509	0.007365	6.6
453	-0.000000	225.888510	0.000000	5.3
454	-0.247968	225.644218	0.004779	5.4
455	-0.814782	225.400630	0.013775	5.5
456	-0.000000	225.157741	0.000000	5.9
457	-1.146961	224.915549	0.012927	5.8
458	-0.980388	224.674051	0.015806	6.2
459	-0.000000	224.433242	0.000000	5.2
460	-0.127866	224.193121	0.001838	5.3
461	-1.125720	223.953684	0.016966	5.9
462	-0.973871	223.714927	0.009483	5.2
463	-0.352161	223.476848	0.002711	5.3
464	-0.000010	223.239444	0.000003	6.5
465	-1.125163	223.002710	0.010845	5.2
466	-0.000000	222.766645	0.000000	5.3
467	-0.151476	222.531245	0.003197	6.3
468	-0.756542	222.296508	0.027003	5.3
469	-1.092233	222.062429	0.043488	6.2
470	-0.428860	221.829007	0.009964	6.2
471	-0.738056	221.596238	0.006389	5.2
472	-1.059658	221.364119	0.006535	5.7
473	-0.761006	221.132647	0.017064	5.4
474	-0.795624	220.901820	0.009387	5.6
475	-1.142475	220.671634	0.020400	5.9
476	-1.256632	220.442086	0.020107	6.1
477	-0.000000	220.213174	0.000000	5.6
478	-0.114581	219.984895	0.002537	5.6
479	-0.167793	219.757246	0.005227	4.7
480	-0.932848	219.530224	0.011217	5.2
481	-0.000000	219.303826	0.000000	6.2
482	-0.000000	219.078050	0.000000	5.4
483	-0.000019	218.852893	0.000009	5.2
484	-0.614628	218.628352	0.005554	5.5
485	-0.956042	218.404424	0.017139	5.0
486	-0.000000	218.181106	0.000000	5.0
487	-0.732861	217.958397	0.006806	6.3
488	-0.831948	217.736292	0.019738	5.4
489	-0.000000	217.514790	0.000000	5.2
490	-0.000000	217.293888	0.000000	5.8
491	-0.402009	217.073584	0.003981	5.0
492	-0.066492	216.853873	0.000716	5.5
493	-1.062865	216.634755	0.013264	5.6
494	-0.000000	216.416227	0.000000	5.9
495	-1.116600	216.198285	0.014351	5.2
496	-0.619241	215.980927	0.018843	6.2
497	-1.084576	215.764151	0.014505	5.1
498	-0.354156	215.547955	0.006988	5.3
499	-1.025280	215.332335	0.015302	6.2
500	-0.267625	215.117289	0.006164	5.6
501	-0.256769	214.902815	0.003037	5.4
502	-0.000004	214.688911	0.000001	6.5
503	-1.049770	214.475573	0.009273	5.5
504	-0.442434	214.262800	0.008399	5.9
505	-0.937429	214.050588	0.020937	6.4
506	-0.466564	213.838936	0.006682	5.4
507	-0.986233	213.627842	0.013531	6.2
508	-0.023417	213.417302	0.001076	5.2
509	-0.740622	213.207314	0.011378	5.2
510	-1.039955	212.997877	0.020941	6.4
511	-0.000013	212.788987	0.000004	5.2
512	-0.569382	212.580642	0.007833	5.2
513	-1.168875	212.372841	0.023856	6.5
514	-0.000000	212.165581	0.000000	6.0
515	-0.892853	211.958859	0.012622	5.3
516	-0.606528	211.752673	0.006595	6.3
517	-1.160051	211.547021	0.009459	5.2
518	-0.801384	211.341902	0.008151	5.7
519	-0.809687	211.137311	0.008601	6.4
520	-0.197665	210.933248	0.001129	5.1
521	-0.055911	210.729710	0.001746	5.5
522	-1.129000	210.526695	0.013575	6.5
523	-0.736536	210.324200	0.010595	5.2
524	-0.829885	210.122224	0.012991	5.7
525	-0.034230	209.920765	0.002035	5.4
526	-0.000000	209.719820	0.000000	5.1
527	-0.794408	209.519387	0.006689	5.9
528	-1.087062	209.319463	0.011610	5.8
529	-0.389274	209.120048	0.004440	5.3
530	-1.037370	208.921139	0.008677	6.4
531	-0.001238	208.722733	0.000179	5.5
532	-0.231995	208.524829	0.004386	5.1
533	-0.644999	208.327425	0.004056	6.0
534	-0.632555	208.130518	0.007445	6.2
535	-0.140925	207.934107	0.001425	5.3
536	-0.922542	207.738189	0.005047	6.1
537	-0.000000	207.542762	0.000000	5.2
538	-0.756683	207.347825	0.014562	5.3
539	-1.079726	207.153376	0.015733	6.2
540	-0.200625	206.959412	0.004042	5.3
541	-0.695950	206.765932	0.007299	5.5
542	-0.000011	206.572933	0.000002	6.4
543	-0.207349	206.380414	0.002903	5.2
544	-0.000000	206.188373	0.000000	5.5
545	-0.204591	205.996807	0.001434	6.5
546	-0.807316	205.805716	0.029683	5.2
547	-1.265650	205.615096	0.020090	5.6
548	-1.098352	205.424946	0.009656	6.4
549	-0.249237	205.235265	0.002335	5.2
550	-0.648524	205.046050	0.025676	5.6
551	-0.802719	204.857299	0.019259	6.6
552	-0.734408	204.669011	0.009297	5.6
553	-1.022829	204.481184	0.014137	6.4
554	-0.788163	204.293816	0.008457	5.4
555	-0.629558	204.106905	0.012779	5.4
556	-0.709474	203.920449	0.010031	6.3
557	-0.752170	203.734447	0.008536	5.4
558	-1.084275	203.548896	0.010537	5.3
559	-1.158819	203.363795	0.011311	6.5
560	-0.163364	203.179143	0.002443	5.4
561	-0.994096	202.994937	0.013417	5.5
562	-0.299952	202.811176	0.003949	7.1
563	-1.123830	202.627857	0.008206	5.5
564	-0.001383	202.444980	0.000152	6.0
565	-1.176203	202.262543	0.009799	5.4
566	-0.707036	202.080543	0.006202	5.1
567	-1.134777	201.898979	0.007333	5.9
568	-0.000099	201.717849	0.000031	5.2
569	-0.121726	201.537153	0.001433	5.1
570	-0.630008	201.356887	0.006986	5.8
571	-0.020421	201.177050	0.000457	5.5
572	-1.033176	200.997642	0.019145	5.3
573	-0.000000	200.818659	0.000000	5.5
574	-1.175101	200.640100	0.017241	5.6
575	-0.616966	200.461965	0.011311	5.0
576	-1.034212	200.284250	0.010370	6.6
577	-0.000000	200.106955	0.000000	5.0
578	-1.278601	199.930078	0.023328	5.2
579	-0.000000	199.753617	0.000000	5.6
580	-0.712802	199.577571	0.007030	5.6
581	-0.000000	199.401938	0.000000	5.2
582	-0.000000	199.226717	0.000000	6.6
583	-1.080324	199.051905	0.018128	5.5
584	-0.948778	198.877502	0.011656	4.9
585	-0.962072	198.703506	0.010830	6.7
586	-0.923834	198.529916	0.015367	5.4
587	-0.000000	198.356729	0.000000	5.2
588	-0.702928	198.183944	0.003206	6.9
589	-0.524032	198.011560	0.008706	5.8
590	-0.998414	197.839576	0.009877	5.2
591	-0.000000	197.667989	0.000000	6.2
592	-0.352503	197.496798	0.004873	5.5
593	-0.000383	197.326002	0.000048	5.5
594	-1.215784	197.155600	0.006374	6.0
595	-0.000000	196.985589	0.000000	5.3
596	-0.014167	196.815969	0.000865	5.9
597	-0.559388	196.646738	0.007160	5.6
598	-0.572463	196.477894	0.009187	5.3
599	-0.000248	196.309436	0.000030	7.2
600	-1.070575	196.141363	0.014661	6.2
601	-1.134796	195.973673	0.018685	5.1
602	-0.236288	195.806365	0.003175	6.3
603	-0.489210	195.639437	0.006116	5.2
604	-0.989821	195.472888	0.005741	5.3
605	-0.884614	195.306717	0.018976	6.5
606	-0.705642	195.140922	0.014816	5.4
607	-0.863647	194.975501	0.010430	6.0
608	-0.906166	194.810454	0.009834	6.4
609	-0.000000	194.645779	0.000000	5.8
610	-0.718523	194.481475	0.013918	5.8
611	-0.521856	194.317540	0.009559	5.5
612	-0.000004	194.153973	0.000001	5.3
613	-1.101402	193.990773	0.016566	6.7
614	-0.930742	193.827938	0.012575	6.0
615	-1.000188	193.665467	0.012104	5.6
616	-0.050580	193.503358	0.001908	7.0
617	-0.793755	193.341611	0.009151	5.5
618	-0.000000	193.180224	0.000000	6.5
619	-1.065210	193.019196	0.010694	5.9
620	-0.593141	192.858525	0.007074	5.3
621	-0.841226	192.698210	0.012712	6.8
622	-1.184421	192.538251	0.003575	5.3
623	-1.148199	192.378644	0.016968	5.3
624	-1.094046	192.219391	0.014965	6.4
625	-0.515815	192.060488	0.007585	6.6
626	-0.794040	191.901935	0.007840	5.3
627	-0.000000	191.743730	0.000000	6.4
628	-1.041016	191.585873	0.017763	5.3
629	-0.000000	191.428362	0.000000	5.5
630	-0.259671	191.271196	0.003680	6.0
631	-0.000000	191.114374	0.000000	5.5
632	-0.708890	190.957893	0.016376	5.9
633	-1.214244	190.801755	0.036428	5.6
634	-1.089833	190.645956	0.021162	5.9
635	-0.620973	190.490495	0.011084	6.0
636	-1.123703	190.335373	0.018802	5.5
637	-1.097733	190.180587	0.008017	5.3
638	-0.000256	190.026136	0.000038	6.3
639	-0.185846	189.872019	0.003854	5.4
640	-1.003750	189.718235	0.019270	5.8
641	-1.102201	189.564782	0.015709	6.2
642	-0.162824	189.411661	0.003655	5.1
643	-0.941621	189.258868	0.012516	5.2
644	-1.057732	189.106404	0.022156	6.4
645	-0.879685	188.954267	0.012401	6.1
646	-0.000000	188.802456	0.000000	5.3
647	-1.240036	188.650969	0.019728	6.5
648	-0.638860	188.499807	0.011965	5.4
649	-0.862874	188.348967	0.011038	6.0
650	-0.000000	188.198448	0.000000	5.6
651	-1.124554	188.048250	0.013216	5.4
652	-1.196636	187.898371	0.043778	6.9
653	-0.000000	187.748810	0.000000	5.2
654	-0.860342	187.599566	0.010156	5.3
655	-1.116709	187.450638	0.017406	6.4
656	-0.300249	187.302025	0.004716	6.3
657	-0.000000	187.153725	0.000000	6.6
658	-0.000351	187.005739	0.000139	6.0
659	-0.912249	186.858064	0.013244	5.6
660	-1.096199	186.710699	0.013976	5.6
661	-1.114125	186.563645	0.019703	5.9
662	-0.799817	186.416898	0.010961	5.6
663	-0.000041	186.270459	0.000012	5.9
664	-0.000000	186.124326	0.000000	6.1
665	-0.867164	185.978499	0.010281	5.4
666	-0.958706	185.832976	0.031632	6.8
667	-0.569899	185.687756	0.005966	5.5
668	-1.249661	185.542838	0.015622	5.3
669	-0.934083	185.398222	0.009737	6.3
670	-1.094702	185.253906	0.011350	5.3
671	-1.050886	185.109889	0.013625	5.4
672	-1.120158	184.966170	0.014083	6.5
673	-0.000000	184.822748	0.000000	5.3
674	-0.594761	184.679623	0.007872	6.5
675	-0.278235	184.536792	0.004317	5.2
676	-0.000000	184.394256	0.000000	5.4
677	-0.029682	184.252013	0.001413	6.5
678	-0.891591	184.110062	0.039374	5.1
679	-0.792794	183.968403	0.008837	5.3
680	-1.105948	183.827034	0.007678	6.4
681	-1.094234	183.685954	0.020129	6.1
682	-0.188077	183.545163	0.002719	5.1
683	-0.403765	183.404658	0.009769	5.9
684	-1.013401	183.264441	0.006775	5.0
685	-0.927369	183.124509	0.011548	5.2
686	-1.224668	182.984861	0.022393	5.8
687	-0.000498	182.845497	0.000006	5.1
688	-1.048318	182.706416	0.014548	5.2
689	-0.870491	182.567616	0.032191	6.3
690	-0.761004	182.429098	0.011161	5.4
691	-0.883729	182.290859	0.006764	5.1
692	-1.054820	182.152899	0.013824	5.9
693	-0.000000	182.015217	0.000000	5.0
694	-0.272660	181.877813	0.002599	5.7
695	-0.000108	181.740684	0.000040	6.0
696	-0.000000	181.603832	0.000000	5.2
697	-0.744219	181.467253	0.009310	5.4
698	-0.000000	181.330948	0.000000	6.3
699	-0.684028	181.194916	0.016663	5.7
700	-0.000000	181.059155	0.000000	5.6
701	-0.399722	180.923666	0.005524	5.8
702	-0.000000	180.788446	0.000000	5.5
703	-0.929199	180.653496	0.014638	6.1
704	-0.630856	180.518814	0.010805	5.2
705	-1.167977	180.384399	0.030563	5.2
706	-1.134233	180.250251	0.031981	6.1
707	-0.000000	180.116369	0.000000	5.8
708	-0.000000	179.982752	0.000000	5.2
709	-1.061306	179.849398	0.012744	6.8
710	-0.078228	179.716308	0.001827	5.3
711	-0.233007	179.583480	0.005692	5.7
712	-0.944240	179.450913	0.008453	6.4
713	-0.348294	179.318607	0.003918	5.3
714	-0.000000	179.186561	0.000000	5.7
715	-1.074371	179.054774	0.011130	6.4
716	-0.996191	178.923245	0.008538	5.5
717	-0.000107	178.791973	0.000022	5.6
718	-0.066235	178.660958	0.002722	6.3
719	-1.090270	178.530199	0.019517	5.6
720	-0.759313	178.399694	0.016360	6.4
721	-0.861207	178.269444	0.007483	5.4
722	-1.120320	178.139447	0.027834	5.6
723	-0.112754	178.009702	0.002532	6.2
724	-0.946772	177.880209	0.005369	5.2
725	-0.807644	177.750967	0.007634	5.3
726	-0.499415	177.621975	0.004282	7.0
727	-0.930325	177.493232	0.014136	5.1
728	-1.068508	177.364738	0.014603	5.5
729	-0.686396	177.236492	0.004743	6.3
730	-1.114813	177.108492	0.016746	5.1
731	-0.019999	176.980739	0.000851	5.6
732	-0.813909	176.853231	0.007957	6.8
733	-0.000000	176.725968	0.000000	5.2
734	-0.627633	176.598949	0.009132	5.7
735	-1.024736	176.472173	0.010963	6.1
736	-1.179822	176.345639	0.014456	5.3
737	-0.000000	176.219348	0.000000	6.2
738	-0.000687	176.093296	0.000111	6.0
739	-0.000000	175.967486	0.000000	6.2
740	-1.229316	175.841914	0.018122	6.2
741	-0.282127	175.716581	0.002653	5.7
742	-1.168583	175.591486	0.005734	5.2
743	-0.839324	175.466629	0.012388	6.9
744	-1.184996	175.342008	0.007943	5.2
745	-0.000222	175.217622	0.000065	5.8
746	-0.000923	175.093472	0.000167	5.8
747	-1.037522	174.969556	0.009311	5.3
748	-1.226797	174.845873	0.009064	5.8
749	-0.764431	174.722423	0.005849	5.4
750	-1.177515	174.599206	0.010532	5.9
751	-1.160765	174.476220	0.017972	6.0
752	-0.396734	174.353464	0.007464	5.4
753	-0.861058	174.230939	0.016079	5.7
754	-0.717921	174.108643	0.005930	5.5
755	-0.499506	173.986576	0.004147	6.4
756	-0.006643	173.864737	0.000147	5.5
757	-0.693893	173.743124	0.018562	6.3
758	-0.000142	173.621739	0.000058	5.5
759	-0.136261	173.500579	0.003922	5.3
760	-0.000747	173.379645	0.000283	6.7
761	-0.848310	173.258935	0.015835	5.6
762	-0.867284	173.138449	0.011348	5.5
763	-0.493695	173.018186	0.007649	6.0
764	-1.025169	172.898146	0.008241	5.3
765	-0.000987	172.778327	0.000360	6.2
766	-0.006203	172.658730	0.000299	5.7
767	-1.110669	172.539353	0.012486	5.6
768	-0.284601	172.420196	0.007316	6.1
769	-0.850509	172.301258	0.005557	5.7
770	-0.615795	172.182539	0.013440	5.8
771	-0.766951	172.064037	0.019351	6.2
772	-1.131986	171.945753	0.019345	5.3
773	-1.068273	171.827686	0.015006	5.1
774	-0.715967	171.709834	0.010371	7.0
775	-0.928623	171.592198	0.012992	6.1
776	-0.819742	171.474776	0.017598	5.6
777	-0.896224	171.357568	0.018153	5.7
778	-0.673598	171.240574	0.007590	5.5
779	-0.000000	171.123793	0.000000	5.4
780	-0.242648	171.007223	0.004543	5.2
781	-1.109333	170.890865	0.013180	5.1
782	-0.743223	170.774718	0.007732	5.3
783	-0.182735	170.658782	0.003639	6.1
784	-0.453979	170.543055	0.007266	5.3
785	-0.975816	170.427537	0.009714	5.4
786	-0.553713	170.312227	0.008069	6.4
787	-1.269306	170.197125	0.020296	5.4
788	-0.807197	170.082231	0.010323	6.4
789	-0.009269	169.967543	0.000477	5.4
790	-0.426639	169.853061	0.002679	5.4
791	-1.088934	169.738784	0.009832	6.2
792	-0.000000	169.624713	0.000000	6.3
793	-0.136783	169.510845	0.003127	5.9
794	-1.110169	169.397181	0.007863	6.3
795	-0.408424	169.283720	0.006797	5.4
796	-1.000899	169.170462	0.008835	5.5
797	-0.079014	169.057405	0.002143	5.6
798	-0.317967	168.944549	0.005474	5.4
799	-0.820656	168.831895	0.008072	5.9
800	-0.975863	168.719440	0.012347	5.9
801	-1.200214	168.607185	0.013338	5.3
802	-0.476072	168.495129	0.003823	6.3
803	-0.682931	168.383271	0.009929	5.5
804	-0.000000	168.271611	0.000000	5.4
805	-0.804912	168.160148	0.009277	6.2
806	-0.240511	168.048882	0.002839	5.2
807	-0.976331	167.937812	0.008367	5.6
808	-0.046749	167.826938	0.001253	6.2
809	-0.882540	167.716258	0.013001	5.6
810	-0.000000	167.605773	0.000000	5.3
811	-1.169067	167.495482	0.016907	6.8
812	-0.639346	167.385384	0.010531	6.4
813	-0.900122	167.275479	0.009672	5.6
814	-0.770874	167.165766	0.006477	6.1
815	-0.000000	167.056245	0.000000	5.6
816	-0.252978	166.946915	0.002849	6.2
817	-0.000000	166.837776	0.000000	6.1
818	-0.002855	166.728826	0.000088	5.4
819	-0.896618	166.620067	0.013145	6.4
820	-1.107308	166.511496	0.010585	5.6
821	-0.000000	166.403113	0.000000	5.2
822	-0.000000	166.294919	0.000000	6.2
823	-0.642905	166.186912	0.012781	5.7
824	-1.144698	166.079091	0.006555	5.3
825	-0.966896	165.971458	0.010763	6.9
826	-0.860997	165.864009	0.015623	5.2
827	-0.843614	165.756747	0.012540	5.4
828	-0.872853	165.649669	0.019573	6.3
829	-0.953962	165.542775	0.019646	5.5
830	-0.001758	165.436065	0.000161	6.1
831	-0.904992	165.329538	0.014435	5.5
832	-1.128066	165.223194	0.013919	5.2
833	-1.230774	165.117032	0.010999	5.9
834	-0.789506	165.011052	0.015971	6.8
835	-0.007658	164.905253	0.001346	5.1
836	-0.694785	164.799635	0.010486	6.1
837	-0.803805	164.694197	0.005638	5.4
838	-0.000876	164.588939	0.000156	5.4
839	-0.648045	164.483859	0.016145	6.1
840	-0.822939	164.378959	0.007094	5.8
841	-1.168940	164.274237	0.008091	5.3
842	-0.079803	164.169692	0.001067	6.2
843	-1.038200	164.065325	0.013873	5.7
844	-0.000000	163.961135	0.000000	5.3
845	-0.795714	163.857120	0.018958	6.2
846	-1.314240	163.753282	0.020848	5.2
847	-1.148343	163.649619	0.012284	6.1
848	-0.241924	163.546130	0.001769	5.7
849	-1.233049	163.442816	0.018889	5.6
850	-0.009029	163.339676	0.000239	5.8
851	-0.832672	163.236709	0.009500	5.9
852	-0.952651	163.133915	0.005736	5.3
853	-0.142202	163.031294	0.002668	6.8
854	-1.045983	162.928844	0.014486	5.1
855	-0.807436	162.826566	0.010991	5.5
856	-0.516385	162.724459	0.015063	6.2
857	-0.801541	162.622523	0.005407	5.2
858	-0.879890	162.520757	0.009552	5.3
859	-0.634297	162.419160	0.005812	6.3
860	-1.156168	162.317733	0.016781	5.3
861	-1.245333	162.216474	0.020556	5.2
862	-0.864640	162.115383	0.008266	5.8
863	-0.999197	162.014461	0.015595	5.0
864	-1.004942	161.913705	0.015011	5.5
865	-1.161979	161.813117	0.017362	6.3
866	-0.000004	161.712695	0.000001	5.6
867	-0.627275	161.612439	0.004874	5.1
868	-0.686412	161.512349	0.011844	6.5
869	-0.880537	161.412424	0.010728	5.2
870	-1.318406	161.312663	0.013913	5.7
871	-0.405180	161.213067	0.004725	5.9
872	-1.006789	161.113635	0.012289	4.7
873	-0.000000	161.014366	0.000000	5.5
874	-1.257147	160.915260	0.039042	5.7
875	-0.000000	160.816316	0.000000	5.1
876	-0.000000	160.717535	0.000000	5.7
877	-1.082638	160.618915	0.022649	5.9
878	-0.744893	160.520456	0.009936	5.4
879	-0.491603	160.422158	0.005930	4.9
880	-0.697194	160.324021	0.006456	6.0
881	-0.995178	160.226043	0.018081	5.5
882	-0.843689	160.128225	0.023099	5.5
883	-0.979820	160.030566	0.012190	5.7
884	0.000000	159.933066	0.000000	5.6
885	-1.064826	159.835723	0.006134	5.9
886	-0.814908	159.738539	0.008612	6.3
887	-0.977747	159.641512	0.016163	5.6
888	-0.842698	159.544642	0.023504	6.3
889	-0.026822	159.447929	0.001608	5.5
890	-0.747966	159.351372	0.005052	5.3
891	-0.023992	159.254971	0.000894	6.0
892	-0.897460	159.158725	0.012730	5.7
893	-0.682118	159.062634	0.007427	5.4
894	-0.646119	158.966697	0.014949	6.0
895	-0.844231	158.870915	0.003907	5.4
896	-0.881547	158.775286	0.009041	5.5
897	-0.000000	158.679811	0.000000	6.5
898	-1.068976	158.584489	0.016912	5.2
899	-0.666834	158.489319	0.012116	6.1
900	-0.000016	158.394302	0.000004	5.5
901	-0.727150	158.299436	0.016822	5.7
902	-0.316676	158.204721	0.004185	6.0
903	-0.419337	158.110158	0.001701	5.6
904	-0.000000	158.015745	0.000000	5.7
905	-0.626162	157.921482	0.007785	6.1
906	-0.826082	157.827369	0.022211	6.1
907	-0.737535	157.733406	0.011181	5.8
908	-1.121114	157.639591	0.010514	6.3
909	-0.802333	157.545925	0.020052	5.2
910	-0.000001	157.452408	0.000000	5.8
911	-1.006371	157.359038	0.011644	6.3
912	-0.000000	157.265816	0.000000	5.2
913	-0.995757	157.172741	0.010205	5.3
914	-0.560410	157.079813	0.007246	6.8
915	-0.348827	156.987031	0.003113	5.2
916	-0.548897	156.894395	0.010309	5.6
917	-0.193711	156.801904	0.001963	5.4
918	-1.312054	156.709559	0.028785	5.7
919	-1.072442	156.617359	0.018849	5.9
920	-0.327518	156.525304	0.003219	5.2
921	-0.713116	156.433392	0.003383	5.8
922	-0.469999	156.341624	0.007023	5.9
923	-1.189528	156.250000	0.009030	6.1
924	-1.148823	156.158519	0.011837	5.5
925	-0.000000	156.067180	0.000000	5.9
926	-1.183689	155.975984	0.021400	5.2
927	-0.036599	155.884930	0.001344	5.8
928	-1.227136	155.794017	0.013189	6.2
929	-0.749879	155.703246	0.018021	5.1
930	-0.706008	155.612615	0.011899	5.7
931	-0.466718	155.522125	0.005838	6.2
932	-0.879770	155.431775	0.014145	5.2
933	-0.452089	155.341565	0.005155	5.9
934	-1.102390	155.251495	0.010148	5.9
935	-1.099734	155.161563	0.018840	5.3
936	-1.026214	155.071771	0.005279	5.5
937	-0.647235	154.982117	0.008642	5.8
938	-0.841879	154.892601	0.011947	5.7
939	-0.383560	154.803222	0.003812	6.2
940	-0.812990	154.713981	0.006478	5.6
941	-0.497226	154.624878	0.008175	5.1
942	-0.000000	154.535910	0.000000	5.4
943	-0.758013	154.447080	0.013199	6.3
944	-0.000000	154.358385	0.000000	6.1
945	-0.913393	154.269826	0.011815	6.5
946	-0.898685	154.181402	0.004262	5.5
947	-0.941611	154.093114	0.010535	5.3
948	-0.853012	154.004960	0.011669	6.0
949	-1.038503	153.916940	0.010456	5.0
950	-0.928891	153.829054	0.009509	5.5
951	-1.202187	153.741303	0.008918	5.8
952	-0.406908	153.653684	0.008497	5.3
953	-1.008858	153.566198	0.016352	5.1
954	-0.167900	153.478846	0.003180	6.0
955	-0.978685	153.391625	0.014514	5.5
956	-1.041991	153.304537	0.013673	5.3
957	-1.170275	153.217580	0.019392	6.8
958	-0.014776	153.130755	0.000639	5.5
959	-0.464884	153.044061	0.005043	6.3
960	-1.341656	152.957498	0.030104	5.6
961	-0.727886	152.871065	0.010319	5.4
962	-0.096943	152.784762	0.001548	5.7
963	-0.803803	152.698589	0.011173	6.1
964	-0.769116	152.612545	0.034069	6.0
965	-0.866403	152.526631	0.019416	6.2
966	-0.000000	152.440845	0.000000	5.3
967	-0.000000	152.355188	0.000000	5.2
968	-1.125543	152.269660	0.026088	5.7
969	-0.674123	152.184259	0.016926	5.3
970	-0.936913	152.098986	0.018923	5.6
971	-0.737652	152.013840	0.008025	6.2
972	-1.034563	151.928821	0.018517	5.4
973	-1.213350	151.843928	0.026005	5.7
974	-0.000000	151.759163	0.000000	6.2
975	-0.387462	151.674523	0.003624	5.7
976	-1.065698	151.590009	0.010954	5.5
977	-0.924964	151.505620	0.014193	6.2
978	-0.860931	151.421357	0.014485	5.3
979	-0.855123	151.337218	0.006194	6.1
980	-0.000001	151.253204	0.000000	5.7
981	-0.939856	151.169314	0.006213	5.4
982	-0.847050	151.085549	0.009865	5.6
983	-0.555276	151.001907	0.008002	6.6
984	-0.000000	150.918388	0.000000	6.0
985	-1.045619	150.834992	0.015812	5.6
986	-0.000000	150.751719	0.000000	5.4
987	-0.467580	150.668569	0.005502	5.4
988	-0.050601	150.585541	0.001453	6.9
989	-0.161589	150.502634	0.001762	5.6
990	-1.103537	150.419849	0.015170	5.7
991	-0.000042	150.337186	0.000017	5.9
992	-0.687223	150.254644	0.007498	5.2
993	-0.175677	150.172222	0.002756	6.1
994	-1.225334	150.089921	0.013475	5.9
995	-1.247430	150.007740	0.014083	5.6
996	-0.881095	149.925679	0.008619	6.1
997	-1.058485	149.843737	0.020546	5.8
998	-0.010589	149.761915	0.000410	5.4
999	-0.690453	149.680212	0.009262	5.9
1000	-1.145400	149.598627	0.024580	5.7
1001	-1.225493	149.517161	0.024775	5.3
1002	-1.061081	149.435814	0.018295	6.1
1003	-0.803871	149.354584	0.019315	6.3
1004	-1.015612	149.273472	0.011408	5.6
1005	-0.000000	149.192477	0.000000	6.6
1006	-1.152235	149.111599	0.019981	5.3
1007	-0.000000	149.030838	0.000000	5.5
1008	-1.034513	148.950194	0.007249	5.9
1009	-1.103145	148.869666	0.009707	5.3
1010	-0.000000	148.789253	0.000000	6.2
1011	-0.965317	148.708957	0.008861	5.8
1012	-0.709611	148.628776	0.012779	5.6
1013	-0.959208	148.548710	0.008143	6.1
1014	-0.883824	148.468759	0.015130	5.7
1015	-0.000000	148.388923	0.000000	5.4
1016	-0.800175	148.309201	0.021647	6.0
1017	-0.830796	148.229594	0.007176	5.6
1018	-0.617063	148.150100	0.005102	5.2
1019	-1.260668	148.070719	0.030846	5.5
1020	-0.729100	147.991452	0.007412	6.3
1021	-1.117284	147.912298	0.018203	4.6
1022	-1.135703	147.833257	0.015162	6.1
1023	-0.000000	147.754329	0.000000	5.1
1024	-0.935503	147.675512	0.005962	5.1
1025	-0.000000	147.596808	0.000000	6.0
1026	-0.095475	147.518216	0.001872	5.4
1027	-0.679130	147.439735	0.009113	5.5
1028	-0.920288	147.361365	0.009573	6.2
1029	-0.907320	147.283106	0.022297	5.5
1030	-0.832679	147.204958	0.007844	5.1
1031	-0.945534	147.126920	0.010187	6.0
1032	-1.185419	147.048993	0.014455	5.3
1033	-1.003064	146.971175	0.013965	5.6
1034	-0.760600	146.893468	0.012323	6.5
1035	-1.222839	146.815869	0.015168	5.4
1036	-0.663532	146.738380	0.012475	5.6
1037	-1.027487	146.661000	0.023100	5.7
1038	-0.000004	146.583729	0.000001	5.4
1039	-0.000000	146.506566	0.000000	6.1
1040	-1.177530	146.429511	0.012285	6.2
1041	-0.265252	146.352565	0.003217	6.6
1042	-0.733343	146.275726	0.006047	5.8
1043	-0.621928	146.198994	0.009634	5.3
1044	-0.000002	146.122370	0.000001	6.0
1045	-1.317623	146.045853	0.025243	6.1
1046	-0.624856	145.969442	0.008991	5.7
1047	-1.021255	145.893139	0.017439	6.2
1048	-0.000000	145.816941	0.000000	5.8
1049	-0.000000	145.740849	0.000000	5.3
1050	-0.053251	145.664863	0.000827	6.9
1051	-0.733269	145.588983	0.008479	5.6
1052	-0.908659	145.513208	0.004502	5.2
1053	-0.000000	145.437538	0.000000	5.8
1054	-0.000000	145.361973	0.000000	5.8
1055	-1.175632	145.286513	0.016610	5.3
1056	-1.306728	145.211157	0.022076	6.4
1057	-0.968452	145.135905	0.013261	6.5
1058	-0.834713	145.060757	0.008405	5.6
1059	-0.048710	144.985712	0.002416	5.5
1060	-1.077542	144.910771	0.019191	5.9
1061	-0.938970	144.835934	0.013284	5.9
1062	-1.044613	144.761199	0.007159	5.9
1063	-0.961523	144.686567	0.011548	5.4
1064	-0.450328	144.612037	0.004389	5.8
1065	-0.293368	144.537610	0.002933	5.8
1066	-0.047761	144.463285	0.002057	4.6
1067	-0.000000	144.389062	0.000000	5.8
1068	-0.647816	144.314940	0.007719	5.8
1069	-0.201413	144.240920	0.001511	5.4
1070	-0.690703	144.167001	0.007834	6.2
1071	-0.912247	144.093182	0.009098	5.3
1072	-0.000000	144.019465	0.000000	5.3
1073	-1.003094	143.945848	0.015964	6.9
1074	-0.400497	143.872331	0.003068	6.2
1075	-0.066598	143.798914	0.000737	5.3
1076	-0.004915	143.725597	0.000297	6.2
1077	-1.337417	143.652380	0.024507	5.1
1078	-1.168695	143.579262	0.010509	5.3
1079	-0.752558	143.506243	0.015826	5.7
1080	-0.051142	143.433323	0.002037	5.0
1081	-0.898608	143.360502	0.012550	4.9
1082	-1.189972	143.287780	0.011750	5.8
1083	-1.278244	143.215155	0.010273	5.0
1084	-1.126835	143.142629	0.025161	5.3
1085	-1.340916	143.070201	0.059736	6.0
1086	-0.009206	142.997870	0.000080	5.1
1087	-0.679974	142.925637	0.003296	5.4
1088	-0.083140	142.853501	0.000790	5.7
1089	-1.163938	142.781462	0.011251	5.1
1090	-1.045381	142.709519	0.009839	5.1
1091	-0.000000	142.637674	0.000000	5.9
1092	-0.688059	142.565924	0.008201	5.2
1093	-0.675316	142.494271	0.010574	5.6
1094	-1.031337	142.422714	0.016416	5.8
1095	-1.095705	142.351252	0.011398	6.8
1096	-1.177555	142.279886	0.028893	5.7
1097	-1.140403	142.208616	0.012162	5.7
1098	-0.871343	142.137440	0.006186	5.4
1099	-0.471977	142.066360	0.007620	5.9
1100	-0.000000	141.995374	0.000000	5.6
1101	-0.912585	141.924483	0.008672	5.3
1102	-1.099519	141.853685	0.010731	6.1
1103	-0.000000	141.782983	0.000000	6.2
1104	-1.049437	141.712373	0.010819	5.2
1105	-0.048906	141.641858	0.001433	5.7
1106	-1.126392	141.571436	0.017704	5.4
1107	-0.482504	141.501108	0.005888	5.8
1108	-0.795272	141.430872	0.014931	6.8
1109	-1.177637	141.360730	0.039201	6.0
1110	-1.192151	141.290680	0.013681	6.0
1111	-0.729415	141.220722	0.020649	6.1
1112	-0.000000	141.150857	0.000000	5.5
1113	-1.136623	141.081084	0.010003	6.4
1114	-0.623899	141.011403	0.009012	5.2
1115	-0.764581	140.941813	0.002543	5.2
1116	-0.082100	140.872315	0.003200	6.0
1117	-0.438295	140.802909	0.006967	5.6
1118	-0.164704	140.733593	0.004246	5.2
1119	-1.260382	140.664369	0.027218	6.6
1120	-0.036684	140.595235	0.000310	5.4
1121	-1.091061	140.526192	0.013491	5.2
1122	-0.810625	140.457239	0.012415	6.0
1123	-1.039678	140.388376	0.008128	5.4
1124	-0.959431	140.319603	0.018437	5.8
1125	-0.786483	140.250920	0.008953	6.0
1126	-0.005549	140.182326	0.000347	5.6
1127	-1.174935	140.113822	0.006468	5.3
1128	-0.872354	140.045407	0.021247	6.9
1129	-1.103776	139.977081	0.009626	4.9
1130	-0.000009	139.908844	0.000003	6.1
1131	-1.252047	139.840696	0.016897	6.5
1132	-0.000000	139.772635	0.000000	6.0
1133	-0.000000	139.704664	0.000000	5.9
1134	-1.079006	139.636780	0.030064	5.3
1135	-0.000000	139.568984	0.000000	5.3
1136	-1.111749	139.501276	0.012616	7.2
1137	-1.072054	139.433655	0.019870	5.3
1138	-0.907262	139.366122	0.010704	5.4
1139	-0.906692	139.298676	0.008799	6.0
1140	-0.932783	139.231317	0.019254	5.4
1141	-0.000000	139.164045	0.000000	5.9
1142	-0.000000	139.096859	0.000000	5.0
1143	-0.060714	139.029760	0.002250	5.2
1144	-1.187398	138.962747	0.019062	5.6
1145	-1.303596	138.895820	0.020608	6.1
1146	-1.071816	138.828978	0.015368	5.2
1147	-0.000000	138.762223	0.000000	6.1
1148	-0.000000	138.695553	0.000000	5.8
1149	-0.000000	138.628969	0.000000	5.2
1150	-0.021469	138.562469	0.001537	5.9
1151	-0.114262	138.496055	0.003539	6.2
1152	-0.059749	138.429725	0.000371	5.5
1153	-0.187658	138.363481	0.005405	5.7
1154	-1.020704	138.297320	0.016092	5.3
1155	-0.000022	138.231244	0.000007	5.0
1156	-0.287080	138.165252	0.004515	5.6
1157	-0.905346	138.099344	0.011973	5.6
1158	-0.193795	138.033520	0.005071	5.2
1159	-0.991807	137.967779	0.008032	5.9
1160	-0.424821	137.902122	0.003681	5.2
1161	-0.000000	137.836548	0.000000	5.2
1162	-0.933483	137.771057	0.006036	6.2
1163	-0.866050	137.705649	0.011679	5.1
1164	-0.945430	137.640324	0.019644	4.9
1165	-0.971012	137.575081	0.014430	6.5
1166	-0.000000	137.509921	0.000000	5.5
1167	-0.652215	137.444842	0.011810	5.3
1168	-0.572894	137.379846	0.013104	6.5
1169	-0.795927	137.314932	0.003743	6.2
1170	-0.000000	137.250100	0.000000	5.3
1171	-0.000000	137.185349	0.000000	6.0
1172	-0.075969	137.120680	0.001869	5.7
1173	-0.659622	137.056092	0.008179	5.7
1174	-1.181993	136.991585	0.025983	5.6
1175	-0.929041	136.927158	0.009375	5.4
1176	-1.033769	136.862813	0.012288	6.0
1177	-0.043748	136.798548	0.002829	5.4
1178	-0.334341	136.734363	0.002968	5.4
1179	-0.867317	136.670259	0.018536	5.9
1180	-0.258801	136.606235	0.002010	5.7
1181	-1.066548	136.542291	0.007491	5.3
1182	-0.090767	136.478426	0.002140	6.9
1183	-0.000000	136.414641	0.000000	5.5
1184	-1.220237	136.350936	0.028809	5.4
1185	-0.000000	136.287310	0.000000	6.4
1186	-1.227384	136.223763	0.029600	5.4
1187	-1.280760	136.160295	0.009015	5.2
1188	-0.692274	136.096905	0.011010	6.6
1189	-0.000000	136.033594	0.000000	6.0
1190	-1.098956	135.970362	0.015348	6.0
1191	-0.525499	135.907208	0.018540	5.7
1192	-0.840365	135.844133	0.005755	5.3
1193	-0.029112	135.781135	0.001146	5.6
1194	-0.944809	135.718215	0.007987	5.8
1195	-0.000129	135.655373	0.000034	5.4
1196	-0.268772	135.592608	0.005288	5.3
1197	-0.187537	135.529921	0.003098	6.4
1198	-0.000000	135.467311	0.000000	5.4
1199	-0.698103	135.404778	0.018764	6.5
1200	-0.671768	135.342322	0.007646	5.3
1201	-0.547283	135.279942	0.004252	5.4
1202	-0.636295	135.217640	0.011442	6.3
1203	-1.197240	135.155413	0.009401	6.1
1204	-1.100259	135.093263	0.013363	5.5
1205	-1.102440	135.031190	0.010306	6.7
1206	-0.784165	134.969192	0.016745	5.7
1207	-0.024472	134.907270	0.001530	5.4
1208	-1.071238	134.845424	0.010076	5.6
1209	-0.874842	134.783653	0.011912	5.4
1210	-1.070719	134.721958	0.013425	5.6
1211	-1.153169	134.660338	0.011309	6.4
1212	-0.000795	134.598793	0.000237	4.9
1213	-0.891220	134.537323	0.012277	5.9
1214	-0.753690	134.475927	0.006085	5.5
1215	-0.993626	134.414607	0.011894	5.4
1216	-0.001900	134.353361	0.000312	6.3
1217	-0.627730	134.292189	0.014958	5.2
1218	-1.205268	134.231092	0.018444	5.2
1219	-0.592776	134.170068	0.006791	6.3
1220	-1.244825	134.109119	0.008505	5.3
1221	-1.270220	134.048243	0.013094	5.6
1222	-1.118347	133.987441	0.003124	6.2
1223	-0.679693	133.926713	0.010275	6.0
1224	-0.678415	133.866057	0.006933	5.7
1225	-1.219899	133.805475	0.022466	5.7
1226	-0.370899	133.744966	0.005711	6.0
1227	-1.147438	133.684530	0.006222	5.8
1228	-0.900184	133.624167	0.012057	6.4
1229	-1.234874	133.563877	0.019347	5.7
1230	0.000000	133.503658	0.000000	6.1
1231	-1.139648	133.443513	0.016832	5.4
1232	-0.988754	133.383439	0.005575	5.4
1233	-0.938818	133.323437	0.008037	5.9
1234	-0.525401	133.263508	0.005477	5.5
1235	-0.996266	133.203650	0.008349	6.0
1236	-0.000000	133.143864	0.000000	6.1
1237	-0.000000	133.084149	0.000000	5.4
1238	-1.301754	133.024506	0.015741	5.6
1239	-0.307860	132.964934	0.003525	6.3
1240	-0.000273	132.905433	0.000041	5.5
1241	-0.168969	132.846003	0.003199	5.3
1242	-1.372312	132.786643	0.018449	6.3
1243	-0.000000	132.727355	0.000000	6.3
1244	-0.820391	132.668137	0.010675	6.2
1245	-1.017156	132.608989	0.008452	5.3
1246	-1.153901	132.549912	0.016099	5.2
1247	-1.033720	132.490904	0.016462	6.6
1248	-0.000000	132.431967	0.000000	5.3
1249	-1.023495	132.373100	0.012176	5.5
1250	-0.000000	132.314302	0.000000	6.1
1251	-1.110644	132.255574	0.007431	5.6
1252	-1.071396	132.196916	0.009276	5.4
1253	-0.056638	132.138326	0.000771	6.1
1254	-0.000000	132.079806	0.000000	5.4
1255	-0.302807	132.021355	0.004007	5.4
1256	-0.958390	131.962973	0.006456	6.4
1257	-0.598341	131.904660	0.008538	4.7
1258	-1.195868	131.846415	0.017675	5.5
1259	-0.036696	131.788239	0.000624	6.0
1260	-0.936621	131.730131	0.010691	5.2
1261	-0.080220	131.672092	0.002280	5.3
1262	-0.215860	131.614121	0.001372	5.9
1263	-0.906489	131.556217	0.014118	6.0
1264	-0.000000	131.498382	0.000000	5.4
1265	-0.526550	131.440614	0.010666	6.0
1266	-0.000014	131.382914	0.000006	5.5
1267	-0.887442	131.325282	0.008002	5.8
1268	-0.802214	131.267717	0.017847	5.4
1269	-1.096123	131.210219	0.018809	5.4
1270	-0.816785	131.152788	0.008723	6.4
1271	-1.263684	131.095424	0.011288	5.2
1272	-0.002226	131.038127	0.000585	5.4
1273	-0.765790	130.980897	0.009960	6.0
1274	-0.044179	130.923733	0.001140	5.2
1275	-1.044630	130.866636	0.014005	5.4
1276	-0.857404	130.809605	0.012522	6.3
1277	-0.766423	130.752641	0.006215	5.3
1278	-0.963086	130.695742	0.017623	5.8
1279	-1.268871	130.638910	0.012927	7.3
1280	-0.524064	130.582143	0.007957	6.3
1281	-1.110093	130.525442	0.024447	5.8
1282	-1.054953	130.468807	0.013591	5.7
1283	-0.682117	130.412237	0.007093	5.4
1284	-0.698640	130.355733	0.006513	5.5
1285	-0.171371	130.299294	0.003997	5.3
1286	-0.977553	130.242920	0.014761	5.4
1287	-0.511180	130.186611	0.009013	5.8
1288	-1.164620	130.130366	0.006834	5.8
1289	-0.907424	130.074187	0.012337	5.6
1290	-1.019287	130.018072	0.007500	6.0
1291	-0.167939	129.962022	0.003292	5.2
1292	-0.136731	129.906036	0.004942	5.7
1293	-0.000000	129.850114	0.000000	5.5
1294	-1.071532	129.794257	0.010529	5.4
1295	-1.012392	129.738463	0.012117	5.9
1296	-1.057387	129.682734	0.012357	6.3
1297	-0.107820	129.627068	0.001325	5.6
1298	-0.913791	129.571466	0.009407	5.3
1299	-0.950315	129.515927	0.012421	7.1
1300	-0.012327	129.460452	0.000642	5.7
1301	-0.454560	129.405040	0.005987	5.7
1302	-0.815428	129.349692	0.009798	5.7
1303	-0.427005	129.294406	0.004562	5.7
1304	-0.343393	129.239183	0.004160	6.3
1305	-0.508344	129.184024	0.003946	4.7
1306	-0.038872	129.128927	0.001429	5.1
1307	-0.325236	129.073892	0.006806	6.6
1308	-1.082475	129.018921	0.013580	4.9
1309	-0.895181	128.964011	0.005875	5.2
1310	-1.289794	128.909164	0.007606	5.8
1311	-0.958949	128.854379	0.008632	5.1
1312	-1.236417	128.799656	0.016350	5.2
1313	-1.148762	128.744995	0.006301	5.8
1314	-1.236562	128.690396	0.029236	5.4
1315	-0.625238	128.635858	0.010813	5.1
1316	-1.109726	128.581382	0.008626	5.8
1317	-0.540037	128.526968	0.007849	6.1
1318	-0.540947	128.472615	0.007562	5.6
1319	-1.034044	128.418323	0.006333	5.9
1320	-0.000211	128.364092	0.000064	5.1
1321	-1.278002	128.309922	0.016647	5.1
1322	-0.000000	128.255814	0.000000	6.0
1323	-1.022585	128.201766	0.018314	5.9
1324	-0.381465	128.147778	0.004984	5.2
1325	-0.497129	128.093852	0.008406	6.0
1326	-1.269104	128.039985	0.012269	5.2
1327	-0.770926	127.986180	0.012617	5.3
1328	-0.098095	127.932434	0.003186	6.5
1329	-0.150234	127.878749	0.002160	5.4
1330	-0.292242	127.825123	0.002252	5.5
1331	-0.510615	127.771558	0.006229	6.0
1332	-0.877628	127.718052	0.008701	5.7
1333	-0.000000	127.664606	0.000000	5.8
1334	-0.973008	127.611220	0.008803	6.1
1335	-0.000000	127.557893	0.000000	5.4
1336	-0.000000	127.504625	0.000000	5.9
1337	-0.000000	127.451417	0.000000	5.8
1338	-0.098403	127.398268	0.001580	5.5
1339	-0.918267	127.345178	0.013587	6.4
1340	-0.117320	127.292147	0.000740	5.1
1341	-0.076819	127.239175	0.000904	4.9
1342	-1.387615	127.186261	0.039145	6.1
1343	-0.143530	127.133407	0.003539	5.6
1344	-1.013834	127.080610	0.035852	5.4
1345	-0.837573	127.027872	0.028240	5.9
1346	-0.637148	126.975193	0.005815	5.6
1347	-0.249781	126.922572	0.002894	5.5
1348	-0.917805	126.870008	0.004704	5.7
1349	0.000000	126.817503	0.000000	5.3
1350	-0.000000	126.765056	0.000000	5.4
1351	-1.038797	126.712667	0.009520	6.6
1352	-0.585793	126.660335	0.010212	5.2
1353	-0.750403	126.608061	0.011536	5.3
1354	-0.918113	126.555844	0.007932	5.8
1355	-0.475019	126.503685	0.005191	6.5
1356	-0.305180	126.451583	0.004109	5.8
1357	-1.174805	126.399538	0.024036	5.7
1358	-0.890473	126.347550	0.010393	5.4
1359	-0.809154	126.295619	0.007533	5.9
1360	-1.001101	126.243745	0.005096	5.5
1361	-0.219504	126.191928	0.003156	5.9
1362	-0.540601	126.140168	0.003954	5.6
1363	-0.025081	126.088464	0.001092	4.7
1364	-0.005549	126.036817	0.000591	5.1
1365	-0.725665	125.985226	0.009446	5.7
1366	-1.129572	125.933691	0.016042	5.4
1367	-0.872441	125.882212	0.012412	5.6
1368	-1.278671	125.830790	0.006814	6.0
1369	-0.381692	125.779423	0.006222	5.2
1370	-0.000000	125.728113	0.000000	5.4
1371	-0.207120	125.676858	0.002732	6.4
1372	-1.080496	125.625659	0.013076	5.0
1373	-1.067897	125.574515	0.012316	5.4
1374	-1.073139	125.523427	0.010345	6.3
1375	-0.120969	125.472394	0.002134	6.5
1376	-0.000000	125.421417	0.000000	5.6
1377	-1.185120	125.370495	0.017890	6.1
1378	-0.962621	125.319628	0.009216	5.2
1379	-0.000000	125.268815	0.000000	5.5
1380	-1.178683	125.218058	0.010511	5.6
1381	-0.715613	125.167356	0.020552	5.8
1382	-1.177721	125.116708	0.015639	5.6
1383	-0.940905	125.066115	0.009998	6.0
1384	-1.150846	125.015576	0.011109	5.6
1385	-0.020228	124.965092	0.001269	6.1
1386	-0.702533	124.914662	0.008240	5.3
1387	-0.844699	124.864287	0.011326	5.3
1388	-0.961080	124.813965	0.017789	6.0
1389	-0.768738	124.763698	0.007192	5.3
1390	-0.007136	124.713485	0.000377	5.7
1391	-0.755333	124.663325	0.003941	6.3
1392	-1.113688	124.613219	0.008234	6.8
1393	-1.144609	124.563167	0.018522	5.6
1394	-0.404023	124.513168	0.004000	6.0
1395	-0.368752	124.463223	0.006227	5.2
1396	-0.903006	124.413332	0.011541	6.3
1397	-0.000005	124.363493	0.000002	5.6
1398	-0.650556	124.313708	0.010852	5.1
1399	-0.219304	124.263976	0.005038	5.8
1400	-1.074880	124.214297	0.010804	5.3
1401	-0.775497	124.164671	0.005540	5.5
1402	-0.098124	124.115097	0.000917	6.2
1403	-0.946468	124.065577	0.023289	5.1
1404	-1.053916	124.016109	0.014613	5.0
1405	-0.682763	123.966693	0.015128	5.8
1406	-0.000000	123.917330	0.000000	5.4
1407	-0.902879	123.868020	0.009789	5.1
1408	-0.410057	123.818762	0.003867	5.9
1409	-0.234207	123.769556	0.003083	5.4
1410	-0.730024	123.720402	0.016788	5.0
1411	-0.000287	123.671300	0.000122	6.3
1412	-1.147378	123.622250	0.011356	5.6
1413	-1.119116	123.573252	0.020853	5.4
1414	-0.000000	123.524305	0.000000	5.9
1415	-0.928686	123.475411	0.008521	5.3
1416	-0.000000	123.426568	0.000000	5.6
1417	-0.838887	123.377776	0.012054	6.0
1418	-1.328268	123.329036	0.013468	5.6
1419	-1.195647	123.280347	0.010116	5.4
1420	-0.027323	123.231709	0.000754	6.3
1421	-1.357304	123.183122	0.034669	5.5
1422	-1.234275	123.134587	0.031705	5.3
1423	-0.000000	123.086102	0.000000	6.0
1424	-0.925271	123.037669	0.013041	5.6
1425	-0.918848	122.989286	0.008286	5.5
1426	-0.237172	122.940954	0.004394	7.0
1427	-0.697230	122.892672	0.010009	5.2
1428	-0.605802	122.844441	0.012651	5.6
1429	-0.000000	122.796261	0.000000	6.8
1430	-0.000000	122.748130	0.000000	5.5
1431	-0.889966	122.700050	0.012890	5.8
1432	-0.000000	122.652021	0.000000	5.2
1433	-0.654631	122.604041	0.004512	5.7
1434	-1.120033	122.556111	0.016790	6.0
1435	-1.024631	122.508232	0.015757	5.5
1436	-1.168791	122.460402	0.008021	5.7
1437	-1.211557	122.412622	0.013611	5.9
1438	-0.855117	122.364891	0.006896	5.4
1439	-0.000000	122.317210	0.000000	5.8
1440	-1.168079	122.269579	0.023395	5.8
1441	-0.669982	122.221997	0.009614	5.6
1442	-0.000000	122.174465	0.000000	5.6
1443	-1.112339	122.126981	0.012319	5.7
1444	-0.914569	122.079547	0.013906	5.5
1445	-1.140211	122.032162	0.019906	6.0
1446	-0.000000	121.984826	0.000000	5.8
1447	-0.000000	121.937539	0.000000	5.3
1448	-0.976032	121.890301	0.016528	6.1
1449	-0.000037	121.843112	0.000008	6.0
1450	-0.000000	121.795971	0.000000	5.1
1451	-1.022375	121.748879	0.005582	6.3
1452	-0.000000	121.701835	0.000000	5.9
1453	-0.515080	121.654840	0.009701	6.1
1454	-1.040635	121.607893	0.012543	6.7
1455	-0.298582	121.560994	0.011113	5.2
1456	-1.061130	121.514144	0.011794	6.0
1457	-0.258087	121.467342	0.004232	6.1
1458	-0.557810	121.420588	0.002114	5.5
1459	-0.461787	121.373882	0.003056	5.8
1460	-0.000000	121.327223	0.000000	5.3
1461	-1.089385	121.280613	0.009567	5.7
1462	-0.402830	121.234050	0.004858	6.1
1463	-0.000000	121.187535	0.000000	5.7
1464	-0.936908	121.141067	0.014485	5.8
1465	-0.074501	121.094647	0.003410	6.0
1466	-0.354160	121.048274	0.002443	6.3
1467	-0.948589	121.001949	0.005331	5.2
1468	-0.847054	120.955671	0.018629	6.4
1469	-0.958494	120.909440	0.017791	5.6
1470	-0.999360	120.863256	0.018458	6.3
1471	-0.883733	120.817119	0.013537	6.0
1472	-1.023303	120.771029	0.015335	5.2
1473	-1.135499	120.724986	0.009968	6.6
1474	-1.137667	120.678990	0.008284	5.5
1475	-1.248411	120.633040	0.011852	5.4
1476	-0.816506	120.587137	0.008166	6.2
1477	-1.125714	120.541281	0.010267	5.2
1478	-0.380294	120.495471	0.004543	5.2
1479	-0.035772	120.449707	0.001044	6.5
1480	-0.749796	120.403990	0.010699	5.3
1481	-0.745001	120.358319	0.012705	5.6
1482	-1.045302	120.312694	0.008578	5.8
1483	-0.302433	120.267115	0.003635	5.8
1484	-0.863030	120.221582	0.011578	5.5
1485	-1.236641	120.176096	0.014120	6.5
1486	-0.447578	120.130655	0.006057	5.8
1487	-0.770366	120.085260	0.014628	6.1
1488	-1.257857	120.039910	0.021121	5.5
1489	-0.010024	119.994606	0.000301	5.5
1490	-0.879561	119.949348	0.014436	6.4
1491	-0.892229	119.904135	0.011703	5.3
1492	-1.103354	119.858968	0.022366	5.3
1493	-1.049046	119.813846	0.013035	6.7
1494	-0.789913	119.768769	0.015559	5.5
1495	-0.857919	119.723738	0.009849	5.3
1496	-0.206422	119.678752	0.002511	6.4
1497	-0.006827	119.633810	0.000624	5.7
1498	-0.029736	119.588914	0.001272	5.1
1499	-0.525444	119.544062	0.008006	5.5
1500	-0.337058	119.499256	0.004238	5.1
1501	-1.185748	119.454494	0.048539	5.5
1502	-1.125700	119.409777	0.018809	5.5
1503	-0.502020	119.365104	0.004666	5.9
1504	-0.700244	119.320476	0.008148	5.1
1505	-0.000000	119.275893	0.000000	6.2
1506	-0.000000	119.231353	0.000000	5.5
1507	-0.552163	119.186859	0.006649	5.0
1508	-0.000000	119.142408	0.000000	6.0
1509	-1.102784	119.098002	0.010064	5.1
1510	-1.074180	119.053639	0.010991	4.6
1511	-0.000000	119.009321	0.000000	6.1
1512	-0.726313	118.965047	0.008174	5.0
1513	-0.912537	118.920816	0.009261	5.2
1514	-0.000000	118.876630	0.000000	6.4
1515	-0.000000	118.832487	0.000000	5.3
1516	-0.010476	118.788388	0.000710	5.2
1517	-1.250497	118.744332	0.025892	5.9
1518	-0.679534	118.700320	0.010349	5.3
1519	-0.000000	118.656352	0.000000	6.4
1520	-0.547065	118.612427	0.004651	6.2
1521	-1.065335	118.568545	0.014055	5.6
1522	-1.098088	118.524706	0.019120	6.4
1523	-0.615323	118.480911	0.007940	5.9
1524	-0.000000	118.437159	0.000000	5.5
1525	-0.000000	118.393450	0.000000	6.3
1526	-0.766169	118.349784	0.019035	5.2
1527	-0.878551	118.306160	0.009802	5.3
1528	-0.620482	118.262580	0.006032	6.1
1529	-1.124314	118.219042	0.010860	5.4
1530	-1.248547	118.175548	0.012328	5.6
1531	-0.866762	118.132095	0.015404	6.4
1532	-0.000000	118.088686	0.000000	5.3
1533	-0.034152	118.045319	0.001705	6.1
1534	-0.619854	118.001994	0.009835	5.6
1535	-1.116855	117.958712	0.013278	5.3
1536	-0.716958	117.915472	0.004962	5.5
1537	-0.893256	117.872274	0.007039	5.9
1538	-0.000000	117.829118	0.000000	5.2
1539	-0.000000	117.786005	0.000000	6.1
1540	-0.957012	117.742933	0.008492	6.3
1541	-0.000000	117.699904	0.000000	5.4
1542	-0.000008	117.656916	0.000003	5.9
1543	-0.832405	117.613971	0.021856	5.4
1544	-0.776194	117.571067	0.013934	5.7
1545	-0.875145	117.528205	0.010647	6.1
1546	-0.316734	117.485384	0.005607	4.7
1547	-0.782196	117.442605	0.011636	5.4
1548	-0.032555	117.399867	0.001228	6.2
1549	-0.000000	117.357171	0.000000	5.3
1550	-1.086152	117.314517	0.020608	5.4
1551	-1.012588	117.271903	0.006698	5.1
1552	-1.188768	117.229331	0.011666	5.4
1553	-0.064694	117.186800	0.001158	5.3
1554	-0.000007	117.144311	0.000002	6.5
1555	-0.925164	117.101862	0.010959	5.4
1556	-0.855428	117.059454	0.016541	5.5
1557	-0.616448	117.017087	0.005707	6.4
1558	-0.781803	116.974762	0.011963	6.2
1559	-1.140803	116.932476	0.012999	5.7
1560	-0.565864	116.890232	0.003889	6.5
1561	-0.953692	116.848028	0.010697	5.5
1562	-1.190738	116.805865	0.018298	5.9
1563	-0.614243	116.763743	0.006074	5.4
1564	-1.239008	116.721661	0.014351	5.4
1565	-0.741478	116.679619	0.011815	6.4
1566	-0.000002	116.637618	0.000001	5.3
1567	-1.151985	116.595657	0.011408	5.2
1568	-0.995950	116.553736	0.006444	5.5
1569	-1.118849	116.511855	0.015071	5.1
1570	-1.172042	116.470015	0.005684	5.1
1571	-0.000000	116.428214	0.000000	6.0
1572	-1.210206	116.386454	0.018881	5.2
1573	-0.079930	116.344733	0.001202	5.2
1574	-1.261043	116.303052	0.006797	6.7
1575	-0.188341	116.261412	0.004713	5.0
1576	-0.000000	116.219810	0.000000	5.2
1577	-0.240030	116.178249	0.002645	5.9
1578	-1.231164	116.136727	0.014288	5.9
1579	-0.137498	116.095245	0.001686	5.2
1580	-0.887142	116.053802	0.011839	5.9
1581	-1.190308	116.012398	0.015902	5.6
1582	-1.158245	115.971034	0.012776	5.2
1583	-0.918378	115.929710	0.013883	6.4
1584	-1.158921	115.888424	0.012564	5.3
1585	-0.856206	115.847178	0.016428	5.5
1586	-0.275428	115.805970	0.004690	6.3
1587	-0.865782	115.764802	0.009664	5.5
1588	-0.518752	115.723673	0.005119	5.5
1589	-0.714226	115.682583	0.006793	6.0
1590	-0.872720	115.641532	0.010901	5.0
1591	-0.000618	115.600519	0.000196	5.3
1592	-0.771044	115.559546	0.014271	6.4
1593	-0.000000	115.518610	0.000000	5.7
1594	-0.630885	115.477714	0.011051	6.5
1595	-0.680308	115.436856	0.005346	5.5
1596	-0.000000	115.396037	0.000000	5.6
1597	-1.048296	115.355256	0.020898	5.5
1598	-0.043432	115.314514	0.001569	6.2
1599	-0.078204	115.273810	0.002878	5.6
1600	-1.069442	115.233144	0.014895	6.1
1601	-0.660323	115.192517	0.012543	5.7
1602	-0.906350	115.151927	0.008429	5.4
1603	-0.543819	115.111376	0.004173	6.0
1604	-0.837001	115.070863	0.011958	5.4
1605	-0.710887	115.030388	0.010095	5.3
1606	-0.877227	114.989951	0.009374	6.2
1607	-0.000167	114.949551	0.000046	5.6
1608	-0.001038	114.909190	0.000238	5.3
1609	-0.755648	114.868866	0.004098	6.8
1610	-0.000000	114.828580	0.000000	5.3
1611	-0.582485	114.788332	0.009240	6.4
1612	-0.054864	114.748121	0.002248	5.5
1613	-0.250520	114.707948	0.002798	5.3
1614	-0.001204	114.667812	0.000080	5.4
1615	-0.902429	114.627714	0.050040	5.6
1616	-1.172127	114.587653	0.016829	5.7
1617	-0.859913	114.547629	0.007563	5.6
1618	-0.821575	114.507643	0.012565	6.5
1619	-1.009389	114.467693	0.013528	5.5
1620	-0.469556	114.427781	0.003825	5.9
1621	-0.644061	114.387907	0.005987	5.6
1622	-1.175937	114.348069	0.019773	5.4
1623	-0.723390	114.308268	0.006132	7.1
1624	-1.121109	114.268504	0.015659	6.2
1625	-0.889417	114.228777	0.009061	6.1
1626	-0.827805	114.189086	0.008796	5.3
1627	-0.305797	114.149433	0.001859	5.1
1628	-0.000000	114.109816	0.000000	5.8
1629	-0.000540	114.070235	0.000165	6.3
1630	-0.440161	114.030692	0.008828	5.2
1631	-0.860321	113.991185	0.008481	6.5
1632	-0.779223	113.951714	0.008380	5.5
1633	-1.260867	113.912280	0.011824	5.3
1634	-0.000000	113.872882	0.000000	7.0
1635	-1.047869	113.833521	0.008864	5.9
1636	-0.936514	113.794195	0.012254	5.6
1637	-0.000000	113.754906	0.000000	6.1
1638	-0.525920	113.715653	0.009879	5.4
1639	-0.902283	113.676437	0.008634	5.9
1640	-0.000000	113.637256	0.000000	5.9
1641	-0.000076	113.598111	0.000019	5.3
1642	-0.000000	113.559002	0.000000	5.9
1643	-1.211629	113.519929	0.033901	6.2
1644	-0.522709	113.480892	0.005584	5.2
1645	-0.000000	113.441891	0.000000	5.6
1646	-0.804229	113.402925	0.006534	6.0
1647	-0.872319	113.363995	0.007351	5.4
1648	-1.069134	113.325101	0.016103	6.0
1649	-0.780360	113.286242	0.010955	5.7
1650	-0.000000	113.247419	0.000000	5.1
1651	-0.198738	113.208631	0.003319	6.3
1652	-0.904673	113.169879	0.021913	5.7
1653	-0.002755	113.131162	0.000437	5.4
1654	-0.234491	113.092480	0.003416	6.2
1655	-0.000000	113.053833	0.000000	6.2
1656	-0.818691	113.015222	0.010095	6.0
1657	-1.020233	112.976646	0.007989	5.9
1658	-1.187177	112.938105	0.007357	6.0
1659	-0.683142	112.899599	0.010452	6.1
1660	-0.337882	112.861128	0.007176	5.5
1661	-1.205232	112.822692	0.018527	4.9
1662	-0.763552	112.784291	0.011197	6.6
1663	-0.000000	112.745924	0.000000	5.2
1664	-0.560400	112.707593	0.005987	5.3
1665	-0.075206	112.669296	0.001740	6.1
1666	-0.739419	112.631034	0.007422	5.3
1667	-0.000000	112.592806	0.000000	5.3
1668	-0.000000	112.554613	0.000000	6.9
1669	-0.754998	112.516455	0.007740	5.5
1670	-0.682936	112.478331	0.009094	5.4
1671	-0.000000	112.440241	0.000000	6.2
1672	-0.789423	112.402186	0.012893	5.7
1673	-0.000080	112.364165	0.000025	5.2
1674	-0.000263	112.326179	0.000027	6.1
1675	-0.963619	112.288227	0.010229	5.3
1676	-0.928312	112.250309	0.012101	5.4
1677	-0.986914	112.212425	0.015969	5.7
1678	-0.799960	112.174575	0.018693	5.4
1679	-0.000002	112.136759	0.000000	6.0
1680	-0.840883	112.098977	0.007671	5.5
1681	-0.055008	112.061229	0.002398	5.2
1682	-1.212139	112.023515	0.014825	6.1
1683	-1.028987	111.985834	0.009066	5.7
1684	-0.883092	111.948188	0.010508	5.5
1685	-0.911087	111.910575	0.012414	7.1
1686	-0.000000	111.872996	0.000000	5.6
1687	-0.038942	111.835450	0.001328	5.8
1688	-0.472481	111.797939	0.008611	6.5
1689	-0.000000	111.760460	0.000000	5.4
1690	-1.253895	111.723015	0.014222	5.6
1691	-0.000000	111.685604	0.000000	6.0
1692	-0.367272	111.648226	0.004424	6.1
1693	-1.146838	111.610881	0.008236	6.0
1694	-0.000000	111.573570	0.000000	5.6
1695	-1.102706	111.536292	0.021243	5.2
1696	-0.000000	111.499047	0.000000	5.6
1697	-0.000000	111.461835	0.000000	5.9
1698	-0.000000	111.424656	0.000000	5.3
1699	-0.000000	111.387510	0.000000	6.3
1700	-0.000000	111.350398	0.000000	5.8
1701	-1.105324	111.313318	0.016731	5.3
1702	-0.369517	111.276271	0.006783	6.8
1703	-0.009219	111.239257	0.000653	5.3
1704	-0.596759	111.202276	0.003266	5.5
1705	-0.994110	111.165328	0.003744	6.2
1706	-0.759676	111.128412	0.002995	5.4
1707	-1.093243	111.091529	0.014543	5.9
1708	-0.082191	111.054679	0.003485	6.0
1709	-0.000000	111.017861	0.000000	6.0
1710	-0.372943	110.981076	0.002541	5.7
1711	-0.136939	110.944323	0.004056	5.7
1712	-1.074720	110.907603	0.009454	5.4
1713	-0.000000	110.870915	0.000000	6.3
1714	-1.296992	110.834259	0.011768	5.5
1715	-0.449090	110.797636	0.007101	5.2
1716	-0.877337	110.761045	0.011043	6.3
1717	-0.071533	110.724486	0.001187	5.4
1718	-1.316933	110.687959	0.012972	5.2
1719	-0.736047	110.651465	0.007436	6.4
1720	-1.139118	110.615002	0.013090	5.2
1721	-0.808486	110.578572	0.010639	5.1
1722	-0.000000	110.542173	0.000000	5.7
1723	-0.798306	110.505807	0.007415	5.4
1724	-0.009261	110.469472	0.000905	6.0
1725	-0.865548	110.433169	0.026357	6.0
1726	-0.887069	110.396898	0.004845	5.2
1727	-0.000000	110.360659	0.000000	6.2
1728	-0.000000	110.324451	0.000000	6.2
1729	-1.266282	110.288276	0.018144	6.1
1730	-0.817678	110.252131	0.009862	5.6
1731	-0.705698	110.216019	0.009111	5.6
1732	-0.823845	110.179937	0.002728	5.2
1733	-1.083694	110.143888	0.011783	6.2
1734	-0.460283	110.107869	0.005580	5.7
1735	-1.244604	110.071882	0.012520	5.5
1736	-0.940167	110.035927	0.005925	5.8
1737	-0.922322	110.000003	0.009882	5.5
1738	-1.005080	109.964110	0.015137	5.7
1739	-1.072770	109.928248	0.018073	5.8
1740	-0.663509	109.892417	0.015156	5.4
1741	-0.848927	109.856618	0.007876	5.4
1742	-0.675815	109.820850	0.006250	6.0
1743	-0.000000	109.785112	0.000000	5.6
1744	-0.682269	109.749406	0.007527	5.0
1745	-1.064694	109.713730	0.013211	6.8
1746	-0.839983	109.678086	0.010779	5.9
1747	-0.439487	109.642472	0.004019	5.1
1748	-0.854396	109.606890	0.008822	5.6
1749	-0.000000	109.571337	0.000000	5.4
1750	-0.727648	109.535816	0.017299	5.6
1751	-0.716254	109.500326	0.006110	5.3
1752	-0.727046	109.464866	0.005452	5.2
1753	-1.282975	109.429436	0.020916	6.0
1754	-0.123986	109.394038	0.005029	5.5
1755	-0.952526	109.358669	0.010873	5.2
1756	-0.032375	109.323331	0.002036	5.2
1757	-0.359335	109.288024	0.005182	5.3
1758	-1.097596	109.252747	0.007668	5.1
1759	-1.054959	109.217501	0.014013	5.4
1760	-0.000000	109.182284	0.000000	6.4
1761	-0.785730	109.147098	0.007606	5.4
1762	-0.867550	109.111942	0.008718	5.5
1763	-1.183458	109.076817	0.015916	6.5
1764	-0.541242	109.041721	0.004483	6.1
1765	-0.000000	109.006656	0.000000	5.5
1766	-1.154780	108.971620	0.007913	5.4
1767	-0.719364	108.936615	0.004983	5.8
1768	-0.730899	108.901640	0.011518	6.4
1769	-0.000144	108.866694	0.000042	5.5
1770	-0.487890	108.831779	0.005814	5.7
1771	-1.098970	108.796893	0.013719	6.2
1772	-0.000000	108.762037	0.000000	5.3
1773	-1.146972	108.727211	0.011276	5.6
1774	-1.098210	108.692415	0.015344	5.3
1775	-0.000000	108.657648	0.000000	5.3
1776	-0.824721	108.622911	0.008338	5.6
1777	-0.017963	108.588203	0.000776	5.9
1778	-1.101842	108.553525	0.009531	5.3
1779	-0.000000	108.518877	0.000000	6.1
1780	-0.149589	108.484258	0.002289	6.3
1781	-0.826283	108.449668	0.006302	5.9
1782	-1.027351	108.415108	0.005844	6.3
1783	-0.652492	108.380578	0.003862	5.4
1784	-0.827896	108.346076	0.023205	5.2
1785	-0.991753	108.311604	0.010010	6.2
1786	-0.120389	108.277161	0.002130	5.4
1787	-0.924780	108.242747	0.010637	5.6
1788	-0.647394	108.208363	0.010103	6.1
1789	-0.784717	108.174007	0.011887	5.3
1790	-1.107324	108.139681	0.006429	5.3
1791	-0.680483	108.105383	0.008294	6.2
1792	-1.173080	108.071115	0.010584	5.3
1793	-1.191055	108.036875	0.009388	5.4
1794	-0.748818	108.002665	0.012550	6.2
1795	-0.123695	107.968483	0.004104	5.4
1796	-0.601441	107.934330	0.008386	6.4
1797	-0.963010	107.900206	0.008643	6.2
1798	-1.073488	107.866111	0.013718	6.3
1799	-0.818385	107.832044	0.012940	6.1
1800	-1.019616	107.798007	0.017742	5.9
1801	-1.024395	107.763997	0.013906	5.6
1802	-0.000000	107.730017	0.000000	6.4
1803	-0.898049	107.696065	0.010281	5.8
1804	-0.878586	107.662141	0.008623	5.6
1805	-0.820835	107.628246	0.010349	5.8
1806	-0.654999	107.594379	0.014961	5.2
1807	-1.329621	107.560541	0.022696	5.8
1808	-0.741871	107.526731	0.005579	6.0
1809	-0.411271	107.492949	0.001906	5.2
1810	-0.000000	107.459196	0.000000	5.6
1811	-0.939886	107.425471	0.016119	5.4
1812	-0.151225	107.391774	0.003840	5.6
1813	-0.001495	107.358106	0.000159	6.6
1814	-0.525690	107.324465	0.006269	5.6
1815	-0.019753	107.290853	0.000793	5.4
1816	-1.140309	107.257268	0.009775	6.7
1817	-1.206975	107.223712	0.014437	5.4
1818	-1.208780	107.190184	0.021302	5.2
1819	-0.759661	107.156683	0.010168	6.0
1820	-1.190520	107.123211	0.019533	5.3
1821	-0.000000	107.089766	0.000000	5.7
1822	-0.000000	107.056349	0.000000	6.2
1823	-1.140569	107.022960	0.006131	5.4
1824	-0.387110	106.989599	0.005327	5.2
1825	-0.215538	106.956265	0.003410	5.6
1826	-0.668304	106.922960	0.008684	5.1
1827	-0.597755	106.889681	0.003069	5.6
1828	-0.029654	106.856431	0.001633	5.9
1829	-0.181702	106.823208	0.001746	5.0
1830	-1.103819	106.790012	0.013935	5.4
1831	-1.169003	106.756844	0.014824	6.1
1832	-0.000000	106.723703	0.000000	4.9
1833	-0.000142	106.690590	0.000021	5.1
1834	-0.015119	106.657505	0.001505	6.1
1835	-1.118006	106.624446	0.009675	5.0
1836	-0.016739	106.591415	0.001815	5.1
1837	-0.917811	106.558411	0.024212	6.4
1838	-0.738144	106.525435	0.017495	5.3
1839	-0.920689	106.492485	0.010470	5.9
1840	-0.762723	106.459563	0.009540	6.6
1841	-0.053709	106.426668	0.001813	5.8
1842	-0.855144	106.393800	0.010447	5.9
1843	-1.222994	106.360959	0.011827	5.8
1844	-1.066935	106.328145	0.008278	5.3
1845	-0.000000	106.295358	0.000000	6.1
1846	-0.944108	106.262598	0.008522	5.4
1847	-0.135627	106.229865	0.004849	5.5
1848	-0.581039	106.197158	0.006158	6.0
1849	-0.440982	106.164479	0.007026	5.5
1850	-1.056682	106.131826	0.021930	5.9
1851	-0.568581	106.099201	0.011145	5.8
1852	-0.114173	106.066602	0.001350	5.3
1853	-0.053012	106.034029	0.001787	5.6
1854	-1.013049	106.001483	0.015810	6.1
1855	-0.000000	105.968964	0.000000	5.2
1856	-1.105545	105.936472	0.011506	5.5
1857	-0.173300	105.904006	0.004474	6.6
1858	-1.056907	105.871566	0.007861	5.5
1859	-0.000000	105.839153	0.000000	6.1
1860	-1.009437	105.806767	0.009501	5.6
1861	-0.000751	105.774407	0.000095	5.4
1862	-0.809933	105.742073	0.015807	6.5
1863	-1.024895	105.709766	0.014327	5.5
1864	-1.086913	105.677485	0.015825	5.2
1865	-1.144588	105.645230	0.019075	5.4
1866	-0.008923	105.613001	0.000317	5.6
1867	-0.000000	105.580799	0.000000	5.4
1868	-0.393776	105.548623	0.004845	6.2
1869	-0.683873	105.516473	0.002703	5.4
1870	-0.668027	105.484349	0.006292	5.5
1871	-0.170712	105.452251	0.002343	6.1
1872	-1.100747	105.420179	0.013748	5.3
1873	-0.000014	105.388133	0.000006	5.4
1874	-0.000070	105.356113	0.000027	6.6
1875	-1.101785	105.324119	0.005920	5.7
1876	-0.000000	105.292151	0.000000	5.4
1877	-1.146784	105.260209	0.015800	6.1
1878	-0.000000	105.228293	0.000000	5.3
1879	-0.583317	105.196402	0.016003	5.8
1880	-0.000000	105.164537	0.000000	5.7
1881	-0.734348	105.132698	0.013328	5.2
1882	-0.030798	105.100885	0.001118	6.9
1883	-0.960793	105.069097	0.010679	5.3
1884	-0.000000	105.037335	0.000000	5.0
1885	-0.577319	105.005598	0.007545	6.1
1886	-0.000000	104.973887	0.000000	5.4
1887	-0.702509	104.942202	0.007220	5.0
1888	-0.000021	104.910542	0.000008	5.8
1889	-1.074198	104.878907	0.012665	5.1
1890	-0.847766	104.847298	0.013801	5.2
1891	-1.159939	104.815715	0.010476	6.1
1892	-0.000000	104.784156	0.000000	5.0
1893	-0.964169	104.752623	0.012178	5.5
1894	-0.000000	104.721116	0.000000	6.2
1895	-1.192958	104.689633	0.009505	5.9
1896	-0.003984	104.658176	0.000077	5.0
1897	-0.569691	104.626744	0.010682	6.4
1898	-0.000000	104.595337	0.000000	5.0
1899	-0.768782	104.563955	0.004492	5.0
1900	-0.000000	104.532599	0.000000	6.1
1901	-0.580406	104.501267	0.003881	5.2
1902	-1.209254	104.469960	0.023082	5.4
1903	-0.935998	104.438679	0.008269	6.1
1904	-0.868677	104.407422	0.006282	5.3
1905	-0.730192	104.376191	0.010754	5.5
1906	-0.000000	104.344984	0.000000	6.2
1907	-1.048575	104.313802	0.012283	5.0
1908	-0.956193	104.282645	0.004620	5.4
1909	-0.950338	104.251513	0.003967	6.0
1910	-0.475207	104.220405	0.004370	5.0
1911	-0.589607	104.189323	0.008282	6.9
1912	-0.000000	104.158265	0.000000	6.2
1913	-0.843635	104.127231	0.010227	5.6
1914	-0.000000	104.096222	0.000000	6.5
1915	-1.183556	104.065238	0.017675	5.2
1916	-0.469060	104.034279	0.003655	5.3
1917	-0.999803	104.003344	0.010324	6.5
1918	-0.686855	103.972433	0.007217	5.2
1919	-0.117974	103.941547	0.002221	5.3
1920	-0.731890	103.910686	0.004735	6.6
1921	-1.215827	103.879849	0.011320	5.6
1922	-0.825206	103.849036	0.008076	5.3
1923	-0.000000	103.818248	0.000000	5.9
1924	-0.468174	103.787484	0.006646	5.9
1925	-0.081375	103.756744	0.003290	6.2
1926	-0.000000	103.726029	0.000000	5.6
1927	-0.919771	103.695338	0.007649	5.6
1928	-1.091109	103.664671	0.006913	6.2
1929	-1.225501	103.634028	0.015778	5.3
1930	-0.000000	103.603409	0.000000	5.7
1931	-1.146317	103.572814	0.026564	6.1
1932	-0.769247	103.542244	0.012482	6.0
1933	-0.000000	103.511698	0.000000	5.6
1934	-1.043488	103.481175	0.009348	6.2
1935	-0.000000	103.450677	0.000000	5.2
1936	-0.022997	103.420202	0.000313	5.9
1937	-1.074250	103.389752	0.015078	6.1
1938	-0.000000	103.359325	0.000000	5.2
1939	-0.000000	103.328922	0.000000	5.0
1940	-0.621128	103.298543	0.006048	6.1
1941	-0.671505	103.268188	0.005664	5.6
1942	-0.547072	103.237857	0.009448	5.7
1943	-0.000000	103.207549	0.000000	6.2
1944	-0.000000	103.177265	0.000000	5.3
1945	-0.609570	103.147005	0.008623	5.3
1946	-0.172085	103.116768	0.003393	5.3
1947	-0.835688	103.086556	0.009055	5.4
1948	-0.622889	103.056366	0.006595	6.0
1949	-0.725498	103.026200	0.007442	5.3
1950	-0.000000	102.996058	0.000000	5.1
1951	-0.073370	102.965939	0.000832	5.9
1952	-1.249502	102.935844	0.012776	7.0
1953	-0.000000	102.905772	0.000000	5.2
1954	-0.855458	102.875724	0.004952	6.1
1955	-0.895128	102.845699	0.012744	5.7
1956	-0.447006	102.815697	0.004186	5.3
1957	-0.890186	102.785719	0.010801	6.2
1958	-0.336228	102.755764	0.004966	5.3
1959	-0.827147	102.725832	0.012015	5.7
1960	-0.932273	102.695924	0.008488	6.4
1961	-0.999232	102.666038	0.005780	5.1
1962	-1.136751	102.636176	0.024854	5.6
1963	-1.193573	102.606337	0.006241	5.8
1964	-0.201315	102.576521	0.005500	5.2
1965	-0.517775	102.546728	0.012283	5.3
1966	-0.504640	102.516959	0.009436	6.0
1967	-1.249731	102.487212	0.018860	5.4
1968	-1.071036	102.457488	0.004151	5.5
1969	-1.186155	102.427788	0.009316	6.4
1970	-0.776212	102.398110	0.008252	5.3
1971	-1.380118	102.368455	0.013531	5.5
1972	-0.775027	102.338823	0.011017	5.6
1973	-1.036286	102.309214	0.008881	5.2
1974	-0.188660	102.279628	0.004258	5.8
1975	-0.000000	102.250064	0.000000	5.4
1976	-0.943329	102.220524	0.012864	5.3
1977	-0.491022	102.191006	0.010061	6.1
1978	-0.448103	102.161511	0.007527	5.8
1979	-1.077780	102.132038	0.008110	5.3
1980	-1.367540	102.102588	0.022199	5.9
1981	-0.000000	102.073161	0.000000	5.6
1982	-0.000000	102.043757	0.000000	5.3
1983	-0.804721	102.014375	0.025957	6.2
1984	-1.173727	101.985015	0.012778	5.3
1985	-0.994789	101.955678	0.011878	5.7
1986	-0.000000	101.926364	0.000000	6.6
1987	-1.306289	101.897072	0.020551	5.5
1988	-1.118654	101.867802	0.007908	6.0
1989	-0.367381	101.838555	0.004280	6.1
1990	-1.022542	101.809330	0.010845	5.1
1991	-0.986387	101.780128	0.017611	6.0
1992	-0.000000	101.750948	0.000000	5.9
1993	-1.045426	101.721790	0.007765	5.3
1994	-1.296886	101.692654	0.022464	5.7
1995	-0.814859	101.663541	0.008278	5.7
1996	-0.436918	101.634450	0.004415	5.8
1997	-0.677324	101.605381	0.011159	6.2
1998	-0.006686	101.576335	0.000409	5.4
1999	-0.339349	101.547310	0.001951	5.4
