1:ItNr	2:Metric	3:StepSize	4:||Gradient||	Time[ms]
0	-0.078244	627.201626	0.003713	925.1
1	-0.761279	623.504937	0.011270	5.4
2	-0.000000	619.865785	0.000000	5.7
3	-0.621354	616.282728	0.011648	5.9
4	-0.000000	612.754375	0.000000	5.8
5	-0.017697	609.279381	0.001468	5.5
6	-1.021056	605.856447	0.009476	5.8
7	-0.742629	602.484317	0.009726	5.5
8	-0.267449	599.161779	0.001354	5.7
9	0.000000	595.887656	0.000000	5.6
10	-0.543585	592.660813	0.008644	5.6
11	-0.003436	589.480151	0.000974	5.8
12	-0.704106	586.344606	0.013428	6.4
13	-0.607392	583.253145	0.019035	6.2
14	-0.545416	580.204771	0.004671	6.7
15	-0.000000	577.198517	0.000000	5.7
16	-0.745295	574.233444	0.026569	5.6
17	-0.603916	571.308645	0.008239	6.2
18	-0.000009	568.423237	0.000004	5.8
19	-0.789702	565.576365	0.023855	6.5
20	-0.053017	562.767201	0.001060	6.7
21	-0.003519	559.994938	0.000306	8.9
22	-0.857321	557.258797	0.025573	6.5
23	-0.883814	554.558018	0.010071	5.8
24	-0.655502	551.891865	0.009350	7.3
25	-0.833802	549.259621	0.013604	5.6
26	-0.585478	546.660592	0.009568	5.2
27	-0.738889	544.094102	0.010063	6.1
28	-0.043330	541.559494	0.001220	5.2
29	-0.000757	539.056129	0.000113	5.8
30	-0.834893	536.583387	0.013301	7.3
31	-0.584127	534.140663	0.012393	5.8
32	-0.285993	531.727370	0.002065	6.5
33	-1.050689	529.342935	0.026370	5.9
34	-1.055055	526.986802	0.020879	5.7
35	-0.988502	524.658430	0.012004	6.4
36	-0.563556	522.357290	0.018232	6.0
37	-0.612583	520.082868	0.010837	5.7
38	-0.876410	517.834665	0.020937	6.1
39	-0.000000	515.612193	0.000000	5.6
40	-0.933983	513.414976	0.016693	6.6
41	-0.774417	511.242551	0.021235	5.7
42	-0.970992	509.094468	0.037305	5.7
43	-0.844808	506.970285	0.047843	6.5
44	-0.056340	504.869574	0.006703	5.9
45	-0.839598	502.791916	0.010068	6.4
46	-0.088222	500.736903	0.001761	6.4
47	-1.028994	498.704137	0.018001	5.3
48	-0.527244	496.693228	0.008534	6.0
49	-0.599545	494.703798	0.008812	5.5
50	-0.000000	492.735476	0.000000	5.8
51	-0.862011	490.787900	0.008390	6.1
52	-0.761031	488.860718	0.033458	6.2
53	-1.175727	486.953585	0.015528	5.3
54	-0.438414	485.066164	0.010041	6.7
55	-0.531460	483.198126	0.012501	5.7
56	-0.672381	481.349149	0.051204	6.2
57	-0.744349	479.518920	0.018071	5.8
58	-0.268739	477.707132	0.002502	6.4
59	-0.802264	475.913485	0.009530	6.9
60	-0.000037	474.137684	0.000016	5.6
61	-1.102507	472.379445	0.018949	5.7
62	-0.000000	470.638485	0.000000	6.8
63	-0.786760	468.914531	0.021882	5.8
64	-0.793981	467.207315	0.018415	6.8
65	-0.448355	465.516573	0.017860	8.4
66	0.000000	463.842050	0.000000	7.3
67	-0.542716	462.183494	0.007608	6.4
68	-0.964167	460.540658	0.025683	6.1
69	-0.000164	458.913303	0.000015	6.5
70	-0.855613	457.301192	0.027117	6.0
71	-0.633547	455.704096	0.031575	6.5
72	-0.743699	454.121787	0.006331	6.9
73	-0.000882	452.554045	0.000027	6.3
74	-0.000000	451.000653	0.000000	6.8
75	-0.843725	449.461399	0.013337	5.6
76	-0.000000	447.936075	0.000000	6.7
77	-0.349281	446.424477	0.007145	5.9
78	-0.000000	444.926406	0.000000	6.6
79	-0.281537	443.441666	0.003960	6.9
80	-0.749013	441.970065	0.012118	6.5
81	-0.281208	440.511415	0.003799	5.8
82	-0.957479	439.065533	0.007972	6.2
83	-0.000000	437.632238	0.000000	5.6
84	-0.770181	436.211351	0.007877	6.5
85	-0.275918	434.802701	0.006512	5.4
86	-0.353829	433.406117	0.003222	5.7
87	-0.562105	432.021430	0.010726	6.0
88	-0.814053	430.648479	0.008532	5.8
89	-0.000000	429.287101	0.000000	6.4
90	-0.625200	427.937140	0.017698	6.4
91	-1.045625	426.598440	0.009841	5.8
92	-0.723234	425.270849	0.004962	5.5
93	-1.121511	423.954220	0.015520	6.5
94	-0.622345	422.648404	0.009214	6.0
95	-0.836044	421.353259	0.009186	7.1
96	-0.583019	420.068643	0.007914	5.8
97	-0.723685	418.794419	0.008161	5.5
98	-0.092501	417.530451	0.001248	7.2
99	-0.000000	416.276604	0.000000	6.1
100	-1.079420	415.032748	0.021579	6.2
101	-0.944478	413.798754	0.005257	5.8
102	-0.546798	412.574495	0.012702	5.7
103	-0.855613	411.359849	0.011858	6.6
104	-0.745117	410.154691	0.008059	5.6
105	-1.045282	408.958904	0.022054	5.8
106	-0.644325	407.772368	0.010808	6.7
107	-0.764674	406.594968	0.048121	5.4
108	-0.427596	405.426590	0.022081	5.8
109	-0.949559	404.267122	0.015012	6.7
110	0.000000	403.116456	0.000000	5.4
111	-0.000000	401.974481	0.000000	6.2
112	-0.388897	400.841093	0.004144	5.8
113	-0.727305	399.716187	0.008314	5.6
114	-1.012946	398.599660	0.016296	6.6
115	-0.574503	397.491411	0.013977	6.3
116	-0.329861	396.391342	0.007356	5.2
117	-0.000000	395.299353	0.000000	6.2
118	-1.032259	394.215350	0.012557	5.7
119	-0.980908	393.139238	0.009322	5.7
120	-0.568946	392.070924	0.009293	6.3
121	-0.000000	391.010316	0.000000	6.2
122	-0.535542	389.957325	0.011024	7.6
123	-0.000000	388.911862	0.000000	5.4
124	-1.050831	387.873839	0.028499	5.7
125	-0.588787	386.843173	0.011205	6.2
126	-0.459647	385.819777	0.011038	6.3
127	-0.656169	384.803569	0.011777	6.2
128	-0.678831	383.794468	0.008728	6.4
129	-0.785138	382.792393	0.013976	5.6
130	-0.128884	381.797264	0.004509	6.5
131	-0.804416	380.809005	0.011841	6.1
132	-0.000000	379.827537	0.000000	5.3
133	-0.880552	378.852786	0.017465	6.5
134	-0.798170	377.884678	0.005489	6.4
135	-0.210948	376.923138	0.003682	6.0
136	-0.447211	375.968095	0.004254	5.8
137	-0.075174	375.019479	0.001456	5.4
138	-0.519225	374.077218	0.005012	6.6
139	-0.747256	373.141244	0.009440	6.4
140	-0.000000	372.211489	0.000000	5.7
141	-0.015886	371.287887	0.001335	6.0
142	-0.175472	370.370370	0.005189	5.9
143	-1.148795	369.458876	0.012343	5.9
144	-0.117750	368.553338	0.000998	6.6
145	-0.612336	367.653696	0.007965	5.8
146	-0.071070	366.759885	0.000346	6.3
147	-0.611458	365.871846	0.006901	6.3
148	-0.925514	364.989518	0.005257	5.5
149	-0.566429	364.112841	0.005136	6.2
150	-0.927738	363.241757	0.015551	6.5
151	-0.879793	362.376208	0.015989	5.7
152	-0.002308	361.516137	0.000153	6.5
153	-0.764867	360.661488	0.009581	5.6
154	-0.887638	359.812206	0.015377	7.1
155	-0.070286	358.968236	0.000953	6.9
156	-0.719274	358.129524	0.007859	6.3
157	-0.650652	357.296018	0.016708	6.4
158	-0.237026	356.467665	0.004194	5.4
159	-0.135082	355.644414	0.003077	6.2
160	-0.148407	354.826213	0.001746	6.0
161	-1.034065	354.013012	0.017468	5.4
162	-0.000333	353.204763	0.000021	7.0
163	-0.000000	352.401415	0.000000	5.8
164	-1.158140	351.602922	0.025675	5.7
165	-1.103402	350.809235	0.017182	7.1
166	-0.179022	350.020308	0.003502	5.7
167	-0.814016	349.236095	0.018739	5.9
168	-0.022142	348.456550	0.000842	6.1
169	-1.005297	347.681627	0.015850	5.4
170	-0.000000	346.911283	0.000000	6.1
171	-0.871665	346.145474	0.010262	5.8
172	-1.108414	345.384157	0.005950	5.5
173	-0.371506	344.627288	0.006820	7.1
174	-0.947716	343.874826	0.008521	5.9
175	-1.079238	343.126729	0.025075	5.4
176	-0.947816	342.382957	0.009036	6.5
177	-1.140236	341.643469	0.032503	6.4
178	-0.565764	340.908224	0.011396	6.5
179	-0.569095	340.177184	0.004036	6.1
180	-0.132790	339.450309	0.003108	5.5
181	-0.183212	338.727561	0.006198	7.1
182	-1.013734	338.008902	0.020898	5.7
183	-0.638120	337.294295	0.003395	5.8
184	-0.979444	336.583703	0.013278	7.0
185	-1.092594	335.877089	0.015069	5.9
186	-0.897513	335.174416	0.007201	6.7
187	-0.073213	334.475651	0.001543	5.8
188	-0.454872	333.780756	0.019096	5.5
189	-0.652177	333.089698	0.041097	6.4
190	-0.986605	332.402443	0.005521	5.4
191	-0.000000	331.718955	0.000000	5.9
192	-0.965822	331.039203	0.023437	6.4
193	-0.000000	330.363153	0.000000	5.4
194	-0.224236	329.690771	0.002332	6.1
195	-0.516823	329.022027	0.007434	6.0
196	-1.004381	328.356888	0.021409	6.1
197	-0.000946	327.695322	0.000117	6.4
198	-0.263454	327.037299	0.002291	5.3
199	-0.938956	326.382787	0.008427	5.4
200	-0.578995	325.731758	0.006937	5.7
201	-0.045624	325.084179	0.001238	6.4
202	-0.080115	324.440023	0.001801	5.6
203	-0.000000	323.799258	0.000000	7.2
204	-0.873030	323.161858	0.006013	5.5
205	-0.054071	322.527792	0.004245	6.1
206	-0.506078	321.897034	0.006211	5.9
207	-0.000203	321.269554	0.000022	5.6
208	-0.959324	320.645325	0.025517	6.5
209	-0.596246	320.024320	0.007417	6.4
210	-1.143070	319.406512	0.018255	6.0
211	-1.092694	318.791875	0.011652	6.5
212	-1.181373	318.180381	0.008141	6.7
213	-1.055526	317.572005	0.010506	6.8
214	0.000000	316.966721	0.000000	6.1
215	-0.079277	316.364504	0.000876	5.6
216	-0.000000	315.765329	0.000000	6.7
217	-0.201984	315.169170	0.004486	6.5
218	-0.008893	314.576003	0.000767	7.3
219	-0.000648	313.985804	0.000142	6.4
220	-1.091970	313.398548	0.034276	5.9
221	-0.596889	312.814213	0.009592	6.5
222	-0.393650	312.232773	0.003483	6.1
223	-0.960973	311.654207	0.028899	6.1
224	-0.174884	311.078491	0.005769	6.1
225	-0.000000	310.505602	0.000000	5.7
226	-0.760973	309.935518	0.015437	6.5
227	0.000000	309.368217	0.000000	5.4
228	-1.074584	308.803676	0.014579	5.8
229	-0.669203	308.241874	0.017497	6.3
230	-0.106635	307.682789	0.003435	5.7
231	-0.000217	307.126400	0.000056	6.1
232	-0.052744	306.572687	0.004044	6.3
233	-0.805019	306.021627	0.008756	7.0
234	-0.282592	305.473201	0.003885	7.4
235	-0.774916	304.927388	0.007896	6.5
236	-1.038410	304.384168	0.023099	6.5
237	-0.192920	303.843521	0.004393	6.3
238	-0.542575	303.305427	0.005964	7.1
239	-0.371785	302.769867	0.006007	7.2
240	-0.017664	302.236821	0.000684	6.6
241	-0.967581	301.706270	0.008904	6.9
242	-0.849647	301.178196	0.009740	5.9
243	-0.534042	300.652580	0.007307	5.6
244	-0.360575	300.129402	0.005664	6.8
245	-0.812143	299.608645	0.023156	6.2
246	-0.883676	299.090291	0.006873	6.3
247	-1.186345	298.574321	0.010954	6.5
248	-0.000012	298.060718	0.000002	6.1
249	-0.000000	297.549465	0.000000	7.8
250	-0.063834	297.040543	0.001693	6.1
251	-0.615883	296.533936	0.007804	6.2
252	-0.218036	296.029626	0.005859	6.8
253	-0.767329	295.527597	0.004651	6.0
254	-0.000000	295.027832	0.000000	6.4
255	-0.570330	294.530315	0.007980	5.9
256	-0.785383	294.035028	0.003017	5.3
257	-0.643869	293.541956	0.004721	6.3
258	-1.077706	293.051083	0.005050	5.7
259	-1.052670	292.562393	0.013365	5.8
260	-0.000000	292.075870	0.000000	6.2
261	-0.950677	291.591498	0.025626	5.7
262	-0.757733	291.109263	0.007751	6.7
263	-0.095278	290.629149	0.003183	5.6
264	-0.036947	290.151140	0.002505	5.8
265	-0.699456	289.675222	0.016954	6.9
266	-0.746662	289.201380	0.017375	5.2
267	-0.567288	288.729600	0.004280	5.8
268	-0.084843	288.259866	0.002643	7.0
269	-1.037105	287.792165	0.006105	5.9
270	-0.654220	287.326481	0.011044	6.7
271	-0.716892	286.862802	0.005534	6.6
272	-0.304791	286.401113	0.001948	5.5
273	-0.676109	285.941400	0.011368	7.7
274	-0.759608	285.483649	0.005622	6.3
275	-0.001970	285.027847	0.000110	6.5
276	-1.104842	284.573981	0.025239	5.9
277	-0.707618	284.122037	0.007451	6.9
278	-0.427030	283.672002	0.008988	6.5
279	-0.000000	283.223863	0.000000	5.8
280	-0.985834	282.777607	0.027356	7.9
281	-0.000000	282.333221	0.000000	6.3
282	-0.230001	281.890692	0.004527	5.9
283	-0.000000	281.450008	0.000000	6.7
284	-0.652928	281.011157	0.010109	6.0
285	-0.386875	280.574125	0.009378	6.8
286	-0.622797	280.138901	0.015427	6.1
287	-0.691124	279.705473	0.014074	5.7
288	-1.139643	279.273829	0.008643	6.6
289	-0.569429	278.843956	0.013464	5.8
290	-0.236915	278.415844	0.004464	5.8
291	0.000000	277.989479	0.000000	6.4
292	-0.934920	277.564851	0.011132	5.5
293	-1.063223	277.141949	0.018847	7.1
294	-0.998720	276.720761	0.014201	5.8
295	-1.122374	276.301275	0.025482	6.0
296	-0.000000	275.883480	0.000000	7.0
297	-0.589428	275.467366	0.017345	5.9
298	-0.926272	275.052922	0.012656	6.0
299	-0.849736	274.640136	0.011982	6.7
300	-0.139626	274.228998	0.001319	5.7
301	-1.053122	273.819497	0.021032	6.4
302	-0.544294	273.411623	0.013359	6.8
303	-0.000000	273.005365	0.000000	5.6
304	-0.316589	272.600712	0.005969	6.9
305	-0.000000	272.197655	0.000000	5.8
306	-0.000000	271.796184	0.000000	6.6
307	-0.000469	271.396287	0.000051	6.3
308	-0.003347	270.997956	0.000125	5.7
309	-0.000000	270.601180	0.000000	7.0
310	-0.000000	270.205949	0.000000	6.4
311	-0.569215	269.812254	0.009951	5.6
312	-0.623268	269.420085	0.004829	6.6
313	-0.614361	269.029432	0.016975	5.8
314	-0.000000	268.640287	0.000000	5.8
315	-0.648641	268.252638	0.009903	5.6
316	-0.291139	267.866478	0.005188	6.1
317	-0.138084	267.481796	0.002680	6.8
318	-0.985100	267.098584	0.014316	6.3
319	-0.915760	266.716833	0.006675	5.5
320	-0.366980	266.336533	0.005964	6.4
321	-0.000000	265.957676	0.000000	6.0
322	-1.105202	265.580253	0.013462	7.4
323	-0.223024	265.204254	0.002783	6.0
324	-0.806333	264.829672	0.012526	6.0
325	-0.708023	264.456497	0.008944	6.8
326	-1.113065	264.084721	0.031671	5.3
327	-0.536069	263.714335	0.012798	6.1
328	-0.000000	263.345332	0.000000	6.4
329	-0.000794	262.977702	0.000153	5.6
330	-1.096326	262.611438	0.039453	6.4
331	-0.383651	262.246531	0.002233	5.7
332	-0.709091	261.882973	0.007384	5.7
333	-0.597338	261.520756	0.013176	6.1
334	-0.747104	261.159871	0.011470	5.5
335	-0.205441	260.800312	0.004090	5.7
336	-1.282842	260.442070	0.011460	6.7
337	-0.655156	260.085137	0.008200	6.1
338	-0.353111	259.729505	0.004977	5.5
339	-0.092212	259.375167	0.000927	6.1
340	-0.000000	259.022116	0.000000	6.2
341	-0.000000	258.670343	0.000000	6.0
342	-1.156213	258.319841	0.014530	5.6
343	-1.046759	257.970602	0.014320	5.6
344	-1.126355	257.622620	0.016454	7.1
345	-0.933084	257.275887	0.019542	5.8
346	-0.942902	256.930396	0.005812	6.6
347	-1.076174	256.586139	0.033622	6.4
348	0.000000	256.243109	0.000000	5.7
349	-0.534752	255.901300	0.008156	7.5
350	-0.061321	255.560703	0.003021	5.9
351	-0.862915	255.221313	0.044586	5.5
352	-0.794627	254.883122	0.015640	7.3
353	-0.797410	254.546124	0.019480	5.6
354	-0.000983	254.210311	0.000049	6.6
355	-0.627598	253.875677	0.029252	6.7
356	-0.757866	253.542215	0.010729	5.8
357	-1.080269	253.209918	0.016523	6.9
358	-0.000006	252.878781	0.000002	5.2
359	-0.189423	252.548795	0.003596	5.9
360	-0.000449	252.219956	0.000061	6.3
361	-0.041164	251.892255	0.000756	5.7
362	-0.940548	251.565688	0.009944	7.2
363	-0.937648	251.240247	0.016251	5.4
364	-0.953839	250.915926	0.016330	5.3
365	-0.817678	250.592720	0.014998	6.5
366	-0.035551	250.270621	0.000562	5.7
367	-0.656958	249.949624	0.008674	5.5
368	-0.020446	249.629723	0.001381	6.5
369	-0.096402	249.310911	0.008420	5.5
370	-0.814577	248.993182	0.020623	6.7
371	-0.854524	248.676531	0.012381	6.3
372	-0.000000	248.360952	0.000000	5.5
373	-0.855017	248.046438	0.008060	6.7
374	-0.000010	247.732984	0.000004	5.6
375	-0.000917	247.420584	0.000070	5.3
376	-1.154300	247.109233	0.007069	6.6
377	-0.826496	246.798924	0.008731	5.9
378	-0.000000	246.489652	0.000000	6.4
379	-0.015776	246.181412	0.001213	6.8
380	-0.000000	245.874197	0.000000	5.2
381	-1.196432	245.568002	0.007340	6.7
382	-0.906626	245.262822	0.007681	6.3
383	-0.011307	244.958652	0.000476	6.8
384	-0.895356	244.655485	0.008090	6.8
385	-0.000000	244.353317	0.000000	5.5
386	-0.680640	244.052142	0.007682	6.2
387	-0.255180	243.751955	0.005004	5.9
388	-0.251041	243.452750	0.005362	6.2
389	-0.144438	243.154523	0.001520	6.7
390	-0.800825	242.857268	0.009247	6.3
391	-1.198989	242.560980	0.016735	5.4
392	-0.249146	242.265654	0.006233	6.8
393	-0.219065	241.971285	0.005442	5.3
394	-0.046620	241.677868	0.001272	5.7
395	-0.749192	241.385397	0.011464	6.2
396	-1.095285	241.093869	0.030163	5.5
397	-0.181397	240.803278	0.003965	6.4
398	-0.422847	240.513619	0.006834	6.0
399	-0.774172	240.224887	0.007925	6.0
400	-1.000300	239.937077	0.010506	6.4
401	-0.959157	239.650186	0.010541	5.8
402	-0.788253	239.364207	0.014309	5.8
403	-0.038684	239.079136	0.001424	7.0
404	-0.975194	238.794969	0.025031	5.5
405	-0.980073	238.511701	0.014036	6.6
406	-0.124027	238.229327	0.003882	6.6
407	-0.015132	237.947843	0.000878	6.0
408	-0.000000	237.667244	0.000000	6.4
409	-0.471370	237.387526	0.005097	5.6
410	-0.793460	237.108684	0.005489	6.3
411	-0.690200	236.830714	0.006676	6.5
412	-0.348430	236.553610	0.001704	5.8
413	-0.980693	236.277370	0.011733	6.6
414	-0.968551	236.001989	0.027223	5.9
415	-0.763682	235.727461	0.013664	6.1
416	-0.795098	235.453784	0.007961	6.5
417	-0.718131	235.180952	0.005618	5.8
418	-0.048507	234.908962	0.000849	6.2
419	-0.769418	234.637809	0.006596	6.2
420	-0.620404	234.367488	0.007388	5.5
421	-1.028081	234.097997	0.039527	6.7
422	-0.338782	233.829331	0.003968	5.4
423	-0.000000	233.561485	0.000000	6.0
424	-0.803868	233.294456	0.006952	7.0
425	-0.862127	233.028239	0.026741	6.3
426	-0.012975	232.762831	0.001095	5.7
427	-1.034946	232.498228	0.008812	6.3
428	-0.613598	232.234425	0.007971	6.3
429	-0.981515	231.971419	0.006985	6.1
430	-0.901744	231.709205	0.011306	6.2
431	-0.145317	231.447781	0.003325	5.9
432	-0.914855	231.187141	0.004878	7.2
433	-0.300418	230.927283	0.002606	5.5
434	-1.122587	230.668202	0.022461	6.4
435	-0.736475	230.409895	0.005664	6.5
436	-0.873717	230.152358	0.013544	5.6
437	-0.021516	229.895587	0.001845	7.3
438	-1.058617	229.639578	0.018574	6.7
439	-0.535944	229.384329	0.006041	7.5
440	-0.060132	229.129834	0.000816	6.6
441	-0.008322	228.876091	0.000782	6.0
442	-0.025577	228.623096	0.000577	6.7
443	-0.349122	228.370846	0.001487	6.2
444	-0.605752	228.119336	0.005957	7.0
445	-0.912681	227.868563	0.005807	6.1
446	-1.189773	227.618525	0.005169	6.0
447	-0.000080	227.369216	0.000031	6.4
448	-0.189109	227.120635	0.005246	6.3
449	-0.000000	226.872777	0.000000	7.2
450	-0.004071	226.625638	0.000265	6.1
451	-1.132858	226.379217	0.022688	5.9
452	-0.425359	226.133509	0.005626	6.8
453	0.000000	225.888510	0.000000	5.7
454	-0.248382	225.644218	0.006938	6.6
455	-0.798041	225.400630	0.014872	7.1
456	-0.000000	225.157741	0.000000	5.7
457	-1.034270	224.915549	0.040904	6.6
458	-0.908590	224.674051	0.009280	5.7
459	-0.000000	224.433242	0.000000	6.0
460	-0.102235	224.193121	0.003028	7.4
461	-1.115516	223.953684	0.015920	6.4
462	-0.849097	223.714927	0.006531	6.6
463	-0.298044	223.476848	0.007152	5.6
464	-0.000012	223.239444	0.000002	6.0
465	-1.196914	223.002710	0.010113	6.8
466	-0.000000	222.766645	0.000000	5.8
467	-0.104462	222.531245	0.003766	6.8
468	-0.662344	222.296508	0.016642	6.0
469	-1.088321	222.062429	0.022709	5.4
470	-0.596011	221.829007	0.010749	6.5
471	-0.561906	221.596238	0.010147	6.1
472	-0.910262	221.364119	0.006192	5.9
473	-0.855219	221.132647	0.007245	7.5
474	-0.921393	220.901820	0.011108	6.1
475	-1.105898	220.671634	0.004730	7.4
476	-1.155968	220.442086	0.008628	5.8
477	-0.000000	220.213174	0.000000	5.9
478	-0.087124	219.984895	0.003193	6.4
479	-0.129666	219.757246	0.004650	6.0
480	-1.010168	219.530224	0.012047	6.3
481	-0.000000	219.303826	0.000000	5.8
482	-0.000000	219.078050	0.000000	5.8
483	-0.000019	218.852893	0.000008	6.5
484	-0.537309	218.628352	0.004807	5.8
485	-0.835846	218.404424	0.011561	5.5
486	-0.000000	218.181106	0.000000	7.4
487	-0.966101	217.958397	0.007262	6.0
488	-0.836428	217.736292	0.007870	6.3
489	-0.000000	217.514790	0.000000	6.9
490	-0.000000	217.293888	0.000000	5.8
491	-0.376266	217.073584	0.003494	6.1
492	-0.061897	216.853873	0.000723	5.8
493	-1.011675	216.634755	0.003970	6.0
494	-0.000000	216.416227	0.000000	6.6
495	-1.217259	216.198285	0.008878	5.7
496	-0.612017	215.980927	0.011586	6.6
497	-0.901143	215.764151	0.016108	5.9
498	-0.318867	215.547955	0.008086	6.0
499	-0.955161	215.332335	0.012340	6.5
500	-0.239055	215.117289	0.009726	5.8
501	-0.237627	214.902815	0.004705	5.8
502	-0.000002	214.688911	0.000001	6.6
503	-0.831159	214.475573	0.010468	5.7
504	-0.705197	214.262800	0.010688	6.8
505	-0.791587	214.050588	0.009202	6.3
506	-0.417335	213.838936	0.007828	5.6
507	-0.961631	213.627842	0.009856	6.5
508	-0.023071	213.417302	0.000656	5.7
509	-0.602688	213.207314	0.014294	5.9
510	-0.918175	212.997877	0.008968	6.0
511	-0.000066	212.788987	0.000012	6.0
512	-0.570978	212.580642	0.010592	7.1
513	-1.158250	212.372841	0.009111	5.8
514	-0.000000	212.165581	0.000000	5.5
515	-0.891652	211.958859	0.011008	6.2
516	-0.501526	211.752673	0.007954	6.2
517	-1.047381	211.547021	0.008701	5.8
518	-0.781988	211.341902	0.007917	6.8
519	-0.646648	211.137311	0.007850	6.2
520	-0.168109	210.933248	0.002814	6.3
521	-0.048619	210.729710	0.001721	5.8
522	-0.952021	210.526695	0.009807	6.1
523	-0.567941	210.324200	0.010525	6.9
524	-1.052120	210.122224	0.012327	6.1
525	-0.024667	209.920765	0.001322	5.8
526	-0.000000	209.719820	0.000000	6.0
527	-0.677009	209.519387	0.011020	5.6
528	-1.005371	209.319463	0.011349	6.9
529	-0.363689	209.120048	0.003776	5.7
530	-1.012869	208.921139	0.013405	5.4
531	-0.001664	208.722733	0.000079	6.5
532	-0.198286	208.524829	0.003959	5.5
533	-0.610148	208.327425	0.003832	5.5
534	-0.610911	208.130518	0.009069	7.0
535	-0.105839	207.934107	0.001563	5.6
536	-0.879243	207.738189	0.004689	7.1
537	-0.000000	207.542762	0.000000	5.7
538	-0.714151	207.347825	0.015319	5.6
539	-1.009517	207.153376	0.008549	6.7
540	-0.184789	206.959412	0.004584	6.2
541	-0.666140	206.765932	0.005792	5.6
542	-0.000007	206.572933	0.000002	7.1
543	-0.170505	206.380414	0.002177	5.5
544	-0.000000	206.188373	0.000000	6.1
545	-0.189626	205.996807	0.001876	6.0
546	-0.658276	205.805716	0.013337	5.5
547	-1.047770	205.615096	0.013028	6.6
548	-0.875024	205.424946	0.010321	5.7
549	-0.230202	205.235265	0.002271	5.5
550	-0.672967	205.046050	0.019770	6.5
551	-0.905240	204.857299	0.007823	5.4
552	-0.634141	204.669011	0.007795	5.7
553	-0.912626	204.481184	0.011873	6.6
554	-0.732564	204.293816	0.005295	5.4
555	-0.509765	204.106905	0.006948	6.9
556	-0.613755	203.920449	0.011395	6.1
557	-0.686934	203.734447	0.021026	5.4
558	-1.077092	203.548896	0.025928	6.9
559	-0.866874	203.363795	0.017313	5.8
560	-0.154359	203.179143	0.002799	5.5
561	-0.975608	202.994937	0.025489	6.9
562	-0.236729	202.811176	0.006488	6.7
563	-0.948827	202.627857	0.010663	7.6
564	-0.000975	202.444980	0.000220	7.5
565	-1.089750	202.262543	0.007370	6.2
566	-0.580335	202.080543	0.009321	6.6
567	-1.056169	201.898979	0.011822	6.6
568	-0.000921	201.717849	0.000113	6.9
569	-0.108804	201.537153	0.002580	6.3
570	-0.513900	201.356887	0.008784	7.1
571	-0.020440	201.177050	0.000429	6.3
572	-0.889687	200.997642	0.009183	6.7
573	-0.000000	200.818659	0.000000	7.3
574	-1.141287	200.640100	0.009660	6.0
575	-0.687581	200.461965	0.020499	6.7
576	-0.709952	200.284250	0.005843	5.6
577	-0.000000	200.106955	0.000000	5.9
578	-1.252537	199.930078	0.027699	7.5
579	-0.000000	199.753617	0.000000	6.4
580	-0.618222	199.577571	0.009175	6.9
581	-0.000000	199.401938	0.000000	5.8
582	-0.000000	199.226717	0.000000	5.7
583	-1.018803	199.051905	0.009819	6.6
584	-0.809339	198.877502	0.004632	6.0
585	-0.859062	198.703506	0.006689	5.9
586	-0.839544	198.529916	0.011044	6.2
587	-0.000007	198.356729	0.000002	5.5
588	-0.656524	198.183944	0.006827	6.8
589	-0.567278	198.011560	0.019093	6.2
590	-0.925184	197.839576	0.010171	5.9
591	-0.000000	197.667989	0.000000	6.7
592	-0.341945	197.496798	0.003205	5.7
593	-0.000028	197.326002	0.000009	5.5
594	-1.169731	197.155600	0.012486	6.4
595	-0.000000	196.985589	0.000000	6.1
596	-0.014264	196.815969	0.000776	8.1
597	-0.531097	196.646738	0.003563	5.8
598	-0.561216	196.477894	0.007224	5.7
599	-0.000456	196.309436	0.000087	6.5
600	-0.956343	196.141363	0.017005	5.4
601	-1.030407	195.973673	0.006982	5.4
602	-0.202815	195.806365	0.003757	6.7
603	-0.475361	195.639437	0.004627	5.7
604	-0.852828	195.472888	0.005252	6.7
605	-0.872312	195.306717	0.008331	6.1
606	-0.624723	195.140922	0.011233	6.0
607	-0.639161	194.975501	0.008145	6.6
608	-0.791978	194.810454	0.008865	5.2
609	-0.000000	194.645779	0.000000	5.7
610	-0.793265	194.481475	0.008147	6.9
611	-0.467310	194.317540	0.005407	5.7
612	-0.000013	194.153973	0.000001	6.6
613	-0.985723	193.990773	0.011253	6.6
614	-0.940680	193.827938	0.010307	5.7
615	-0.949144	193.665467	0.036364	6.3
616	-0.041221	193.503358	0.001106	5.9
617	-0.736916	193.341611	0.016418	5.7
618	-0.000000	193.180224	0.000000	6.4
619	-0.959416	193.019196	0.010029	5.5
620	-0.546738	192.858525	0.006861	7.1
621	-0.857294	192.698210	0.022663	5.9
622	-1.079600	192.538251	0.016482	6.1
623	-0.979099	192.378644	0.033516	6.9
624	-1.034978	192.219391	0.014040	5.8
625	-0.483382	192.060488	0.004212	5.9
626	-0.501736	191.901935	0.011769	5.8
627	-0.000000	191.743730	0.000000	5.8
628	-0.733958	191.585873	0.008138	6.8
629	-0.000000	191.428362	0.000000	5.7
630	-0.241324	191.271196	0.002614	5.2
631	-0.000000	191.114374	0.000000	6.6
632	-0.948933	190.957893	0.010835	6.2
633	-1.118089	190.801755	0.035965	6.0
634	-1.116749	190.645956	0.006768	6.3
635	-0.575044	190.490495	0.011484	5.5
636	-1.081278	190.335373	0.011605	6.8
637	-1.054875	190.180587	0.009024	5.7
638	-0.000400	190.026136	0.000026	6.0
639	-0.184319	189.872019	0.003164	7.2
640	-0.876185	189.718235	0.016436	5.7
641	-1.042894	189.564782	0.009913	5.9
642	-0.138909	189.411661	0.004143	6.6
643	-0.783430	189.258868	0.010227	5.8
644	-1.010862	189.106404	0.025729	7.0
645	-0.860710	188.954267	0.012760	6.0
646	-0.000000	188.802456	0.000000	5.9
647	-1.174020	188.650969	0.018529	6.6
648	-0.632038	188.499807	0.006934	5.6
649	-0.831428	188.348967	0.004018	6.1
650	-0.000000	188.198448	0.000000	6.1
651	-0.824165	188.048250	0.010778	5.6
652	-1.126605	187.898371	0.023257	6.9
653	-0.000000	187.748810	0.000000	5.7
654	-0.763029	187.599566	0.009336	6.0
655	-1.015042	187.450638	0.010921	6.5
656	-0.252302	187.302025	0.005520	6.2
657	-0.000003	187.153725	0.000000	6.6
658	-0.000168	187.005739	0.000057	5.8
659	-0.789034	186.858064	0.012072	5.6
660	-1.053557	186.710699	0.008010	6.6
661	-1.132299	186.563645	0.007711	6.1
662	-0.758408	186.416898	0.006066	5.5
663	-0.000027	186.270459	0.000001	6.4
664	-0.000000	186.124326	0.000000	5.9
665	-0.810706	185.978499	0.004154	5.6
666	-1.065078	185.832976	0.005151	6.0
667	-0.506988	185.687756	0.007049	5.4
668	-1.173692	185.542838	0.020188	6.3
669	-0.966079	185.398222	0.008009	6.1
670	-0.856633	185.253906	0.008054	5.9
671	-0.963677	185.109889	0.007948	6.7
672	-1.166386	184.966170	0.013848	6.7
673	-0.000000	184.822748	0.000000	5.7
674	-0.374661	184.679623	0.005935	6.2
675	-0.252000	184.536792	0.004348	5.5
676	-0.000000	184.394256	0.000000	6.8
677	-0.030012	184.252013	0.000947	5.8
678	-0.752233	184.110062	0.051195	5.7
679	-0.751019	183.968403	0.014797	5.8
680	-0.967582	183.827034	0.008456	6.4
681	-1.067236	183.685954	0.016628	5.7
682	-0.189417	183.545163	0.001794	6.2
683	-0.465594	183.404658	0.011180	5.7
684	-0.860296	183.264441	0.006718	6.1
685	-0.934768	183.124509	0.009900	6.3
686	-1.081250	182.984861	0.022540	6.3
687	-0.000422	182.845497	0.000015	6.2
688	-0.981538	182.706416	0.014887	6.7
689	-0.761391	182.567616	0.021363	5.7
690	-0.661607	182.429098	0.011259	6.5
691	-0.819469	182.290859	0.004037	6.0
692	-0.951793	182.152899	0.017925	6.8
693	-0.000000	182.015217	0.000000	5.9
694	-0.174950	181.877813	0.005152	6.0
695	-0.000196	181.740684	0.000060	6.5
696	-0.000000	181.603832	0.000000	5.6
697	-0.697328	181.467253	0.005521	6.0
698	-0.000000	181.330948	0.000000	6.6
699	-0.586809	181.194916	0.010828	5.6
700	-0.000000	181.059155	0.000000	6.5
701	-0.354481	180.923666	0.004907	5.6
702	-0.000000	180.788446	0.000000	5.2
703	-0.825546	180.653496	0.042161	6.5
704	-0.793840	180.518814	0.010093	5.9
705	-0.854582	180.384399	0.011077	5.8
706	-1.122207	180.250251	0.028449	7.0
707	-0.000000	180.116369	0.000000	6.2
708	0.000000	179.982752	0.000000	7.2
709	-1.032705	179.849398	0.008267	5.9
710	-0.062753	179.716308	0.002484	5.9
711	-0.210045	179.583480	0.005441	6.1
712	-0.825830	179.450913	0.008256	5.9
713	-0.326382	179.318607	0.003486	5.5
714	-0.000000	179.186561	0.000000	6.8
715	-1.004581	179.054774	0.007766	5.8
716	-1.118929	178.923245	0.009075	6.1
717	-0.000523	178.791973	0.000055	6.1
718	-0.069856	178.660958	0.002107	5.2
719	-1.032234	178.530199	0.010821	6.7
720	-0.802125	178.399694	0.011012	6.7
721	-0.995068	178.269444	0.005339	6.3
722	-0.852152	178.139447	0.010031	6.3
723	-0.088687	178.009702	0.002963	5.5
724	-0.846238	177.880209	0.020097	7.4
725	-0.805753	177.750967	0.005382	6.4
726	-0.475151	177.621975	0.005347	5.8
727	-0.951064	177.493232	0.009455	5.9
728	-1.102058	177.364738	0.013118	5.3
729	-0.619350	177.236492	0.008098	5.8
730	-1.121174	177.108492	0.017377	6.9
731	-0.020511	176.980739	0.000511	6.1
732	-0.765608	176.853231	0.007749	6.6
733	-0.000000	176.725968	0.000000	6.1
734	-0.627145	176.598949	0.009696	5.8
735	-1.051216	176.472173	0.004966	6.5
736	-1.083672	176.345639	0.006529	5.4
737	-0.000000	176.219348	0.000000	5.8
738	-0.000443	176.093296	0.000083	6.4
739	-0.000000	175.967486	0.000000	5.5
740	-1.072723	175.841914	0.008930	6.3
741	-0.281571	175.716581	0.003803	6.6
742	-1.052649	175.591486	0.014604	6.3
743	-1.057535	175.466629	0.027827	6.3
744	-1.049848	175.342008	0.007986	5.9
745	-0.000651	175.217622	0.000087	5.7
746	-0.000385	175.093472	0.000067	6.8
747	-0.937316	174.969556	0.015399	6.4
748	-1.143843	174.845873	0.016865	6.8
749	-0.684313	174.722423	0.007545	6.0
750	-1.136867	174.599206	0.015100	5.6
751	-0.861715	174.476220	0.009179	6.3
752	-0.372453	174.353464	0.010497	6.0
753	-0.804327	174.230939	0.012128	7.5
754	-0.678710	174.108643	0.004195	5.4
755	-0.465576	173.986576	0.006319	6.0
756	-0.004707	173.864737	0.000305	6.4
757	-0.682379	173.743124	0.013379	6.3
758	-0.000198	173.621739	0.000069	5.8
759	-0.130205	173.500579	0.002394	6.5
760	-0.001498	173.379645	0.000325	5.8
761	-0.808079	173.258935	0.008770	6.4
762	-0.823683	173.138449	0.018690	6.0
763	-0.448696	173.018186	0.010098	5.5
764	-0.850818	172.898146	0.006228	6.9
765	-0.001349	172.778327	0.000337	5.9
766	-0.005876	172.658730	0.000258	5.4
767	-0.882161	172.539353	0.016595	6.1
768	-0.237401	172.420196	0.006198	5.8
769	-0.849921	172.301258	0.012225	5.6
770	-0.613080	172.182539	0.014683	6.1
771	-0.978064	172.064037	0.007823	5.4
772	-0.940457	171.945753	0.012610	6.4
773	-1.015856	171.827686	0.019146	7.0
774	-0.617930	171.709834	0.007511	5.4
775	-0.870082	171.592198	0.003949	6.4
776	-0.623829	171.474776	0.010091	5.4
777	-0.882757	171.357568	0.005662	5.8
778	-0.571208	171.240574	0.007362	6.7
779	-0.000000	171.123793	0.000000	5.9
780	-0.224878	171.007223	0.004202	6.4
781	-1.001125	170.890865	0.017172	5.9
782	-0.668917	170.774718	0.016344	5.6
783	-0.170815	170.658782	0.004504	6.5
784	-0.387354	170.543055	0.008072	5.5
785	-1.021853	170.427537	0.009554	5.7
786	-0.509891	170.312227	0.010212	6.8
787	-1.245744	170.197125	0.020522	5.6
788	-0.760224	170.082231	0.004942	6.7
789	-0.007878	169.967543	0.000466	5.9
790	-0.333579	169.853061	0.005925	6.3
791	-1.176861	169.738784	0.008102	6.2
792	-0.000000	169.624713	0.000000	5.6
793	-0.121263	169.510845	0.004559	6.2
794	-1.228361	169.397181	0.005908	7.1
795	-0.406043	169.283720	0.006865	5.8
796	-1.061353	169.170462	0.014887	6.4
797	-0.065819	169.057405	0.002231	6.1
798	-0.282010	168.944549	0.005203	5.7
799	-0.640925	168.831895	0.007719	7.0
800	-0.860607	168.719440	0.009989	5.6
801	-1.103637	168.607185	0.012620	5.7
802	-0.437947	168.495129	0.004003	6.3
803	-0.626791	168.383271	0.008841	5.9
804	-0.000000	168.271611	0.000000	6.2
805	-0.706953	168.160148	0.004479	5.9
806	-0.149305	168.048882	0.003441	5.8
807	-0.972156	167.937812	0.004739	7.0
808	-0.040016	167.826938	0.001434	6.2
809	-0.798020	167.716258	0.006537	6.8
810	-0.000000	167.605773	0.000000	6.3
811	-1.045769	167.495482	0.012741	5.6
812	-0.508871	167.385384	0.007497	6.7
813	-0.732236	167.275479	0.007056	6.2
814	-0.665548	167.165766	0.005468	6.2
815	-0.000000	167.056245	0.000000	6.2
816	-0.244233	166.946915	0.003021	5.4
817	-0.000000	166.837776	0.000000	6.3
818	-0.002588	166.728826	0.000117	6.6
819	-0.843782	166.620067	0.009754	6.1
820	-1.079719	166.511496	0.011903	6.6
821	-0.000000	166.403113	0.000000	5.9
822	0.000000	166.294919	0.000000	5.6
823	-0.509569	166.186912	0.006496	7.1
824	-1.115663	166.079091	0.009495	5.9
825	-0.695067	165.971458	0.009667	6.7
826	-0.779253	165.864009	0.010161	6.0
827	-0.727297	165.756747	0.016076	5.8
828	-0.906543	165.649669	0.014833	6.2
829	-0.845144	165.542775	0.007680	6.6
830	-0.001164	165.436065	0.000154	5.9
831	-0.815782	165.329538	0.008735	6.4
832	-1.031291	165.223194	0.006135	5.9
833	-1.199737	165.117032	0.010609	6.4
834	-0.773939	165.011052	0.007942	5.8
835	-0.004754	164.905253	0.000876	5.4
836	-0.684855	164.799635	0.013958	6.9
837	-0.691323	164.694197	0.011543	5.8
838	-0.000877	164.588939	0.000173	6.2
839	-0.596375	164.483859	0.004854	6.4
840	-0.746716	164.378959	0.003148	5.9
841	-1.190371	164.274237	0.023009	6.7
842	-0.080906	164.169692	0.000842	5.5
843	-0.863481	164.065325	0.006766	6.7
844	-0.000000	163.961135	0.000000	7.3
845	-1.013760	163.857120	0.029603	6.0
846	-1.265240	163.753282	0.006774	6.8
847	-1.190977	163.649619	0.009178	5.6
848	-0.170433	163.546130	0.001557	5.7
849	-1.190702	163.442816	0.007191	6.9
850	-0.007710	163.339676	0.000356	5.5
851	-0.777372	163.236709	0.009058	5.4
852	-0.854422	163.133915	0.015116	6.7
853	-0.133782	163.031294	0.003252	5.8
854	-1.113975	162.928844	0.026861	5.8
855	-0.557077	162.826566	0.014712	6.4
856	-0.571975	162.724459	0.004132	5.8
857	-0.787434	162.622523	0.005656	7.0
858	-0.664370	162.520757	0.008318	5.6
859	-0.581770	162.419160	0.005714	5.5
860	-1.150488	162.317733	0.017743	6.4
861	-1.007023	162.216474	0.018810	6.1
862	-0.660527	162.115383	0.004699	6.1
863	-0.939416	162.014461	0.010113	7.1
864	-1.103558	161.913705	0.009678	6.1
865	-0.994946	161.813117	0.012512	6.9
866	-0.000000	161.712695	0.000000	6.1
867	-0.575422	161.612439	0.005780	5.7
868	-0.577445	161.512349	0.007634	6.4
869	-0.735962	161.412424	0.006506	6.0
870	-1.055046	161.312663	0.013086	6.8
871	-0.378592	161.213067	0.007193	6.0
872	-0.995725	161.113635	0.010716	5.8
873	-0.000000	161.014366	0.000000	6.5
874	-1.129228	160.915260	0.022042	5.3
875	-0.000000	160.816316	0.000000	5.6
876	-0.000000	160.717535	0.000000	7.0
877	-1.206665	160.618915	0.016791	5.5
878	-0.925753	160.520456	0.007315	5.9
879	-0.361814	160.422158	0.003353	6.6
880	-0.845098	160.324021	0.006381	6.3
881	-0.994195	160.226043	0.018218	6.4
882	-0.934114	160.128225	0.013938	6.3
883	-0.980178	160.030566	0.015468	5.7
884	-0.000000	159.933066	0.000000	6.4
885	-0.982999	159.835723	0.007125	5.8
886	-0.591544	159.738539	0.007768	6.3
887	-0.824818	159.641512	0.011861	5.6
888	-0.896730	159.544642	0.007230	6.0
889	-0.015242	159.447929	0.001227	6.7
890	-0.591042	159.351372	0.005073	5.7
891	-0.023473	159.254971	0.000236	6.7
892	-0.767149	159.158725	0.006861	6.7
893	-0.702616	159.062634	0.016251	6.0
894	-0.603653	158.966697	0.021070	6.4
895	-0.764174	158.870915	0.005557	6.8
896	-0.801883	158.775286	0.010453	5.6
897	-0.000000	158.679811	0.000000	7.4
898	-1.011549	158.584489	0.027530	7.0
899	-0.636167	158.489319	0.007199	7.7
900	-0.000007	158.394302	0.000001	5.4
901	-0.940290	158.299436	0.014080	6.1
902	-0.298237	158.204721	0.001889	6.1
903	-0.388494	158.110158	0.003998	5.8
904	0.000000	158.015745	0.000000	6.7
905	-0.420379	157.921482	0.006209	5.8
906	-1.021869	157.827369	0.012861	5.5
907	-0.660995	157.733406	0.015377	6.4
908	-1.025585	157.639591	0.006198	6.0
909	-0.740987	157.545925	0.005578	6.4
910	-0.000000	157.452408	0.000000	7.2
911	-0.757317	157.359038	0.015760	6.0
912	-0.000000	157.265816	0.000000	6.5
913	-0.955225	157.172741	0.017379	6.4
914	-0.536997	157.079813	0.008300	5.9
915	-0.316598	156.987031	0.003402	7.3
916	-0.735540	156.894395	0.007721	5.9
917	-0.185594	156.801904	0.001715	6.7
918	-1.200012	156.709559	0.016470	5.6
919	-1.237153	156.617359	0.021237	5.9
920	-0.219732	156.525304	0.005929	6.9
921	-0.640473	156.433392	0.008783	6.8
922	-0.432357	156.341624	0.009133	6.4
923	-0.952460	156.250000	0.010249	6.2
924	-1.049529	156.158519	0.011735	6.1
925	-0.000000	156.067180	0.000000	7.2
926	-1.108051	155.975984	0.024447	5.2
927	-0.026388	155.884930	0.001426	5.8
928	-1.128773	155.794017	0.018365	6.4
929	-0.700597	155.703246	0.006904	5.6
930	-0.668095	155.612615	0.008053	6.6
931	-0.412479	155.522125	0.005142	5.8
932	-0.790345	155.431775	0.011084	5.8
933	-0.386656	155.341565	0.003366	6.2
934	-1.176198	155.251495	0.008360	5.2
935	-1.042059	155.161563	0.017779	5.4
936	-0.990194	155.071771	0.005737	6.9
937	-0.438061	154.982117	0.008748	5.9
938	-0.682896	154.892601	0.006493	6.6
939	-0.348334	154.803222	0.006417	5.9
940	-0.780117	154.713981	0.005547	5.3
941	-0.444832	154.624878	0.006699	6.0
942	-0.000000	154.535910	0.000000	5.7
943	-0.795412	154.447080	0.021149	6.3
944	-0.000000	154.358385	0.000000	6.8
945	-0.884738	154.269826	0.005189	5.9
946	-0.907347	154.181402	0.003946	6.6
947	-0.946268	154.093114	0.012683	5.8
948	-0.743811	154.004960	0.017511	5.9
949	-1.022526	153.916940	0.008005	6.8
950	-0.809673	153.829054	0.008913	5.5
951	-0.986406	153.741303	0.010449	5.4
952	-0.390105	153.653684	0.008322	6.6
953	-0.853971	153.566198	0.008209	5.8
954	-0.130796	153.478846	0.003912	6.1
955	-0.868480	153.391625	0.007760	6.3
956	-0.969675	153.304537	0.021060	6.0
957	-1.079773	153.217580	0.023960	6.3
958	-0.009642	153.130755	0.000755	5.7
959	-0.443192	153.044061	0.002770	5.4
960	-1.197534	152.957498	0.015671	6.6
961	-0.608548	152.871065	0.013296	6.4
962	-0.091376	152.784762	0.001668	6.0
963	-0.758654	152.698589	0.009049	6.8
964	-0.849771	152.612545	0.022148	6.2
965	-0.845959	152.526631	0.017688	6.2
966	-0.000000	152.440845	0.000000	5.9
967	-0.000000	152.355188	0.000000	6.1
968	-1.166721	152.269660	0.020071	6.4
969	-0.757105	152.184259	0.010405	6.2
970	-0.949092	152.098986	0.019661	6.8
971	-0.774151	152.013840	0.004606	6.3
972	-0.977833	151.928821	0.016907	5.7
973	-1.178273	151.843928	0.011814	6.1
974	-0.000000	151.759163	0.000000	5.9
975	-0.300087	151.674523	0.005323	5.8
976	-1.131600	151.590009	0.008212	6.2
977	-0.862848	151.505620	0.027748	6.3
978	-0.729705	151.421357	0.006301	6.9
979	-0.855576	151.337218	0.021485	5.8
980	-0.000000	151.253204	0.000000	5.8
981	-1.082554	151.169314	0.007450	6.9
982	-0.841782	151.085549	0.008547	5.3
983	-0.520217	151.001907	0.007541	5.8
984	-0.000000	150.918388	0.000000	6.3
985	-0.859086	150.834992	0.016531	6.0
986	-0.000000	150.751719	0.000000	6.0
987	-0.434636	150.668569	0.005415	6.5
988	-0.033622	150.585541	0.001290	5.5
989	-0.154247	150.502634	0.003289	6.4
990	-0.935093	150.419849	0.013483	5.4
991	-0.000064	150.337186	0.000023	5.4
992	-0.891613	150.254644	0.011958	6.3
993	-0.176276	150.172222	0.001724	5.9
994	-1.169769	150.089921	0.014088	5.5
995	-1.175487	150.007740	0.029678	6.7
996	-0.769244	149.925679	0.031358	6.2
997	-1.091740	149.843737	0.028154	6.2
998	-0.009713	149.761915	0.000411	6.5
999	-0.573553	149.680212	0.004710	5.5
1000	-1.113508	149.598627	0.016313	5.9
1001	-1.205418	149.517161	0.015063	6.0
1002	-0.949175	149.435814	0.025743	5.6
1003	-0.713568	149.354584	0.031424	6.4
1004	-1.043352	149.273472	0.012506	6.0
1005	0.000000	149.192477	0.000000	5.4
1006	-1.135379	149.111599	0.016623	6.6
1007	-0.000000	149.030838	0.000000	6.1
1008	-0.952420	148.950194	0.007027	6.5
1009	-1.152709	148.869666	0.005344	5.9
1010	0.000000	148.789253	0.000000	5.9
1011	-0.661859	148.708957	0.009646	6.8
1012	-0.631323	148.628776	0.011503	5.7
1013	-0.885669	148.548710	0.005403	6.1
1014	-0.817995	148.468759	0.006538	6.5
1015	-0.000000	148.388923	0.000000	6.4
1016	-0.649450	148.309201	0.020866	6.5
1017	-0.780515	148.229594	0.005620	5.5
1018	-0.565287	148.150100	0.006372	5.4
1019	-1.189332	148.070719	0.033641	6.5
1020	-0.707468	147.991452	0.013237	5.3
1021	-0.958649	147.912298	0.015898	5.9
1022	-1.029863	147.833257	0.012381	6.3
1023	-0.000000	147.754329	0.000000	6.0
1024	-0.922541	147.675512	0.010820	6.8
1025	-0.000000	147.596808	0.000000	6.3
1026	-0.089788	147.518216	0.002038	5.5
1027	-0.674724	147.439735	0.007108	7.0
1028	-0.810727	147.361365	0.009006	6.1
1029	-0.835990	147.283106	0.028811	5.9
1030	-0.671927	147.204958	0.011690	7.1
1031	-0.872648	147.126920	0.012913	6.5
1032	-1.193326	147.048993	0.018076	6.7
1033	-0.754044	146.971175	0.023030	5.6
1034	-0.883082	146.893468	0.007401	6.0
1035	-0.972052	146.815869	0.020503	6.5
1036	-0.607501	146.738380	0.003812	5.6
1037	-0.971151	146.661000	0.014570	6.6
1038	-0.000000	146.583729	0.000000	6.4
1039	-0.000001	146.506566	0.000000	6.5
1040	-1.003213	146.429511	0.009869	6.1
1041	-0.259812	146.352565	0.002741	5.4
1042	-0.637427	146.275726	0.006277	5.5
1043	-0.401466	146.198994	0.006705	6.3
1044	-0.000002	146.122370	0.000001	6.3
1045	-1.190620	146.045853	0.026666	5.7
1046	-0.585609	145.969442	0.013698	7.3
1047	-0.817988	145.893139	0.019518	5.8
1048	-0.000000	145.816941	0.000000	6.1
1049	-0.000000	145.740849	0.000000	5.8
1050	-0.048595	145.664863	0.001068	5.6
1051	-0.646205	145.588983	0.007596	6.3
1052	-0.910390	145.513208	0.002934	5.7
1053	-0.000000	145.437538	0.000000	6.2
1054	-0.000000	145.361973	0.000000	5.8
1055	-1.151790	145.286513	0.009908	5.9
1056	-1.258754	145.211157	0.026827	6.2
1057	-0.927860	145.135905	0.010080	5.9
1058	-0.776125	145.060757	0.008041	5.7
1059	-0.038875	144.985712	0.002336	6.7
1060	-1.034273	144.910771	0.007689	5.6
1061	-1.108844	144.835934	0.020483	6.6
1062	-1.038989	144.761199	0.009696	6.0
1063	-0.948206	144.686567	0.009426	5.9
1064	-0.407060	144.612037	0.002412	6.4
1065	-0.278939	144.537610	0.001665	6.3
1066	-0.028754	144.463285	0.001770	5.7
1067	-0.000000	144.389062	0.000000	6.3
1068	-0.613163	144.314940	0.005432	5.7
1069	-0.176832	144.240920	0.002345	5.8
1070	-0.568538	144.167001	0.009289	7.1
1071	-0.917938	144.093182	0.008503	7.0
1072	-0.000000	144.019465	0.000000	6.5
1073	-0.903788	143.945848	0.008777	6.2
1074	-0.367666	143.872331	0.005354	5.7
1075	-0.062357	143.798914	0.000953	6.8
1076	-0.005584	143.725597	0.000250	5.6
1077	-1.125791	143.652380	0.009742	6.3
1078	-0.906815	143.579262	0.011443	5.8
1079	-0.695388	143.506243	0.024066	5.6
1080	-0.043620	143.433323	0.001602	6.6
1081	-0.736900	143.360502	0.008757	6.7
1082	-0.999551	143.287780	0.005008	6.5
1083	-1.188111	143.215155	0.011020	6.6
1084	-1.151931	143.142629	0.025618	5.9
1085	-1.218910	143.070201	0.008584	6.3
1086	-0.008684	142.997870	0.000192	5.9
1087	-0.610451	142.925637	0.006513	5.6
1088	-0.071078	142.853501	0.001718	6.6
1089	-1.160629	142.781462	0.013632	5.8
1090	-1.102037	142.709519	0.006021	5.5
1091	-0.000000	142.637674	0.000000	6.8
1092	-0.603790	142.565924	0.007914	6.0
1093	-0.699118	142.494271	0.006841	6.8
1094	-0.888572	142.422714	0.008844	5.4
1095	-1.202229	142.351252	0.012998	6.4
1096	-1.147238	142.279886	0.014846	6.7
1097	-1.038243	142.208616	0.008887	6.0
1098	-0.766795	142.137440	0.005385	6.2
1099	-0.451170	142.066360	0.006131	5.9
1100	-0.000000	141.995374	0.000000	5.8
1101	-1.117911	141.924483	0.010924	6.2
1102	-1.095165	141.853685	0.016011	6.0
1103	0.000000	141.782983	0.000000	5.3
1104	-0.939246	141.712373	0.004728	6.8
1105	-0.058425	141.641858	0.000874	6.0
1106	-1.166757	141.571436	0.010554	6.0
1107	-0.472979	141.501108	0.009368	7.1
1108	-0.831418	141.430872	0.007627	5.8
1109	-1.113173	141.360730	0.012604	6.8
1110	-1.185600	141.290680	0.005740	5.6
1111	-0.820456	141.220722	0.013210	6.0
1112	-0.000001	141.150857	0.000000	6.9
1113	-1.074803	141.081084	0.008383	6.1
1114	-0.579880	141.011403	0.006505	5.8
1115	-0.688393	140.941813	0.009101	6.0
1116	-0.068782	140.872315	0.003120	5.8
1117	-0.428101	140.802909	0.007902	6.6
1118	-0.177752	140.733593	0.003273	5.7
1119	-1.211698	140.664369	0.025016	6.1
1120	-0.033529	140.595235	0.000560	6.3
1121	-1.135745	140.526192	0.011239	5.4
1122	-0.776729	140.457239	0.005304	5.7
1123	-0.972063	140.388376	0.012472	6.4
1124	-0.939414	140.319603	0.015124	5.8
1125	-0.899575	140.250920	0.014360	6.3
1126	-0.004188	140.182326	0.000583	6.0
1127	-1.097320	140.113822	0.010527	6.0
1128	-0.828374	140.045407	0.019116	6.6
1129	-0.810729	139.977081	0.015416	6.1
1130	-0.000018	139.908844	0.000001	6.4
1131	-1.157318	139.840696	0.012291	6.3
1132	-0.000000	139.772635	0.000000	5.8
1133	-0.000000	139.704664	0.000000	6.4
1134	-1.067575	139.636780	0.019994	5.7
1135	-0.000000	139.568984	0.000000	5.6
1136	-1.126448	139.501276	0.010851	6.5
1137	-1.125538	139.433655	0.018974	5.7
1138	-0.696499	139.366122	0.006504	6.0
1139	-1.115008	139.298676	0.013013	6.6
1140	-0.907327	139.231317	0.015143	6.2
1141	-0.000000	139.164045	0.000000	6.5
1142	-0.000000	139.096859	0.000000	5.8
1143	-0.058331	139.029760	0.001647	6.2
1144	-0.930510	138.962747	0.012231	7.7
1145	-1.279884	138.895820	0.009655	6.2
1146	-0.835897	138.828978	0.010017	7.0
1147	0.000000	138.762223	0.000000	5.8
1148	0.000000	138.695553	0.000000	6.2
1149	-0.000000	138.628969	0.000000	6.6
1150	-0.019220	138.562469	0.001190	6.1
1151	-0.092230	138.496055	0.004075	5.5
1152	-0.056584	138.429725	0.000719	6.1
1153	-0.178992	138.363481	0.004659	5.7
1154	-0.884082	138.297320	0.007029	6.9
1155	-0.000038	138.231244	0.000006	6.1
1156	-0.287629	138.165252	0.004121	5.8
1157	-0.832427	138.099344	0.016377	6.6
1158	-0.141934	138.033520	0.003546	6.8
1159	-0.713345	137.967779	0.009414	6.2
1160	-0.410807	137.902122	0.004103	6.1
1161	-0.000000	137.836548	0.000000	6.6
1162	-0.900335	137.771057	0.007431	6.7
1163	-0.820972	137.705649	0.006527	6.2
1164	-0.914196	137.640324	0.016176	5.4
1165	-1.032682	137.575081	0.016664	6.4
1166	-0.000000	137.509921	0.000000	5.7
1167	-0.733988	137.444842	0.016415	6.1
1168	-0.841598	137.379846	0.013752	5.8
1169	-0.690658	137.314932	0.005042	5.8
1170	-0.000000	137.250100	0.000000	6.5
1171	0.000000	137.185349	0.000000	5.4
1172	-0.066137	137.120680	0.000873	6.3
1173	-0.600498	137.056092	0.008747	6.4
1174	-1.174161	136.991585	0.012498	5.9
1175	-0.767421	136.927158	0.004158	6.0
1176	-0.814666	136.862813	0.012233	6.1
1177	-0.041599	136.798548	0.001717	5.8
1178	-0.310994	136.734363	0.001446	6.5
1179	-0.816352	136.670259	0.009139	6.1
1180	-0.228886	136.606235	0.004954	5.9
1181	-1.008850	136.542291	0.006326	6.2
1182	-0.090580	136.478426	0.001574	5.6
1183	-0.000000	136.414641	0.000000	6.4
1184	-1.001347	136.350936	0.008621	6.2
1185	-0.000000	136.287310	0.000000	5.6
1186	-1.214413	136.223763	0.012207	6.7
1187	-1.033379	136.160295	0.008028	5.7
1188	-0.516643	136.096905	0.005796	5.7
1189	-0.000000	136.033594	0.000000	6.9
1190	-1.176387	135.970362	0.015183	5.5
1191	-0.685352	135.907208	0.012317	6.0
1192	-0.870743	135.844133	0.008186	6.4
1193	-0.024218	135.781135	0.001416	5.5
1194	-1.156557	135.718215	0.010417	6.4
1195	-0.000181	135.655373	0.000016	6.7
1196	-0.223392	135.592608	0.003897	5.4
1197	-0.131479	135.529921	0.005368	6.5
1198	0.000000	135.467311	0.000000	6.5
1199	-0.693325	135.404778	0.006696	6.7
1200	-0.610266	135.342322	0.005684	5.9
1201	-0.433035	135.279942	0.005631	5.9
1202	-0.691847	135.217640	0.015797	7.0
1203	-1.178606	135.155413	0.012806	5.7
1204	-0.963939	135.093263	0.006303	6.4
1205	-1.090452	135.031190	0.009425	6.8
1206	-0.854904	134.969192	0.005096	5.8
1207	-0.024702	134.907270	0.001202	6.2
1208	-1.104404	134.845424	0.013005	5.7
1209	-0.783179	134.783653	0.009736	5.8
1210	-0.799009	134.721958	0.011034	7.0
1211	-1.255909	134.660338	0.006562	5.9
1212	-0.000641	134.598793	0.000226	5.7
1213	-0.796308	134.537323	0.010107	6.6
1214	-0.608605	134.475927	0.007592	5.9
1215	-1.037410	134.414607	0.007605	6.8
1216	-0.001393	134.353361	0.000299	5.7
1217	-0.588632	134.292189	0.011427	5.6
1218	-1.122586	134.231092	0.019488	6.9
1219	-0.563495	134.170068	0.007975	6.1
1220	-1.106933	134.109119	0.009360	6.0
1221	-1.188888	134.048243	0.013266	6.6
1222	-0.992439	133.987441	0.006961	6.2
1223	-0.582479	133.926713	0.009196	7.0
1224	-0.598355	133.866057	0.004876	6.0
1225	-1.081536	133.805475	0.012469	6.3
1226	-0.348468	133.744966	0.003988	6.6
1227	-1.211119	133.684530	0.018369	6.4
1228	-0.837109	133.624167	0.005542	8.0
1229	-1.221212	133.563877	0.010042	5.5
1230	-0.000000	133.503658	0.000000	5.5
1231	-0.814379	133.443513	0.013873	7.4
1232	-0.819452	133.383439	0.004535	7.1
1233	-0.840207	133.323437	0.013260	6.7
1234	-0.460974	133.263508	0.006968	5.8
1235	-1.169602	133.203650	0.010159	5.9
1236	0.000000	133.143864	0.000000	6.6
1237	-0.000000	133.084149	0.000000	5.8
1238	-1.188180	133.024506	0.008100	5.6
1239	-0.306805	132.964934	0.003825	5.9
1240	-0.000369	132.905433	0.000022	5.3
1241	-0.132680	132.846003	0.003677	6.6
1242	-1.283455	132.786643	0.016259	5.8
1243	-0.000000	132.727355	0.000000	5.7
1244	-0.687439	132.668137	0.007299	7.1
1245	-0.759091	132.608989	0.010953	5.6
1246	-1.211856	132.549912	0.013401	6.4
1247	-1.181610	132.490904	0.008904	6.5
1248	-0.000000	132.431967	0.000000	6.1
1249	-1.187999	132.373100	0.007595	6.3
1250	-0.000000	132.314302	0.000000	6.5
1251	-1.212922	132.255574	0.009259	5.7
1252	-0.722682	132.196916	0.006990	6.4
1253	-0.054316	132.138326	0.000869	5.9
1254	-0.000001	132.079806	0.000000	5.8
1255	-0.278958	132.021355	0.005267	6.0
1256	-0.882582	131.962973	0.012883	5.5
1257	-0.445169	131.904660	0.007586	6.5
1258	-1.077088	131.846415	0.014873	6.1
1259	-0.033776	131.788239	0.001060	6.2
1260	-0.821761	131.730131	0.004408	6.4
1261	-0.067650	131.672092	0.002469	5.7
1262	-0.169983	131.614121	0.001944	5.7
1263	-0.737772	131.556217	0.013466	7.2
1264	-0.000000	131.498382	0.000000	5.5
1265	-0.662785	131.440614	0.014804	6.9
1266	-0.000034	131.382914	0.000010	6.3
1267	-0.755121	131.325282	0.007968	5.9
1268	-0.742241	131.267717	0.011797	6.4
1269	-0.976461	131.210219	0.027153	6.2
1270	-0.911112	131.152788	0.006157	5.9
1271	-1.146814	131.095424	0.025949	6.2
1272	-0.001450	131.038127	0.000432	6.0
1273	-0.885634	130.980897	0.007760	6.8
1274	-0.042579	130.923733	0.001075	5.7
1275	-0.902451	130.866636	0.011311	5.9
1276	-0.783721	130.809605	0.010343	6.4
1277	-0.705740	130.752641	0.003101	5.5
1278	-0.770925	130.695742	0.025705	5.9
1279	-1.110625	130.638910	0.022144	6.4
1280	-0.513562	130.582143	0.006713	5.8
1281	-0.932213	130.525442	0.007214	6.6
1282	-1.080292	130.468807	0.013485	6.5
1283	-0.612601	130.412237	0.006224	5.5
1284	-0.564004	130.355733	0.005872	6.5
1285	-0.148860	130.299294	0.004112	5.9
1286	-0.749753	130.242920	0.010863	6.8
1287	-0.629448	130.186611	0.008569	5.6
1288	-1.062594	130.130366	0.005561	6.3
1289	-0.750333	130.074187	0.008102	6.3
1290	-1.016702	130.018072	0.003858	5.8
1291	-0.149355	129.962022	0.003844	5.6
1292	-0.125274	129.906036	0.004240	7.1
1293	-0.000000	129.850114	0.000000	5.8
1294	-1.062076	129.794257	0.008045	6.1
1295	-0.961507	129.738463	0.007429	6.8
1296	-0.980494	129.682734	0.012572	5.7
1297	-0.102360	129.627068	0.001505	6.5
1298	-1.050020	129.571466	0.015015	6.3
1299	-0.845723	129.515927	0.014712	7.0
1300	-0.018037	129.460452	0.000186	6.6
1301	-0.434607	129.405040	0.005969	5.6
1302	-0.768726	129.349692	0.008441	6.7
1303	-0.419204	129.294406	0.005770	6.0
1304	-0.307247	129.239183	0.006027	6.0
1305	-0.367561	129.184024	0.003046	7.1
1306	-0.039065	129.128927	0.001029	6.4
1307	-0.320103	129.073892	0.004509	7.7
1308	-1.108809	129.018921	0.007353	5.9
1309	-0.816826	128.964011	0.004282	7.1
1310	-1.205691	128.909164	0.014155	6.7
1311	-0.769676	128.854379	0.007626	6.4
1312	-1.122172	128.799656	0.021154	6.7
1313	-1.166477	128.744995	0.003768	6.7
1314	-1.196362	128.690396	0.038371	6.8
1315	-0.835612	128.635858	0.013060	5.8
1316	-1.016517	128.581382	0.006961	5.6
1317	-0.517212	128.526968	0.008887	7.5
1318	-0.452311	128.472615	0.006901	5.8
1319	-1.018562	128.418323	0.004373	6.9
1320	-0.000548	128.364092	0.000027	6.6
1321	-1.164406	128.309922	0.013941	6.4
1322	-0.000000	128.255814	0.000000	6.8
1323	-0.873573	128.201766	0.010052	6.5
1324	-0.364878	128.147778	0.006398	6.2
1325	-0.418478	128.093852	0.006178	6.7
1326	-1.140110	128.039985	0.008217	6.9
1327	-0.672480	127.986180	0.007570	7.8
1328	-0.079388	127.932434	0.004031	7.1
1329	-0.149686	127.878749	0.002886	6.8
1330	-0.271438	127.825123	0.001722	5.8
1331	-0.402396	127.771558	0.005641	7.2
1332	-0.737832	127.718052	0.008578	7.2
1333	-0.000000	127.664606	0.000000	6.2
1334	-1.080954	127.611220	0.013210	7.0
1335	0.000000	127.557893	0.000000	5.8
1336	-0.000000	127.504625	0.000000	6.3
1337	-0.000001	127.451417	0.000000	7.1
1338	-0.096338	127.398268	0.001272	6.6
1339	-0.787759	127.345178	0.009264	7.0
1340	-0.112189	127.292147	0.001303	7.0
1341	-0.055993	127.239175	0.000435	7.0
1342	-1.274876	127.186261	0.019305	6.0
1343	-0.126042	127.133407	0.003630	7.2
1344	-0.972454	127.080610	0.009859	7.0
1345	-0.791879	127.027872	0.017166	7.1
1346	-0.592026	126.975193	0.003221	6.4
1347	-0.234727	126.922572	0.003167	6.4
1348	-0.739321	126.870008	0.009219	6.3
1349	-0.000000	126.817503	0.000000	6.7
1350	-0.000003	126.765056	0.000001	6.2
1351	-1.046662	126.712667	0.005335	6.6
1352	-0.690977	126.660335	0.005534	6.5
1353	-0.754035	126.608061	0.007125	6.4
1354	-0.820455	126.555844	0.006395	6.3
1355	-0.442199	126.503685	0.003711	5.2
1356	-0.282582	126.451583	0.003574	7.2
1357	-1.147000	126.399538	0.035022	6.3
1358	-0.882973	126.347550	0.011859	5.9
1359	-0.704309	126.295619	0.011849	7.1
1360	-0.952090	126.243745	0.008021	6.1
1361	-0.210307	126.191928	0.002606	5.7
1362	-0.478854	126.140168	0.003097	6.1
1363	-0.018146	126.088464	0.000675	6.0
1364	-0.014759	126.036817	0.000752	6.5
1365	-0.488500	125.985226	0.005536	5.6
1366	-1.263621	125.933691	0.012430	5.9
1367	-0.872436	125.882212	0.008037	6.6
1368	-1.198526	125.830790	0.005499	5.7
1369	-0.331924	125.779423	0.006544	6.7
1370	-0.000000	125.728113	0.000000	6.1
1371	-0.200465	125.676858	0.003101	5.3
1372	-1.071693	125.625659	0.011668	6.5
1373	-1.141355	125.574515	0.013068	6.0
1374	-1.163365	125.523427	0.008183	5.8
1375	-0.119732	125.472394	0.001305	6.6
1376	-0.000000	125.421417	0.000000	5.6
1377	-1.076849	125.370495	0.009856	5.8
1378	-0.920060	125.319628	0.028184	6.9
1379	-0.000000	125.268815	0.000000	5.7
1380	-1.142812	125.218058	0.012843	5.7
1381	-0.740070	125.167356	0.005448	6.4
1382	-0.999135	125.116708	0.021023	5.5
1383	-0.843801	125.066115	0.032268	6.5
1384	-1.298109	125.015576	0.007365	6.8
1385	-0.016042	124.965092	0.001398	5.3
1386	-0.640403	124.914662	0.009781	7.3
1387	-0.827831	124.864287	0.007990	7.4
1388	-0.865696	124.813965	0.006073	6.8
1389	-0.685397	124.763698	0.004986	5.8
1390	-0.003362	124.713485	0.000504	5.7
1391	-0.709981	124.663325	0.002599	6.4
1392	-1.128344	124.613219	0.008643	5.4
1393	-1.052600	124.563167	0.019492	6.2
1394	-0.375024	124.513168	0.003469	7.0
1395	-0.282751	124.463223	0.006800	5.7
1396	-0.899249	124.413332	0.011657	6.3
1397	-0.000004	124.363493	0.000001	6.1
1398	-0.494270	124.313708	0.006335	5.5
1399	-0.195622	124.263976	0.005471	6.8
1400	-1.031434	124.214297	0.017119	5.6
1401	-0.793848	124.164671	0.007288	6.3
1402	-0.093315	124.115097	0.001379	6.0
1403	-0.978560	124.065577	0.017713	5.9
1404	-0.896121	124.016109	0.007216	7.2
1405	-0.619814	123.966693	0.014443	6.2
1406	-0.000000	123.917330	0.000000	6.0
1407	-0.805084	123.868020	0.014382	6.7
1408	-0.364427	123.818762	0.006325	5.4
1409	-0.209560	123.769556	0.004523	6.5
1410	-0.683354	123.720402	0.012218	6.7
1411	-0.000648	123.671300	0.000157	5.3
1412	-1.143487	123.622250	0.013779	6.7
1413	-1.137408	123.573252	0.016740	5.3
1414	-0.000000	123.524305	0.000000	5.6
1415	-0.835979	123.475411	0.005967	6.9
1416	-0.000000	123.426568	0.000000	5.7
1417	-0.800996	123.377776	0.009229	6.2
1418	-1.316659	123.329036	0.022027	5.6
1419	-1.166238	123.280347	0.013309	5.5
1420	-0.016159	123.231709	0.001298	6.5
1421	-1.208786	123.183122	0.046933	5.8
1422	-1.175998	123.134587	0.035740	5.7
1423	-0.000000	123.086102	0.000000	6.6
1424	-0.947032	123.037669	0.006428	5.3
1425	-0.888735	122.989286	0.004399	6.0
1426	-0.189234	122.940954	0.004572	6.7
1427	-0.687067	122.892672	0.013995	5.5
1428	-0.525341	122.844441	0.012817	6.2
1429	-0.000000	122.796261	0.000000	6.1
1430	-0.000000	122.748130	0.000000	5.7
1431	-0.867076	122.700050	0.009854	6.6
1432	0.000000	122.652021	0.000000	5.8
1433	-0.512146	122.604041	0.005506	6.3
1434	-0.852846	122.556111	0.008465	6.6
1435	-0.807074	122.508232	0.011405	5.6
1436	-1.113172	122.460402	0.011375	6.7
1437	-1.135013	122.412622	0.005963	5.9
1438	-0.844245	122.364891	0.008122	5.7
1439	0.000000	122.317210	0.000000	6.8
1440	-1.032172	122.269579	0.027371	6.1
1441	-0.607637	122.221997	0.010514	5.9
1442	-0.000000	122.174465	0.000000	6.4
1443	-1.088752	122.126981	0.009327	6.0
1444	-0.876805	122.079547	0.010699	6.8
1445	-1.061401	122.032162	0.010763	6.4
1446	-0.000000	121.984826	0.000000	5.5
1447	0.000000	121.937539	0.000000	6.7
1448	-1.025177	121.890301	0.010684	6.4
1449	-0.000091	121.843112	0.000005	7.0
1450	-0.000000	121.795971	0.000000	6.1
1451	-0.981007	121.748879	0.008163	5.8
1452	-0.000000	121.701835	0.000000	7.0
1453	-0.649523	121.654840	0.007211	5.7
1454	-0.901448	121.607893	0.010584	5.8
1455	-0.588322	121.560994	0.012935	6.3
1456	-0.742056	121.514144	0.011587	5.7
1457	-0.243474	121.467342	0.004375	6.7
1458	-0.509003	121.420588	0.004230	6.0
1459	-0.445251	121.373882	0.004973	5.7
1460	-0.000000	121.327223	0.000000	6.1
1461	-0.993483	121.280613	0.006243	6.4
1462	-0.382928	121.234050	0.006359	5.3
1463	0.000000	121.187535	0.000000	6.4
1464	-1.170759	121.141067	0.013333	6.4
1465	-0.066932	121.094647	0.001441	5.9
1466	-0.306860	121.048274	0.001959	5.8
1467	-0.978550	121.001949	0.004553	5.8
1468	-0.853138	120.955671	0.008885	6.3
1469	-0.911565	120.909440	0.012868	5.3
1470	-0.750558	120.863256	0.010082	5.3
1471	-0.822038	120.817119	0.009061	6.7
1472	-0.713131	120.771029	0.007941	6.0
1473	-1.009898	120.724986	0.008902	5.6
1474	-1.126670	120.678990	0.011696	6.3
1475	-1.228121	120.633040	0.014794	5.8
1476	-1.055900	120.587137	0.011036	6.2
1477	-1.172221	120.541281	0.011398	7.0
1478	-0.363649	120.495471	0.004499	5.9
1479	-0.027003	120.449707	0.000248	6.6
1480	-0.804970	120.403990	0.009697	5.5
1481	-0.729956	120.358319	0.014494	5.8
1482	-0.998720	120.312694	0.010662	6.3
1483	-0.292266	120.267115	0.002524	5.7
1484	-0.804722	120.221582	0.006920	6.5
1485	-1.106199	120.176096	0.004559	5.6
1486	-0.417183	120.130655	0.006249	5.6
1487	-0.788971	120.085260	0.020403	6.8
1488	-1.122699	120.039910	0.021554	6.0
1489	-0.009041	119.994606	0.000364	5.8
1490	-0.851399	119.949348	0.012090	6.6
1491	-1.001564	119.904135	0.010286	5.9
1492	-1.099424	119.858968	0.019435	7.1
1493	-0.969013	119.813846	0.007021	6.1
1494	-0.712901	119.768769	0.010222	5.4
1495	-0.853466	119.723738	0.005985	6.2
1496	-0.196305	119.678752	0.002224	5.7
1497	-0.006427	119.633810	0.000559	5.6
1498	-0.028262	119.588914	0.000441	6.5
1499	-0.437615	119.544062	0.003905	5.8
1500	-0.320652	119.499256	0.002893	6.3
1501	-1.140883	119.454494	0.032612	5.7
1502	-1.090751	119.409777	0.010121	5.6
1503	-0.419616	119.365104	0.005814	6.7
1504	-0.524314	119.320476	0.006089	5.7
1505	-0.000000	119.275893	0.000000	5.9
1506	-0.000000	119.231353	0.000000	6.6
1507	-0.499997	119.186859	0.007484	5.6
1508	-0.000000	119.142408	0.000000	5.9
1509	-0.957797	119.098002	0.014873	6.4
1510	-1.086767	119.053639	0.012264	5.6
1511	-0.000000	119.009321	0.000000	6.5
1512	-0.706940	118.965047	0.006790	6.9
1513	-0.894627	118.920816	0.013538	6.1
1514	-0.000000	118.876630	0.000000	7.6
1515	-0.000000	118.832487	0.000000	6.5
1516	-0.008296	118.788388	0.000573	6.4
1517	-1.186744	118.744332	0.010901	5.9
1518	-0.628198	118.700320	0.010182	5.7
1519	-0.000000	118.656352	0.000000	6.4
1520	-0.504315	118.612427	0.004282	5.8
1521	-0.957450	118.568545	0.005274	5.4
1522	-1.023598	118.524706	0.008228	6.3
1523	-0.627323	118.480911	0.007844	5.7
1524	-0.000000	118.437159	0.000000	6.2
1525	-0.000000	118.393450	0.000000	5.8
1526	-0.660494	118.349784	0.012639	5.9
1527	-0.752263	118.306160	0.008552	6.6
1528	-0.515916	118.262580	0.013189	5.9
1529	-0.891377	118.219042	0.005236	6.0
1530	-1.010377	118.175548	0.007049	6.4
1531	-1.137388	118.132095	0.012977	5.6
1532	-0.000000	118.088686	0.000000	6.0
1533	-0.029435	118.045319	0.001241	6.0
1534	-0.616541	118.001994	0.006979	5.9
1535	-1.111136	117.958712	0.011595	6.0
1536	-0.641901	117.915472	0.007541	6.1
1537	-0.800264	117.872274	0.003220	5.9
1538	-0.000000	117.829118	0.000000	6.6
1539	-0.000000	117.786005	0.000000	6.1
1540	-0.997814	117.742933	0.003762	6.1
1541	-0.000000	117.699904	0.000000	5.7
1542	-0.000002	117.656916	0.000001	5.8
1543	-0.722433	117.613971	0.016717	6.7
1544	-0.667955	117.571067	0.007415	5.5
1545	-0.705120	117.528205	0.007165	7.1
1546	-0.193679	117.485384	0.005706	8.1
1547	-0.660414	117.442605	0.006939	6.4
1548	-0.032759	117.399867	0.001119	6.9
1549	-0.000000	117.357171	0.000000	6.3
1550	-1.028979	117.314517	0.004747	5.5
1551	-1.081367	117.271903	0.007204	6.7
1552	-1.055102	117.229331	0.008799	5.8
1553	-0.057443	117.186800	0.000662	6.2
1554	-0.000005	117.144311	0.000001	6.0
1555	-1.090411	117.101862	0.005803	5.8
1556	-0.764546	117.059454	0.013977	6.4
1557	-0.487504	117.017087	0.007691	5.9
1558	-0.707757	116.974762	0.007959	5.8
1559	-1.065328	116.932476	0.006261	7.4
1560	-0.496142	116.890232	0.004216	5.8
1561	-0.961651	116.848028	0.004644	6.4
1562	-0.964454	116.805865	0.007111	6.3
1563	-0.484596	116.763743	0.006856	5.6
1564	-1.145586	116.721661	0.014488	6.4
1565	-0.928426	116.679619	0.006279	6.3
1566	-0.000010	116.637618	0.000002	7.2
1567	-1.038597	116.595657	0.012971	6.4
1568	-0.952261	116.553736	0.007280	5.6
1569	-1.077076	116.511855	0.006576	6.7
1570	-1.244693	116.470015	0.008791	5.9
1571	-0.000000	116.428214	0.000000	6.3
1572	-1.169836	116.386454	0.019460	6.7
1573	-0.075752	116.344733	0.001382	6.2
1574	-1.000486	116.303052	0.006821	6.8
1575	-0.181125	116.261412	0.002818	6.1
1576	-0.000001	116.219810	0.000000	5.4
1577	-0.225004	116.178249	0.001699	6.2
1578	-1.301741	116.136727	0.015064	5.9
1579	-0.130507	116.095245	0.002445	6.1
1580	-0.800313	116.053802	0.007190	6.0
1581	-0.949292	116.012398	0.010265	5.5
1582	-1.055699	115.971034	0.008217	7.0
1583	-0.812366	115.929710	0.008566	5.6
1584	-1.050201	115.888424	0.016145	5.7
1585	-0.757849	115.847178	0.010055	6.3
1586	-0.237616	115.805970	0.006468	5.6
1587	-0.782654	115.764802	0.007520	6.4
1588	-0.502943	115.723673	0.007364	6.2
1589	-0.619992	115.682583	0.006983	5.3
1590	-0.794051	115.641532	0.004587	6.8
1591	-0.000520	115.600519	0.000174	6.0
1592	-0.745163	115.559546	0.002673	5.3
1593	-0.000001	115.518610	0.000000	6.6
1594	-0.665813	115.477714	0.012747	5.4
1595	-0.676390	115.436856	0.005830	5.9
1596	-0.000000	115.396037	0.000000	7.3
1597	-1.013071	115.355256	0.019355	5.8
1598	-0.040667	115.314514	0.001240	6.3
1599	-0.066430	115.273810	0.003041	5.4
1600	-1.011039	115.233144	0.014048	6.0
1601	-0.615227	115.192517	0.005565	6.8
1602	-0.771923	115.151927	0.004632	5.5
1603	-0.497142	115.111376	0.005537	5.7
1604	-0.692788	115.070863	0.011723	6.7
1605	-0.648246	115.030388	0.010320	5.6
1606	-0.912346	114.989951	0.010483	7.0
1607	-0.000003	114.949551	0.000001	6.2
1608	-0.001259	114.909190	0.000223	5.9
1609	-0.668510	114.868866	0.006043	6.7
1610	-0.000000	114.828580	0.000000	5.5
1611	-0.560865	114.788332	0.007360	5.8
1612	-0.047418	114.748121	0.002428	7.1
1613	-0.236781	114.707948	0.002841	6.4
1614	-0.000865	114.667812	0.000039	6.5
1615	-0.840020	114.627714	0.030337	5.3
1616	-1.072474	114.587653	0.011897	5.7
1617	-0.812342	114.547629	0.005279	6.6
1618	-0.998147	114.507643	0.006976	5.2
1619	-0.880324	114.467693	0.011584	5.3
1620	-0.376516	114.427781	0.003745	7.3
1621	-0.699668	114.387907	0.008166	5.5
1622	-0.938204	114.348069	0.006955	6.5
1623	-0.735038	114.308268	0.013111	5.7
1624	-1.141851	114.268504	0.011368	5.7
1625	-0.745713	114.228777	0.010489	6.7
1626	-0.783729	114.189086	0.003617	5.8
1627	-0.280765	114.149433	0.003331	5.8
1628	-0.000000	114.109816	0.000000	6.8
1629	-0.002195	114.070235	0.000175	6.2
1630	-0.631308	114.030692	0.009325	6.6
1631	-1.026425	113.991185	0.008244	6.2
1632	-1.028803	113.951714	0.011527	6.0
1633	-1.219495	113.912280	0.022422	6.7
1634	-0.000000	113.872882	0.000000	5.5
1635	-1.097231	113.833521	0.004736	6.1
1636	-0.906461	113.794195	0.009686	7.1
1637	-0.000000	113.754906	0.000000	5.6
1638	-0.628475	113.715653	0.013695	5.9
1639	-1.118265	113.676437	0.007017	5.9
1640	-0.000000	113.637256	0.000000	5.8
1641	-0.000154	113.598111	0.000019	6.4
1642	-0.000000	113.559002	0.000000	5.6
1643	-1.227666	113.519929	0.043749	5.9
1644	-0.465792	113.480892	0.004837	6.7
1645	-0.000000	113.441891	0.000000	5.5
1646	-1.026575	113.402925	0.005887	6.5
1647	-0.778779	113.363995	0.008166	7.0
1648	-0.843210	113.325101	0.011161	5.8
1649	-0.658540	113.286242	0.008639	6.5
1650	-0.000000	113.247419	0.000000	5.6
1651	-0.184256	113.208631	0.004512	6.2
1652	-0.697429	113.169879	0.016926	6.6
1653	-0.002618	113.131162	0.000429	6.0
1654	-0.224018	113.092480	0.002518	6.2
1655	-0.000000	113.053833	0.000000	6.0
1656	-0.802698	113.015222	0.006460	5.8
1657	-0.928363	112.976646	0.006493	6.1
1658	-1.080895	112.938105	0.006157	5.8
1659	-0.695380	112.899599	0.008692	6.1
1660	-0.317491	112.861128	0.009419	6.8
1661	-0.969500	112.822692	0.008160	5.2
1662	-0.747428	112.784291	0.015729	6.2
1663	0.000000	112.745924	0.000000	6.8
1664	-0.697738	112.707593	0.006821	5.9
1665	-0.077458	112.669296	0.001353	6.4
1666	-0.895343	112.631034	0.011655	5.6
1667	-0.000000	112.592806	0.000000	6.1
1668	0.000000	112.554613	0.000000	6.8
1669	-0.989847	112.516455	0.007470	5.6
1670	-0.702051	112.478331	0.007077	6.3
1671	-0.000003	112.440241	0.000000	6.0
1672	-0.676888	112.402186	0.016322	5.4
1673	-0.000009	112.364165	0.000003	6.7
1674	-0.000211	112.326179	0.000019	5.5
1675	-0.672739	112.288227	0.006005	5.4
1676	-0.816781	112.250309	0.009830	6.7
1677	-1.195011	112.212425	0.006694	5.6
1678	-0.746965	112.174575	0.010857	5.9
1679	-0.000000	112.136759	0.000000	6.2
1680	-0.658472	112.098977	0.005443	5.7
1681	-0.052074	112.061229	0.002282	6.7
1682	-1.257389	112.023515	0.008381	6.2
1683	-0.860531	111.985834	0.008379	6.2
1684	-0.762822	111.948188	0.009430	6.7
1685	-0.779749	111.910575	0.009250	5.7
1686	-0.000000	111.872996	0.000000	6.1
1687	-0.032962	111.835450	0.001472	5.9
1688	-0.541912	111.797939	0.008267	5.6
1689	-0.000000	111.760460	0.000000	5.9
1690	-1.111550	111.723015	0.021204	5.7
1691	-0.000000	111.685604	0.000000	5.9
1692	-0.294999	111.648226	0.005468	6.5
1693	-1.120191	111.610881	0.007141	6.0
1694	-0.000000	111.573570	0.000000	6.4
1695	-1.003801	111.536292	0.014642	6.1
1696	0.000000	111.499047	0.000000	5.9
1697	0.000000	111.461835	0.000000	6.3
1698	-0.000000	111.424656	0.000000	6.7
1699	-0.000000	111.387510	0.000000	5.3
1700	-0.000000	111.350398	0.000000	6.8
1701	-0.908490	111.313318	0.025541	5.5
1702	-0.339833	111.276271	0.005425	5.7
1703	-0.004487	111.239257	0.000501	6.7
1704	-0.497966	111.202276	0.004166	5.3
1705	-0.853690	111.165328	0.007946	5.8
1706	-0.746885	111.128412	0.004715	7.2
1707	-1.109780	111.091529	0.012744	6.0
1708	-0.071230	111.054679	0.001954	6.8
1709	-0.000000	111.017861	0.000000	6.0
1710	-0.346003	110.981076	0.004737	5.9
1711	-0.146720	110.944323	0.003802	7.1
1712	-0.864895	110.907603	0.009941	5.4
1713	-0.000000	110.870915	0.000000	6.1
1714	-1.251114	110.834259	0.021257	6.1
1715	-0.412494	110.797636	0.006633	6.3
1716	-0.827086	110.761045	0.009054	6.6
1717	-0.056397	110.724486	0.002082	5.8
1718	-1.110749	110.687959	0.011143	5.6
1719	-0.612587	110.651465	0.005710	7.0
1720	-1.013363	110.615002	0.008878	6.0
1721	-0.484818	110.578572	0.006038	7.2
1722	-0.000000	110.542173	0.000000	6.1
1723	-0.715334	110.505807	0.006915	6.0
1724	-0.009750	110.469472	0.000750	6.3
1725	-0.757439	110.433169	0.018316	5.8
1726	-0.824394	110.396898	0.011230	6.9
1727	0.000000	110.360659	0.000000	6.0
1728	-0.000000	110.324451	0.000000	5.7
1729	-0.986989	110.288276	0.011655	6.8
1730	-0.756041	110.252131	0.005610	6.0
1731	-0.673839	110.216019	0.007907	6.0
1732	-0.813701	110.179937	0.005231	6.5
1733	-0.886967	110.143888	0.009801	6.7
1734	-0.430186	110.107869	0.004413	6.6
1735	-1.077596	110.071882	0.008271	5.8
1736	-0.776463	110.035927	0.010565	5.5
1737	-0.698117	110.000003	0.005377	6.0
1738	-0.924937	109.964110	0.010025	5.9
1739	-0.971203	109.928248	0.020298	6.0
1740	-0.641920	109.892417	0.009690	5.6
1741	-0.776173	109.856618	0.018408	6.3
1742	-0.610203	109.820850	0.006309	6.3
1743	-0.000000	109.785112	0.000000	6.0
1744	-0.795894	109.749406	0.007225	6.1
1745	-1.025291	109.713730	0.013470	5.8
1746	-0.748327	109.678086	0.006843	6.0
1747	-0.474943	109.642472	0.004093	6.1
1748	-0.713285	109.606890	0.006845	6.4
1749	-0.000000	109.571337	0.000000	5.7
1750	-0.685460	109.535816	0.010180	5.9
1751	-0.627078	109.500326	0.003923	6.0
1752	-0.579837	109.464866	0.003871	6.1
1753	-0.959492	109.429436	0.012755	6.5
1754	-0.116237	109.394038	0.005528	5.7
1755	-0.976263	109.358669	0.006929	6.1
1756	-0.032218	109.323331	0.001579	5.8
1757	-0.331866	109.288024	0.005105	5.6
1758	-1.024102	109.252747	0.010979	5.8
1759	-0.981045	109.217501	0.011939	6.4
1760	-0.000000	109.182284	0.000000	5.7
1761	-0.689401	109.147098	0.009256	6.4
1762	-1.038078	109.111942	0.013820	6.1
1763	-1.122564	109.076817	0.012020	5.4
1764	-0.531724	109.041721	0.005923	6.8
1765	-0.000000	109.006656	0.000000	5.8
1766	-1.262152	108.971620	0.006554	5.6
1767	-0.692116	108.936615	0.005325	6.8
1768	-0.524172	108.901640	0.006655	5.8
1769	-0.000136	108.866694	0.000032	5.6
1770	-0.419187	108.831779	0.004637	6.7
1771	-0.810782	108.796893	0.011849	6.3
1772	-0.000000	108.762037	0.000000	5.9
1773	-0.974025	108.727211	0.009516	6.1
1774	-0.987421	108.692415	0.010937	5.8
1775	0.000000	108.657648	0.000000	7.1
1776	-0.720285	108.622911	0.009592	5.8
1777	-0.017692	108.588203	0.000740	6.8
1778	-0.890917	108.553525	0.007239	6.2
1779	-0.000000	108.518877	0.000000	5.7
1780	-0.137553	108.484258	0.002506	6.1
1781	-0.678402	108.449668	0.004657	6.3
1782	-0.969689	108.415108	0.010677	6.0
1783	-0.612430	108.380578	0.004945	6.2
1784	-0.974900	108.346076	0.009253	6.1
1785	-1.069314	108.311604	0.006212	6.3
1786	-0.108239	108.277161	0.002677	5.9
1787	-0.898623	108.242747	0.013378	5.8
1788	-0.481812	108.208363	0.006389	6.4
1789	-0.684118	108.174007	0.007803	6.8
1790	-1.118653	108.139681	0.009303	6.1
1791	-0.383463	108.105383	0.005392	6.1
1792	-0.984502	108.071115	0.009222	5.4
1793	-0.994849	108.036875	0.011042	6.6
1794	-0.734027	108.002665	0.015111	6.5
1795	-0.106977	107.968483	0.002898	5.7
1796	-0.635282	107.934330	0.005242	6.5
1797	-1.161442	107.900206	0.007335	6.1
1798	-0.779776	107.866111	0.007805	6.5
1799	-0.854534	107.832044	0.025046	6.0
1800	-0.822561	107.798007	0.010774	6.3
1801	-0.926104	107.763997	0.008651	7.0
1802	0.000000	107.730017	0.000000	5.8
1803	-0.845613	107.696065	0.017459	5.9
1804	-0.844408	107.662141	0.006316	5.5
1805	-0.672829	107.628246	0.007163	6.2
1806	-0.734162	107.594379	0.013133	6.2
1807	-1.223845	107.560541	0.006592	6.5
1808	-0.707747	107.526731	0.006960	7.1
1809	-0.381128	107.492949	0.004474	6.3
1810	-0.000000	107.459196	0.000000	5.5
1811	-0.723065	107.425471	0.006258	6.1
1812	-0.122945	107.391774	0.004052	6.2
1813	-0.001644	107.358106	0.000113	6.2
1814	-0.461812	107.324465	0.011522	6.4
1815	-0.017207	107.290853	0.001259	5.9
1816	-0.972169	107.257268	0.010927	5.8
1817	-1.122385	107.223712	0.029069	6.4
1818	-1.132306	107.190184	0.016178	5.6
1819	-0.576094	107.156683	0.005891	6.2
1820	-1.128408	107.123211	0.030762	6.1
1821	-0.000000	107.089766	0.000000	5.7
1822	-0.000000	107.056349	0.000000	6.3
1823	-1.077797	107.022960	0.024286	6.2
1824	-0.308424	106.989599	0.003940	5.8
1825	-0.200280	106.956265	0.002977	5.7
1826	-0.605787	106.922960	0.007523	6.8
1827	-0.477804	106.889681	0.006808	6.0
1828	-0.027379	106.856431	0.001430	6.2
1829	-0.173896	106.823208	0.001904	6.0
1830	-1.062272	106.790012	0.009078	6.0
1831	-1.079559	106.756844	0.007966	6.6
1832	-0.000000	106.723703	0.000000	6.1
1833	-0.000057	106.690590	0.000017	7.2
1834	-0.015076	106.657505	0.001397	5.8
1835	-0.887705	106.624446	0.007833	5.7
1836	-0.012006	106.591415	0.001793	6.0
1837	-0.818956	106.558411	0.014002	5.6
1838	-0.774686	106.525435	0.014022	6.8
1839	-0.916791	106.492485	0.013995	6.3
1840	-0.649015	106.459563	0.007181	5.6
1841	-0.049921	106.426668	0.001532	6.5
1842	-0.748415	106.393800	0.010499	7.5
1843	-1.031575	106.360959	0.010375	6.0
1844	-0.956105	106.328145	0.005159	6.2
1845	-0.000000	106.295358	0.000000	5.9
1846	-0.732701	106.262598	0.007477	6.8
1847	-0.128590	106.229865	0.004600	6.0
1848	-0.343961	106.197158	0.005791	6.6
1849	-0.413011	106.164479	0.005382	6.6
1850	-0.813307	106.131826	0.013487	6.2
1851	-0.558640	106.099201	0.009686	6.6
1852	-0.109900	106.066602	0.001659	6.4
1853	-0.042933	106.034029	0.002192	5.8
1854	-0.793571	106.001483	0.010612	6.5
1855	-0.000000	105.968964	0.000000	5.7
1856	-1.166659	105.936472	0.011369	6.4
1857	-0.160588	105.904006	0.002853	6.8
1858	-1.028851	105.871566	0.006544	6.2
1859	-0.000000	105.839153	0.000000	6.4
1860	-0.926953	105.806767	0.007966	6.1
1861	-0.000801	105.774407	0.000056	5.9
1862	-0.787759	105.742073	0.015325	6.6
1863	-0.941538	105.709766	0.010225	5.8
1864	-1.015721	105.677485	0.011176	6.7
1865	-0.934615	105.645230	0.010763	6.3
1866	-0.008790	105.613001	0.000321	6.4
1867	-0.000000	105.580799	0.000000	5.8
1868	-0.363242	105.548623	0.006276	5.3
1869	-0.640099	105.516473	0.004432	5.9
1870	-0.545876	105.484349	0.006421	5.9
1871	-0.165231	105.452251	0.001146	5.7
1872	-0.844125	105.420179	0.005676	6.2
1873	-0.000058	105.388133	0.000021	7.2
1874	-0.000122	105.356113	0.000022	6.3
1875	-1.054603	105.324119	0.005675	7.4
1876	-0.000000	105.292151	0.000000	7.1
1877	-0.885659	105.260209	0.010595	7.0
1878	-0.000000	105.228293	0.000000	7.1
1879	-0.645250	105.196402	0.009159	6.4
1880	-0.000000	105.164537	0.000000	5.8
1881	-0.662120	105.132698	0.012708	5.8
1882	-0.033707	105.100885	0.000668	6.6
1883	-0.943071	105.069097	0.006731	6.2
1884	-0.000000	105.037335	0.000000	5.6
1885	-0.506572	105.005598	0.004860	6.5
1886	-0.000000	104.973887	0.000000	5.9
1887	-0.598638	104.942202	0.006518	6.1
1888	-0.000032	104.910542	0.000012	6.0
1889	-0.931095	104.878907	0.008177	6.2
1890	-0.840802	104.847298	0.006864	7.0
1891	-1.169760	104.815715	0.014936	5.8
1892	-0.000000	104.784156	0.000000	5.8
1893	-0.914627	104.752623	0.010086	6.2
1894	-0.000000	104.721116	0.000000	6.5
1895	-1.008767	104.689633	0.013316	6.4
1896	-0.004040	104.658176	0.000206	5.9
1897	-0.786062	104.626744	0.006491	5.7
1898	-0.000000	104.595337	0.000000	6.4
1899	-0.645040	104.563955	0.006709	5.6
1900	-0.000001	104.532599	0.000000	5.4
1901	-0.479856	104.501267	0.003197	6.2
1902	-1.159250	104.469960	0.023834	6.6
1903	-0.916319	104.438679	0.013129	6.6
1904	-0.877823	104.407422	0.004900	5.9
1905	-0.626894	104.376191	0.005925	5.5
1906	0.000000	104.344984	0.000000	5.8
1907	-1.052724	104.313802	0.009803	5.7
1908	-0.883183	104.282645	0.008647	5.6
1909	-0.949907	104.251513	0.004191	6.8
1910	-0.374811	104.220405	0.006150	5.7
1911	-0.626954	104.189323	0.006344	6.0
1912	-0.000000	104.158265	0.000000	7.4
1913	-1.007244	104.127231	0.007287	5.8
1914	-0.000000	104.096222	0.000000	5.8
1915	-1.101328	104.065238	0.006508	5.3
1916	-0.429276	104.034279	0.003865	6.6
1917	-0.927341	104.003344	0.007501	6.4
1918	-0.460433	103.972433	0.005940	6.1
1919	-0.111217	103.941547	0.001818	6.8
1920	-0.590421	103.910686	0.010607	6.3
1921	-0.959155	103.879849	0.009520	6.0
1922	-1.030320	103.849036	0.011711	6.3
1923	-0.000000	103.818248	0.000000	5.5
1924	-0.429712	103.787484	0.008340	6.3
1925	-0.063235	103.756744	0.003323	6.4
1926	-0.000000	103.726029	0.000000	5.7
1927	-0.915787	103.695338	0.006934	6.1
1928	-1.067162	103.664671	0.006746	7.0
1929	-1.197611	103.634028	0.013060	5.7
1930	-0.000000	103.603409	0.000000	5.9
1931	-0.948175	103.572814	0.009432	6.0
1932	-0.812237	103.542244	0.008052	6.3
1933	-0.000000	103.511698	0.000000	7.2
1934	-1.036522	103.481175	0.016807	5.9
1935	-0.000000	103.450677	0.000000	5.6
1936	-0.022000	103.420202	0.000568	7.0
1937	-1.004993	103.389752	0.007923	5.3
1938	-0.000001	103.359325	0.000000	6.2
1939	-0.000000	103.328922	0.000000	5.9
1940	-0.501090	103.298543	0.008329	5.6
1941	-0.622408	103.268188	0.009138	6.6
1942	-0.657955	103.237857	0.012246	6.0
1943	-0.000000	103.207549	0.000000	6.1
1944	0.000000	103.177265	0.000000	5.7
1945	-0.434267	103.147005	0.006746	5.8
1946	-0.166143	103.116768	0.003109	6.3
1947	-0.803278	103.086556	0.002240	6.0
1948	-0.597020	103.056366	0.005221	6.5
1949	-0.568083	103.026200	0.008400	6.3
1950	-0.000000	102.996058	0.000000	5.6
1951	-0.071402	102.965939	0.000560	6.6
1952	-1.097928	102.935844	0.014635	6.1
1953	-0.000000	102.905772	0.000000	5.8
1954	-0.748800	102.875724	0.009540	6.6
1955	-0.849008	102.845699	0.005712	5.7
1956	-0.398911	102.815697	0.003025	5.9
1957	-0.794745	102.785719	0.009867	6.5
1958	-0.279793	102.755764	0.005149	5.6
1959	-0.770894	102.725832	0.008133	6.0
1960	-0.764894	102.695924	0.005437	6.5
1961	-0.962144	102.666038	0.002879	5.8
1962	-1.066522	102.636176	0.014614	6.5
1963	-1.151650	102.606337	0.010474	6.7
1964	-0.200205	102.576521	0.004941	6.4
1965	-0.465294	102.546728	0.007081	6.6
1966	-0.697059	102.516959	0.010818	5.7
1967	-1.014629	102.487212	0.010584	6.3
1968	-1.035515	102.457488	0.006491	5.7
1969	-1.102566	102.427788	0.009515	5.4
1970	-0.762135	102.398110	0.012659	6.3
1971	-1.256718	102.368455	0.013225	5.5
1972	-0.733009	102.338823	0.007472	6.5
1973	-1.228216	102.309214	0.010102	6.9
1974	-0.181116	102.279628	0.004044	5.3
1975	-0.000000	102.250064	0.000000	5.2
1976	-0.722372	102.220524	0.005368	6.6
1977	-0.480852	102.191006	0.006181	5.7
1978	-0.410369	102.161511	0.004555	6.0
1979	-1.115145	102.132038	0.005652	5.8
1980	-1.274193	102.102588	0.010683	5.7
1981	-0.000000	102.073161	0.000000	6.4
1982	-0.000000	102.043757	0.000000	7.5
1983	-0.778624	102.014375	0.027967	5.4
1984	-1.129825	101.985015	0.007282	7.2
1985	-0.935628	101.955678	0.011515	5.9
1986	-0.000000	101.926364	0.000000	6.4
1987	-1.212687	101.897072	0.006183	5.9
1988	-1.023340	101.867802	0.006646	6.3
1989	-0.349145	101.838555	0.003820	6.8
1990	-0.862249	101.809330	0.005251	5.9
1991	-0.827874	101.780128	0.010246	6.5
1992	-0.000000	101.750948	0.000000	5.6
1993	-1.024818	101.721790	0.005971	5.8
1994	-1.188999	101.692654	0.010354	6.6
1995	-0.780795	101.663541	0.006257	6.1
1996	-0.431668	101.634450	0.003788	6.4
1997	-0.686396	101.605381	0.008723	5.8
1998	-0.005936	101.576335	0.000535	6.3
1999	-0.309427	101.547310	0.003809	6.3
