1:ItNr	2:Metric	3:StepSize	4:||Gradient||	Time[ms]
0	-0.000000	627.201626	0.000000	931.8
1	-0.958967	623.504937	0.007095	28.8
2	-0.741006	619.865785	0.007029	28.2
3	-0.324445	616.282728	0.006366	28.8
4	-0.378997	612.754375	0.005912	29.4
5	-0.000000	609.279381	0.000000	30.4
6	-0.000000	605.856447	0.000000	29.5
7	-0.607424	602.484317	0.004279	29.8
8	-0.552569	599.161779	0.004030	29.9
9	-0.000208	595.887656	0.000022	29.1
10	-0.835233	592.660813	0.010112	29.4
11	-0.000000	589.480151	0.000000	27.3
12	-0.493288	586.344606	0.007339	30.5
13	-0.000000	583.253145	0.000000	32.1
14	-0.647046	580.204771	0.006602	30.5
15	-0.273638	577.198517	0.005389	31.0
16	-0.328882	574.233444	0.003519	29.1
17	-0.520879	571.308645	0.007371	29.7
18	-0.002220	568.423237	0.000065	30.1
19	-0.627321	565.576365	0.007507	30.2
20	-0.000048	562.767201	0.000029	30.4
21	-0.915568	559.994938	0.008068	29.8
22	-0.751510	557.258797	0.007284	29.8
23	-0.871350	554.558018	0.007133	29.6
24	-0.615475	551.891865	0.004481	30.3
25	-0.812529	549.259621	0.008946	29.7
26	-0.548577	546.660592	0.007171	29.7
27	-0.000000	544.094102	0.000000	30.2
28	-0.427055	541.559494	0.006630	29.5
29	-0.144587	539.056129	0.002816	30.1
30	-0.292739	536.583387	0.004932	30.2
31	-0.690150	534.140663	0.007180	30.3
32	-0.030001	531.727370	0.001851	29.6
33	-0.059489	529.342935	0.001379	29.5
34	-0.464408	526.986802	0.006132	30.2
35	-0.771963	524.658430	0.006927	33.4
36	-0.005273	522.357290	0.000106	30.1
37	-0.484752	520.082868	0.006510	28.9
38	-0.415909	517.834665	0.006083	32.0
39	-1.077532	515.612193	0.012173	29.7
40	-0.910776	513.414976	0.009513	30.6
41	-0.464241	511.242551	0.007452	30.3
42	-0.488369	509.094468	0.006372	30.1
43	-0.000640	506.970285	0.000026	28.7
44	-0.665592	504.869574	0.006934	30.4
45	-0.635662	502.791916	0.007592	30.5
46	-0.693988	500.736903	0.005693	34.4
47	-0.000000	498.704137	0.000000	31.1
48	-0.593479	496.693228	0.007278	31.2
49	-0.554004	494.703798	0.005594	30.1
50	-0.000000	492.735476	0.000000	29.8
51	-0.000733	490.787900	0.000196	29.4
52	-0.116172	488.860718	0.001466	31.0
53	-0.484916	486.953585	0.006119	30.1
54	-0.771564	485.066164	0.008792	30.3
55	-0.701363	483.198126	0.005612	30.1
56	-0.000000	481.349149	0.000000	29.9
57	-0.000000	479.518920	0.000000	29.5
58	-0.000000	477.707132	0.000000	30.2
59	-0.372800	475.913485	0.005167	30.0
60	-0.000000	474.137684	0.000000	29.8
61	-0.000074	472.379445	0.000011	30.2
62	-0.530905	470.638485	0.006682	30.1
63	-0.000000	468.914531	0.000000	30.3
64	-0.590218	467.207315	0.006760	30.2
65	-0.845844	465.516573	0.009653	30.4
66	-0.679028	463.842050	0.007600	29.6
67	-0.742407	462.183494	0.009093	29.6
68	-0.800718	460.540658	0.006437	29.6
69	-0.010629	458.913303	0.000152	29.1
70	-0.530199	457.301192	0.005506	30.2
71	-0.693326	455.704096	0.006658	32.0
72	-0.891666	454.121787	0.008904	30.5
73	-0.148056	452.554045	0.003135	29.9
74	-0.701777	451.000653	0.007858	31.2
75	-0.556727	449.461399	0.006053	31.3
76	-0.163524	447.936075	0.001436	29.6
77	-0.000000	446.424477	0.000000	29.6
78	-0.103982	444.926406	0.001794	30.5
79	-0.027125	443.441666	0.000716	29.5
80	-0.000000	441.970065	0.000000	29.1
81	-0.000000	440.511415	0.000000	30.2
82	-0.203040	439.065533	0.002506	31.8
83	-0.368588	437.632238	0.005231	30.2
84	-0.770932	436.211351	0.006278	30.1
85	-0.000000	434.802701	0.000000	29.4
86	-0.192393	433.406117	0.002158	30.9
87	-0.415663	432.021430	0.005117	29.7
88	-0.000000	430.648479	0.000000	30.1
89	-0.019183	429.287101	0.000661	30.4
90	-0.515628	427.937140	0.007167	29.9
91	-0.814553	426.598440	0.007748	30.6
92	-0.776281	425.270849	0.005951	31.2
93	-0.000000	423.954220	0.000000	31.0
94	-0.000000	422.648404	0.000000	29.7
95	-0.642350	421.353259	0.013325	31.1
96	-0.325251	420.068643	0.003083	30.0
97	-0.051976	418.794419	0.001747	30.4
98	-0.377563	417.530451	0.005082	30.8
99	-0.060067	416.276604	0.001534	30.5
100	-0.000023	415.032748	0.000010	29.6
101	-0.532699	413.798754	0.006286	30.1
102	-0.390556	412.574495	0.006491	32.1
103	-0.918981	411.359849	0.006364	29.5
104	-0.494572	410.154691	0.005680	31.4
105	-0.816643	408.958904	0.007532	30.3
106	-0.029763	407.772368	0.001676	29.9
107	-0.827508	406.594968	0.009491	29.6
108	-0.573530	405.426590	0.004747	28.8
109	-0.000000	404.267122	0.000000	29.5
110	-0.000000	403.116456	0.000000	30.2
111	-0.502896	401.974481	0.007985	30.7
112	-0.411666	400.841093	0.005005	31.3
113	-0.602423	399.716187	0.003779	29.7
114	-0.361767	398.599660	0.003968	30.6
115	-0.882074	397.491411	0.009374	28.9
116	-0.231262	396.391342	0.002701	29.9
117	-0.000000	395.299353	0.000000	31.2
118	-0.000000	394.215350	0.000000	29.8
119	-0.195046	393.139238	0.002606	30.3
120	-0.751069	392.070924	0.005730	30.0
121	-0.138662	391.010316	0.002803	31.6
122	-0.859929	389.957325	0.009305	30.7
123	-0.000000	388.911862	0.000000	29.8
124	-0.000000	387.873839	0.000000	31.7
125	-0.000000	386.843173	0.000000	29.9
126	-0.000000	385.819777	0.000000	29.8
127	-0.187356	384.803569	0.004019	30.5
128	-0.686559	383.794468	0.008401	30.5
129	-0.762871	382.792393	0.005789	29.6
130	-0.015179	381.797264	0.000584	29.6
131	-0.000000	380.809005	0.000000	30.4
132	-0.000000	379.827537	0.000000	29.9
133	-0.865801	378.852786	0.009224	30.0
134	-0.846620	377.884678	0.007101	29.9
135	-0.057806	376.923138	0.001873	30.2
136	-0.963270	375.968095	0.011780	29.8
137	-0.596587	375.019479	0.008342	30.9
138	-0.735878	374.077218	0.004730	30.5
139	-0.261791	373.141244	0.002733	30.0
140	-0.643886	372.211489	0.007000	30.4
141	-0.026909	371.287887	0.000590	29.6
142	-0.881669	370.370370	0.008600	30.7
143	-0.811578	369.458876	0.006453	28.7
144	-0.009646	368.553338	0.000375	30.3
145	-0.484103	367.653696	0.007644	30.8
146	-0.498967	366.759885	0.008841	29.9
147	-0.044191	365.871846	0.000909	30.3
148	-0.869072	364.989518	0.007673	29.5
149	-0.451050	364.112841	0.006316	31.2
150	-0.437880	363.241757	0.006390	31.4
151	-0.000000	362.376208	0.000000	30.9
152	-0.558981	361.516137	0.006323	30.4
153	-0.239343	360.661488	0.003699	30.4
154	-0.000000	359.812206	0.000000	30.6
155	-0.000041	358.968236	0.000001	30.0
156	-0.448784	358.129524	0.005044	30.4
157	-0.656941	357.296018	0.006399	29.9
158	-0.681991	356.467665	0.005543	29.9
159	-0.471644	355.644414	0.004389	30.0
160	-0.569942	354.826213	0.006187	30.2
161	-0.000000	354.013012	0.000000	30.1
162	-0.000058	353.204763	0.000009	30.4
163	-0.000000	352.401415	0.000000	29.7
164	-0.000000	351.602922	0.000000	29.9
165	-0.855526	350.809235	0.009102	31.1
166	-0.856678	350.020308	0.007201	29.8
167	-0.000000	349.236095	0.000000	29.5
168	-0.000000	348.456550	0.000000	30.4
169	-0.612750	347.681627	0.006920	29.4
170	-0.975870	346.911283	0.009655	31.8
171	-0.000000	346.145474	0.000000	29.6
172	-0.876674	345.384157	0.007576	29.9
173	-0.000000	344.627288	0.000000	29.8
174	-0.537185	343.874826	0.007454	29.6
175	-0.766706	343.126729	0.006221	31.4
176	-0.480025	342.382957	0.007994	28.8
177	-0.640461	341.643469	0.005061	31.8
178	-0.072228	340.908224	0.002364	29.7
179	-0.000000	340.177184	0.000000	28.9
180	-0.963843	339.450309	0.008561	30.4
181	-0.494956	338.727561	0.006748	31.1
182	-0.512079	338.008902	0.007901	29.5
183	-0.594640	337.294295	0.006200	30.4
184	-0.844398	336.583703	0.006228	30.1
185	-0.292716	335.877089	0.002892	29.7
186	-0.690973	335.174416	0.005853	29.1
187	-0.452867	334.475651	0.005619	30.7
188	-0.000000	333.780756	0.000000	30.1
189	-0.708945	333.089698	0.009125	29.3
190	-0.000000	332.402443	0.000000	29.5
191	-0.900301	331.718955	0.009642	30.6
192	-0.616058	331.039203	0.007045	30.2
193	-0.790505	330.363153	0.005442	32.1
194	-0.000000	329.690771	0.000000	30.3
195	-0.874621	329.022027	0.007517	30.1
196	-0.000000	328.356888	0.000000	29.3
197	-0.440750	327.695322	0.008042	29.6
198	-0.892185	327.037299	0.007293	30.7
199	-0.620665	326.382787	0.007039	29.7
200	-0.774342	325.731758	0.011210	29.8
201	-0.059628	325.084179	0.001452	30.1
202	-0.743209	324.440023	0.004119	30.8
203	-0.869253	323.799258	0.010323	31.5
204	-0.143729	323.161858	0.002391	30.8
205	-0.893466	322.527792	0.008540	30.4
206	-1.004829	321.897034	0.012509	29.8
207	-0.709823	321.269554	0.006956	29.6
208	-0.741145	320.645325	0.010750	29.6
209	-0.500358	320.024320	0.006117	29.8
210	-0.452298	319.406512	0.006825	30.9
211	-0.164609	318.791875	0.001847	29.7
212	-0.262364	318.180381	0.003759	29.3
213	-0.024482	317.572005	0.000318	30.7
214	-0.000000	316.966721	0.000000	30.3
215	-0.824630	316.364504	0.009879	30.0
216	-0.416210	315.765329	0.006511	30.5
217	-0.685396	315.169170	0.005134	30.1
218	-0.588400	314.576003	0.007137	30.5
219	-0.594096	313.985804	0.007271	29.9
220	-0.894483	313.398548	0.010834	31.5
221	-1.138270	312.814213	0.011897	30.2
222	-0.139643	312.232773	0.002548	29.7
223	-0.000500	311.654207	0.000033	30.8
224	-0.000000	311.078491	0.000000	30.0
225	-0.000000	310.505602	0.000000	30.6
226	-0.294293	309.935518	0.004517	30.8
227	-0.000000	309.368217	0.000000	31.0
228	-0.063260	308.803676	0.001462	29.7
229	-0.000000	308.241874	0.000000	30.6
230	-0.247717	307.682789	0.004121	31.8
231	-0.965213	307.126400	0.008296	31.4
232	-0.780419	306.572687	0.009034	33.5
233	-0.938911	306.021627	0.010637	32.8
234	-0.435492	305.473201	0.005559	33.3
235	-0.846729	304.927388	0.009040	29.7
236	-0.790167	304.384168	0.007361	32.0
237	-0.475377	303.843521	0.005171	31.0
238	-0.911059	303.305427	0.008180	30.3
239	-0.410729	302.769867	0.006080	30.0
240	-0.172714	302.236821	0.003031	30.4
241	-0.283637	301.706270	0.004466	30.1
242	-0.997687	301.178196	0.009062	30.1
243	-0.757298	300.652580	0.005346	30.5
244	-0.000000	300.129402	0.000000	31.1
245	-0.615917	299.608645	0.005785	29.7
246	-0.439119	299.090291	0.004024	29.7
247	-0.523904	298.574321	0.006954	30.2
248	-0.423014	298.060718	0.006017	30.1
249	-0.013676	297.549465	0.000934	30.2
250	-0.927938	297.040543	0.009284	29.3
251	-0.766302	296.533936	0.006802	30.1
252	-0.732011	296.029626	0.006938	29.9
253	-0.044752	295.527597	0.000793	30.0
254	-0.777177	295.027832	0.008088	30.3
255	-0.000000	294.530315	0.000000	29.9
256	-0.000000	294.035028	0.000000	29.8
257	-0.000000	293.541956	0.000000	30.1
258	-0.000000	293.051083	0.000000	30.2
259	-0.228025	292.562393	0.002772	30.0
260	-0.447672	292.075870	0.005168	29.9
261	-0.599957	291.591498	0.006885	29.5
262	-0.917201	291.109263	0.008244	31.3
263	-1.065234	290.629149	0.010570	30.4
264	-0.532809	290.151140	0.005209	33.5
265	-0.001011	289.675222	0.000281	33.6
266	-0.226241	289.201380	0.003448	35.5
267	-0.930879	288.729600	0.008663	32.9
268	-0.679766	288.259866	0.007442	40.5
269	-0.793005	287.792165	0.004975	32.9
270	-0.000000	287.326481	0.000000	36.4
271	-0.000000	286.862802	0.000000	33.7
272	-0.439487	286.401113	0.005614	32.5
273	-1.054052	285.941400	0.009712	31.5
274	-0.000000	285.483649	0.000000	30.3
275	-0.000000	285.027847	0.000000	30.6
276	-0.527965	284.573981	0.004200	30.9
277	-0.253698	284.122037	0.002153	30.9
278	-0.000000	283.672002	0.000000	30.9
279	-0.985440	283.223863	0.009268	30.9
280	-0.901317	282.777607	0.008125	32.0
281	-0.330817	282.333221	0.004170	32.4
282	-0.878716	281.890692	0.007784	32.3
283	-0.725581	281.450008	0.005136	31.0
284	-0.426564	281.011157	0.003262	31.5
285	-0.751937	280.574125	0.008930	31.7
286	-0.061460	280.138901	0.001404	29.7
287	-0.028843	279.705473	0.000655	30.2
288	-0.670350	279.273829	0.007518	31.2
289	-0.000000	278.843956	0.000000	31.7
290	-0.077451	278.415844	0.001779	30.4
291	-0.530070	277.989479	0.007032	31.1
292	-1.068647	277.564851	0.011254	30.4
293	-0.731590	277.141949	0.007769	31.9
294	-0.000000	276.720761	0.000000	32.8
295	-0.000000	276.301275	0.000000	31.8
296	-0.450114	275.883480	0.005829	31.2
297	-0.713835	275.467366	0.005572	31.6
298	-0.419441	275.052922	0.005223	31.0
299	-0.586399	274.640136	0.005348	31.8
300	-0.326534	274.228998	0.002356	30.2
301	-0.063531	273.819497	0.003102	29.7
302	-0.037153	273.411623	0.001452	28.4
303	-0.667229	273.005365	0.006573	29.6
304	-0.564364	272.600712	0.006966	30.1
305	-0.304312	272.197655	0.002775	29.5
306	-0.644999	271.796184	0.007408	29.7
307	-0.783950	271.396287	0.006266	31.3
308	-0.212614	270.997956	0.003118	30.4
309	-0.889134	270.601180	0.008099	30.1
310	-0.327516	270.205949	0.004527	31.1
311	-0.645980	269.812254	0.006744	31.1
312	-0.144867	269.420085	0.002719	31.6
313	-0.649027	269.029432	0.004584	34.2
314	-0.988945	268.640287	0.008897	33.7
315	-0.801735	268.252638	0.005153	30.8
316	-0.845024	267.866478	0.008227	30.6
317	-0.000000	267.481796	0.000000	30.2
318	-0.273243	267.098584	0.004863	31.4
319	-0.753730	266.716833	0.007432	31.0
320	-0.689829	266.336533	0.012019	31.0
321	-0.915685	265.957676	0.009704	30.9
322	-0.536870	265.580253	0.004799	30.4
323	-0.547084	265.204254	0.007318	30.5
324	-0.251129	264.829672	0.003212	30.8
325	-0.000000	264.456497	0.000000	32.2
326	-0.000000	264.084721	0.000000	32.9
327	-0.293774	263.714335	0.004044	32.6
328	-0.949968	263.345332	0.008190	31.6
329	-0.678111	262.977702	0.007746	30.5
330	-0.503365	262.611438	0.003844	29.9
331	-0.763445	262.246531	0.005738	33.1
332	-0.000000	261.882973	0.000000	30.6
333	-0.437951	261.520756	0.004814	29.5
334	-1.139229	261.159871	0.012554	30.6
335	-0.584697	260.800312	0.004192	31.0
336	-0.520556	260.442070	0.006205	30.1
337	-0.691409	260.085137	0.005471	30.4
338	-0.848297	259.729505	0.009202	30.3
339	-0.693781	259.375167	0.007329	30.0
340	-0.683208	259.022116	0.005857	29.3
341	-0.002264	258.670343	0.000108	29.9
342	-0.533648	258.319841	0.005115	29.8
343	-0.692663	257.970602	0.007634	29.4
344	-0.735683	257.622620	0.006940	29.9
345	-0.008439	257.275887	0.000217	30.0
346	-0.991709	256.930396	0.011314	30.8
347	-0.218922	256.586139	0.003268	30.0
348	-0.526625	256.243109	0.006655	31.1
349	-0.698598	255.901300	0.007367	31.2
350	-0.686849	255.560703	0.005305	32.3
351	-0.037881	255.221313	0.000849	32.3
352	-0.000000	254.883122	0.000000	30.1
353	-0.091302	254.546124	0.001749	29.7
354	-0.217729	254.210311	0.002332	30.4
355	-0.010149	253.875677	0.000277	30.0
356	-0.467790	253.542215	0.005587	31.3
357	-0.658772	253.209918	0.007823	30.8
358	-0.855880	252.878781	0.005000	29.9
359	-0.700835	252.548795	0.007195	29.4
360	-0.169534	252.219956	0.003101	30.2
361	-0.675263	251.892255	0.007087	30.5
362	-0.256418	251.565688	0.004514	29.9
363	-0.047900	251.240247	0.001988	30.2
364	-0.355480	250.915926	0.004196	30.7
365	-0.688797	250.592720	0.009641	29.5
366	-0.003288	250.270621	0.000408	30.2
367	-0.928658	249.949624	0.008152	30.1
368	-0.406870	249.629723	0.004698	29.9
369	-0.207034	249.310911	0.004424	30.0
370	-0.730930	248.993182	0.007562	28.4
371	-0.370475	248.676531	0.003405	31.1
372	-0.931424	248.360952	0.007806	30.1
373	-0.458350	248.046438	0.005851	30.2
374	-0.869162	247.732984	0.007416	30.5
375	-0.983613	247.420584	0.008059	30.5
376	-0.718891	247.109233	0.007920	30.2
377	-0.000000	246.798924	0.000000	29.9
378	-0.615294	246.489652	0.007165	29.7
379	-0.000000	246.181412	0.000000	30.1
380	-0.591414	245.874197	0.007048	29.2
381	-0.701409	245.568002	0.004923	30.3
382	-0.000000	245.262822	0.000000	29.7
383	-0.510177	244.958652	0.004897	29.8
384	-0.644152	244.655485	0.006010	29.8
385	-0.826366	244.353317	0.006339	28.8
386	-0.271843	244.052142	0.004535	30.7
387	-0.573990	243.751955	0.005488	30.2
388	-0.773655	243.452750	0.008869	30.8
389	-0.000000	243.154523	0.000000	30.7
390	-0.771085	242.857268	0.007727	31.1
391	-0.475736	242.560980	0.005320	29.7
392	-0.114830	242.265654	0.002625	30.2
393	-0.955313	241.971285	0.007126	30.7
394	-0.796231	241.677868	0.008593	30.0
395	-0.524760	241.385397	0.004482	29.7
396	-0.336975	241.093869	0.004205	30.8
397	-0.000000	240.803278	0.000000	31.1
398	-0.625272	240.513619	0.006429	30.9
399	-0.536341	240.224887	0.006743	30.4
400	-0.032475	239.937077	0.001512	30.2
401	-0.928334	239.650186	0.007154	30.5
402	-0.992317	239.364207	0.006930	30.2
403	-0.006008	239.079136	0.001455	29.9
404	-0.000000	238.794969	0.000000	30.6
405	-0.000000	238.511701	0.000000	30.8
406	-0.000000	238.229327	0.000000	29.9
407	-0.703550	237.947843	0.006282	30.9
408	-0.000000	237.667244	0.000000	30.3
409	-0.018388	237.387526	0.000294	27.8
410	-0.000000	237.108684	0.000000	31.2
411	-0.000000	236.830714	0.000000	29.2
412	-0.000000	236.553610	0.000000	30.3
413	-0.868231	236.277370	0.005463	29.7
414	-0.014918	236.001989	0.001259	30.2
415	-0.921798	235.727461	0.008846	31.0
416	-0.652620	235.453784	0.005785	31.2
417	-0.000000	235.180952	0.000000	29.6
418	-0.848941	234.908962	0.008487	30.8
419	-0.588019	234.637809	0.006908	31.7
420	-0.008592	234.367488	0.000000	30.1
421	-0.837991	234.097997	0.007369	31.3
422	-0.000000	233.829331	0.000000	30.6
423	-0.000000	233.561485	0.000000	31.5
424	-0.876817	233.294456	0.006468	30.0
425	-0.510930	233.028239	0.005567	29.9
426	-0.907025	232.762831	0.009411	30.8
427	-0.609816	232.498228	0.007077	31.6
428	-0.000000	232.234425	0.000000	31.2
429	-0.453015	231.971419	0.007583	31.6
430	-0.045406	231.709205	0.001149	30.0
431	-0.789788	231.447781	0.007691	30.4
432	-0.000000	231.187141	0.000000	30.1
433	-0.000000	230.927283	0.000000	30.1
434	-0.842948	230.668202	0.007343	29.1
435	-0.828892	230.409895	0.009088	29.8
436	-0.669757	230.152358	0.005943	29.8
437	-0.908653	229.895587	0.008925	30.0
438	-0.424817	229.639578	0.004999	29.5
439	-0.885299	229.384329	0.008065	30.4
440	-0.524003	229.129834	0.005961	30.4
441	-0.668776	228.876091	0.006492	29.9
442	-0.928355	228.623096	0.006029	30.1
443	-0.047125	228.370846	0.001439	30.8
444	-0.369220	228.119336	0.004302	29.4
445	-0.249966	227.868563	0.002502	30.6
446	-0.581041	227.618525	0.004271	30.5
447	-0.000268	227.369216	0.000014	30.1
448	-0.773689	227.120635	0.006993	30.0
449	-0.803858	226.872777	0.007386	30.5
450	-0.564330	226.625638	0.005114	31.1
451	-0.065094	226.379217	0.001438	31.0
452	-0.336977	226.133509	0.004793	30.4
453	-0.000000	225.888510	0.000000	31.1
454	-0.332511	225.644218	0.004449	28.9
455	-0.953760	225.400630	0.008904	30.6
456	-0.445153	225.157741	0.006461	30.8
457	-0.638657	224.915549	0.005678	32.1
458	-0.000000	224.674051	0.000000	31.1
459	-0.787093	224.433242	0.005619	31.4
460	-0.410866	224.193121	0.006480	29.8
461	-0.000000	223.953684	0.000000	29.8
462	-0.000000	223.714927	0.000000	30.5
463	-0.000000	223.476848	0.000000	31.3
464	-0.800061	223.239444	0.008128	30.3
465	-0.708848	223.002710	0.006733	30.2
466	-0.479414	222.766645	0.007072	30.0
467	-0.582065	222.531245	0.006363	31.5
468	-0.680631	222.296508	0.005973	61.4
469	-0.683650	222.062429	0.004922	35.8
470	-0.272777	221.829007	0.003054	31.1
471	-0.605293	221.596238	0.006472	30.5
472	-0.782863	221.364119	0.006227	29.9
473	-0.477361	221.132647	0.006973	31.3
474	-0.000000	220.901820	0.000000	29.6
475	-0.049772	220.671634	0.001679	30.0
476	-0.693796	220.442086	0.007501	29.5
477	-0.513947	220.213174	0.005870	30.6
478	-0.404913	219.984895	0.004444	30.2
479	-0.732664	219.757246	0.005199	30.2
480	-0.728390	219.530224	0.007960	29.7
481	-0.615211	219.303826	0.008627	30.1
482	-0.671822	219.078050	0.004461	29.3
483	-0.000000	218.852893	0.000000	29.9
484	-0.005065	218.628352	0.000107	30.9
485	-0.133523	218.404424	0.002072	33.0
486	-0.685393	218.181106	0.008216	29.7
487	-0.000000	217.958397	0.000000	29.9
488	-0.827015	217.736292	0.007018	31.1
489	-0.280662	217.514790	0.003903	30.6
490	-0.036517	217.293888	0.001680	29.4
491	-0.000044	217.073584	0.000006	30.1
492	-0.624634	216.853873	0.006066	30.1
493	-0.190694	216.634755	0.004156	30.3
494	-0.184772	216.416227	0.002527	32.6
495	-0.000000	216.198285	0.000000	31.9
496	-0.136342	215.980927	0.002045	30.1
497	-0.926797	215.764151	0.007370	29.9
498	-0.261483	215.547955	0.003207	31.2
499	-0.675558	215.332335	0.007472	29.7
500	-0.664039	215.117289	0.007067	28.5
501	-0.714576	214.902815	0.007513	29.2
502	-0.111107	214.688911	0.002131	29.7
503	-0.908410	214.475573	0.005870	29.9
504	-0.885327	214.262800	0.005491	29.2
505	-0.000000	214.050588	0.000000	29.0
506	-0.086350	213.838936	0.001849	30.5
507	-0.184272	213.627842	0.003492	30.1
508	-0.776067	213.417302	0.006048	30.2
509	-0.615672	213.207314	0.007331	29.0
510	-0.805082	212.997877	0.006933	30.3
511	-0.778765	212.788987	0.010113	30.1
512	-0.411083	212.580642	0.005603	30.5
513	-0.059601	212.372841	0.001189	31.6
514	0.000000	212.165581	0.000000	30.1
515	-0.766586	211.958859	0.005827	29.4
516	-0.951024	211.752673	0.007859	30.0
517	-0.365289	211.547021	0.006610	30.2
518	-0.056253	211.341902	0.003395	29.6
519	-0.001019	211.137311	0.000101	29.9
520	-0.000000	210.933248	0.000000	30.6
521	-0.845461	210.729710	0.006713	32.9
522	-1.029137	210.526695	0.009992	31.1
523	-0.402319	210.324200	0.005839	30.3
524	-0.165224	210.122224	0.003272	32.8
525	-0.248007	209.920765	0.003088	31.2
526	-0.867706	209.719820	0.007616	30.7
527	-0.000030	209.519387	0.000041	34.0
528	-0.191081	209.319463	0.001655	31.8
529	-0.136271	209.120048	0.003020	30.5
530	-0.174814	208.921139	0.001561	30.8
531	-0.699464	208.722733	0.005501	31.7
532	-0.798750	208.524829	0.006914	32.8
533	-0.000000	208.327425	0.000000	31.7
534	-0.668013	208.130518	0.006130	31.4
535	-0.786550	207.934107	0.007285	30.9
536	-0.000000	207.738189	0.000000	34.7
537	-0.000000	207.542762	0.000000	30.9
538	-0.000010	207.347825	0.000014	31.0
539	-0.000000	207.153376	0.000000	30.1
540	-0.640491	206.959412	0.006544	31.0
541	-0.000000	206.765932	0.000000	29.8
542	-0.481846	206.572933	0.003991	30.6
543	-0.881887	206.380414	0.005264	30.7
544	-0.022816	206.188373	0.000388	30.3
545	-0.445727	205.996807	0.005658	30.8
546	-0.579592	205.805716	0.006896	31.2
547	-0.537038	205.615096	0.005971	30.9
548	-0.000000	205.424946	0.000000	31.3
549	-0.615829	205.235265	0.006235	31.9
550	-0.771908	205.046050	0.008435	30.9
551	-0.839698	204.857299	0.005893	31.1
552	-0.604460	204.669011	0.005850	32.6
553	-0.860768	204.481184	0.008056	32.1
554	-0.547642	204.293816	0.007763	31.2
555	-0.845551	204.106905	0.008058	29.5
556	-0.911560	203.920449	0.006662	33.3
557	-0.461967	203.734447	0.005355	31.2
558	-0.000000	203.548896	0.000000	31.7
559	-0.900537	203.363795	0.007796	31.4
560	-0.952212	203.179143	0.008202	31.2
561	-0.738021	202.994937	0.007727	30.5
562	-0.000000	202.811176	0.000000	30.9
563	-0.651548	202.627857	0.005322	29.7
564	-0.304611	202.444980	0.003521	30.7
565	-1.006879	202.262543	0.007512	30.5
566	-0.109596	202.080543	0.002142	31.9
567	-0.849060	201.898979	0.006843	30.8
568	-0.417979	201.717849	0.003403	30.2
569	-0.727666	201.537153	0.004673	32.2
570	-0.586282	201.356887	0.006049	29.7
571	-0.007678	201.177050	0.001190	30.9
572	-0.000000	200.997642	0.000000	32.9
573	-0.994937	200.818659	0.007044	30.3
574	-0.530920	200.640100	0.006597	30.3
575	-0.479027	200.461965	0.006434	30.9
576	-0.000000	200.284250	0.000000	30.8
577	-0.604724	200.106955	0.006788	30.2
578	-0.980870	199.930078	0.007127	30.3
579	-0.000846	199.753617	0.000021	31.0
580	-0.013966	199.577571	0.000701	31.5
581	-0.007884	199.401938	0.000212	31.0
582	-0.759788	199.226717	0.004395	31.9
583	-0.880793	199.051905	0.006724	31.0
584	-0.293064	198.877502	0.006826	32.2
585	-0.000000	198.703506	0.000000	29.4
586	-0.430377	198.529916	0.006886	30.6
587	-0.640782	198.356729	0.009364	30.9
588	-0.486724	198.183944	0.007687	30.0
589	-0.231770	198.011560	0.002659	31.3
590	-0.447612	197.839576	0.006252	32.6
591	-0.140068	197.667989	0.002901	31.6
592	-0.000000	197.496798	0.000000	30.9
593	-0.792372	197.326002	0.007778	31.6
594	-0.000331	197.155600	0.000134	32.6
595	-0.560885	196.985589	0.006021	32.5
596	-0.244665	196.815969	0.002301	35.6
597	-0.558794	196.646738	0.008119	34.0
598	-0.714426	196.477894	0.005470	33.5
599	-0.000000	196.309436	0.000000	33.9
600	-0.002434	196.141363	0.000051	33.1
601	-0.884346	195.973673	0.008568	32.0
602	-0.947641	195.806365	0.008834	32.2
603	-0.000000	195.639437	0.000000	30.9
604	-0.335249	195.472888	0.003209	31.2
605	-0.911585	195.306717	0.007998	30.2
606	-0.038358	195.140922	0.000574	30.6
607	-0.000000	194.975501	0.000000	30.9
608	-0.000000	194.810454	0.000000	30.6
609	-0.859433	194.645779	0.004733	30.1
610	-0.970373	194.481475	0.008541	31.5
611	-0.644961	194.317540	0.006744	30.4
612	-0.567585	194.153973	0.005496	31.2
613	-0.190603	193.990773	0.002605	31.1
614	-0.000000	193.827938	0.000000	31.0
615	-0.000000	193.665467	0.000000	31.0
616	-0.000000	193.503358	0.000000	31.7
617	-0.940958	193.341611	0.007208	30.5
618	-0.073150	193.180224	0.002596	31.5
619	-0.363735	193.019196	0.006075	30.6
620	-0.297855	192.858525	0.002570	31.1
621	-0.298881	192.698210	0.003341	30.9
622	-0.927645	192.538251	0.008621	32.8
623	-0.006464	192.378644	0.000378	30.5
624	-0.638381	192.219391	0.006668	30.9
625	-0.820455	192.060488	0.008776	30.6
626	-0.682101	191.901935	0.008619	31.9
627	-0.488668	191.743730	0.006771	30.4
628	-0.140901	191.585873	0.002301	32.4
629	-0.719533	191.428362	0.006604	30.2
630	-0.727636	191.271196	0.005446	30.4
631	-0.000000	191.114374	0.000000	29.5
632	-0.942537	190.957893	0.008594	30.8
633	-0.797010	190.801755	0.008115	30.4
634	-0.515052	190.645956	0.007196	30.8
635	-0.986716	190.490495	0.007305	33.5
636	-0.039403	190.335373	0.000289	32.3
637	-0.647739	190.180587	0.007567	31.5
638	-0.576696	190.026136	0.005972	31.4
639	-0.000000	189.872019	0.000000	30.7
640	-0.000000	189.718235	0.000000	30.2
641	-0.704883	189.564782	0.006632	31.4
642	-0.057432	189.411661	0.000546	30.0
643	-0.674482	189.258868	0.008240	29.4
644	-0.401348	189.106404	0.003246	31.7
645	-0.150735	188.954267	0.002438	31.8
646	-0.809647	188.802456	0.006097	31.6
647	-0.861381	188.650969	0.005010	31.5
648	-0.907253	188.499807	0.007878	31.5
649	-0.000000	188.348967	0.000000	30.6
650	-0.257664	188.198448	0.004184	29.9
651	-0.256378	188.048250	0.004655	30.4
652	-0.789972	187.898371	0.007873	30.4
653	-0.073891	187.748810	0.002071	32.2
654	-0.508438	187.599566	0.006037	32.9
655	-0.000000	187.450638	0.000000	33.1
656	-0.616129	187.302025	0.006004	32.1
657	-0.000000	187.153725	0.000000	31.5
658	-0.780464	187.005739	0.006932	33.6
659	-0.713917	186.858064	0.007796	31.3
660	-0.875443	186.710699	0.008661	30.7
661	-0.374285	186.563645	0.002571	30.0
662	-0.000000	186.416898	0.000000	30.3
663	-0.000000	186.270459	0.000000	31.1
664	-0.742129	186.124326	0.005600	32.2
665	-0.532654	185.978499	0.006272	31.1
666	-0.919735	185.832976	0.008026	33.2
667	-0.556896	185.687756	0.006619	32.2
668	-0.961221	185.542838	0.008318	30.7
669	-0.897325	185.398222	0.006349	30.6
670	-0.957868	185.253906	0.010602	31.1
671	-0.000000	185.109889	0.000000	31.2
672	-0.752469	184.966170	0.005523	30.1
673	-0.000000	184.822748	0.000000	31.1
674	0.000000	184.679623	0.000000	31.7
675	-0.381084	184.536792	0.006140	30.3
676	-0.566606	184.394256	0.006903	30.5
677	-0.343876	184.252013	0.002660	31.5
678	-0.000000	184.110062	0.000000	31.6
679	-0.692376	183.968403	0.004701	30.7
680	-0.919908	183.827034	0.008888	31.0
681	-0.381965	183.685954	0.005312	31.4
682	-0.517336	183.545163	0.004797	30.8
683	-0.024348	183.404658	0.000744	31.1
684	-0.160709	183.264441	0.001799	33.0
685	-0.667918	183.124509	0.006794	31.2
686	-0.519182	182.984861	0.005581	33.2
687	-0.693703	182.845497	0.008539	30.6
688	-0.000000	182.706416	0.000000	30.6
689	-0.000000	182.567616	0.000000	31.3
690	-0.000000	182.429098	0.000000	31.0
691	-0.473930	182.290859	0.005052	30.8
692	-0.358386	182.152899	0.003585	29.8
693	-0.665825	182.015217	0.007971	30.0
694	-0.478389	181.877813	0.006300	30.0
695	-0.000000	181.740684	0.000000	29.8
696	-0.569515	181.603832	0.005832	31.0
697	-0.000000	181.467253	0.000000	31.1
698	-0.300443	181.330948	0.002680	30.8
699	-0.259920	181.194916	0.002733	30.9
700	-0.688651	181.059155	0.006331	30.4
701	-0.000000	180.923666	0.000000	30.6
702	-1.007941	180.788446	0.008754	29.8
703	-0.000000	180.653496	0.000000	31.1
704	-0.884625	180.518814	0.009895	29.9
705	-0.210258	180.384399	0.003742	31.4
706	-0.164768	180.250251	0.003896	30.7
707	-0.878967	180.116369	0.008384	31.2
708	-0.857598	179.982752	0.006774	31.8
709	-0.562858	179.849398	0.006996	31.7
710	-0.699797	179.716308	0.007464	31.7
711	-0.694782	179.583480	0.006651	29.9
712	-0.802155	179.450913	0.009057	31.0
713	-0.706428	179.318607	0.007369	29.9
714	-0.700573	179.186561	0.006725	30.7
715	-0.502620	179.054774	0.004340	33.8
716	-0.844495	178.923245	0.005982	31.7
717	-0.157820	178.791973	0.002639	31.3
718	-0.748197	178.660958	0.010375	34.1
719	-0.573397	178.530199	0.006473	31.6
720	-0.951282	178.399694	0.008515	30.8
721	-0.000000	178.269444	0.000000	30.3
722	-0.574987	178.139447	0.004994	30.7
723	-0.506578	178.009702	0.008020	30.1
724	-0.039723	177.880209	0.000588	30.4
725	-0.483113	177.750967	0.005417	31.2
726	-0.644642	177.621975	0.006685	32.0
727	-0.585730	177.493232	0.004034	31.0
728	-0.226235	177.364738	0.003046	32.1
729	-0.735923	177.236492	0.008658	31.3
730	-0.954751	177.108492	0.005740	31.9
731	-0.837376	176.980739	0.008968	30.6
732	-0.064015	176.853231	0.001801	30.2
733	-0.717100	176.725968	0.008261	30.0
734	-0.568034	176.598949	0.006051	30.6
735	-0.108956	176.472173	0.002097	31.3
736	-0.641941	176.345639	0.007043	32.2
737	-0.259243	176.219348	0.002624	30.5
738	-0.000000	176.093296	0.000000	32.4
739	-0.440015	175.967486	0.006084	31.1
740	-0.229133	175.841914	0.002833	34.0
741	-0.710679	175.716581	0.007813	29.2
742	-0.000000	175.591486	0.000000	32.2
743	-0.423653	175.466629	0.005759	30.8
744	-0.781006	175.342008	0.006297	30.8
745	-0.000000	175.217622	0.000000	31.0
746	-0.737656	175.093472	0.008837	31.3
747	-0.303406	174.969556	0.003932	30.9
748	-1.022793	174.845873	0.007570	30.4
749	-0.924772	174.722423	0.008879	31.0
750	-0.961134	174.599206	0.006025	32.5
751	-0.013429	174.476220	0.000546	34.7
752	-0.676341	174.353464	0.007247	32.1
753	-0.070021	174.230939	0.001072	30.6
754	-0.482836	174.108643	0.003685	31.2
755	-0.155462	173.986576	0.003147	32.4
756	-0.954945	173.864737	0.006012	31.8
757	-0.088539	173.743124	0.002211	32.6
758	-0.330361	173.621739	0.004719	32.3
759	-0.000000	173.500579	0.000000	30.9
760	-0.240178	173.379645	0.004120	31.9
761	-0.000000	173.258935	0.000000	32.1
762	-0.899214	173.138449	0.008277	30.9
763	-0.063163	173.018186	0.001016	34.6
764	-0.502243	172.898146	0.007051	30.7
765	-0.429197	172.778327	0.004812	31.4
766	-0.935741	172.658730	0.008667	31.8
767	-0.044157	172.539353	0.000382	30.7
768	-0.561274	172.420196	0.005920	30.2
769	-0.000000	172.301258	0.000000	29.8
770	-0.623056	172.182539	0.006949	31.0
771	-0.339368	172.064037	0.002411	31.1
772	-0.413023	171.945753	0.005360	32.2
773	-0.805351	171.827686	0.007485	31.7
774	-0.683518	171.709834	0.007689	30.8
775	-0.000000	171.592198	0.000000	33.2
776	-0.787391	171.474776	0.005577	32.6
777	-0.093081	171.357568	0.002293	31.6
778	-0.420628	171.240574	0.006679	31.0
779	-0.000000	171.123793	0.000000	31.3
780	-0.640406	171.007223	0.007068	31.9
781	-0.824905	170.890865	0.008159	30.2
782	-0.005167	170.774718	0.000100	32.3
783	-0.000000	170.658782	0.000000	32.0
784	-0.525168	170.543055	0.007372	30.8
785	-0.015021	170.427537	0.000796	31.6
786	-0.030801	170.312227	0.000931	30.8
787	-0.895254	170.197125	0.007400	32.4
788	-0.088215	170.082231	0.001633	31.0
789	-0.868742	169.967543	0.007571	31.3
790	-0.885989	169.853061	0.010423	30.6
791	-0.130428	169.738784	0.003086	29.9
792	-0.907067	169.624713	0.009935	30.3
793	-0.000000	169.510845	0.000000	30.1
794	-0.260143	169.397181	0.003075	31.2
795	-0.390615	169.283720	0.003888	30.4
796	-0.525925	169.170462	0.003903	28.4
797	-0.000000	169.057405	0.000000	31.2
798	-0.780784	168.944549	0.005184	30.5
799	-0.000000	168.831895	0.000000	31.8
800	-0.866098	168.719440	0.005792	31.4
801	-0.000000	168.607185	0.000000	30.0
802	-0.034842	168.495129	0.000396	30.5
803	-0.447451	168.383271	0.005706	30.1
804	-0.008171	168.271611	0.000682	31.0
805	-0.817454	168.160148	0.005985	31.0
806	-0.647977	168.048882	0.007542	30.6
807	-0.734746	167.937812	0.006399	30.4
808	-0.882599	167.826938	0.006809	31.8
809	-0.721784	167.716258	0.008490	31.7
810	-0.353841	167.605773	0.005414	31.3
811	-0.836245	167.495482	0.008286	33.2
812	-0.672500	167.385384	0.008077	30.3
813	-0.051052	167.275479	0.001626	30.1
814	-0.646976	167.165766	0.005085	31.5
815	-0.823743	167.056245	0.006514	32.2
816	-0.115882	166.946915	0.001449	30.7
817	-0.000000	166.837776	0.000000	35.1
818	-0.922874	166.728826	0.009464	31.1
819	-0.000000	166.620067	0.000000	30.9
820	-0.967979	166.511496	0.007177	30.6
821	-0.000000	166.403113	0.000000	31.2
822	-0.000000	166.294919	0.000000	29.7
823	-0.613130	166.186912	0.006853	30.1
824	-0.908188	166.079091	0.006247	30.5
825	-0.504514	165.971458	0.002726	30.4
826	-0.471264	165.864009	0.004214	30.4
827	-0.050754	165.756747	0.000429	31.3
828	-0.882875	165.649669	0.006114	31.6
829	-0.172271	165.542775	0.003289	32.5
830	-0.000000	165.436065	0.000000	31.4
831	-0.431415	165.329538	0.006473	29.8
832	-1.015342	165.223194	0.008718	30.5
833	-0.006491	165.117032	0.000352	30.7
834	-0.512909	165.011052	0.006862	29.8
835	-0.948053	164.905253	0.008045	31.0
836	-0.000000	164.799635	0.000000	30.5
837	-0.844541	164.694197	0.008344	31.2
838	-0.835000	164.588939	0.007319	31.0
839	-0.207428	164.483859	0.003072	32.4
840	-0.001450	164.378959	0.000042	31.2
841	-0.837079	164.274237	0.006701	31.2
842	-0.042525	164.169692	0.001328	30.4
843	-0.492634	164.065325	0.006296	30.6
844	-0.692965	163.961135	0.007717	30.1
845	-0.646127	163.857120	0.007236	31.2
846	-0.787377	163.753282	0.008494	32.9
847	-0.170404	163.649619	0.002398	30.7
848	-0.000007	163.546130	0.000007	30.7
849	-0.810364	163.442816	0.004910	31.2
850	-0.288369	163.339676	0.003798	31.5
851	-0.800097	163.236709	0.006342	31.7
852	-0.671001	163.133915	0.006635	30.9
853	-0.000000	163.031294	0.000000	31.5
854	-0.000000	162.928844	0.000000	30.4
855	-0.000000	162.826566	0.000000	31.2
856	-0.000000	162.724459	0.000000	30.9
857	-0.000000	162.622523	0.000000	30.0
858	-0.892559	162.520757	0.005643	30.5
859	-0.397242	162.419160	0.005714	32.4
860	-0.781074	162.317733	0.008856	31.9
861	-0.976336	162.216474	0.006873	31.2
862	-0.000000	162.115383	0.000000	32.1
863	-0.715773	162.014461	0.005653	33.4
864	-0.000000	161.913705	0.000000	32.1
865	-0.000001	161.813117	0.000000	30.8
866	-0.000000	161.712695	0.000000	30.6
867	-0.476574	161.612439	0.007561	29.9
868	-0.922305	161.512349	0.008066	32.2
869	-0.884990	161.412424	0.008072	31.9
870	-0.000000	161.312663	0.000000	31.9
871	-0.001204	161.213067	0.000267	31.9
872	-0.334404	161.113635	0.004437	31.9
873	-0.598316	161.014366	0.006996	32.0
874	-0.663346	160.915260	0.007274	31.7
875	-0.000000	160.816316	0.000000	31.7
876	-0.931773	160.717535	0.006664	30.7
877	-0.783572	160.618915	0.006789	31.2
878	-0.820824	160.520456	0.007069	31.2
879	-0.519177	160.422158	0.004449	30.9
880	-0.613767	160.324021	0.007672	31.8
881	-1.028302	160.226043	0.009456	32.5
882	-0.901049	160.128225	0.006514	35.0
883	-0.023424	160.030566	0.000273	31.3
884	-0.018119	159.933066	0.001009	31.8
885	-0.174749	159.835723	0.002001	30.5
886	-0.551078	159.738539	0.007129	30.7
887	-0.587180	159.641512	0.005949	30.6
888	-0.841918	159.544642	0.006729	31.6
889	-0.827837	159.447929	0.005178	30.1
890	-0.835917	159.351372	0.005383	30.9
891	-0.358069	159.254971	0.005971	31.9
892	-0.143693	159.158725	0.003097	31.7
893	-0.272373	159.062634	0.003620	31.1
894	-0.391048	158.966697	0.005208	31.8
895	-0.000155	158.870915	0.000062	30.8
896	-0.408611	158.775286	0.005450	31.7
897	-0.760798	158.679811	0.006607	31.2
898	-0.000000	158.584489	0.000000	31.6
899	-0.004026	158.489319	0.000129	30.3
900	-0.866267	158.394302	0.006776	31.3
901	-0.000000	158.299436	0.000000	31.2
902	-0.609415	158.204721	0.006581	31.8
903	-0.903566	158.110158	0.009170	31.7
904	-0.959397	158.015745	0.007751	32.1
905	-0.759416	157.921482	0.008546	31.6
906	-0.155236	157.827369	0.002391	31.8
907	-0.398968	157.733406	0.003686	30.4
908	-0.192148	157.639591	0.003617	31.7
909	-0.599925	157.545925	0.006605	32.9
910	-0.355099	157.452408	0.005263	31.9
911	-0.781689	157.359038	0.007544	30.8
912	-0.670631	157.265816	0.006355	31.5
913	-0.913967	157.172741	0.006378	31.2
914	-0.433001	157.079813	0.005069	31.2
915	-0.000001	156.987031	0.000000	31.4
916	-0.561377	156.894395	0.006237	31.7
917	-0.538706	156.801904	0.005623	31.7
918	-0.397345	156.709559	0.005711	31.2
919	-0.025055	156.617359	0.000296	31.5
920	-0.767698	156.525304	0.006199	33.0
921	-0.903634	156.433392	0.004798	30.5
922	-0.197431	156.341624	0.004314	31.4
923	-0.526304	156.250000	0.005979	31.6
924	-0.332197	156.158519	0.003292	32.5
925	-0.495020	156.067180	0.005565	31.1
926	-0.021845	155.975984	0.000715	31.0
927	-0.000000	155.884930	0.000000	30.9
928	-0.674160	155.794017	0.004645	32.0
929	-0.920734	155.703246	0.007926	30.7
930	-0.431441	155.612615	0.004222	29.4
931	-0.611405	155.522125	0.005494	31.6
932	-0.858104	155.431775	0.008466	31.1
933	-0.826141	155.341565	0.007672	30.9
934	-0.776789	155.251495	0.005327	33.0
935	-0.512897	155.161563	0.005994	32.3
936	-1.003873	155.071771	0.008392	30.7
937	-0.846024	154.982117	0.008443	32.3
938	-0.722080	154.892601	0.006973	32.9
939	-0.935066	154.803222	0.006249	31.2
940	-0.468848	154.713981	0.005673	32.6
941	-0.000000	154.624878	0.000000	32.6
942	-0.865189	154.535910	0.005817	31.5
943	-0.000088	154.447080	0.000036	35.1
944	-0.343048	154.358385	0.003799	31.5
945	-0.560447	154.269826	0.007401	31.0
946	-0.138088	154.181402	0.001704	31.8
947	-0.492573	154.093114	0.005150	32.2
948	-0.765986	154.004960	0.008119	32.2
949	-0.296092	153.916940	0.004683	32.8
950	-0.000000	153.829054	0.000000	31.8
951	-0.000000	153.741303	0.000000	31.8
952	-0.309619	153.653684	0.003918	30.5
953	-0.919197	153.566198	0.007077	30.6
954	-0.059240	153.478846	0.003065	31.5
955	-0.890983	153.391625	0.006933	30.8
956	-0.000000	153.304537	0.000000	33.6
957	-0.773125	153.217580	0.006414	31.6
958	-0.000000	153.130755	0.000000	33.2
959	-0.696912	153.044061	0.006189	31.1
960	-0.000000	152.957498	0.000000	31.8
961	-0.971046	152.871065	0.006858	31.2
962	-0.548599	152.784762	0.007369	30.7
963	-0.759620	152.698589	0.005965	31.3
964	-0.603336	152.612545	0.006461	30.6
965	-0.676955	152.526631	0.007419	30.9
966	-0.886124	152.440845	0.009347	30.8
967	-0.000000	152.355188	0.000000	30.6
968	-0.472248	152.269660	0.004163	31.3
969	-0.498093	152.184259	0.005523	30.5
970	-0.353405	152.098986	0.005040	32.4
971	-0.000000	152.013840	0.000000	31.5
972	-0.593424	151.928821	0.006872	31.7
973	-0.996262	151.843928	0.009564	30.8
974	-0.875261	151.759163	0.008320	30.4
975	-0.000000	151.674523	0.000000	30.5
976	-0.706083	151.590009	0.006346	31.2
977	-0.803661	151.505620	0.007274	30.9
978	-0.023419	151.421357	0.001248	31.4
979	-0.793350	151.337218	0.005929	31.3
980	-0.000000	151.253204	0.000000	32.2
981	-0.321255	151.169314	0.005159	30.6
982	-0.000000	151.085549	0.000000	30.4
983	-0.305681	151.001907	0.002889	30.9
984	-0.721805	150.918388	0.006401	30.9
985	-0.833213	150.834992	0.007136	30.0
986	-0.000000	150.751719	0.000000	30.0
987	-0.740833	150.668569	0.007674	30.9
988	-0.764791	150.585541	0.008862	31.6
989	-0.642472	150.502634	0.006856	32.2
990	-0.650512	150.419849	0.006733	31.3
991	-0.000000	150.337186	0.000000	32.2
992	-0.000000	150.254644	0.000000	31.2
993	-0.000000	150.172222	0.000000	30.6
994	-0.683696	150.089921	0.006428	30.9
995	-0.307440	150.007740	0.003018	30.9
996	-0.381203	149.925679	0.003819	29.6
997	-0.653807	149.843737	0.006123	30.1
998	-0.148696	149.761915	0.002152	30.5
999	-0.001644	149.680212	0.000037	29.0
1000	-0.644096	149.598627	0.006811	30.7
1001	-0.904361	149.517161	0.007462	30.8
1002	-0.000000	149.435814	0.000000	31.3
1003	-0.000000	149.354584	0.000000	29.9
1004	-0.377178	149.273472	0.005133	30.4
1005	-0.851630	149.192477	0.005600	34.1
1006	-0.665413	149.111599	0.006709	30.1
1007	-1.061292	149.030838	0.008797	30.2
1008	-0.539331	148.950194	0.006984	31.3
1009	-1.016851	148.869666	0.007104	30.2
1010	-0.000000	148.789253	0.000000	30.5
1011	-0.780202	148.708957	0.009127	29.9
1012	-0.205073	148.628776	0.003118	30.6
1013	-0.000000	148.548710	0.000000	31.0
1014	-0.852106	148.468759	0.005599	30.4
1015	-0.859833	148.388923	0.006657	35.2
1016	-0.000000	148.309201	0.000000	31.6
1017	-0.582285	148.229594	0.006514	30.9
1018	-0.860053	148.150100	0.004980	32.6
1019	-0.000000	148.070719	0.000000	30.2
1020	-0.048213	147.991452	0.000538	29.7
1021	-0.078594	147.912298	0.000485	30.9
1022	-0.329876	147.833257	0.005488	30.4
1023	-0.664909	147.754329	0.005208	31.5
1024	-0.791314	147.675512	0.005561	32.3
1025	-0.007245	147.596808	0.000148	31.7
1026	-0.510743	147.518216	0.006052	31.7
1027	-0.866351	147.439735	0.008975	31.4
1028	-0.655647	147.361365	0.005580	30.9
1029	-0.922035	147.283106	0.008470	32.5
1030	-0.894801	147.204958	0.008915	30.1
1031	-0.000202	147.126920	0.000009	30.3
1032	-0.000000	147.048993	0.000000	30.7
1033	-0.002392	146.971175	0.000080	30.5
1034	-0.211337	146.893468	0.003141	30.9
1035	-0.000000	146.815869	0.000000	30.7
1036	-0.817546	146.738380	0.004734	32.3
1037	-0.851131	146.661000	0.007269	32.4
1038	-0.359305	146.583729	0.003571	31.0
1039	-0.777868	146.506566	0.005475	31.6
1040	-0.007430	146.429511	0.000451	31.0
1041	-0.536814	146.352565	0.007346	30.3
1042	-0.606052	146.275726	0.006147	30.0
1043	-0.433158	146.198994	0.006715	31.7
1044	-0.848331	146.122370	0.008185	30.5
1045	-0.000000	146.045853	0.000000	30.9
1046	-0.924872	145.969442	0.007554	32.6
1047	-0.549907	145.893139	0.005465	31.7
1048	-0.000000	145.816941	0.000000	31.1
1049	-0.621484	145.740849	0.003834	31.6
1050	-0.266444	145.664863	0.004916	30.6
1051	-0.324127	145.588983	0.004030	29.5
1052	-0.940546	145.513208	0.009423	30.4
1053	-0.969551	145.437538	0.005457	31.2
1054	-0.000000	145.361973	0.000000	29.7
1055	-0.011541	145.286513	0.000247	31.3
1056	-0.000000	145.211157	0.000000	31.5
1057	-0.748991	145.135905	0.006650	31.3
1058	-0.723979	145.060757	0.006159	31.3
1059	-0.000000	144.985712	0.000000	31.0
1060	-0.484230	144.910771	0.005396	31.2
1061	-0.312803	144.835934	0.004831	29.7
1062	-0.032034	144.761199	0.002855	32.5
1063	-0.395648	144.686567	0.003022	29.3
1064	-0.525874	144.612037	0.005883	30.6
1065	-0.806923	144.537610	0.008855	31.8
1066	-0.000000	144.463285	0.000000	31.6
1067	-0.268390	144.389062	0.002970	28.8
1068	-0.667875	144.314940	0.005021	31.2
1069	-0.618797	144.240920	0.008351	30.8
1070	-0.228372	144.167001	0.003517	32.3
1071	-0.000000	144.093182	0.000000	30.5
1072	-0.694312	144.019465	0.008313	31.0
1073	-0.480330	143.945848	0.006824	31.8
1074	-0.000000	143.872331	0.000000	29.8
1075	-0.521960	143.798914	0.006859	30.0
1076	-0.040989	143.725597	0.000911	31.0
1077	-0.806971	143.652380	0.007004	31.9
1078	-0.519641	143.579262	0.006587	32.2
1079	-0.586185	143.506243	0.007239	30.3
1080	-0.843340	143.433323	0.007579	31.7
1081	-0.000000	143.360502	0.000000	31.2
1082	-0.079965	143.287780	0.001778	30.7
1083	-0.375745	143.215155	0.006041	29.7
1084	-0.884507	143.142629	0.008325	31.2
1085	-0.722842	143.070201	0.004897	31.9
1086	-0.582626	142.997870	0.006103	31.0
1087	-0.000000	142.925637	0.000000	31.8
1088	-0.698431	142.853501	0.007739	32.6
1089	-0.710346	142.781462	0.004950	31.2
1090	-0.326417	142.709519	0.004755	30.6
1091	-0.325720	142.637674	0.003871	31.4
1092	-0.000000	142.565924	0.000000	30.3
1093	-0.000000	142.494271	0.000000	31.1
1094	-0.000000	142.422714	0.000000	30.6
1095	-0.211152	142.351252	0.002716	33.3
1096	-0.232146	142.279886	0.002913	30.5
1097	-0.000096	142.208616	0.000030	31.6
1098	-0.838919	142.137440	0.009028	31.8
1099	-1.070986	142.066360	0.010072	31.0
1100	-1.062502	141.995374	0.009304	30.3
1101	-0.601322	141.924483	0.004633	31.9
1102	-0.788831	141.853685	0.007001	32.0
1103	-0.027196	141.782983	0.001346	30.8
1104	-1.008899	141.712373	0.008311	32.6
1105	-0.000000	141.641858	0.000000	33.0
1106	-0.428302	141.571436	0.005683	31.9
1107	-0.000000	141.501108	0.000000	31.2
1108	-0.007604	141.430872	0.000952	31.9
1109	-0.087811	141.360730	0.002633	30.2
1110	-0.001125	141.290680	0.000044	29.9
1111	-0.456484	141.220722	0.005841	29.4
1112	-0.039240	141.150857	0.000838	30.6
1113	-0.874786	141.081084	0.006127	30.9
1114	-0.671947	141.011403	0.006888	30.8
1115	-0.000000	140.941813	0.000000	31.2
1116	-0.000000	140.872315	0.000000	31.5
1117	-0.939672	140.802909	0.007749	30.8
1118	-1.084788	140.733593	0.008485	32.3
1119	-0.130726	140.664369	0.001895	32.5
1120	-0.000000	140.595235	0.000000	31.2
1121	-0.000000	140.526192	0.000000	31.4
1122	-0.000000	140.457239	0.000000	31.3
1123	-0.000000	140.388376	0.000000	31.6
1124	-0.770639	140.319603	0.007311	29.9
1125	-0.550665	140.250920	0.006802	31.4
1126	-0.855768	140.182326	0.008466	31.7
1127	-0.000000	140.113822	0.000000	30.7
1128	-0.000000	140.045407	0.000000	31.9
1129	-0.489863	139.977081	0.005438	31.2
1130	-0.000000	139.908844	0.000000	31.8
1131	-0.551961	139.840696	0.003300	31.3
1132	-0.000000	139.772635	0.000000	30.6
1133	-0.671048	139.704664	0.007107	30.5
1134	-0.000000	139.636780	0.000000	31.4
1135	-0.718066	139.568984	0.007589	30.8
1136	-0.712441	139.501276	0.008207	32.5
1137	-0.597188	139.433655	0.007560	31.4
1138	-0.945636	139.366122	0.009552	31.9
1139	-0.000000	139.298676	0.000000	32.2
1140	-0.702587	139.231317	0.007845	31.5
1141	-0.768264	139.164045	0.007009	32.4
1142	-0.739476	139.096859	0.006777	31.7
1143	-0.651441	139.029760	0.008615	30.4
1144	-0.000000	138.962747	0.000000	30.8
1145	-0.281433	138.895820	0.001943	30.8
1146	-0.928054	138.828978	0.006618	31.2
1147	-0.080712	138.762223	0.001706	31.2
1148	-0.000000	138.695553	0.000000	31.6
1149	-0.000000	138.628969	0.000000	32.6
1150	-0.763341	138.562469	0.007589	31.1
1151	-0.661825	138.496055	0.004051	31.3
1152	-0.804883	138.429725	0.008636	32.2
1153	-0.702626	138.363481	0.008866	31.0
1154	-0.893475	138.297320	0.007635	32.5
1155	-0.972917	138.231244	0.006513	30.6
1156	-0.768669	138.165252	0.006843	30.6
1157	-0.942173	138.099344	0.009319	31.1
1158	-0.600636	138.033520	0.007451	31.5
1159	-0.722118	137.967779	0.007189	31.8
1160	-0.000000	137.902122	0.000000	31.8
1161	-0.425424	137.836548	0.003992	32.0
1162	-1.058199	137.771057	0.006839	31.3
1163	-0.758997	137.705649	0.005096	31.5
1164	-0.482366	137.640324	0.007010	32.8
1165	-0.367894	137.575081	0.003284	31.4
1166	-0.378116	137.509921	0.004238	31.3
1167	-0.000000	137.444842	0.000000	32.2
1168	-0.868653	137.379846	0.005045	31.9
1169	-0.578984	137.314932	0.007374	31.7
1170	-0.603194	137.250100	0.007732	31.5
1171	-0.464965	137.185349	0.004254	32.2
1172	-0.845725	137.120680	0.005371	30.0
1173	-0.000000	137.056092	0.000000	29.9
1174	-0.503962	136.991585	0.004696	31.0
1175	-0.455237	136.927158	0.004599	32.8
1176	-0.400653	136.862813	0.004663	30.6
1177	-0.546790	136.798548	0.004604	31.6
1178	-0.609804	136.734363	0.004174	31.7
1179	-0.969679	136.670259	0.007810	31.2
1180	-0.095392	136.606235	0.002131	32.7
1181	-0.859471	136.542291	0.009057	31.9
1182	-0.058831	136.478426	0.002147	29.7
1183	-0.001562	136.414641	0.000195	30.1
1184	-0.645865	136.350936	0.004487	30.5
1185	-0.869533	136.287310	0.007251	33.2
1186	-0.304780	136.223763	0.002373	31.8
1187	-0.589075	136.160295	0.006448	31.8
1188	-0.246531	136.096905	0.002396	31.9
1189	-0.587610	136.033594	0.004329	31.6
1190	-0.000000	135.970362	0.000000	33.0
1191	-0.805326	135.907208	0.007737	31.7
1192	-0.650369	135.844133	0.004887	31.8
1193	-0.992890	135.781135	0.008123	31.4
1194	-0.562360	135.718215	0.004599	31.1
1195	-0.123540	135.655373	0.003334	31.4
1196	-0.391827	135.592608	0.004602	32.7
1197	-0.064029	135.529921	0.001043	31.8
1198	-0.000000	135.467311	0.000000	31.8
1199	-0.001739	135.404778	0.000063	31.4
1200	-0.908319	135.342322	0.007022	31.2
1201	-0.536480	135.279942	0.005445	32.5
1202	-0.017458	135.217640	0.000266	33.0
1203	-0.322681	135.155413	0.003457	31.3
1204	-0.021288	135.093263	0.000562	30.8
1205	-0.119169	135.031190	0.002453	31.1
1206	-0.778574	134.969192	0.008607	30.5
1207	-1.032283	134.907270	0.007337	30.6
1208	-0.622887	134.845424	0.005900	31.7
1209	-0.126541	134.783653	0.001408	32.4
1210	-1.043297	134.721958	0.006048	32.8
1211	-0.095244	134.660338	0.002084	31.6
1212	-0.899148	134.598793	0.006714	31.4
1213	-0.946650	134.537323	0.007612	30.6
1214	-0.752451	134.475927	0.007375	31.0
1215	-0.683849	134.414607	0.007098	29.8
1216	-0.794478	134.353361	0.010087	31.7
1217	-0.867193	134.292189	0.009168	31.8
1218	-0.837154	134.231092	0.006354	32.2
1219	-0.251508	134.170068	0.002175	31.8
1220	-0.882602	134.109119	0.006618	32.5
1221	-0.865829	134.048243	0.005548	31.8
1222	-0.522271	133.987441	0.005655	32.1
1223	-0.930690	133.926713	0.007854	31.4
1224	-0.447427	133.866057	0.004630	30.9
1225	-0.001149	133.805475	0.000120	30.6
1226	-0.247940	133.744966	0.004767	31.8
1227	-0.000000	133.684530	0.000000	32.2
1228	-0.872292	133.624167	0.008630	30.7
1229	-0.000000	133.563877	0.000000	32.0
1230	-0.618127	133.503658	0.006299	33.2
1231	-0.326243	133.443513	0.005036	31.5
1232	-0.697165	133.383439	0.006943	31.2
1233	-0.698075	133.323437	0.006483	31.6
1234	-0.898035	133.263508	0.008690	31.5
1235	-0.000000	133.203650	0.000000	31.2
1236	-0.712300	133.143864	0.005775	32.3
1237	-0.755491	133.084149	0.006088	30.9
1238	-0.000000	133.024506	0.000000	31.0
1239	-0.796606	132.964934	0.005125	32.4
1240	-0.897276	132.905433	0.009342	32.3
1241	-0.818546	132.846003	0.005883	31.6
1242	-0.000000	132.786643	0.000000	30.6
1243	-0.866417	132.727355	0.006256	32.6
1244	-0.623004	132.668137	0.005566	30.8
1245	-0.187438	132.608989	0.003276	30.9
1246	-0.588556	132.549912	0.005938	32.6
1247	-0.505710	132.490904	0.004797	31.3
1248	-0.596305	132.431967	0.006821	30.4
1249	-0.000000	132.373100	0.000000	32.3
1250	-0.891574	132.314302	0.007274	32.4
1251	-0.552900	132.255574	0.006582	30.7
1252	-0.663217	132.196916	0.008963	30.6
1253	-0.704015	132.138326	0.006737	29.7
1254	-0.702938	132.079806	0.007190	29.4
1255	-0.000000	132.021355	0.000000	29.9
1256	-0.709497	131.962973	0.005953	33.3
1257	-0.534896	131.904660	0.006124	31.8
1258	-0.341553	131.846415	0.005647	31.5
1259	-0.819747	131.788239	0.009927	32.4
1260	-0.682257	131.730131	0.007212	31.2
1261	-0.000860	131.672092	0.000022	31.6
1262	-0.623201	131.614121	0.006697	30.9
1263	-0.935999	131.556217	0.007335	29.1
1264	-0.408277	131.498382	0.004055	30.3
1265	-0.401024	131.440614	0.006200	31.0
1266	-0.887626	131.382914	0.006551	30.9
1267	-0.813689	131.325282	0.006825	31.8
1268	-0.000000	131.267717	0.000000	31.4
1269	-0.700106	131.210219	0.005913	31.9
1270	-0.603746	131.152788	0.007936	31.9
1271	-0.000068	131.095424	0.000012	32.3
1272	-0.034178	131.038127	0.000816	31.3
1273	-0.106702	130.980897	0.002501	30.9
1274	-0.012157	130.923733	0.001196	31.7
1275	-0.674208	130.866636	0.006304	31.0
1276	-0.164831	130.809605	0.002551	30.7
1277	-0.390376	130.752641	0.003951	32.7
1278	-0.000000	130.695742	0.000000	30.5
1279	-0.000000	130.638910	0.000000	30.8
1280	-0.591308	130.582143	0.006346	31.9
1281	-0.898232	130.525442	0.005414	30.7
1282	-0.453253	130.468807	0.004190	31.8
1283	-0.868161	130.412237	0.006020	30.4
1284	-0.000000	130.355733	0.000000	32.7
1285	-0.000000	130.299294	0.000000	31.2
1286	-0.394195	130.242920	0.005059	31.9
1287	-1.040449	130.186611	0.009103	32.3
1288	-0.021987	130.130366	0.001202	30.2
1289	-0.000000	130.074187	0.000000	31.2
1290	-0.000000	130.018072	0.000000	30.7
1291	-0.161772	129.962022	0.001837	32.0
1292	-0.227945	129.906036	0.004444	31.9
1293	-0.000000	129.850114	0.000000	31.3
1294	-0.028591	129.794257	0.001106	31.4
1295	-0.817942	129.738463	0.007508	31.7
1296	-0.772230	129.682734	0.007575	32.6
1297	-0.110690	129.627068	0.002959	33.3
1298	-0.387606	129.571466	0.004255	31.3
1299	-0.338236	129.515927	0.003054	32.1
1300	-0.149504	129.460452	0.002027	30.8
1301	-0.052374	129.405040	0.001539	32.7
1302	-0.747561	129.349692	0.008094	32.4
1303	-0.897524	129.294406	0.007652	31.3
1304	-0.905680	129.239183	0.006094	32.6
1305	-0.742089	129.184024	0.006754	31.6
1306	-0.032462	129.128927	0.001015	31.8
1307	-0.681095	129.073892	0.004697	30.4
1308	-0.554813	129.018921	0.007202	30.4
1309	-0.627600	128.964011	0.007757	31.1
1310	-0.748012	128.909164	0.006877	31.1
1311	-0.765929	128.854379	0.007232	31.6
1312	-0.035854	128.799656	0.001274	31.1
1313	-0.000000	128.744995	0.000000	31.1
1314	-0.000000	128.690396	0.000000	32.7
1315	-0.538635	128.635858	0.005343	32.3
1316	-0.207071	128.581382	0.004812	32.7
1317	-0.688822	128.526968	0.007214	32.6
1318	-0.728198	128.472615	0.007282	31.4
1319	-0.002833	128.418323	0.000092	31.2
1320	-0.790728	128.364092	0.007136	31.8
1321	-0.510513	128.309922	0.005637	30.5
1322	-0.073719	128.255814	0.000900	33.8
1323	-0.776277	128.201766	0.005966	32.0
1324	-0.008342	128.147778	0.000181	31.7
1325	-0.289420	128.093852	0.003178	31.0
1326	-0.714551	128.039985	0.007654	30.4
1327	-0.000000	127.986180	0.000000	31.1
1328	-0.469660	127.932434	0.005948	31.2
1329	-0.566253	127.878749	0.006793	30.8
1330	-0.000115	127.825123	0.000017	31.5
1331	-0.000000	127.771558	0.000000	31.4
1332	-0.000000	127.718052	0.000000	31.6
1333	-0.000000	127.664606	0.000000	32.2
1334	-0.102763	127.611220	0.001422	31.8
1335	-0.453293	127.557893	0.003741	30.9
1336	-0.917337	127.504625	0.007379	31.9
1337	-0.000000	127.451417	0.000000	32.3
1338	-0.736605	127.398268	0.008580	31.2
1339	-0.211914	127.345178	0.001288	31.1
1340	-0.000000	127.292147	0.000000	31.0
1341	-0.340018	127.239175	0.003245	30.5
1342	-0.663110	127.186261	0.007153	29.5
1343	-0.956076	127.133407	0.006423	31.2
1344	-0.000000	127.080610	0.000000	33.2
1345	-0.542878	127.027872	0.005178	32.6
1346	-0.714167	126.975193	0.007565	31.2
1347	-0.576726	126.922572	0.007783	32.4
1348	-0.187526	126.870008	0.002333	31.4
1349	-0.857304	126.817503	0.006627	30.5
1350	-1.055822	126.765056	0.008335	30.9
1351	-0.727686	126.712667	0.005096	30.9
1352	-0.551508	126.660335	0.006271	30.4
1353	-0.539551	126.608061	0.006801	30.8
1354	-0.243153	126.555844	0.003275	33.7
1355	-0.004300	126.503685	0.000000	30.8
1356	-0.136499	126.451583	0.002064	33.1
1357	-0.603238	126.399538	0.003946	31.4
1358	-0.000000	126.347550	0.000000	31.8
1359	-0.608732	126.295619	0.006874	31.8
1360	-0.687113	126.243745	0.006751	30.6
1361	-0.000000	126.191928	0.000000	30.9
1362	-0.000000	126.140168	0.000000	30.0
1363	-0.736115	126.088464	0.007305	31.8
1364	-0.721128	126.036817	0.008891	31.8
1365	-0.000000	125.985226	0.000000	31.1
1366	-0.096400	125.933691	0.002331	30.2
1367	-0.001249	125.882212	0.000046	31.1
1368	-0.009352	125.830790	0.000161	30.8
1369	-0.760820	125.779423	0.005423	29.6
1370	-0.000000	125.728113	0.000000	30.0
1371	-0.000920	125.676858	0.000011	32.3
1372	-1.011346	125.625659	0.007123	32.4
1373	-0.036583	125.574515	0.001329	31.8
1374	-0.785139	125.523427	0.005565	32.4
1375	-0.530631	125.472394	0.004472	31.7
1376	-0.942484	125.421417	0.007611	31.2
1377	-0.570508	125.370495	0.006078	30.5
1378	-0.910303	125.319628	0.006093	30.8
1379	-0.000000	125.268815	0.000000	30.3
1380	-0.137527	125.218058	0.002889	31.7
1381	-0.836940	125.167356	0.006777	30.8
1382	-0.116067	125.116708	0.002131	32.1
1383	-0.628707	125.066115	0.006709	31.1
1384	-0.382723	125.015576	0.002746	33.1
1385	-0.811218	124.965092	0.006541	33.2
1386	-0.801495	124.914662	0.005377	30.5
1387	-0.275093	124.864287	0.003600	30.8
1388	-0.460468	124.813965	0.005657	30.5
1389	-0.013935	124.763698	0.001039	30.7
1390	-0.240856	124.713485	0.002996	30.9
1391	-0.817696	124.663325	0.008569	31.0
1392	-0.000000	124.613219	0.000000	33.6
1393	-0.555447	124.563167	0.007031	31.4
1394	-0.654204	124.513168	0.004694	31.8
1395	-0.566282	124.463223	0.006012	31.5
1396	-0.163899	124.413332	0.001550	31.6
1397	-0.000000	124.363493	0.000000	30.6
1398	-0.548914	124.313708	0.005332	30.8
1399	-1.014354	124.263976	0.009358	30.9
1400	-0.805216	124.214297	0.005384	30.8
1401	-0.000000	124.164671	0.000000	31.4
1402	-0.920624	124.115097	0.005747	31.0
1403	-0.373271	124.065577	0.003965	31.8
1404	-0.000000	124.016109	0.000000	32.4
1405	-0.491777	123.966693	0.005634	30.2
1406	-0.788157	123.917330	0.006753	32.5
1407	-0.717473	123.868020	0.007548	31.4
1408	-0.000000	123.818762	0.000000	32.3
1409	-0.868086	123.769556	0.007870	31.5
1410	-0.475570	123.720402	0.005271	32.8
1411	-0.779748	123.671300	0.008050	32.1
1412	-0.502124	123.622250	0.005115	30.7
1413	-0.000000	123.573252	0.000000	33.4
1414	-0.000000	123.524305	0.000000	31.9
1415	-0.072727	123.475411	0.001571	32.0
1416	-0.474983	123.426568	0.005309	31.6
1417	-0.526062	123.377776	0.007025	33.7
1418	-0.640948	123.329036	0.005342	31.2
1419	-0.595936	123.280347	0.006426	32.3
1420	-0.001750	123.231709	0.001159	31.6
1421	-0.828063	123.183122	0.006372	31.3
1422	-0.000000	123.134587	0.000000	32.4
1423	-0.000000	123.086102	0.000000	32.1
1424	-0.160071	123.037669	0.001861	32.3
1425	-0.845808	122.989286	0.006906	35.5
1426	-0.838175	122.940954	0.007026	32.2
1427	-0.891055	122.892672	0.009859	36.5
1428	-0.825766	122.844441	0.008493	32.0
1429	-0.344313	122.796261	0.004130	30.9
1430	-0.675818	122.748130	0.006220	31.0
1431	-0.800554	122.700050	0.005509	30.2
1432	-0.798075	122.652021	0.007904	32.0
1433	-0.000000	122.604041	0.000000	30.9
1434	-0.807032	122.556111	0.005216	30.9
1435	-0.727215	122.508232	0.005005	31.6
1436	-0.803549	122.460402	0.004330	31.8
1437	-0.227390	122.412622	0.003366	31.9
1438	-0.000000	122.364891	0.000000	31.5
1439	-0.438466	122.317210	0.004969	32.6
1440	-0.000000	122.269579	0.000000	32.2
1441	-0.000000	122.221997	0.000000	32.2
1442	-0.001653	122.174465	0.000050	31.0
1443	-0.515112	122.126981	0.005805	31.7
1444	-0.633671	122.079547	0.007059	31.7
1445	-0.449017	122.032162	0.007086	31.3
1446	-0.056455	121.984826	0.001981	32.9
1447	-0.487680	121.937539	0.005615	32.1
1448	-0.000000	121.890301	0.000000	33.7
1449	-0.000646	121.843112	0.000534	32.9
1450	-0.090349	121.795971	0.002071	31.5
1451	-0.327325	121.748879	0.004419	31.4
1452	-0.656494	121.701835	0.005822	31.8
1453	-0.803885	121.654840	0.007724	31.5
1454	-0.051340	121.607893	0.000439	32.0
1455	-0.088838	121.560994	0.002780	32.5
1456	-0.000000	121.514144	0.000000	32.3
1457	-0.000087	121.467342	0.000004	30.9
1458	-0.821209	121.420588	0.006682	31.7
1459	-0.455808	121.373882	0.005652	31.6
1460	-0.958070	121.327223	0.007446	31.9
1461	-0.528507	121.280613	0.003945	31.5
1462	-0.000000	121.234050	0.000000	32.8
1463	-0.679083	121.187535	0.004825	31.2
1464	-0.000000	121.141067	0.000000	31.1
1465	-0.548713	121.094647	0.006876	31.4
1466	-0.623564	121.048274	0.004348	30.8
1467	-0.478720	121.001949	0.007858	30.6
1468	-0.456373	120.955671	0.004967	30.2
1469	-0.804754	120.909440	0.004705	32.1
1470	-0.000000	120.863256	0.000000	33.3
1471	-0.000000	120.817119	0.000000	31.3
1472	-0.910237	120.771029	0.009283	31.7
1473	-0.951547	120.724986	0.007798	30.9
1474	-0.701690	120.678990	0.006973	30.7
1475	-0.000000	120.633040	0.000000	30.4
1476	-0.426041	120.587137	0.004544	31.0
1477	-0.014239	120.541281	0.000885	31.6
1478	-0.796279	120.495471	0.007413	31.6
1479	-0.906590	120.449707	0.007238	31.5
1480	-0.678646	120.403990	0.006840	32.6
1481	-0.481938	120.358319	0.004678	31.3
1482	-0.503546	120.312694	0.005618	31.6
1483	-0.672599	120.267115	0.006247	31.2
1484	-0.000000	120.221582	0.000000	30.8
1485	-0.803771	120.176096	0.007060	30.7
1486	-0.723383	120.130655	0.004605	30.8
1487	-0.865731	120.085260	0.006825	31.9
1488	-0.780682	120.039910	0.005747	31.4
1489	-1.044124	119.994606	0.008843	30.8
1490	-0.738780	119.949348	0.006736	31.4
1491	-0.129004	119.904135	0.001704	32.3
1492	-0.848282	119.858968	0.007599	32.5
1493	-0.423258	119.813846	0.005034	30.5
1494	-0.726158	119.768769	0.006452	31.5
1495	-0.562659	119.723738	0.005458	32.0
1496	-0.809986	119.678752	0.005307	30.2
1497	-0.359445	119.633810	0.005101	31.1
1498	-0.008520	119.588914	0.000177	31.6
1499	-0.802568	119.544062	0.008004	31.6
1500	-0.543768	119.499256	0.007187	32.1
1501	-0.970033	119.454494	0.006685	31.3
1502	-0.014351	119.409777	0.000145	31.6
1503	-0.873658	119.365104	0.007072	31.5
1504	-0.873522	119.320476	0.008500	31.2
1505	-0.999555	119.275893	0.006857	30.0
1506	-0.401850	119.231353	0.005891	31.0
1507	-1.010882	119.186859	0.009482	29.9
1508	-0.766874	119.142408	0.006894	31.9
1509	-0.506111	119.098002	0.003009	32.1
1510	-0.000000	119.053639	0.000000	33.2
1511	-0.062443	119.009321	0.001115	35.1
1512	-0.841124	118.965047	0.006607	32.6
1513	-0.035815	118.920816	0.002468	33.2
1514	-0.709144	118.876630	0.006417	32.5
1515	-1.029530	118.832487	0.006981	31.3
1516	-0.772718	118.788388	0.004489	30.4
1517	-0.113299	118.744332	0.002546	30.8
1518	-0.134850	118.700320	0.003618	30.7
1519	-0.000000	118.656352	0.000000	29.9
1520	-0.307518	118.612427	0.004214	30.7
1521	-0.000000	118.568545	0.000000	30.8
1522	-0.009948	118.524706	0.000345	32.1
1523	-0.000152	118.480911	0.000005	31.3
1524	-0.905157	118.437159	0.008418	31.7
1525	-0.000001	118.393450	0.000000	32.8
1526	-0.025047	118.349784	0.001126	32.5
1527	-1.066307	118.306160	0.009539	30.7
1528	-0.238918	118.262580	0.004473	32.1
1529	-0.814686	118.219042	0.006906	30.7
1530	-0.000000	118.175548	0.000000	30.5
1531	-0.829115	118.132095	0.008412	31.3
1532	-0.010520	118.088686	0.000187	31.3
1533	-0.004216	118.045319	0.000097	33.2
1534	-1.032428	118.001994	0.009669	31.8
1535	-0.000843	117.958712	0.000048	32.7
1536	-0.501171	117.915472	0.004569	33.4
1537	-0.967978	117.872274	0.009034	30.8
1538	-0.384809	117.829118	0.006946	30.1
1539	-0.000000	117.786005	0.000000	31.3
1540	-1.003695	117.742933	0.008926	30.4
1541	-0.143635	117.699904	0.002246	32.0
1542	-0.912414	117.656916	0.007478	31.8
1543	-0.589706	117.613971	0.005290	32.6
1544	-0.395535	117.571067	0.004152	31.5
1545	-0.000000	117.528205	0.000000	31.9
1546	-0.866840	117.485384	0.007080	31.1
1547	-0.710080	117.442605	0.006885	32.4
1548	-0.420900	117.399867	0.003497	31.2
1549	-0.806335	117.357171	0.006440	32.2
1550	-0.000000	117.314517	0.000000	32.1
1551	-0.011241	117.271903	0.000213	31.1
1552	-0.853445	117.229331	0.008238	32.2
1553	-0.006528	117.186800	0.000142	32.1
1554	-0.957317	117.144311	0.007362	33.6
1555	-0.368265	117.101862	0.005574	31.4
1556	-0.761708	117.059454	0.004119	31.0
1557	-0.000000	117.017087	0.000000	31.0
1558	-0.750132	116.974762	0.005270	31.0
1559	-0.728979	116.932476	0.009724	30.6
1560	-0.885477	116.890232	0.008031	30.9
1561	-0.000000	116.848028	0.000000	31.3
1562	-0.787346	116.805865	0.005930	32.4
1563	-0.006225	116.763743	0.000131	32.1
1564	-0.477684	116.721661	0.006265	30.9
1565	-0.001398	116.679619	0.000080	31.0
1566	-0.633063	116.637618	0.007040	30.1
1567	-0.865513	116.595657	0.006411	31.1
1568	-0.297455	116.553736	0.003320	31.6
1569	-0.936383	116.511855	0.005480	31.2
1570	-0.740719	116.470015	0.006631	31.5
1571	-0.680211	116.428214	0.006427	31.5
1572	-0.000002	116.386454	0.000000	33.7
1573	-1.036540	116.344733	0.007238	30.7
1574	-0.000000	116.303052	0.000000	34.4
1575	-0.713468	116.261412	0.004373	31.8
1576	-0.657626	116.219810	0.005975	30.6
1577	-0.435023	116.178249	0.004600	30.5
1578	-0.960908	116.136727	0.006486	31.3
1579	-0.010719	116.095245	0.000258	31.5
1580	-0.579511	116.053802	0.005792	31.4
1581	-0.528112	116.012398	0.005496	31.2
1582	-0.891780	115.971034	0.007448	31.6
1583	-0.000000	115.929710	0.000000	31.9
1584	-0.000000	115.888424	0.000000	31.0
1585	-0.000000	115.847178	0.000000	31.2
1586	-0.562819	115.805970	0.006025	31.3
1587	-0.167530	115.764802	0.002430	31.3
1588	-0.594622	115.723673	0.005818	30.8
1589	-0.028717	115.682583	0.001750	32.2
1590	-0.256957	115.641532	0.002617	30.4
1591	-0.003616	115.600519	0.000525	31.5
1592	-0.000000	115.559546	0.000000	31.4
1593	-0.759958	115.518610	0.007152	31.7
1594	-0.000000	115.477714	0.000000	31.4
1595	-0.258437	115.436856	0.002867	29.6
1596	-0.180069	115.396037	0.003274	30.8
1597	-0.856882	115.355256	0.007425	29.9
1598	-0.698761	115.314514	0.007100	29.5
1599	-0.409334	115.273810	0.004170	32.4
1600	-0.410333	115.233144	0.004204	30.7
1601	-0.430654	115.192517	0.005414	31.6
1602	-0.886795	115.151927	0.007681	32.1
1603	-0.668674	115.111376	0.005918	31.8
1604	-0.000000	115.070863	0.000000	30.8
1605	-0.708380	115.030388	0.007053	29.4
1606	-0.620480	114.989951	0.007020	32.3
1607	-0.904596	114.949551	0.005779	31.2
1608	-0.205157	114.909190	0.002820	31.1
1609	-1.068722	114.868866	0.009556	32.5
1610	-0.676390	114.828580	0.007315	32.3
1611	-0.792371	114.788332	0.007126	32.0
1612	-0.540883	114.748121	0.003524	30.8
1613	-0.830215	114.707948	0.006960	31.4
1614	-0.725289	114.667812	0.006252	29.8
1615	-0.800756	114.627714	0.006905	30.4
1616	-0.491124	114.587653	0.003874	30.9
1617	-0.921739	114.547629	0.009280	32.1
1618	-0.188305	114.507643	0.002351	31.1
1619	-0.387793	114.467693	0.004774	31.2
1620	-0.874473	114.427781	0.006909	31.5
1621	-0.598016	114.387907	0.006888	31.9
1622	-0.939996	114.348069	0.007692	31.9
1623	-1.044528	114.308268	0.009480	29.7
1624	-0.000000	114.268504	0.000000	31.3
1625	-0.922797	114.228777	0.009490	30.4
1626	-0.996935	114.189086	0.007363	31.3
1627	-0.723388	114.149433	0.004943	30.9
1628	-0.008158	114.109816	0.000252	30.7
1629	-0.940278	114.070235	0.008447	30.6
1630	-0.755298	114.030692	0.005333	32.1
1631	-0.796955	113.991185	0.007512	32.2
1632	-0.968740	113.951714	0.006759	32.8
1633	-0.555279	113.912280	0.005070	31.0
1634	-0.000000	113.872882	0.000000	30.6
1635	-0.387474	113.833521	0.004735	30.1
1636	-0.520826	113.794195	0.006285	31.0
1637	-0.788998	113.754906	0.006464	31.3
1638	-0.000102	113.715653	0.000007	31.6
1639	-0.929120	113.676437	0.010149	31.6
1640	-0.975458	113.637256	0.006477	30.7
1641	-0.872633	113.598111	0.008363	32.0
1642	-0.762062	113.559002	0.008121	32.2
1643	-0.489012	113.519929	0.006448	32.5
1644	-0.682902	113.480892	0.007620	33.7
1645	-0.000002	113.441891	0.000002	32.2
1646	-0.000000	113.402925	0.000000	31.5
1647	-0.878834	113.363995	0.006713	31.8
1648	-0.870297	113.325101	0.008525	31.3
1649	-0.029729	113.286242	0.001527	30.3
1650	-0.522727	113.247419	0.006003	32.6
1651	-0.000000	113.208631	0.000000	32.2
1652	-0.658727	113.169879	0.005766	32.3
1653	-0.842139	113.131162	0.006722	32.2
1654	-0.665306	113.092480	0.004202	32.3
1655	-0.682629	113.053833	0.008009	31.7
1656	-0.000000	113.015222	0.000000	32.2
1657	-0.000000	112.976646	0.000000	32.2
1658	-0.664036	112.938105	0.006342	32.3
1659	-0.026028	112.899599	0.000838	31.1
1660	-0.820086	112.861128	0.004957	31.3
1661	-0.927351	112.822692	0.006630	31.7
1662	-0.000000	112.784291	0.000000	30.6
1663	-0.623952	112.745924	0.007260	30.9
1664	-0.262552	112.707593	0.003824	30.4
1665	-0.525683	112.669296	0.007202	31.4
1666	-0.938035	112.631034	0.005331	31.1
1667	-0.146308	112.592806	0.001702	31.1
1668	-0.771218	112.554613	0.008731	32.4
1669	-0.815043	112.516455	0.007151	33.0
1670	-0.815259	112.478331	0.006888	31.6
1671	-0.535015	112.440241	0.007671	31.5
1672	-0.382532	112.402186	0.005241	31.8
1673	-0.882277	112.364165	0.009126	31.1
1674	-0.542264	112.326179	0.007319	31.2
1675	-0.283942	112.288227	0.003584	31.5
1676	-0.473037	112.250309	0.005352	31.0
1677	-0.882279	112.212425	0.008144	33.6
1678	-0.481361	112.174575	0.004109	30.3
1679	-0.869335	112.136759	0.006167	31.0
1680	-0.000000	112.098977	0.000000	30.3
1681	-0.833111	112.061229	0.005398	31.1
1682	-0.787141	112.023515	0.006216	31.9
1683	-0.482855	111.985834	0.006698	30.9
1684	-0.929269	111.948188	0.006684	31.4
1685	-0.982950	111.910575	0.009253	31.4
1686	-0.125750	111.872996	0.001962	31.4
1687	-0.000000	111.835450	0.000000	31.2
1688	-0.534661	111.797939	0.005409	31.4
1689	-0.534321	111.760460	0.004800	30.6
1690	-0.769292	111.723015	0.007385	29.6
1691	-0.059712	111.685604	0.003448	31.9
1692	-0.000000	111.648226	0.000000	32.4
1693	-0.771190	111.610881	0.007193	32.3
1694	-0.638959	111.573570	0.005243	33.3
1695	-0.678691	111.536292	0.007034	32.4
1696	-0.111688	111.499047	0.001706	30.7
1697	-0.000000	111.461835	0.000000	32.3
1698	-0.744543	111.424656	0.005909	30.9
1699	-0.583648	111.387510	0.007151	31.3
1700	-0.933701	111.350398	0.008868	31.1
1701	-0.577011	111.313318	0.006150	31.7
1702	-0.000000	111.276271	0.000000	29.7
1703	-0.000000	111.239257	0.000000	30.1
1704	-0.728926	111.202276	0.007689	31.3
1705	-1.021425	111.165328	0.009273	29.9
1706	-0.156546	111.128412	0.002250	31.5
1707	-0.055547	111.091529	0.001241	30.9
1708	-0.000000	111.054679	0.000000	30.7
1709	-0.689085	111.017861	0.008579	31.6
1710	-0.654120	110.981076	0.006499	30.6
1711	-0.000004	110.944323	0.000001	31.4
1712	-0.046969	110.907603	0.000576	30.0
1713	-0.862030	110.870915	0.007658	30.3
1714	-1.031491	110.834259	0.007904	29.3
1715	-0.000000	110.797636	0.000000	28.6
1716	-0.912727	110.761045	0.005897	31.7
1717	-0.516846	110.724486	0.004890	30.4
1718	-0.636725	110.687959	0.006285	30.7
1719	-0.988040	110.651465	0.005914	30.9
1720	-0.000000	110.615002	0.000000	30.7
1721	-0.863575	110.578572	0.007238	31.0
1722	-0.830526	110.542173	0.006873	30.0
1723	-0.000000	110.505807	0.000000	30.5
1724	-0.094221	110.469472	0.002564	29.3
1725	-0.542494	110.433169	0.005322	30.5
1726	-0.658958	110.396898	0.005982	29.3
1727	-0.901527	110.360659	0.009284	30.8
1728	-0.013932	110.324451	0.000304	31.2
1729	-0.806060	110.288276	0.006012	31.8
1730	-0.957619	110.252131	0.005857	31.3
1731	-0.652538	110.216019	0.005113	30.5
1732	-0.862914	110.179937	0.008172	30.1
1733	-0.626106	110.143888	0.006443	29.5
1734	-0.906970	110.107869	0.006209	31.1
1735	-0.368701	110.071882	0.005111	32.1
1736	-0.408979	110.035927	0.005296	31.7
1737	-0.822666	110.000003	0.009092	31.1
1738	-0.807871	109.964110	0.008205	31.9
1739	-0.708870	109.928248	0.005949	30.2
1740	-0.873619	109.892417	0.007507	29.2
1741	-0.019333	109.856618	0.000306	30.3
1742	-0.950338	109.820850	0.008720	31.3
1743	-0.885203	109.785112	0.007316	32.0
1744	-0.000000	109.749406	0.000000	28.9
1745	-0.000000	109.713730	0.000000	29.8
1746	-0.000000	109.678086	0.000000	30.0
1747	-0.399540	109.642472	0.005861	30.6
1748	-0.562373	109.606890	0.005930	31.4
1749	-0.315611	109.571337	0.003649	31.0
1750	-0.958013	109.535816	0.007828	31.2
1751	-0.936289	109.500326	0.008286	31.1
1752	-0.482898	109.464866	0.008658	31.7
1753	-0.000000	109.429436	0.000000	29.7
1754	-0.000000	109.394038	0.000000	30.1
1755	-0.951372	109.358669	0.007772	30.1
1756	-0.846066	109.323331	0.005568	32.4
1757	-0.091290	109.288024	0.000903	30.3
1758	-0.125750	109.252747	0.003227	31.7
1759	-0.705349	109.217501	0.005026	29.6
1760	-0.859320	109.182284	0.007085	30.6
1761	-0.000000	109.147098	0.000000	31.5
1762	-0.885478	109.111942	0.006499	29.9
1763	-0.823415	109.076817	0.007970	31.6
1764	-0.000000	109.041721	0.000000	31.6
1765	-0.946542	109.006656	0.007805	30.5
1766	-0.835997	108.971620	0.006175	30.7
1767	-0.097387	108.936615	0.002808	31.5
1768	-0.388559	108.901640	0.003668	29.7
1769	-0.807682	108.866694	0.006585	29.7
1770	-0.531643	108.831779	0.003687	31.1
1771	-0.836302	108.796893	0.007576	30.8
1772	-0.064454	108.762037	0.001031	30.4
1773	-0.012202	108.727211	0.000335	30.2
1774	-1.005449	108.692415	0.009017	31.4
1775	-0.004607	108.657648	0.001172	31.2
1776	-0.480312	108.622911	0.005497	30.0
1777	-0.899464	108.588203	0.006831	29.9
1778	-0.215110	108.553525	0.003001	29.6
1779	-0.000000	108.518877	0.000000	29.3
1780	-0.008316	108.484258	0.000149	31.1
1781	-0.000000	108.449668	0.000000	31.5
1782	-0.723035	108.415108	0.006959	31.1
1783	-0.182571	108.380578	0.002768	31.3
1784	-0.770752	108.346076	0.007511	31.2
1785	-0.000000	108.311604	0.000000	31.7
1786	-0.521773	108.277161	0.006514	30.2
1787	-0.618075	108.242747	0.005630	30.4
1788	-0.192593	108.208363	0.001497	30.7
1789	-0.680394	108.174007	0.005304	30.8
1790	-0.787431	108.139681	0.005374	28.9
1791	-0.393998	108.105383	0.005920	30.3
1792	-0.045386	108.071115	0.000811	29.8
1793	-1.017334	108.036875	0.007530	29.4
1794	-0.572050	108.002665	0.006731	31.3
1795	-0.000019	107.968483	0.000001	30.2
1796	-0.038495	107.934330	0.000519	30.2
1797	-0.004224	107.900206	0.000115	30.6
1798	-0.600234	107.866111	0.005355	31.6
1799	-0.413071	107.832044	0.003571	31.7
1800	-1.112243	107.798007	0.010432	30.3
1801	-0.000000	107.763997	0.000000	31.0
1802	-0.000000	107.730017	0.000000	29.1
1803	-0.886063	107.696065	0.006722	30.7
1804	-0.740531	107.662141	0.008678	30.3
1805	-0.695465	107.628246	0.007329	31.9
1806	-0.557499	107.594379	0.007098	31.3
1807	-0.926870	107.560541	0.008353	31.2
1808	-0.835620	107.526731	0.006293	31.2
1809	-0.000000	107.492949	0.000000	31.4
1810	-0.000000	107.459196	0.000000	30.7
1811	-0.000000	107.425471	0.000000	30.6
1812	-0.000000	107.391774	0.000000	31.1
1813	-0.811040	107.358106	0.005692	28.6
1814	-0.499129	107.324465	0.005257	30.4
1815	-0.277873	107.290853	0.004755	30.5
1816	-0.578140	107.257268	0.006395	30.7
1817	-0.838322	107.223712	0.005651	30.8
1818	-0.879713	107.190184	0.006418	29.9
1819	-0.000000	107.156683	0.000000	31.3
1820	-0.541108	107.123211	0.006535	31.5
1821	-0.000003	107.089766	0.000005	30.9
1822	-0.502374	107.056349	0.004886	31.2
1823	-0.061519	107.022960	0.000953	31.5
1824	-0.444599	106.989599	0.004484	30.6
1825	-0.000000	106.956265	0.000000	30.1
1826	-0.645331	106.922960	0.007852	30.5
1827	-0.632833	106.889681	0.006334	30.7
1828	-0.759656	106.856431	0.006487	29.5
1829	-0.001423	106.823208	0.000075	30.9
1830	-0.551775	106.790012	0.006713	30.6
1831	-0.510060	106.756844	0.005492	32.1
1832	-0.373987	106.723703	0.004030	31.5
1833	-0.683159	106.690590	0.008250	31.6
1834	-0.000000	106.657505	0.000000	29.8
1835	-0.651326	106.624446	0.005109	28.6
1836	-0.598811	106.591415	0.003966	31.5
1837	-0.442204	106.558411	0.006709	30.0
1838	-0.211972	106.525435	0.004328	30.4
1839	-0.031586	106.492485	0.000907	31.0
1840	-0.837717	106.459563	0.006753	32.0
1841	-0.659697	106.426668	0.006391	31.0
1842	-0.593121	106.393800	0.006363	30.2
1843	-0.937977	106.360959	0.009256	31.6
1844	-0.815977	106.328145	0.006114	30.2
1845	-0.824265	106.295358	0.006889	30.4
1846	-0.037499	106.262598	0.000771	30.0
1847	-0.905640	106.229865	0.006540	30.1
1848	-0.014197	106.197158	0.000455	30.3
1849	-0.000000	106.164479	0.000000	30.6
1850	-0.031988	106.131826	0.001894	30.5
1851	-0.548187	106.099201	0.005311	30.8
1852	-0.600761	106.066602	0.007489	30.3
1853	-0.636171	106.034029	0.007634	31.2
1854	-0.552000	106.001483	0.006623	30.7
1855	-0.658770	105.968964	0.004716	29.6
1856	-0.708614	105.936472	0.006233	29.7
1857	-0.834478	105.904006	0.005546	30.6
1858	-0.915237	105.871566	0.007004	29.4
1859	-0.000322	105.839153	0.000031	31.3
1860	-0.000000	105.806767	0.000000	30.4
1861	-0.107595	105.774407	0.001520	30.8
1862	-0.560259	105.742073	0.005824	31.6
1863	-0.000000	105.709766	0.000000	31.3
1864	-0.061505	105.677485	0.001512	30.9
1865	-0.406029	105.645230	0.007247	32.5
1866	-0.153102	105.613001	0.002852	29.7
1867	-0.519495	105.580799	0.005987	30.1
1868	-0.000000	105.548623	0.000000	30.8
1869	-0.673227	105.516473	0.004962	29.3
1870	-0.699376	105.484349	0.007214	30.9
1871	-0.784527	105.452251	0.005873	30.4
1872	-0.831475	105.420179	0.006209	31.5
1873	-0.918154	105.388133	0.007991	30.8
1874	-0.802295	105.356113	0.008247	31.5
1875	-0.011249	105.324119	0.000305	29.6
1876	-0.000266	105.292151	0.000022	29.9
1877	-0.000000	105.260209	0.000000	29.4
1878	-0.171380	105.228293	0.003806	30.7
1879	-0.783785	105.196402	0.006539	29.9
1880	-0.954034	105.164537	0.007385	30.1
1881	-0.860028	105.132698	0.006086	30.8
1882	-0.774801	105.100885	0.005505	31.1
1883	-0.778325	105.069097	0.006435	30.5
1884	-0.663336	105.037335	0.005124	29.8
1885	-0.812860	105.005598	0.006835	30.2
1886	-0.048728	104.973887	0.001085	29.9
1887	-0.777995	104.942202	0.007380	29.0
1888	-0.345347	104.910542	0.003543	29.7
1889	-0.652276	104.878907	0.007775	32.8
1890	-0.000000	104.847298	0.000000	32.4
1891	-0.311585	104.815715	0.003243	31.6
1892	-0.718103	104.784156	0.005185	31.4
1893	-0.658991	104.752623	0.005541	31.3
1894	-0.364666	104.721116	0.003241	30.7
1895	-0.000042	104.689633	0.000049	30.1
1896	-0.945302	104.658176	0.008256	32.2
1897	-0.487896	104.626744	0.005578	31.0
1898	-0.000000	104.595337	0.000000	30.4
1899	-0.827729	104.563955	0.007403	30.8
1900	-0.855995	104.532599	0.009164	30.5
1901	-0.401270	104.501267	0.003471	30.6
1902	-0.904502	104.469960	0.010103	29.7
1903	-1.048744	104.438679	0.007673	30.1
1904	-1.147978	104.407422	0.010133	31.1
1905	-0.605164	104.376191	0.007353	29.2
1906	-0.111788	104.344984	0.001496	31.3
1907	-0.489479	104.313802	0.003929	30.9
1908	-0.628830	104.282645	0.007413	31.0
1909	-0.678680	104.251513	0.006706	30.6
1910	-0.000000	104.220405	0.000000	30.0
1911	-0.000000	104.189323	0.000000	30.4
1912	-0.333539	104.158265	0.004392	30.5
1913	-0.000000	104.127231	0.000000	29.5
1914	-0.000000	104.096222	0.000000	30.2
1915	-0.000000	104.065238	0.000000	31.7
1916	-0.472060	104.034279	0.005738	30.2
1917	-0.404499	104.003344	0.003799	29.8
1918	-0.000000	103.972433	0.000000	33.2
1919	-0.003363	103.941547	0.000077	29.9
1920	-0.039552	103.910686	0.000972	29.8
1921	-0.000000	103.879849	0.000000	30.1
1922	-0.502993	103.849036	0.007847	30.3
1923	-0.731668	103.818248	0.008648	30.7
1924	-0.180087	103.787484	0.002012	30.1
1925	-0.659066	103.756744	0.006222	30.7
1926	-0.000000	103.726029	0.000000	31.8
1927	-0.065585	103.695338	0.001261	31.6
1928	-0.727505	103.664671	0.004195	31.9
1929	-0.753397	103.634028	0.006639	31.5
1930	-1.124507	103.603409	0.009474	31.1
1931	-1.007164	103.572814	0.008251	30.6
1932	-0.010372	103.542244	0.000224	30.5
1933	-0.028339	103.511698	0.000245	32.0
1934	-0.000000	103.481175	0.000000	30.3
1935	-0.242093	103.450677	0.004506	30.5
1936	-0.773659	103.420202	0.006034	31.0
1937	-0.000000	103.389752	0.000000	32.0
1938	-0.374624	103.359325	0.004926	31.1
1939	-0.000000	103.328922	0.000000	32.2
1940	-0.009007	103.298543	0.000331	31.7
1941	-1.037475	103.268188	0.006770	31.3
1942	-0.919036	103.237857	0.004976	32.4
1943	-0.051094	103.207549	0.001982	33.0
1944	-0.949593	103.177265	0.006496	30.4
1945	-0.449808	103.147005	0.003032	30.8
1946	-0.049396	103.116768	0.001211	31.0
1947	-0.003037	103.086556	0.000394	31.2
1948	-0.195719	103.056366	0.001811	28.2
1949	-0.000000	103.026200	0.000000	31.8
1950	-0.675042	102.996058	0.005021	30.6
1951	-0.663360	102.965939	0.005982	29.4
1952	-0.540807	102.935844	0.006911	30.0
1953	-0.000000	102.905772	0.000000	31.5
1954	-0.574367	102.875724	0.007557	31.2
1955	-0.631212	102.845699	0.007762	31.8
1956	-0.533640	102.815697	0.004426	31.4
1957	-0.387795	102.785719	0.005114	30.4
1958	-0.763507	102.755764	0.006965	30.4
1959	-0.000000	102.725832	0.000000	30.1
1960	-0.978909	102.695924	0.009558	33.1
1961	-0.004371	102.666038	0.000119	30.1
1962	-0.960831	102.636176	0.007842	31.3
1963	-0.639937	102.606337	0.006436	31.5
1964	-0.916697	102.576521	0.008462	31.1
1965	-0.033825	102.546728	0.000260	31.6
1966	-0.289253	102.516959	0.004459	30.0
1967	-0.688280	102.487212	0.007146	30.5
1968	-0.000000	102.457488	0.000000	30.3
1969	-0.886217	102.427788	0.006476	30.4
1970	-0.747998	102.398110	0.006471	31.0
1971	-0.000000	102.368455	0.000000	30.7
1972	-0.859516	102.338823	0.005069	31.2
1973	-0.742134	102.309214	0.006731	31.0
1974	-0.754083	102.279628	0.007604	30.8
1975	-0.002801	102.250064	0.000087	30.6
1976	-0.654903	102.220524	0.007018	29.6
1977	-0.733253	102.191006	0.005587	31.1
1978	-0.955509	102.161511	0.005786	63.7
1979	-0.000000	102.132038	0.000000	36.6
1980	-0.000086	102.102588	0.000009	31.6
1981	-0.429989	102.073161	0.006578	30.2
1982	-0.000000	102.043757	0.000000	30.1
1983	-1.028777	102.014375	0.008665	30.3
1984	-0.000000	101.985015	0.000000	30.6
1985	-0.006216	101.955678	0.000135	30.8
1986	-0.872128	101.926364	0.007102	30.8
1987	-0.000000	101.897072	0.000000	29.7
1988	-0.007691	101.867802	0.000825	29.3
1989	-0.172049	101.838555	0.002220	32.0
1990	-0.037255	101.809330	0.000256	30.4
1991	-0.000234	101.780128	0.000012	32.1
1992	-1.131792	101.750948	0.009364	33.9
1993	-0.000000	101.721790	0.000000	30.5
1994	-0.011389	101.692654	0.000374	31.2
1995	-0.844275	101.663541	0.005673	31.1
1996	-0.724940	101.634450	0.007794	31.2
1997	-0.000000	101.605381	0.000000	29.2
1998	-0.748144	101.576335	0.006612	29.6
1999	-0.000000	101.547310	0.000000	29.3
