1:ItNr	2:Metric	3:StepSize	4:||Gradient||	Time[ms]
0	-0.050158	627.201626	0.001316	1062.5
1	-1.224856	623.504937	0.010233	5.2
2	-0.000013	619.865785	0.000003	5.9
3	-0.795620	616.282728	0.006044	5.8
4	-1.317837	612.754375	0.016490	7.8
5	-1.410541	609.279381	0.013637	8.1
6	-0.449195	605.856447	0.015386	6.8
7	-0.020486	602.484317	0.001107	6.7
8	-1.293189	599.161779	0.009629	5.6
9	-0.106165	595.887656	0.000987	7.2
10	-1.271115	592.660813	0.015457	5.5
11	-1.006311	589.480151	0.012248	5.3
12	-1.403881	586.344606	0.013815	6.8
13	-1.440508	583.253145	0.010539	6.7
14	-0.515031	580.204771	0.008186	5.6
15	-1.000869	577.198517	0.009844	6.8
16	-1.463067	574.233444	0.020374	6.0
17	-0.090446	571.308645	0.002390	6.5
18	-0.560453	568.423237	0.009865	5.9
19	-0.793089	565.576365	0.005822	5.2
20	-1.139947	562.767201	0.008157	6.5
21	-0.842701	559.994938	0.009013	5.9
22	-0.925939	557.258797	0.012178	6.1
23	-0.000000	554.558018	0.000000	5.9
24	-0.000173	551.891865	0.000023	5.1
25	-1.040882	549.259621	0.014335	5.2
26	-0.314924	546.660592	0.010683	6.1
27	-0.730093	544.094102	0.003711	5.7
28	0.000000	541.559494	0.000000	6.4
29	-0.077835	539.056129	0.000384	6.3
30	-1.478825	536.583387	0.011422	6.5
31	-1.415597	534.140663	0.017991	6.8
32	-1.027000	531.727370	0.010351	5.3
33	-0.467519	529.342935	0.005614	5.5
34	-0.000002	526.986802	0.000000	6.1
35	-0.718772	524.658430	0.007133	5.1
36	-0.020059	522.357290	0.001154	5.4
37	-1.278234	520.082868	0.012094	6.3
38	-0.618873	517.834665	0.013129	6.1
39	-1.071491	515.612193	0.017553	6.7
40	-1.340643	513.414976	0.018832	6.6
41	-1.221129	511.242551	0.014766	5.3
42	-0.830551	509.094468	0.006457	6.4
43	-1.130936	506.970285	0.014460	6.6
44	-0.885226	504.869574	0.020434	7.3
45	-0.000000	502.791916	0.000000	6.5
46	-0.087647	500.736903	0.001929	5.9
47	-0.656353	498.704137	0.009558	6.7
48	-0.000149	496.693228	0.000019	5.9
49	-1.435297	494.703798	0.007960	6.8
50	-0.765904	492.735476	0.005474	5.9
51	-0.000000	490.787900	0.000000	5.9
52	-1.056807	488.860718	0.005934	7.1
53	-0.923273	486.953585	0.008911	5.4
54	-1.173446	485.066164	0.008995	5.3
55	-0.016324	483.198126	0.001565	6.5
56	-1.695006	481.349149	0.009019	6.4
57	-1.332779	479.518920	0.006987	6.0
58	-0.147928	477.707132	0.003118	5.2
59	-0.816531	475.913485	0.004488	5.9
60	-0.065433	474.137684	0.000315	6.7
61	-0.966767	472.379445	0.009901	5.2
62	-0.153849	470.638485	0.004167	5.9
63	-1.502694	468.914531	0.009699	6.2
64	-1.039264	467.207315	0.011814	5.2
65	-0.000000	465.516573	0.000000	5.7
66	-1.396746	463.842050	0.015348	6.0
67	-0.834153	462.183494	0.013214	5.3
68	-0.670283	460.540658	0.004764	5.6
69	-1.356492	458.913303	0.012736	6.1
70	-0.488647	457.301192	0.007069	5.5
71	-1.014399	455.704096	0.009492	6.0
72	-0.902207	454.121787	0.024641	6.1
73	-1.104129	452.554045	0.003203	5.8
74	-0.308088	451.000653	0.001390	6.1
75	-1.132353	449.461399	0.017891	5.6
76	-1.131865	447.936075	0.017244	5.1
77	-0.394763	446.424477	0.009877	6.3
78	-0.391332	444.926406	0.004522	5.5
79	-0.435003	443.441666	0.007646	5.2
80	-0.000000	441.970065	0.000000	6.3
81	-0.000000	440.511415	0.000000	4.7
82	-1.663243	439.065533	0.013985	5.1
83	-1.105384	437.632238	0.005187	6.3
84	-0.962606	436.211351	0.011906	4.7
85	-0.000000	434.802701	0.000000	5.3
86	-0.700539	433.406117	0.010921	6.2
87	-0.982963	432.021430	0.015436	5.2
88	-1.029168	430.648479	0.009131	4.9
89	-0.000025	429.287101	0.000005	5.7
90	-0.511793	427.937140	0.009031	5.1
91	-0.121362	426.598440	0.001164	5.4
92	-1.563093	425.270849	0.007950	6.4
93	-0.028083	423.954220	0.001636	7.6
94	-0.403956	422.648404	0.013584	5.0
95	-1.130281	421.353259	0.009671	6.3
96	-0.520778	420.068643	0.005473	5.4
97	-0.387049	418.794419	0.007053	5.3
98	-1.247314	417.530451	0.009170	5.9
99	-0.495478	416.276604	0.002147	5.4
100	-0.972345	415.032748	0.003261	6.0
101	-1.219619	413.798754	0.009017	5.0
102	-1.100619	412.574495	0.018106	6.0
103	-1.180834	411.359849	0.008231	5.9
104	-0.005691	410.154691	0.000128	4.9
105	-1.149987	408.958904	0.015634	5.2
106	-1.050149	407.772368	0.013515	6.3
107	-1.132877	406.594968	0.008746	5.3
108	-1.483460	405.426590	0.008805	5.1
109	-1.256206	404.267122	0.019244	6.5
110	-1.363511	403.116456	0.003850	6.8
111	-1.156366	401.974481	0.011118	5.1
112	-0.219642	400.841093	0.004434	5.8
113	-0.272348	399.716187	0.002603	5.6
114	-1.187354	398.599660	0.019600	4.7
115	-0.693162	397.491411	0.004746	6.4
116	0.000000	396.391342	0.000000	5.7
117	-1.149221	395.299353	0.018878	6.1
118	-0.623026	394.215350	0.006594	6.5
119	-0.125753	393.139238	0.000940	5.1
120	-0.226932	392.070924	0.002882	6.6
121	-0.356861	391.010316	0.003678	5.9
122	-1.400299	389.957325	0.014572	5.2
123	-0.773470	388.911862	0.007545	5.6
124	-0.003152	387.873839	0.000354	5.1
125	-1.429016	386.843173	0.016071	5.6
126	-1.478126	385.819777	0.025092	6.9
127	-0.000000	384.803569	0.000000	4.8
128	-0.533640	383.794468	0.004120	6.3
129	-0.000010	382.792393	0.000003	6.6
130	-0.445005	381.797264	0.008146	6.4
131	-0.298206	380.809005	0.002515	6.7
132	-0.000000	379.827537	0.000000	6.4
133	-0.978922	378.852786	0.004685	6.5
134	-0.277723	377.884678	0.004753	6.2
135	-0.579385	376.923138	0.002451	5.9
136	-1.170966	375.968095	0.003205	6.1
137	-0.373888	375.019479	0.003191	6.6
138	-0.843859	374.077218	0.007507	6.1
139	-1.124939	373.141244	0.013988	6.4
140	-0.400011	372.211489	0.003750	6.5
141	-1.246937	371.287887	0.016285	5.9
142	-0.704610	370.370370	0.007879	6.2
143	-0.820181	369.458876	0.017458	5.8
144	-1.298069	368.553338	0.007733	5.8
145	-0.002418	367.653696	0.000180	7.4
146	-1.274512	366.759885	0.013597	5.6
147	-0.002551	365.871846	0.000315	6.8
148	-0.018177	364.989518	0.001125	5.4
149	-1.146730	364.112841	0.007425	7.7
150	-1.332048	363.241757	0.019622	5.9
151	-0.720121	362.376208	0.004912	5.8
152	-1.153822	361.516137	0.011008	7.3
153	-0.000041	360.661488	0.000005	5.4
154	-0.914364	359.812206	0.010640	6.5
155	-0.012129	358.968236	0.000591	6.3
156	-1.173188	358.129524	0.008534	5.5
157	-0.496965	357.296018	0.009118	6.1
158	-0.000000	356.467665	0.000000	5.8
159	-1.584589	355.644414	0.019548	6.5
160	-1.381399	354.826213	0.012329	8.0
161	-1.514135	354.013012	0.013263	8.7
162	-0.596329	353.204763	0.004112	8.0
163	-0.110830	352.401415	0.004778	7.2
164	-1.000958	351.602922	0.006315	9.2
165	-0.117883	350.809235	0.004146	7.2
166	-1.332973	350.020308	0.014039	7.8
167	-0.742270	349.236095	0.007007	6.5
168	-0.000000	348.456550	0.000000	6.3
169	-0.203016	347.681627	0.003920	5.2
170	-1.380008	346.911283	0.009240	5.8
171	-0.000000	346.145474	0.000000	6.8
172	-1.405394	345.384157	0.022747	5.8
173	-0.422150	344.627288	0.010846	5.7
174	-1.187135	343.874826	0.022637	6.4
175	-1.266116	343.126729	0.013042	6.5
176	-0.000006	342.382957	0.000001	6.3
177	-0.579003	341.643469	0.011474	7.4
178	-1.264928	340.908224	0.009810	6.2
179	-0.435398	340.177184	0.004523	6.7
180	-1.260263	339.450309	0.003967	6.1
181	-1.567890	338.727561	0.014778	6.9
182	-0.865253	338.008902	0.008056	5.7
183	-0.004394	337.294295	0.000491	6.3
184	-0.851256	336.583703	0.011709	7.1
185	-0.265255	335.877089	0.004418	6.3
186	-0.272969	335.174416	0.002807	6.2
187	-1.321621	334.475651	0.020375	6.6
188	-0.000000	333.780756	0.000000	5.2
189	-1.163807	333.089698	0.005587	7.4
190	-1.377973	332.402443	0.012108	5.9
191	-0.807673	331.718955	0.004279	5.7
192	-0.000030	331.039203	0.000005	6.8
193	-0.563396	330.363153	0.013306	6.7
194	-1.208892	329.690771	0.012024	7.3
195	-0.752031	329.022027	0.006488	5.8
196	-0.066592	328.356888	0.000907	7.3
197	-0.005601	327.695322	0.000610	6.4
198	-0.055104	327.037299	0.001537	5.9
199	-1.173305	326.382787	0.007437	6.6
200	-0.923738	325.731758	0.003739	5.4
201	-0.446903	325.084179	0.005401	6.2
202	-1.138837	324.440023	0.025438	6.5
203	-0.125278	323.799258	0.001776	5.3
204	-0.823599	323.161858	0.005606	6.6
205	-1.375569	322.527792	0.008025	6.6
206	-0.009620	321.897034	0.000057	5.3
207	-0.000000	321.269554	0.000000	6.5
208	-0.001154	320.645325	0.000119	5.0
209	-1.065121	320.024320	0.014158	5.5
210	-0.201395	319.406512	0.003350	7.3
211	-1.382598	318.791875	0.008742	5.8
212	-1.158381	318.180381	0.005300	5.7
213	-0.720818	317.572005	0.002387	5.4
214	-0.206293	316.966721	0.003503	4.7
215	-1.387127	316.364504	0.009646	6.3
216	-0.351515	315.765329	0.005381	5.7
217	-0.000000	315.169170	0.000000	6.2
218	-0.000000	314.576003	0.000000	7.4
219	-1.419407	313.985804	0.017565	5.9
220	-1.363388	313.398548	0.010558	6.0
221	-1.324415	312.814213	0.008528	6.7
222	-0.006810	312.232773	0.000697	5.7
223	-0.000275	311.654207	0.000035	6.5
224	-1.391576	311.078491	0.011067	6.1
225	-0.026938	310.505602	0.000619	5.5
226	-0.000006	309.935518	0.000001	6.7
227	-1.567725	309.368217	0.006554	6.2
228	-0.938200	308.803676	0.009413	5.9
229	-1.494644	308.241874	0.011203	6.6
230	-0.323631	307.682789	0.008262	6.3
231	-1.586380	307.126400	0.005860	6.4
232	-0.284856	306.572687	0.006463	5.7
233	-1.279955	306.021627	0.010285	6.2
234	-0.649223	305.473201	0.005372	6.4
235	-0.506084	304.927388	0.006658	5.9
236	-0.603631	304.384168	0.013104	5.7
237	-0.000000	303.843521	0.000000	6.1
238	-0.000000	303.305427	0.000000	6.4
239	-0.156265	302.769867	0.003557	6.1
240	-0.944674	302.236821	0.006813	5.4
241	-0.011468	301.706270	0.000963	6.4
242	-1.329307	301.178196	0.011072	6.3
243	-0.662796	300.652580	0.005610	5.7
244	-1.226837	300.129402	0.008227	6.5
245	-0.511637	299.608645	0.004398	5.9
246	-0.811828	299.090291	0.004362	5.1
247	-1.299027	298.574321	0.014887	6.0
248	-1.157242	298.060718	0.009016	6.7
249	-0.798459	297.549465	0.004281	6.9
250	-0.085413	297.040543	0.002214	6.5
251	-0.263691	296.533936	0.003580	5.6
252	-0.920292	296.029626	0.009750	5.9
253	-0.487626	295.527597	0.013908	5.8
254	-0.936446	295.027832	0.010807	6.5
255	-0.000007	294.530315	0.000001	6.3
256	-1.336350	294.035028	0.004242	5.7
257	-0.189430	293.541956	0.004412	5.3
258	-0.048300	293.051083	0.001911	6.0
259	-0.902904	292.562393	0.006319	6.0
260	-0.000000	292.075870	0.000000	6.4
261	-1.100179	291.591498	0.008084	5.8
262	-1.311205	291.109263	0.014827	5.2
263	-1.116667	290.629149	0.007773	5.9
264	-1.187882	290.151140	0.009463	6.2
265	-1.372947	289.675222	0.012743	5.3
266	-1.280313	289.201380	0.016191	6.4
267	-0.032974	288.729600	0.001127	5.8
268	-0.992449	288.259866	0.011028	6.2
269	-0.621581	287.792165	0.006165	6.5
270	-0.538647	287.326481	0.009512	5.4
271	-0.895367	286.862802	0.015956	6.1
272	-0.328145	286.401113	0.001668	6.0
273	-0.499028	285.941400	0.009928	6.0
274	-1.000339	285.483649	0.006334	7.2
275	-0.649484	285.027847	0.006294	5.8
276	-0.133425	284.573981	0.001867	5.7
277	-1.242485	284.122037	0.009618	7.3
278	-0.919748	283.672002	0.013231	6.6
279	-0.416114	283.223863	0.003840	5.6
280	-1.473103	282.777607	0.004750	6.3
281	-0.032042	282.333221	0.001708	6.5
282	-0.005417	281.890692	0.000187	6.0
283	-1.191049	281.450008	0.010161	6.8
284	-1.318085	281.011157	0.009267	5.9
285	-1.473328	280.574125	0.008560	6.2
286	-0.663132	280.138901	0.009582	5.6
287	-0.000190	279.705473	0.000026	6.2
288	-0.819372	279.273829	0.007358	7.1
289	-1.246375	278.843956	0.010849	6.2
290	-0.000000	278.415844	0.000000	6.7
291	-0.535617	277.989479	0.007297	6.2
292	-0.594073	277.564851	0.006687	7.1
293	-0.997928	277.141949	0.023582	6.4
294	-1.248535	276.720761	0.008637	6.5
295	-0.098583	276.301275	0.003285	5.7
296	-0.840093	275.883480	0.013806	6.4
297	-0.826847	275.467366	0.003926	6.6
298	-0.831977	275.052922	0.010997	6.9
299	-0.685071	274.640136	0.004837	8.2
300	-0.972816	274.228998	0.014943	6.1
301	-1.071097	273.819497	0.019472	6.2
302	-1.129693	273.411623	0.005739	7.5
303	-1.249189	273.005365	0.013520	6.2
304	-0.043556	272.600712	0.001705	6.7
305	-1.067572	272.197655	0.016879	6.1
306	-1.040249	271.796184	0.009426	6.0
307	-1.447338	271.396287	0.004945	6.4
308	-0.062607	270.997956	0.001094	5.7
309	-1.107771	270.601180	0.009082	6.6
310	-0.000002	270.205949	0.000001	6.0
311	-0.094073	269.812254	0.002116	5.9
312	-0.430047	269.420085	0.009161	6.3
313	-0.207922	269.029432	0.002685	5.4
314	-0.643354	268.640287	0.006058	5.5
315	-0.792921	268.252638	0.007527	5.9
316	-1.095572	267.866478	0.014941	7.0
317	-1.246942	267.481796	0.016518	6.3
318	-1.372410	267.098584	0.013009	6.7
319	-1.185924	266.716833	0.006470	6.7
320	-0.004928	266.336533	0.000342	7.1
321	-0.811751	265.957676	0.008067	6.5
322	-0.000000	265.580253	0.000000	6.9
323	-0.387970	265.204254	0.003931	6.3
324	-0.000000	264.829672	0.000000	5.7
325	-0.497016	264.456497	0.012009	6.6
326	-0.000012	264.084721	0.000002	6.0
327	-1.423245	263.714335	0.010671	6.7
328	-0.463409	263.345332	0.004674	6.8
329	-0.893166	262.977702	0.013990	6.3
330	-0.002287	262.611438	0.000299	8.2
331	-0.717799	262.246531	0.005150	6.5
332	-1.088757	261.882973	0.006391	6.9
333	-0.828057	261.520756	0.003331	6.4
334	-0.000371	261.159871	0.000032	6.4
335	-0.419949	260.800312	0.010367	6.3
336	-0.673805	260.442070	0.005137	6.6
337	-0.758564	260.085137	0.005238	8.2
338	-1.369462	259.729505	0.016486	7.9
339	-1.004278	259.375167	0.009054	8.0
340	-1.381576	259.022116	0.012880	7.2
341	-0.904525	258.670343	0.011286	8.0
342	-0.000000	258.319841	0.000000	7.2
343	-1.388326	257.970602	0.013025	6.1
344	-0.000005	257.622620	0.000001	8.0
345	-0.860709	257.275887	0.017026	5.8
346	-1.270049	256.930396	0.008579	8.5
347	-1.372441	256.586139	0.010366	8.1
348	-0.000000	256.243109	0.000000	7.8
349	-1.613316	255.901300	0.005896	7.6
350	-1.090566	255.560703	0.015394	7.1
351	-1.470227	255.221313	0.007562	6.2
352	-0.568461	254.883122	0.003132	6.3
353	-1.186175	254.546124	0.020893	7.2
354	-1.107651	254.210311	0.006226	5.9
355	-0.012832	253.875677	0.000545	6.7
356	-0.219801	253.542215	0.001862	6.7
357	-1.546006	253.209918	0.009383	5.5
358	-0.813977	252.878781	0.015113	6.1
359	-0.000000	252.548795	0.000000	5.3
360	-0.789436	252.219956	0.005235	7.4
361	-0.645613	251.892255	0.010444	6.3
362	-0.007121	251.565688	0.000383	5.8
363	-1.126719	251.240247	0.011309	7.7
364	-0.318764	250.915926	0.008417	6.6
365	-0.727844	250.592720	0.007571	7.7
366	-0.155083	250.270621	0.001655	6.6
367	-1.065723	249.949624	0.008129	7.2
368	-0.578005	249.629723	0.008601	7.1
369	-1.299003	249.310911	0.014105	6.2
370	-0.000140	248.993182	0.000029	7.8
371	-0.533289	248.676531	0.005913	8.1
372	-0.000000	248.360952	0.000000	6.5
373	-1.050109	248.046438	0.013876	6.3
374	-1.535328	247.732984	0.016382	7.2
375	-1.342661	247.420584	0.011764	6.5
376	-0.733672	247.109233	0.008750	5.7
377	-0.000000	246.798924	0.000000	7.4
378	-1.100761	246.489652	0.010013	7.0
379	-0.000055	246.181412	0.000012	7.4
380	-0.627279	245.874197	0.015062	5.3
381	-1.424585	245.568002	0.008110	6.4
382	-1.753153	245.262822	0.008081	6.7
383	-0.139612	244.958652	0.003657	5.2
384	-1.517494	244.655485	0.007269	5.7
385	-0.593135	244.353317	0.007612	6.2
386	-0.000000	244.052142	0.000000	5.7
387	-0.283185	243.751955	0.003155	6.0
388	-0.015471	243.452750	0.000650	5.7
389	-0.000000	243.154523	0.000000	5.9
390	-0.581907	242.857268	0.011734	7.2
391	-1.461487	242.560980	0.009182	5.9
392	-0.979307	242.265654	0.004225	5.4
393	-0.007769	241.971285	0.000293	6.7
394	-1.359585	241.677868	0.008983	6.5
395	-1.242289	241.385397	0.008333	6.4
396	-1.174925	241.093869	0.005383	6.4
397	-0.000002	240.803278	0.000000	5.8
398	-1.359851	240.513619	0.003271	6.9
399	-0.006356	240.224887	0.000875	5.9
400	-0.132103	239.937077	0.002705	5.8
401	-0.008489	239.650186	0.000601	6.5
402	-0.000000	239.364207	0.000000	6.8
403	-0.314728	239.079136	0.006285	6.3
404	-1.725411	238.794969	0.006888	6.6
405	-1.410225	238.511701	0.007702	6.2
406	-0.455242	238.229327	0.017659	6.5
407	-0.000000	237.947843	0.000000	5.4
408	-0.216693	237.667244	0.000845	6.9
409	-1.506786	237.387526	0.010030	6.7
410	-1.119234	237.108684	0.004794	6.0
411	-0.000000	236.830714	0.000000	6.9
412	-1.438838	236.553610	0.010965	6.2
413	-0.452131	236.277370	0.010133	6.0
414	-1.082668	236.001989	0.012729	5.4
415	-1.488229	235.727461	0.011882	5.6
416	-1.074507	235.453784	0.007435	6.2
417	-0.717250	235.180952	0.004281	5.7
418	-0.495247	234.908962	0.006649	6.1
419	-0.573997	234.637809	0.009781	6.3
420	-1.060887	234.367488	0.006984	5.1
421	-0.923600	234.097997	0.008060	5.1
422	-1.353877	233.829331	0.006338	6.6
423	-1.291488	233.561485	0.004642	7.1
424	-0.658128	233.294456	0.005887	6.9
425	-1.313771	233.028239	0.005863	6.1
426	-1.045850	232.762831	0.013720	6.4
427	-0.000000	232.498228	0.000000	8.9
428	-0.609804	232.234425	0.013642	6.4
429	-1.424029	231.971419	0.012754	6.8
430	-1.225701	231.709205	0.006475	7.0
431	-0.422630	231.447781	0.012312	7.3
432	-1.149751	231.187141	0.008598	6.8
433	-0.088178	230.927283	0.001468	7.0
434	-0.820866	230.668202	0.005006	6.4
435	-0.000000	230.409895	0.000000	6.8
436	-0.037570	230.152358	0.001661	7.2
437	-0.729989	229.895587	0.008038	6.0
438	-1.509137	229.639578	0.011794	6.4
439	-0.852261	229.384329	0.008793	6.8
440	-0.098388	229.129834	0.001400	6.8
441	-1.259365	228.876091	0.006814	7.0
442	-0.000000	228.623096	0.000000	6.6
443	-0.813841	228.370846	0.005905	6.8
444	-0.000085	228.119336	0.000015	6.4
445	-0.000001	227.868563	0.000000	5.4
446	-0.457168	227.618525	0.004597	6.9
447	-1.228382	227.369216	0.013263	6.1
448	-1.168859	227.120635	0.003175	6.9
449	-0.056408	226.872777	0.001209	6.2
450	-0.239471	226.625638	0.002812	6.5
451	-1.087400	226.379217	0.006753	7.0
452	-0.780473	226.133509	0.003795	5.1
453	-0.000000	225.888510	0.000000	6.0
454	-0.035645	225.644218	0.001643	6.2
455	-0.182276	225.400630	0.002287	5.8
456	-1.579110	225.157741	0.012472	6.5
457	-0.548402	224.915549	0.004986	5.7
458	-0.138706	224.674051	0.001770	7.0
459	-1.261805	224.433242	0.017736	7.2
460	-0.541248	224.193121	0.007412	5.8
461	0.000000	223.953684	0.000000	6.4
462	-0.899760	223.714927	0.016988	6.4
463	-0.819187	223.476848	0.013143	6.8
464	-0.867821	223.239444	0.007638	7.8
465	-0.617522	223.002710	0.010129	7.1
466	-1.498517	222.766645	0.010146	6.6
467	-1.121529	222.531245	0.007460	6.6
468	-1.176043	222.296508	0.011446	6.5
469	-1.308350	222.062429	0.005156	6.0
470	-0.973396	221.829007	0.011338	5.9
471	-1.740680	221.596238	0.007991	7.2
472	-0.609235	221.364119	0.005111	5.5
473	-0.473848	221.132647	0.005310	5.1
474	-1.356295	220.901820	0.008049	6.6
475	0.000000	220.671634	0.000000	6.9
476	-1.422496	220.442086	0.005982	6.6
477	-0.841665	220.213174	0.008488	6.5
478	-0.794636	219.984895	0.004017	7.4
479	-0.982985	219.757246	0.008414	7.2
480	-1.537016	219.530224	0.008071	6.1
481	-0.972985	219.303826	0.006172	6.4
482	-1.315554	219.078050	0.013462	6.0
483	-0.007885	218.852893	0.000342	5.6
484	-1.475542	218.628352	0.005861	6.2
485	-1.277124	218.404424	0.009726	5.3
486	-1.105275	218.181106	0.016233	5.9
487	-1.106171	217.958397	0.006445	6.9
488	-0.032023	217.736292	0.001111	5.9
489	-1.190550	217.514790	0.012265	6.3
490	-0.525809	217.293888	0.018491	6.1
491	-1.145395	217.073584	0.018029	6.3
492	-0.020418	216.853873	0.000591	6.5
493	-0.000000	216.634755	0.000000	6.8
494	-1.235295	216.416227	0.016799	6.2
495	-0.258684	216.198285	0.002169	6.9
496	-0.000000	215.980927	0.000000	6.1
497	-0.717887	215.764151	0.005281	7.4
498	-0.017200	215.547955	0.000874	6.7
499	-0.214923	215.332335	0.004585	6.8
500	-0.752437	215.117289	0.008333	5.9
501	-1.326238	214.902815	0.012327	6.4
502	-0.950220	214.688911	0.010939	6.5
503	-0.990886	214.475573	0.015509	6.1
504	-0.153915	214.262800	0.002475	6.2
505	-1.490275	214.050588	0.003692	6.0
506	-0.573928	213.838936	0.010443	5.7
507	-0.064699	213.627842	0.001479	5.6
508	-0.114652	213.417302	0.000438	6.2
509	-0.809426	213.207314	0.003208	6.2
510	-1.363079	212.997877	0.006119	6.5
511	-1.101882	212.788987	0.008970	6.1
512	-0.097674	212.580642	0.001230	6.5
513	-0.308569	212.372841	0.008421	5.9
514	-0.182874	212.165581	0.001486	5.7
515	-0.000000	211.958859	0.000000	6.7
516	-0.557843	211.752673	0.013507	6.7
517	-1.520641	211.547021	0.006055	6.5
518	-0.746491	211.341902	0.005477	5.7
519	-0.870587	211.137311	0.004298	5.5
520	-1.368956	210.933248	0.009752	5.9
521	-0.128865	210.729710	0.004016	6.1
522	-0.001345	210.526695	0.000076	5.4
523	-1.456262	210.324200	0.012069	5.8
524	-1.543197	210.122224	0.020517	5.4
525	-1.574351	209.920765	0.011565	5.6
526	-0.657409	209.719820	0.010604	5.6
527	-1.285651	209.519387	0.006124	6.4
528	-0.000000	209.319463	0.000000	5.5
529	-1.170236	209.120048	0.011702	6.8
530	-0.630050	208.921139	0.005808	5.6
531	-0.358111	208.722733	0.003272	5.3
532	-1.218185	208.524829	0.010285	6.6
533	-1.223952	208.327425	0.007506	6.1
534	-1.128564	208.130518	0.014880	6.8
535	-0.126169	207.934107	0.002605	5.9
536	-0.000000	207.738189	0.000000	5.9
537	-0.000000	207.542762	0.000000	6.1
538	-0.756147	207.347825	0.005874	5.4
539	-0.130686	207.153376	0.004531	5.3
540	-0.217168	206.959412	0.004144	6.5
541	-0.785644	206.765932	0.008429	5.6
542	-0.061590	206.572933	0.000831	5.2
543	-0.746582	206.380414	0.002511	5.4
544	-0.000000	206.188373	0.000000	4.9
545	-1.536286	205.996807	0.006326	5.6
546	-1.207794	205.805716	0.006096	6.6
547	-0.000000	205.615096	0.000000	5.9
548	-0.701277	205.424946	0.011502	5.1
549	-1.164387	205.235265	0.024885	6.0
550	-0.778138	205.046050	0.011120	6.0
551	-0.962125	204.857299	0.004579	5.9
552	-1.199046	204.669011	0.010238	5.3
553	-1.344502	204.481184	0.020088	5.5
554	-1.509422	204.293816	0.006073	5.3
555	-0.403704	204.106905	0.004442	5.5
556	-0.859175	203.920449	0.004810	5.7
557	-1.243504	203.734447	0.016489	6.4
558	-0.000000	203.548896	0.000000	5.5
559	-0.000000	203.363795	0.000000	5.2
560	-0.615192	203.179143	0.013211	6.5
561	-1.454344	202.994937	0.016748	5.5
562	-1.000318	202.811176	0.009825	5.5
563	-1.126070	202.627857	0.013200	6.7
564	-1.387905	202.444980	0.008344	6.1
565	-0.441205	202.262543	0.007810	6.1
566	-1.463128	202.080543	0.020712	6.1
567	-1.696583	201.898979	0.005644	6.1
568	-0.118181	201.717849	0.002195	7.5
569	-1.239749	201.537153	0.010547	5.4
570	-1.169923	201.356887	0.004707	5.7
571	-0.831227	201.177050	0.011588	6.4
572	-0.073466	200.997642	0.001584	5.9
573	-0.013361	200.818659	0.000368	5.5
574	-0.882545	200.640100	0.009374	6.5
575	-0.000000	200.461965	0.000000	5.8
576	-0.000047	200.284250	0.000009	6.4
577	-0.533982	200.106955	0.008317	5.7
578	-0.912004	199.930078	0.004834	5.5
579	-1.031100	199.753617	0.006974	6.5
580	-0.041630	199.577571	0.000964	5.2
581	-0.000000	199.401938	0.000000	5.9
582	-1.255111	199.226717	0.011895	6.5
583	-1.216824	199.051905	0.007107	5.7
584	-0.170831	198.877502	0.003896	7.4
585	-0.000001	198.703506	0.000000	5.6
586	-1.026882	198.529916	0.005681	5.4
587	-1.760240	198.356729	0.012138	6.0
588	-0.159311	198.183944	0.002777	5.6
589	-0.978897	198.011560	0.005262	6.1
590	-1.130387	197.839576	0.009053	7.2
591	-1.481339	197.667989	0.007397	6.7
592	-0.000000	197.496798	0.000000	6.0
593	-0.012440	197.326002	0.000369	5.4
594	-0.000000	197.155600	0.000000	5.8
595	-0.781367	196.985589	0.005504	8.5
596	-0.000000	196.815969	0.000000	6.8
597	-0.426333	196.646738	0.004053	6.3
598	-1.410532	196.477894	0.012565	5.9
599	-0.243383	196.309436	0.002079	6.0
600	-0.329753	196.141363	0.005912	7.1
601	-0.139186	195.973673	0.000711	6.6
602	-0.689525	195.806365	0.004387	7.0
603	-0.853143	195.639437	0.005836	6.4
604	-1.533724	195.472888	0.009514	6.0
605	-0.963124	195.306717	0.008674	6.9
606	-1.434942	195.140922	0.013736	6.4
607	-0.000000	194.975501	0.000000	5.9
608	-1.311482	194.810454	0.010051	5.5
609	-0.555486	194.645779	0.006469	6.7
610	-1.307443	194.481475	0.006374	7.0
611	-0.385665	194.317540	0.005490	6.5
612	-0.000000	194.153973	0.000000	6.3
613	-0.663942	193.990773	0.002944	6.5
614	-0.699359	193.827938	0.013251	5.4
615	-0.746953	193.665467	0.012966	6.3
616	-0.810712	193.503358	0.003358	5.6
617	-0.000000	193.341611	0.000000	6.1
618	-1.213079	193.180224	0.009625	6.4
619	-0.147987	193.019196	0.003465	6.7
620	-1.122197	192.858525	0.013815	7.5
621	-0.704682	192.698210	0.010252	6.9
622	-0.711800	192.538251	0.009605	6.9
623	-1.529635	192.378644	0.011998	6.5
624	-0.000000	192.219391	0.000000	6.4
625	-1.194253	192.060488	0.010123	6.4
626	-1.572110	191.901935	0.007209	5.5
627	-0.000265	191.743730	0.000029	6.9
628	-1.485541	191.585873	0.017112	6.9
629	-0.383331	191.428362	0.004726	6.4
630	-1.437688	191.271196	0.005584	7.2
631	-0.996081	191.114374	0.016301	6.4
632	-1.009403	190.957893	0.007888	6.4
633	-0.978717	190.801755	0.003902	6.3
634	-1.419952	190.645956	0.010096	6.8
635	-0.573803	190.490495	0.010277	6.8
636	-0.361506	190.335373	0.007566	6.9
637	-0.986643	190.180587	0.010870	6.7
638	-0.337829	190.026136	0.004101	5.2
639	-0.789295	189.872019	0.005405	5.2
640	-0.000010	189.718235	0.000002	7.1
641	-0.902906	189.564782	0.005630	6.3
642	-0.000000	189.411661	0.000000	6.1
643	-1.240465	189.258868	0.010705	6.9
644	-0.000584	189.106404	0.000099	6.5
645	-1.678236	188.954267	0.011118	6.9
646	-0.049158	188.802456	0.001744	6.7
647	-1.131841	188.650969	0.011844	5.8
648	-0.099859	188.499807	0.001484	6.0
649	-0.172375	188.348967	0.003482	6.4
650	-1.469202	188.198448	0.020681	7.3
651	-1.513835	188.048250	0.008959	6.3
652	-1.486732	187.898371	0.009591	6.3
653	-0.010089	187.748810	0.001342	6.2
654	-0.778916	187.599566	0.005090	5.5
655	-0.756247	187.450638	0.007205	7.2
656	-0.856491	187.302025	0.009745	6.1
657	-1.107277	187.153725	0.013765	6.2
658	-0.801079	187.005739	0.004461	6.5
659	-0.917272	186.858064	0.007427	5.8
660	-0.988731	186.710699	0.008907	6.2
661	-0.000366	186.563645	0.000029	6.3
662	-1.141385	186.416898	0.020466	5.9
663	-1.524548	186.270459	0.004626	7.2
664	-1.381097	186.124326	0.009087	6.1
665	-1.397839	185.978499	0.010573	5.9
666	-1.315221	185.832976	0.012233	6.4
667	-0.901432	185.687756	0.013666	5.5
668	-1.687307	185.542838	0.008128	7.7
669	-0.000836	185.398222	0.000168	6.1
670	-0.058899	185.253906	0.002113	6.1
671	-0.170447	185.109889	0.002000	6.9
672	-1.302289	184.966170	0.010344	7.0
673	-0.542471	184.822748	0.004500	8.6
674	-0.822331	184.679623	0.018810	6.0
675	-0.000000	184.536792	0.000000	8.3
676	-0.000442	184.394256	0.000090	6.5
677	-0.741271	184.252013	0.006730	6.3
678	-0.009381	184.110062	0.000281	7.0
679	-0.899570	183.968403	0.004423	6.5
680	-1.385074	183.827034	0.016170	6.4
681	-0.165416	183.685954	0.002890	6.5
682	-1.087621	183.545163	0.007355	6.4
683	-0.254027	183.404658	0.003116	6.3
684	-0.866529	183.264441	0.008326	5.4
685	-1.555345	183.124509	0.011852	6.6
686	-1.181950	182.984861	0.005563	6.1
687	-0.138086	182.845497	0.002263	6.9
688	-0.674896	182.706416	0.004424	7.1
689	-0.631535	182.567616	0.005004	6.6
690	-1.124096	182.429098	0.011280	7.6
691	-0.018714	182.290859	0.000872	6.0
692	-0.003412	182.152899	0.000285	6.4
693	-0.559024	182.015217	0.006621	6.1
694	-0.705732	181.877813	0.009145	5.9
695	-1.132836	181.740684	0.010489	6.3
696	-1.125607	181.603832	0.004416	7.2
697	-1.104708	181.467253	0.013437	5.8
698	-0.000112	181.330948	0.000020	7.9
699	-0.754255	181.194916	0.008684	5.9
700	-0.944839	181.059155	0.011355	7.1
701	-0.005419	180.923666	0.000414	5.9
702	-1.272827	180.788446	0.006725	6.0
703	-0.491042	180.653496	0.006000	6.1
704	-0.959294	180.518814	0.007436	5.6
705	-1.140616	180.384399	0.002554	6.4
706	-1.016938	180.250251	0.004857	5.9
707	-0.404969	180.116369	0.001544	5.9
708	-1.436647	179.982752	0.015633	7.1
709	-1.343432	179.849398	0.011711	6.2
710	-1.729276	179.716308	0.004432	5.7
711	-1.033790	179.583480	0.009818	6.3
712	-0.796825	179.450913	0.012060	7.4
713	-1.168066	179.318607	0.009333	8.1
714	-0.000000	179.186561	0.000000	6.3
715	-0.971850	179.054774	0.011257	7.1
716	-0.888712	178.923245	0.005529	5.8
717	-0.150584	178.791973	0.002100	6.5
718	-1.343764	178.660958	0.006129	6.0
719	-0.683179	178.530199	0.009993	4.9
720	-0.910648	178.399694	0.003170	6.1
721	-0.635971	178.269444	0.006792	7.4
722	-0.722521	178.139447	0.004243	5.7
723	-1.292095	178.009702	0.005173	6.1
724	-1.462734	177.880209	0.008795	6.2
725	-1.129291	177.750967	0.013492	6.2
726	-0.783661	177.621975	0.005892	7.5
727	-0.000000	177.493232	0.000000	6.2
728	-0.905883	177.364738	0.006522	6.8
729	-0.048570	177.236492	0.001774	6.3
730	-0.438970	177.108492	0.006288	6.2
731	-0.000009	176.980739	0.000002	6.7
732	-1.349758	176.853231	0.012214	5.9
733	-1.424272	176.725968	0.008773	7.2
734	-0.885981	176.598949	0.004145	6.1
735	-0.392466	176.472173	0.005792	5.5
736	-0.114029	176.345639	0.002186	7.1
737	-0.755625	176.219348	0.014018	6.0
738	-1.366225	176.093296	0.012454	6.1
739	-0.831020	175.967486	0.006962	6.2
740	-0.782822	175.841914	0.008247	5.9
741	-1.057806	175.716581	0.014786	6.4
742	-0.708101	175.591486	0.009409	6.8
743	-0.079633	175.466629	0.002798	5.9
744	-0.217167	175.342008	0.002179	7.4
745	-0.617640	175.217622	0.005915	7.1
746	-1.182892	175.093472	0.022761	7.2
747	-1.605840	174.969556	0.015285	7.8
748	-1.206223	174.845873	0.014399	8.2
749	-1.054247	174.722423	0.007342	6.7
750	-1.079148	174.599206	0.003096	8.0
751	-1.137620	174.476220	0.010326	7.1
752	-1.059619	174.353464	0.007757	7.4
753	-0.000142	174.230939	0.000023	7.7
754	-0.000000	174.108643	0.000000	7.6
755	-1.465971	173.986576	0.012324	8.0
756	-0.513608	173.864737	0.003377	6.0
757	-0.411101	173.743124	0.009167	8.1
758	-1.165602	173.621739	0.009102	6.0
759	-1.038679	173.500579	0.008896	6.3
760	-0.863450	173.379645	0.006019	7.6
761	-0.576194	173.258935	0.007054	6.7
762	-0.165729	173.138449	0.001836	7.7
763	-0.000254	173.018186	0.000045	7.4
764	-1.142824	172.898146	0.005792	8.0
765	-1.392897	172.778327	0.012911	6.1
766	-0.000001	172.658730	0.000000	6.6
767	-1.390273	172.539353	0.006980	7.0
768	-0.010000	172.420196	0.000412	7.9
769	-1.057671	172.301258	0.007579	6.7
770	-1.208653	172.182539	0.014623	6.1
771	-0.000000	172.064037	0.000000	6.6
772	-1.009630	171.945753	0.005120	6.9
773	-1.449792	171.827686	0.008185	8.2
774	-0.438867	171.709834	0.005077	7.9
775	-0.025106	171.592198	0.000924	8.1
776	-1.400187	171.474776	0.007397	6.0
777	-0.603605	171.357568	0.005434	6.0
778	-1.017799	171.240574	0.005101	6.8
779	-0.106616	171.123793	0.001857	6.6
780	-1.191875	171.007223	0.005840	6.7
781	-0.751615	170.890865	0.005452	6.3
782	-1.173592	170.774718	0.004259	6.6
783	-1.403833	170.658782	0.012990	6.4
784	-0.021809	170.543055	0.001251	5.5
785	-0.375741	170.427537	0.005125	6.1
786	-1.242041	170.312227	0.013376	6.7
787	-1.051526	170.197125	0.010439	7.3
788	-1.106489	170.082231	0.011506	7.8
789	-1.284150	169.967543	0.009248	5.4
790	-1.370085	169.853061	0.008558	6.6
791	-1.153614	169.738784	0.013405	8.3
792	-1.331396	169.624713	0.013466	8.3
793	-0.046157	169.510845	0.001322	7.7
794	-1.157912	169.397181	0.009820	7.8
795	-1.302608	169.283720	0.008984	6.6
796	-0.291554	169.170462	0.006459	8.8
797	-1.127769	169.057405	0.009245	7.6
798	-1.149268	168.944549	0.010406	6.9
799	-0.000190	168.831895	0.000028	7.4
800	-1.015602	168.719440	0.004880	5.9
801	-0.690660	168.607185	0.011144	7.2
802	-1.047571	168.495129	0.017713	6.7
803	-1.233769	168.383271	0.012298	6.7
804	-0.598066	168.271611	0.020874	6.1
805	-0.758862	168.160148	0.008555	6.7
806	-0.706814	168.048882	0.009044	8.0
807	-0.151789	167.937812	0.002228	6.4
808	-1.443026	167.826938	0.013073	6.0
809	-1.335848	167.716258	0.007445	5.8
810	-1.447364	167.605773	0.013820	6.5
811	-1.320490	167.495482	0.008406	7.5
812	-1.493317	167.385384	0.005043	5.8
813	-0.000000	167.275479	0.000000	6.3
814	-0.280745	167.165766	0.002867	6.4
815	-0.614181	167.056245	0.003488	5.8
816	-1.049041	166.946915	0.008204	6.8
817	-1.402871	166.837776	0.008777	5.9
818	-1.324169	166.728826	0.013874	5.8
819	-0.773994	166.620067	0.004654	7.5
820	-0.000000	166.511496	0.000000	7.1
821	-0.000001	166.403113	0.000000	6.3
822	-0.000001	166.294919	0.000000	5.7
823	-0.617082	166.186912	0.006313	5.2
824	-0.383008	166.079091	0.007213	6.5
825	-0.817040	165.971458	0.002508	6.7
826	-0.385628	165.864009	0.006550	6.7
827	-1.077175	165.756747	0.012400	6.3
828	-1.136053	165.649669	0.009842	5.5
829	-1.159777	165.542775	0.010009	6.5
830	-0.951800	165.436065	0.012290	6.9
831	-1.456551	165.329538	0.011863	6.8
832	-0.714811	165.223194	0.006008	7.6
833	-1.146579	165.117032	0.022191	7.0
834	-0.748749	165.011052	0.010561	7.5
835	-0.914855	164.905253	0.010972	7.4
836	-1.041302	164.799635	0.004961	8.1
837	-1.515370	164.694197	0.005676	6.0
838	-1.412506	164.588939	0.012858	6.1
839	-1.300560	164.483859	0.006645	8.1
840	-0.003899	164.378959	0.000097	7.4
841	-0.168432	164.274237	0.005958	7.4
842	-0.698914	164.169692	0.017248	6.9
843	-0.773725	164.065325	0.008258	7.1
844	-1.312037	163.961135	0.010198	7.5
845	-0.000292	163.857120	0.000057	7.8
846	-0.000000	163.753282	0.000000	6.6
847	-1.469085	163.649619	0.005987	7.7
848	-1.084172	163.546130	0.005299	7.8
849	-0.844846	163.442816	0.012720	7.7
850	-0.000452	163.339676	0.000056	6.8
851	-0.530188	163.236709	0.004587	6.9
852	-0.000444	163.133915	0.000057	6.9
853	-0.096418	163.031294	0.002365	5.8
854	-1.355436	162.928844	0.009128	7.3
855	-0.000024	162.826566	0.000004	5.7
856	-0.808265	162.724459	0.002620	5.2
857	-1.115489	162.622523	0.015612	7.1
858	0.000000	162.520757	0.000000	6.6
859	-0.363967	162.419160	0.002998	7.0
860	-0.065851	162.317733	0.002590	6.7
861	-1.244944	162.216474	0.011913	6.5
862	-1.434420	162.115383	0.011461	6.8
863	-1.007865	162.014461	0.007303	5.5
864	-1.250794	161.913705	0.012950	6.7
865	-0.093677	161.813117	0.000979	6.2
866	-0.861719	161.712695	0.012420	6.3
867	-0.000000	161.612439	0.000000	6.2
868	-0.000000	161.512349	0.000000	6.5
869	-0.063472	161.412424	0.002064	6.3
870	-1.060743	161.312663	0.006822	7.2
871	-0.008267	161.213067	0.000425	6.7
872	-1.267300	161.113635	0.025239	6.5
873	-0.775968	161.014366	0.013561	5.9
874	-0.960373	160.915260	0.012136	6.9
875	-1.160546	160.816316	0.011380	6.1
876	-0.575788	160.717535	0.010779	6.1
877	-0.000001	160.618915	0.000000	6.6
878	-0.347546	160.520456	0.007782	5.8
879	-0.000000	160.422158	0.000000	6.0
880	-0.755671	160.324021	0.004249	6.2
881	-0.049438	160.226043	0.001295	5.5
882	-0.964728	160.128225	0.008530	6.1
883	-1.047857	160.030566	0.011062	6.2
884	-0.000035	159.933066	0.000007	7.0
885	-1.657972	159.835723	0.007999	6.5
886	-1.553252	159.738539	0.008717	6.7
887	-1.538663	159.641512	0.004924	6.4
888	-0.128377	159.544642	0.001648	5.8
889	-1.593519	159.447929	0.016286	5.7
890	-1.240032	159.351372	0.011096	6.0
891	-1.118835	159.254971	0.008488	5.8
892	-0.240830	159.158725	0.002096	5.8
893	-0.008377	159.062634	0.000261	7.0
894	-0.000000	158.966697	0.000000	6.1
895	-1.429120	158.870915	0.011969	6.9
896	-0.701287	158.775286	0.010156	5.9
897	-0.313984	158.679811	0.004414	6.2
898	-0.972435	158.584489	0.008110	6.1
899	-0.918621	158.489319	0.005776	5.9
900	-1.385088	158.394302	0.003305	5.9
901	-0.000000	158.299436	0.000000	6.9
902	-1.347026	158.204721	0.023693	6.1
903	-0.879803	158.110158	0.005419	6.2
904	-0.021795	158.015745	0.000448	6.7
905	-0.984213	157.921482	0.008211	7.0
906	-0.254300	157.827369	0.004302	6.7
907	-0.059388	157.733406	0.001566	6.3
908	-0.906439	157.639591	0.003060	6.9
909	-1.197413	157.545925	0.025387	6.0
910	-0.771884	157.452408	0.007780	6.0
911	-1.238417	157.359038	0.012465	6.3
912	-0.000000	157.265816	0.000000	6.1
913	-1.428537	157.172741	0.012873	6.3
914	-0.097180	157.079813	0.002907	6.0
915	-0.000000	156.987031	0.000000	6.0
916	-0.000186	156.894395	0.000034	6.6
917	-1.543558	156.801904	0.010343	5.7
918	-1.455789	156.709559	0.016331	6.0
919	-0.562861	156.617359	0.007213	6.7
920	-1.274595	156.525304	0.015715	6.9
921	-1.069634	156.433392	0.005578	6.9
922	-0.632322	156.341624	0.013390	6.0
923	-0.000000	156.250000	0.000000	6.1
924	-0.878505	156.158519	0.009238	6.3
925	-0.632384	156.067180	0.010121	5.9
926	-0.000000	155.975984	0.000000	6.8
927	-1.061113	155.884930	0.011747	6.5
928	-0.070094	155.794017	0.001410	6.0
929	-0.751548	155.703246	0.006639	6.3
930	-1.467610	155.612615	0.008690	5.7
931	-0.625586	155.522125	0.005195	6.4
932	-0.641279	155.431775	0.005445	5.7
933	-0.000000	155.341565	0.000000	5.9
934	-0.953995	155.251495	0.010727	5.5
935	-1.387738	155.161563	0.009696	5.9
936	-1.305143	155.071771	0.004337	5.4
937	-0.927190	154.982117	0.010733	6.3
938	-0.970172	154.892601	0.006792	6.2
939	-1.557113	154.803222	0.006504	6.3
940	-0.000000	154.713981	0.000000	6.5
941	-1.515572	154.624878	0.007247	5.9
942	-1.369200	154.535910	0.012445	5.8
943	-0.000014	154.447080	0.000003	5.7
944	-0.731716	154.358385	0.003944	6.0
945	-1.250946	154.269826	0.008055	6.6
946	-0.000000	154.181402	0.000000	6.9
947	-0.874773	154.093114	0.008935	8.7
948	-0.868278	154.004960	0.006948	5.9
949	-0.000011	153.916940	0.000002	6.0
950	-1.602820	153.829054	0.005832	7.1
951	-0.000000	153.741303	0.000000	7.1
952	-0.627944	153.653684	0.009408	7.2
953	-0.647593	153.566198	0.016633	6.3
954	-0.167635	153.478846	0.003561	6.8
955	-1.281642	153.391625	0.008154	6.5
956	-0.558941	153.304537	0.005948	6.5
957	-1.283950	153.217580	0.011998	6.7
958	-1.521239	153.130755	0.010835	6.1
959	-0.000000	153.044061	0.000000	6.6
960	-0.919997	152.957498	0.016023	8.0
961	-0.000033	152.871065	0.000006	6.7
962	-0.007462	152.784762	0.000411	6.8
963	-0.000002	152.698589	0.000000	6.1
964	-0.856195	152.612545	0.007351	6.7
965	-1.262596	152.526631	0.008695	6.1
966	-1.581336	152.440845	0.006137	6.7
967	-0.590850	152.355188	0.012323	7.0
968	-0.975174	152.269660	0.004459	5.5
969	-0.081264	152.184259	0.003478	6.4
970	-1.383478	152.098986	0.016983	5.9
971	-0.000078	152.013840	0.000015	6.7
972	-0.849866	151.928821	0.004963	7.6
973	-0.489595	151.843928	0.007252	6.2
974	-0.000009	151.759163	0.000002	6.4
975	-1.406287	151.674523	0.010330	5.7
976	-1.468844	151.590009	0.005627	6.0
977	-0.000467	151.505620	0.000037	6.4
978	-0.000000	151.421357	0.000000	6.2
979	-1.218779	151.337218	0.006227	6.1
980	-0.060610	151.253204	0.000919	6.2
981	-1.499482	151.169314	0.008651	6.5
982	-1.199663	151.085549	0.008531	6.7
983	-0.946354	151.001907	0.005180	5.0
984	-1.624472	150.918388	0.008592	6.0
985	-0.011159	150.834992	0.000669	6.6
986	-0.000000	150.751719	0.000000	6.9
987	-0.701908	150.668569	0.013984	6.1
988	-1.509869	150.585541	0.007107	6.2
989	-0.901791	150.502634	0.004053	5.5
990	-0.768288	150.419849	0.006419	6.5
991	-1.102291	150.337186	0.005270	6.2
992	-1.367186	150.254644	0.005838	6.0
993	-0.422845	150.172222	0.002669	6.5
994	-1.413522	150.089921	0.009494	6.3
995	-0.522227	150.007740	0.009217	6.9
996	-0.813340	149.925679	0.012927	7.1
997	-0.000010	149.843737	0.000002	6.5
998	-1.406489	149.761915	0.009281	6.9
999	-1.223632	149.680212	0.009047	6.6
1000	-0.720210	149.598627	0.006678	7.2
1001	-0.581571	149.517161	0.011935	6.1
1002	-0.662145	149.435814	0.005046	5.9
1003	-0.000001	149.354584	0.000000	6.7
1004	-1.456781	149.273472	0.014876	6.7
1005	-0.000000	149.192477	0.000000	6.0
1006	-0.000010	149.111599	0.000002	5.7
1007	-0.289869	149.030838	0.003023	6.2
1008	-0.000000	148.950194	0.000000	6.6
1009	-0.421164	148.869666	0.007516	5.3
1010	-1.095831	148.789253	0.007989	5.8
1011	-0.070317	148.708957	0.001802	6.1
1012	-0.728621	148.628776	0.005688	5.9
1013	-0.001165	148.548710	0.000212	8.3
1014	-0.042637	148.468759	0.001563	6.3
1015	-0.000021	148.388923	0.000005	6.0
1016	-1.314159	148.309201	0.010395	6.9
1017	-0.319661	148.229594	0.003514	6.0
1018	-0.448830	148.150100	0.003588	6.9
1019	-1.226594	148.070719	0.011938	6.1
1020	-0.000012	147.991452	0.000002	6.0
1021	-1.146956	147.912298	0.009331	6.1
1022	-0.370171	147.833257	0.012181	6.6
1023	-0.533052	147.754329	0.009768	6.7
1024	-1.160736	147.675512	0.005030	6.2
1025	-1.280840	147.596808	0.016075	6.2
1026	-0.659510	147.518216	0.009917	7.0
1027	-1.296152	147.439735	0.008415	6.5
1028	-0.343792	147.361365	0.005245	6.6
1029	-1.469957	147.283106	0.007509	6.2
1030	-0.023878	147.204958	0.001432	6.4
1031	-0.656536	147.126920	0.007835	6.9
1032	-1.210707	147.048993	0.017157	6.0
1033	-0.788574	146.971175	0.007353	7.3
1034	-1.362835	146.893468	0.004767	5.8
1035	-0.508516	146.815869	0.011283	6.2
1036	-1.332854	146.738380	0.009334	7.2
1037	-0.965668	146.661000	0.013815	6.9
1038	-1.313076	146.583729	0.013509	7.6
1039	-1.309985	146.506566	0.013637	5.5
1040	-0.609770	146.429511	0.015684	6.4
1041	-0.000261	146.352565	0.000053	6.7
1042	-0.000000	146.275726	0.000000	6.8
1043	-1.254887	146.198994	0.010020	7.1
1044	-0.893543	146.122370	0.004923	6.0
1045	-1.056811	146.045853	0.009829	6.2
1046	-1.194612	145.969442	0.021920	7.4
1047	-1.004041	145.893139	0.006548	6.7
1048	-1.515331	145.816941	0.005134	6.9
1049	-1.280287	145.740849	0.008911	5.5
1050	-0.224949	145.664863	0.004554	6.6
1051	-0.896604	145.588983	0.004029	6.9
1052	-1.349929	145.513208	0.009979	5.7
1053	-1.291217	145.437538	0.013564	6.4
1054	-0.832351	145.361973	0.003879	4.8
1055	-0.227953	145.286513	0.005006	5.8
1056	-0.189393	145.211157	0.001638	6.5
1057	-0.189972	145.135905	0.002399	5.8
1058	-0.083546	145.060757	0.001477	5.5
1059	-0.009188	144.985712	0.000647	6.8
1060	-0.002094	144.910771	0.000378	5.4
1061	-0.024798	144.835934	0.001563	7.5
1062	-1.125220	144.761199	0.005883	5.9
1063	-1.353667	144.686567	0.005483	5.7
1064	-1.421126	144.612037	0.011398	6.6
1065	-1.156323	144.537610	0.006959	6.0
1066	-0.098319	144.463285	0.000892	6.6
1067	-1.155237	144.389062	0.017374	6.2
1068	-1.145532	144.314940	0.008520	5.8
1069	-0.712647	144.240920	0.006375	5.4
1070	-0.000374	144.167001	0.000059	6.6
1071	-0.740559	144.093182	0.006757	6.2
1072	-0.548196	144.019465	0.013372	7.1
1073	-1.481164	143.945848	0.006007	5.2
1074	-0.580516	143.872331	0.008226	5.1
1075	-0.000000	143.798914	0.000000	6.3
1076	-0.376672	143.725597	0.001910	5.4
1077	-1.390089	143.652380	0.013698	5.4
1078	-0.026928	143.579262	0.000563	5.9
1079	-0.622216	143.506243	0.006157	5.9
1080	-0.974545	143.433323	0.005522	7.1
1081	-1.567229	143.360502	0.006803	6.1
1082	-0.850474	143.287780	0.004116	5.7
1083	-1.225466	143.215155	0.006409	6.8
1084	-0.133619	143.142629	0.002018	6.1
1085	-1.053725	143.070201	0.007264	6.3
1086	-0.000000	142.997870	0.000000	6.9
1087	-1.072385	142.925637	0.012149	7.0
1088	-1.405279	142.853501	0.007211	6.4
1089	-1.314775	142.781462	0.006955	5.6
1090	-1.314353	142.709519	0.011029	6.0
1091	-1.405716	142.637674	0.007222	6.7
1092	-0.842252	142.565924	0.003627	6.5
1093	-1.553605	142.494271	0.006386	7.1
1094	-0.802231	142.422714	0.005943	7.9
1095	-1.358845	142.351252	0.010663	9.0
1096	-0.917573	142.279886	0.008611	6.8
1097	-0.045046	142.208616	0.001196	7.5
1098	-0.760204	142.137440	0.009723	7.7
1099	-1.400776	142.066360	0.004004	7.2
1100	-0.000000	141.995374	0.000000	6.8
1101	-1.421511	141.924483	0.007079	7.1
1102	-1.219710	141.853685	0.005732	7.8
1103	-0.667461	141.782983	0.007031	7.7
1104	-0.805745	141.712373	0.005202	8.3
1105	-1.711569	141.641858	0.005717	7.1
1106	-0.004826	141.571436	0.000372	7.2
1107	-1.188600	141.501108	0.007675	6.7
1108	-1.131382	141.430872	0.009843	8.3
1109	-1.080395	141.360730	0.008806	7.0
1110	-0.981222	141.290680	0.007158	6.9
1111	-0.963998	141.220722	0.013705	7.4
1112	-0.000000	141.150857	0.000000	6.3
1113	-0.000005	141.081084	0.000001	7.7
1114	-1.265633	141.011403	0.014259	7.9
1115	-0.000823	140.941813	0.000143	7.9
1116	-0.700682	140.872315	0.003994	6.8
1117	-1.221372	140.802909	0.014719	6.7
1118	-0.998544	140.733593	0.017089	5.4
1119	-0.584106	140.664369	0.003794	6.6
1120	-0.005466	140.595235	0.000790	6.8
1121	-1.338554	140.526192	0.005104	6.6
1122	-0.000000	140.457239	0.000000	6.9
1123	-0.468538	140.388376	0.004571	5.6
1124	-0.000000	140.319603	0.000000	5.5
1125	-0.480074	140.250920	0.006146	6.8
1126	-0.007828	140.182326	0.000308	6.0
1127	-0.685551	140.113822	0.005579	6.9
1128	-0.424392	140.045407	0.006155	6.6
1129	-0.980118	139.977081	0.005949	6.3
1130	-0.244563	139.908844	0.004510	7.3
1131	-1.084492	139.840696	0.006920	6.0
1132	-1.103392	139.772635	0.016693	5.6
1133	-0.464595	139.704664	0.005376	6.9
1134	-0.869252	139.636780	0.006491	7.0
1135	-1.287256	139.568984	0.019884	7.6
1136	-0.951774	139.501276	0.007367	5.7
1137	-1.403223	139.433655	0.011426	6.8
1138	-1.390699	139.366122	0.009362	6.2
1139	-1.032136	139.298676	0.010214	6.5
1140	-1.393174	139.231317	0.012648	6.9
1141	-1.021718	139.164045	0.008028	6.7
1142	-1.189360	139.096859	0.015782	6.4
1143	-0.768146	139.029760	0.009538	6.2
1144	-0.000000	138.962747	0.000000	6.9
1145	-1.091482	138.895820	0.013098	7.2
1146	-1.457030	138.828978	0.005989	6.3
1147	-1.035899	138.762223	0.009132	7.1
1148	-1.465961	138.695553	0.012653	6.2
1149	-1.429567	138.628969	0.022549	7.4
1150	-1.386227	138.562469	0.008228	6.8
1151	-1.140524	138.496055	0.005693	7.5
1152	-1.125456	138.429725	0.007851	7.3
1153	-1.179334	138.363481	0.017892	6.3
1154	-0.417171	138.297320	0.006565	7.2
1155	-0.000000	138.231244	0.000000	6.5
1156	-0.000000	138.165252	0.000000	6.2
1157	-0.621189	138.099344	0.006710	6.3
1158	-0.282545	138.033520	0.005443	6.7
1159	-0.129132	137.967779	0.001934	7.7
1160	-0.965408	137.902122	0.006185	6.0
1161	-0.007197	137.836548	0.000788	6.6
1162	-1.685038	137.771057	0.007821	6.5
1163	-1.371078	137.705649	0.012779	5.8
1164	-0.560204	137.640324	0.006021	6.2
1165	-0.886353	137.575081	0.005784	6.9
1166	-1.401567	137.509921	0.006594	6.9
1167	-0.000000	137.444842	0.000000	6.5
1168	-1.213681	137.379846	0.018529	6.0
1169	-0.247673	137.314932	0.002721	7.0
1170	-0.000002	137.250100	0.000000	6.3
1171	-1.567581	137.185349	0.009214	5.9
1172	-0.055154	137.120680	0.001914	6.3
1173	-1.294621	137.056092	0.004888	5.5
1174	-0.732177	136.991585	0.015165	7.5
1175	-1.268587	136.927158	0.005948	7.5
1176	-0.803774	136.862813	0.004404	6.3
1177	-0.644608	136.798548	0.003396	7.2
1178	-0.000000	136.734363	0.000000	6.2
1179	-0.029212	136.670259	0.001710	7.3
1180	-0.753079	136.606235	0.008154	6.1
1181	-0.000000	136.542291	0.000000	7.0
1182	-0.000499	136.478426	0.000068	6.9
1183	-0.000000	136.414641	0.000000	6.7
1184	-1.437140	136.350936	0.004966	7.8
1185	-1.149014	136.287310	0.006246	6.2
1186	-0.621002	136.223763	0.006129	7.3
1187	-0.799731	136.160295	0.009431	6.1
1188	-1.088468	136.096905	0.009963	7.1
1189	-0.000000	136.033594	0.000000	6.7
1190	-0.985468	135.970362	0.006772	6.0
1191	-0.921587	135.907208	0.006503	6.9
1192	-1.200142	135.844133	0.004850	5.6
1193	-1.246436	135.781135	0.009150	5.4
1194	-0.858825	135.718215	0.008081	7.4
1195	-1.307244	135.655373	0.011794	7.3
1196	-1.227652	135.592608	0.014193	8.9
1197	-0.901379	135.529921	0.013263	6.7
1198	-0.000000	135.467311	0.000000	7.4
1199	-0.000000	135.404778	0.000000	6.4
1200	-0.000072	135.342322	0.000014	8.0
1201	-0.005052	135.279942	0.000538	6.0
1202	-0.695273	135.217640	0.006442	6.6
1203	-0.585811	135.155413	0.002498	7.1
1204	-0.133557	135.093263	0.000741	6.9
1205	-0.643576	135.031190	0.010048	8.5
1206	-0.780529	134.969192	0.005931	7.1
1207	-1.399316	134.907270	0.009041	7.4
1208	-1.565324	134.845424	0.013308	6.6
1209	-0.675944	134.783653	0.004649	7.8
1210	-0.019683	134.721958	0.000735	7.1
1211	-0.479365	134.660338	0.008913	6.6
1212	-0.038063	134.598793	0.001171	7.5
1213	-0.003576	134.537323	0.000226	6.2
1214	-1.278108	134.475927	0.007474	7.3
1215	-0.261548	134.414607	0.004950	6.9
1216	-0.625463	134.353361	0.005406	6.6
1217	-1.308924	134.292189	0.006400	5.9
1218	-1.113499	134.231092	0.012835	5.7
1219	-1.121339	134.170068	0.005910	6.5
1220	-0.966798	134.109119	0.007839	6.0
1221	-1.229282	134.048243	0.009790	6.3
1222	-1.267826	133.987441	0.014963	7.3
1223	-0.903187	133.926713	0.011494	6.1
1224	-0.844228	133.866057	0.002671	6.7
1225	-1.299177	133.805475	0.006372	5.9
1226	-0.616699	133.744966	0.004778	5.8
1227	-1.274557	133.684530	0.009389	7.2
1228	-1.024997	133.624167	0.002609	5.6
1229	-1.199214	133.563877	0.013430	5.4
1230	-1.335652	133.503658	0.007347	6.3
1231	-1.246564	133.443513	0.026317	6.2
1232	-0.174842	133.383439	0.003457	7.0
1233	-1.163075	133.323437	0.012657	6.5
1234	-1.516079	133.263508	0.010248	5.8
1235	-0.204254	133.203650	0.005410	6.6
1236	-0.356982	133.143864	0.003233	5.8
1237	-0.040180	133.084149	0.001386	6.5
1238	-0.305326	133.024506	0.005263	5.8
1239	-0.752929	132.964934	0.008904	6.2
1240	-0.688953	132.905433	0.010878	6.5
1241	-0.740286	132.846003	0.003833	5.9
1242	-1.488995	132.786643	0.016371	6.5
1243	-0.073285	132.727355	0.000793	6.5
1244	-0.046688	132.668137	0.000270	5.8
1245	-1.375458	132.608989	0.010717	7.1
1246	-0.645665	132.549912	0.016993	7.2
1247	-0.000000	132.490904	0.000000	6.4
1248	-0.264511	132.431967	0.002593	6.4
1249	-1.542524	132.373100	0.005105	5.8
1250	-1.622162	132.314302	0.014222	7.2
1251	-0.000035	132.255574	0.000006	6.9
1252	-1.256843	132.196916	0.005118	7.5
1253	-0.417573	132.138326	0.005220	6.7
1254	-0.457772	132.079806	0.003180	6.3
1255	-0.988080	132.021355	0.008365	6.3
1256	-1.201572	131.962973	0.013210	6.2
1257	-1.401601	131.904660	0.009322	7.7
1258	-1.535629	131.846415	0.007699	6.6
1259	-0.882540	131.788239	0.015198	6.5
1260	-1.290807	131.730131	0.008614	7.1
1261	-1.414828	131.672092	0.009942	6.4
1262	-0.000000	131.614121	0.000000	8.3
1263	-1.133771	131.556217	0.004935	8.8
1264	-1.105792	131.498382	0.011489	9.6
1265	-1.354051	131.440614	0.007211	6.7
1266	-1.062648	131.382914	0.020395	8.1
1267	-1.461686	131.325282	0.017972	7.5
1268	-1.037505	131.267717	0.010994	7.9
1269	-1.493814	131.210219	0.015462	6.4
1270	-0.081616	131.152788	0.002606	8.4
1271	-1.447464	131.095424	0.023362	7.9
1272	-0.915728	131.038127	0.006189	8.8
1273	-1.174210	130.980897	0.011246	8.4
1274	-1.040950	130.923733	0.004405	7.8
1275	-0.144616	130.866636	0.001446	8.0
1276	-1.195173	130.809605	0.006911	12.0
1277	-0.800223	130.752641	0.009131	6.3
1278	-1.349301	130.695742	0.004541	7.6
1279	-0.631067	130.638910	0.003902	6.4
1280	-1.380917	130.582143	0.017172	8.1
1281	-1.331463	130.525442	0.007684	6.6
1282	-1.521742	130.468807	0.009031	6.8
1283	-1.434764	130.412237	0.015190	6.1
1284	-0.476028	130.355733	0.003345	6.0
1285	-1.370077	130.299294	0.009845	7.2
1286	-1.335422	130.242920	0.005957	7.1
1287	-0.920134	130.186611	0.014076	6.9
1288	-0.015652	130.130366	0.000633	6.4
1289	-0.589830	130.074187	0.009429	8.5
1290	-0.007068	130.018072	0.000254	7.7
1291	-0.750651	129.962022	0.007518	6.9
1292	-0.731557	129.906036	0.005589	7.4
1293	-0.675056	129.850114	0.006341	7.8
1294	-0.248742	129.794257	0.004772	8.2
1295	-0.635046	129.738463	0.009866	7.4
1296	-0.113413	129.682734	0.002454	9.4
1297	-1.289556	129.627068	0.009125	7.7
1298	-1.263629	129.571466	0.009799	8.9
1299	-0.872769	129.515927	0.009364	7.1
1300	-0.678510	129.460452	0.006073	7.5
1301	-0.914310	129.405040	0.005614	6.8
1302	-0.002360	129.349692	0.000271	10.1
1303	-0.000000	129.294406	0.000000	6.7
1304	-0.000183	129.239183	0.000032	9.2
1305	-1.116933	129.184024	0.005298	7.3
1306	-0.212664	129.128927	0.003253	6.7
1307	-0.000000	129.073892	0.000000	6.4
1308	-1.545234	129.018921	0.006285	6.4
1309	-0.311853	128.964011	0.005679	6.7
1310	-1.273395	128.909164	0.011057	6.5
1311	-0.867074	128.854379	0.012691	8.0
1312	-0.000000	128.799656	0.000000	6.0
1313	-1.461609	128.744995	0.019728	6.5
1314	-1.388060	128.690396	0.013278	6.5
1315	-1.302463	128.635858	0.007224	6.4
1316	-0.427094	128.581382	0.002603	6.2
1317	-1.273318	128.526968	0.005299	5.6
1318	-0.070392	128.472615	0.001473	6.9
1319	-1.166851	128.418323	0.011692	6.3
1320	-0.000000	128.364092	0.000000	5.4
1321	-0.000000	128.309922	0.000000	6.4
1322	-1.537874	128.255814	0.014628	6.0
1323	-1.192847	128.201766	0.020757	6.1
1324	-1.411933	128.147778	0.010916	6.5
1325	-0.899362	128.093852	0.011044	5.9
1326	-1.039148	128.039985	0.006911	7.2
1327	-0.947124	127.986180	0.006701	6.3
1328	-1.292608	127.932434	0.013847	6.5
1329	-0.527252	127.878749	0.018050	9.9
1330	-0.688941	127.825123	0.004845	5.6
1331	-0.000000	127.771558	0.000000	6.7
1332	-0.360315	127.718052	0.004193	6.0
1333	-0.912262	127.664606	0.007873	6.9
1334	-0.100854	127.611220	0.001978	5.4
1335	-1.255754	127.557893	0.009722	5.3
1336	-1.357887	127.504625	0.008261	7.0
1337	-1.451590	127.451417	0.007832	6.3
1338	-0.911929	127.398268	0.012959	6.5
1339	-1.007399	127.345178	0.004902	6.3
1340	-0.943890	127.292147	0.006059	5.8
1341	-0.788343	127.239175	0.017532	7.8
1342	-1.402514	127.186261	0.011992	5.9
1343	-0.782885	127.133407	0.007111	6.4
1344	-0.876768	127.080610	0.016502	6.5
1345	-0.356583	127.027872	0.003252	6.4
1346	-0.505847	126.975193	0.003811	6.2
1347	-1.355363	126.922572	0.006797	5.7
1348	-1.358248	126.870008	0.010546	5.7
1349	-0.743637	126.817503	0.004638	7.4
1350	-0.000018	126.765056	0.000003	5.9
1351	0.000000	126.712667	0.000000	5.6
1352	-0.883004	126.660335	0.006786	6.2
1353	-0.097494	126.608061	0.002069	6.2
1354	-0.000000	126.555844	0.000000	6.2
1355	-0.776715	126.503685	0.006175	5.7
1356	-1.019703	126.451583	0.006279	5.4
1357	-0.623941	126.399538	0.006787	7.1
1358	-1.115598	126.347550	0.007379	5.1
1359	-0.002353	126.295619	0.000153	5.7
1360	-0.724324	126.243745	0.011129	6.7
1361	-0.000056	126.191928	0.000014	6.2
1362	-0.175755	126.140168	0.002303	6.7
1363	-1.111924	126.088464	0.011964	6.5
1364	-0.732095	126.036817	0.007546	6.2
1365	-0.891953	125.985226	0.004184	6.6
1366	-1.691985	125.933691	0.002668	6.4
1367	-0.898468	125.882212	0.006107	6.2
1368	-0.440260	125.830790	0.007940	5.6
1369	-0.000021	125.779423	0.000005	6.6
1370	-1.423845	125.728113	0.012232	7.0
1371	-0.176864	125.676858	0.002755	6.7
1372	-0.000009	125.625659	0.000002	7.2
1373	-0.798632	125.574515	0.005094	6.6
1374	-0.000000	125.523427	0.000000	6.9
1375	-0.594997	125.472394	0.004585	6.8
1376	-1.126317	125.421417	0.015545	5.4
1377	-1.484992	125.370495	0.007304	6.9
1378	-1.475066	125.319628	0.010910	6.0
1379	-0.638331	125.268815	0.009134	6.0
1380	-1.334229	125.218058	0.016504	6.9
1381	-1.105702	125.167356	0.008456	7.0
1382	-1.376703	125.116708	0.016016	7.2
1383	-1.486169	125.066115	0.012495	6.6
1384	-0.000087	125.015576	0.000015	6.1
1385	-1.434519	124.965092	0.012894	6.7
1386	-1.529865	124.914662	0.007026	7.3
1387	-0.670965	124.864287	0.007236	7.9
1388	-0.227779	124.813965	0.001595	6.7
1389	-0.000018	124.763698	0.000004	8.0
1390	-0.424097	124.713485	0.004413	6.9
1391	-1.178990	124.663325	0.004928	6.1
1392	-0.424835	124.613219	0.007354	6.8
1393	-0.438480	124.563167	0.004560	6.5
1394	-1.521081	124.513168	0.013177	7.7
1395	-0.001949	124.463223	0.000252	7.1
1396	-1.698822	124.413332	0.003153	6.9
1397	-1.041822	124.363493	0.009677	5.8
1398	-0.816303	124.313708	0.025437	6.1
1399	-0.719350	124.263976	0.012412	6.7
1400	-0.000000	124.214297	0.000000	7.3
1401	-1.442205	124.164671	0.006612	7.0
1402	-1.194351	124.115097	0.017247	5.8
1403	-0.931530	124.065577	0.007408	5.3
1404	-0.566815	124.016109	0.004533	6.4
1405	-1.166153	123.966693	0.007455	5.7
1406	-1.231405	123.917330	0.004865	5.3
1407	-0.114985	123.868020	0.002055	7.4
1408	-1.475844	123.818762	0.011522	5.4
1409	-1.201159	123.769556	0.012459	7.7
1410	-0.000778	123.720402	0.000087	8.5
1411	-0.586155	123.671300	0.007211	6.7
1412	-1.111186	123.622250	0.006579	6.1
1413	-0.761123	123.573252	0.007404	6.4
1414	-1.120407	123.524305	0.011676	7.5
1415	-0.728280	123.475411	0.011872	5.6
1416	-0.023615	123.426568	0.002249	6.6
1417	-0.342890	123.377776	0.002617	6.2
1418	-0.242536	123.329036	0.003200	6.0
1419	-0.106904	123.280347	0.001811	6.3
1420	-0.374212	123.231709	0.004648	5.7
1421	-1.562710	123.183122	0.007953	6.6
1422	-0.440834	123.134587	0.006147	6.2
1423	-0.132897	123.086102	0.001794	5.8
1424	-0.516108	123.037669	0.007787	6.1
1425	-0.603508	122.989286	0.003369	6.2
1426	-1.510871	122.940954	0.007105	5.9
1427	-1.476194	122.892672	0.006863	6.9
1428	-0.023420	122.844441	0.001692	6.9
1429	-0.840549	122.796261	0.012388	7.8
1430	-0.000000	122.748130	0.000000	6.2
1431	-0.826301	122.700050	0.004841	6.8
1432	-1.211581	122.652021	0.009191	6.6
1433	-0.663023	122.604041	0.008660	6.2
1434	-0.000000	122.556111	0.000000	6.7
1435	-1.408488	122.508232	0.006954	6.1
1436	-0.371975	122.460402	0.005637	6.1
1437	-0.000000	122.412622	0.000000	7.5
1438	-1.078285	122.364891	0.002727	6.1
1439	-0.857667	122.317210	0.013909	6.5
1440	-0.000000	122.269579	0.000000	6.7
1441	-1.286400	122.221997	0.010374	5.7
1442	-0.822954	122.174465	0.005217	6.6
1443	-0.000000	122.126981	0.000000	6.5
1444	-1.329011	122.079547	0.015950	7.2
1445	-1.093248	122.032162	0.004014	6.3
1446	-1.699780	121.984826	0.014891	5.8
1447	-0.006228	121.937539	0.000575	7.2
1448	-0.127891	121.890301	0.002566	6.3
1449	-0.800373	121.843112	0.017352	7.2
1450	-1.109118	121.795971	0.003053	5.8
1451	-0.070318	121.748879	0.002267	5.3
1452	-0.013895	121.701835	0.001213	6.8
1453	-1.366977	121.654840	0.008358	6.5
1454	-1.060791	121.607893	0.004723	6.8
1455	-0.329786	121.560994	0.007197	6.5
1456	-1.088454	121.514144	0.009824	6.1
1457	-0.000101	121.467342	0.000022	8.4
1458	-1.464122	121.420588	0.010965	6.4
1459	-0.000560	121.373882	0.000081	6.4
1460	-1.406905	121.327223	0.012714	6.0
1461	-0.559708	121.280613	0.003485	6.6
1462	-1.358453	121.234050	0.012666	7.0
1463	-1.368973	121.187535	0.005720	5.6
1464	-1.067213	121.141067	0.007172	6.1
1465	-0.893468	121.094647	0.012601	6.9
1466	-0.000000	121.048274	0.000000	5.8
1467	-0.161791	121.001949	0.001369	7.9
1468	-1.169784	120.955671	0.014292	6.1
1469	-0.946901	120.909440	0.013035	6.9
1470	-0.109780	120.863256	0.001905	5.8
1471	-0.977150	120.817119	0.012353	5.6
1472	-1.430990	120.771029	0.016556	7.1
1473	-0.798708	120.724986	0.004626	6.8
1474	-1.450688	120.678990	0.005973	6.7
1475	-0.000000	120.633040	0.000000	6.1
1476	-0.875679	120.587137	0.011502	6.0
1477	-1.264320	120.541281	0.007052	6.5
1478	-1.403773	120.495471	0.014628	6.1
1479	-0.684076	120.449707	0.004737	6.2
1480	-0.885447	120.403990	0.007086	5.3
1481	-1.147124	120.358319	0.004401	6.2
1482	-0.000000	120.312694	0.000000	6.3
1483	-1.547379	120.267115	0.003041	5.6
1484	-0.002381	120.221582	0.000225	6.0
1485	-0.004229	120.176096	0.000158	7.1
1486	-1.158702	120.130655	0.014390	4.9
1487	-1.369791	120.085260	0.006946	5.8
1488	-1.308012	120.039910	0.009855	7.4
1489	-1.523754	119.994606	0.006380	5.8
1490	-1.273196	119.949348	0.009418	6.5
1491	-0.204835	119.904135	0.002016	6.4
1492	-0.000323	119.858968	0.000044	5.3
1493	-0.563801	119.813846	0.004432	7.0
1494	-1.395419	119.768769	0.011006	5.8
1495	-1.128878	119.723738	0.005777	6.8
1496	-1.313962	119.678752	0.011384	6.6
1497	-0.554216	119.633810	0.002334	6.6
1498	-0.974862	119.588914	0.013031	6.6
1499	-0.604724	119.544062	0.008138	5.4
1500	-0.982817	119.499256	0.011699	6.3
1501	-0.003770	119.454494	0.000294	6.0
1502	-1.058431	119.409777	0.009058	6.0
1503	-0.643442	119.365104	0.007301	6.9
1504	-1.062495	119.320476	0.019176	5.9
1505	-0.887558	119.275893	0.005088	6.0
1506	-0.000000	119.231353	0.000000	7.3
1507	-0.665175	119.186859	0.020719	6.2
1508	-1.057568	119.142408	0.004850	7.1
1509	-1.219456	119.098002	0.007792	6.3
1510	-0.000000	119.053639	0.000000	6.8
1511	-1.304176	119.009321	0.016804	6.8
1512	-1.386020	118.965047	0.011917	6.7
1513	-1.087500	118.920816	0.013199	7.5
1514	-0.000000	118.876630	0.000000	5.7
1515	-1.195261	118.832487	0.005396	6.7
1516	-0.475992	118.788388	0.008622	6.6
1517	-0.646025	118.744332	0.003691	6.1
1518	-1.409600	118.700320	0.006233	7.0
1519	-1.216192	118.656352	0.005775	5.9
1520	-1.044716	118.612427	0.016901	6.6
1521	-1.245332	118.568545	0.008017	6.5
1522	-0.036805	118.524706	0.001212	7.0
1523	-1.466068	118.480911	0.006144	6.2
1524	-1.377962	118.437159	0.006809	7.2
1525	-1.362438	118.393450	0.011985	7.6
1526	-1.062078	118.349784	0.004413	6.5
1527	-1.438037	118.306160	0.009439	6.0
1528	-0.549564	118.262580	0.004108	6.7
1529	-1.426546	118.219042	0.009380	5.9
1530	-0.431940	118.175548	0.005637	7.6
1531	-1.468429	118.132095	0.011240	6.4
1532	-1.436378	118.088686	0.005283	6.4
1533	-1.487598	118.045319	0.004609	6.8
1534	-1.309164	118.001994	0.009082	6.1
1535	-0.014330	117.958712	0.000502	7.5
1536	-1.172996	117.915472	0.005578	6.2
1537	-1.027291	117.872274	0.007670	7.4
1538	-0.040559	117.829118	0.000597	7.5
1539	-0.552625	117.786005	0.007553	7.1
1540	-1.034383	117.742933	0.006796	7.7
1541	-1.036975	117.699904	0.007300	8.0
1542	-1.359440	117.656916	0.013052	9.2
1543	-0.246469	117.613971	0.003305	12.5
1544	-1.421254	117.571067	0.009962	7.8
1545	-1.237323	117.528205	0.009259	7.9
1546	-0.482097	117.485384	0.004466	7.5
1547	-1.452588	117.442605	0.011996	8.9
1548	-0.000196	117.399867	0.000045	8.6
1549	-1.280941	117.357171	0.014243	9.7
1550	-1.135367	117.314517	0.011840	8.7
1551	-0.900820	117.271903	0.008590	9.1
1552	-0.995405	117.229331	0.020592	8.0
1553	-0.004960	117.186800	0.000227	7.7
1554	-1.412219	117.144311	0.007624	7.2
1555	-0.042713	117.101862	0.001183	8.1
1556	-1.287043	117.059454	0.009653	8.4
1557	-1.346221	117.017087	0.011130	7.1
1558	-0.780399	116.974762	0.006771	8.1
1559	-0.230411	116.932476	0.003115	7.3
1560	-0.555539	116.890232	0.013079	6.1
1561	-0.698689	116.848028	0.006445	6.8
1562	-0.000017	116.805865	0.000003	7.5
1563	-0.247306	116.763743	0.002198	6.8
1564	-0.247535	116.721661	0.001987	7.4
1565	-0.234469	116.679619	0.001812	7.5
1566	-0.656412	116.637618	0.007914	8.4
1567	-0.727251	116.595657	0.013880	7.8
1568	-1.437990	116.553736	0.006258	9.3
1569	-1.198316	116.511855	0.014535	7.4
1570	-1.479796	116.470015	0.018490	7.9
1571	-0.000000	116.428214	0.000000	7.5
1572	-1.396305	116.386454	0.012023	7.3
1573	-0.703722	116.344733	0.004226	6.6
1574	-1.053719	116.303052	0.004906	8.5
1575	-1.311087	116.261412	0.009406	7.6
1576	-0.085896	116.219810	0.001264	9.1
1577	-1.233612	116.178249	0.012631	10.4
1578	-0.000056	116.136727	0.000009	8.7
1579	-0.306339	116.095245	0.002940	9.8
1580	-0.651297	116.053802	0.004001	10.5
1581	-0.690024	116.012398	0.004934	7.5
1582	-1.477218	115.971034	0.014686	7.7
1583	-1.271509	115.929710	0.009489	8.5
1584	-1.310748	115.888424	0.017438	6.9
1585	-1.382887	115.847178	0.008124	8.1
1586	-0.301845	115.805970	0.004938	8.8
1587	-0.000000	115.764802	0.000000	7.8
1588	-0.000000	115.723673	0.000000	8.6
1589	-0.921242	115.682583	0.015606	8.4
1590	-0.435237	115.641532	0.004772	7.8
1591	-0.945375	115.600519	0.004364	7.1
1592	-1.576164	115.559546	0.005306	8.5
1593	-0.001466	115.518610	0.000159	7.4
1594	-0.960453	115.477714	0.012214	8.6
1595	-1.274864	115.436856	0.008777	7.3
1596	-0.900140	115.396037	0.006328	12.4
1597	-0.144219	115.355256	0.002190	8.5
1598	-0.273677	115.314514	0.004166	8.3
1599	-1.552394	115.273810	0.010563	9.1
1600	-0.000000	115.233144	0.000000	9.1
1601	-0.120905	115.192517	0.002285	10.0
1602	-1.312677	115.151927	0.006825	7.6
1603	-0.000000	115.111376	0.000000	8.5
1604	-1.352371	115.070863	0.009521	7.4
1605	-1.642003	115.030388	0.008226	8.3
1606	-0.000000	114.989951	0.000000	8.0
1607	-0.826600	114.949551	0.011775	8.0
1608	-0.343099	114.909190	0.005321	7.4
1609	-1.208483	114.868866	0.010337	6.9
1610	-1.654136	114.828580	0.005110	8.1
1611	-0.855957	114.788332	0.015538	8.6
1612	-1.098639	114.748121	0.008968	7.6
1613	-1.441763	114.707948	0.007694	8.9
1614	-1.247233	114.667812	0.009563	7.4
1615	-0.407438	114.627714	0.004507	8.9
1616	-1.369325	114.587653	0.004343	6.1
1617	-1.068176	114.547629	0.015234	7.1
1618	-0.363569	114.507643	0.004523	6.3
1619	-1.141294	114.467693	0.009653	7.1
1620	-0.000001	114.427781	0.000000	6.9
1621	-0.000826	114.387907	0.000097	6.6
1622	-1.516780	114.348069	0.005350	6.8
1623	-1.380947	114.308268	0.010879	7.4
1624	-1.453275	114.268504	0.009907	6.3
1625	-0.662680	114.228777	0.004723	7.3
1626	-1.466638	114.189086	0.008377	7.6
1627	-1.416151	114.149433	0.012618	8.7
1628	-1.058309	114.109816	0.006446	6.9
1629	-0.007802	114.070235	0.000531	8.2
1630	-1.322212	114.030692	0.004934	7.8
1631	-0.000000	113.991185	0.000000	7.4
1632	-0.488203	113.951714	0.003127	6.9
1633	-0.646287	113.912280	0.013642	8.0
1634	-0.123201	113.872882	0.003539	6.4
1635	-1.068449	113.833521	0.003252	7.9
1636	-0.000000	113.794195	0.000000	6.1
1637	-0.334110	113.754906	0.007501	6.8
1638	-0.976710	113.715653	0.007089	7.9
1639	-0.795982	113.676437	0.013766	6.2
1640	-1.312539	113.637256	0.004580	7.3
1641	-1.404420	113.598111	0.007856	7.7
1642	-0.000002	113.559002	0.000001	7.4
1643	-0.000016	113.519929	0.000003	8.0
1644	-1.406072	113.480892	0.021205	6.2
1645	-1.029131	113.441891	0.020011	7.2
1646	-1.311898	113.402925	0.011812	7.3
1647	-0.000134	113.363995	0.000024	7.3
1648	-0.668722	113.325101	0.008018	7.4
1649	-1.311960	113.286242	0.010639	7.7
1650	-0.941794	113.247419	0.004489	7.1
1651	-1.277518	113.208631	0.016455	6.9
1652	-1.352888	113.169879	0.015402	6.0
1653	-1.380933	113.131162	0.014687	6.1
1654	-0.582759	113.092480	0.003791	6.6
1655	-0.840915	113.053833	0.004839	6.0
1656	-0.733123	113.015222	0.004031	7.1
1657	-1.004817	112.976646	0.018660	7.5
1658	-0.731479	112.938105	0.004859	7.1
1659	-1.168489	112.899599	0.005660	7.4
1660	-1.370870	112.861128	0.007259	6.5
1661	-0.029252	112.822692	0.001079	7.7
1662	-0.016231	112.784291	0.000543	7.1
1663	-0.000000	112.745924	0.000000	7.1
1664	-1.371010	112.707593	0.006859	6.4
1665	-0.370672	112.669296	0.004485	8.1
1666	-1.231683	112.631034	0.008288	7.3
1667	-1.297155	112.592806	0.006814	6.3
1668	-1.258310	112.554613	0.011969	7.9
1669	-0.000012	112.516455	0.000003	7.2
1670	-0.350805	112.478331	0.003024	7.8
1671	-0.048708	112.440241	0.001474	6.1
1672	-1.362524	112.402186	0.015613	7.2
1673	-0.000501	112.364165	0.000075	7.6
1674	-0.000000	112.326179	0.000000	5.6
1675	-1.527835	112.288227	0.007330	6.8
1676	-1.356377	112.250309	0.007153	6.4
1677	-0.815442	112.212425	0.007956	7.7
1678	-1.588751	112.174575	0.010333	7.1
1679	-0.317176	112.136759	0.002996	7.7
1680	-1.259877	112.098977	0.016489	6.5
1681	-0.883152	112.061229	0.016260	6.4
1682	-0.424272	112.023515	0.004236	7.3
1683	-0.000000	111.985834	0.000000	7.4
1684	-0.517683	111.948188	0.004296	8.1
1685	-1.299418	111.910575	0.007535	7.3
1686	-1.190371	111.872996	0.006263	8.1
1687	-1.081333	111.835450	0.007063	8.6
1688	-1.294370	111.797939	0.006358	7.4
1689	-0.431736	111.760460	0.003125	7.8
1690	-0.000000	111.723015	0.000000	8.7
1691	-0.487056	111.685604	0.004025	7.3
1692	-0.095439	111.648226	0.000497	8.5
1693	-0.001211	111.610881	0.000080	7.4
1694	-1.443164	111.573570	0.008702	7.5
1695	-0.314152	111.536292	0.003664	7.5
1696	-0.643412	111.499047	0.003658	6.8
1697	-1.399295	111.461835	0.016836	8.2
1698	-0.000000	111.424656	0.000000	7.1
1699	-0.012936	111.387510	0.000804	9.3
1700	-0.507243	111.350398	0.004603	7.7
1701	-0.972567	111.313318	0.009681	7.5
1702	-0.261977	111.276271	0.003408	6.7
1703	-0.011585	111.239257	0.000500	7.7
1704	-0.354078	111.202276	0.003471	6.5
1705	-1.221898	111.165328	0.011909	7.6
1706	-1.471077	111.128412	0.010275	7.0
1707	-1.124780	111.091529	0.007118	8.4
1708	-0.828079	111.054679	0.005825	7.2
1709	-1.313298	111.017861	0.006783	8.7
1710	-0.782535	110.981076	0.004021	7.0
1711	-1.689114	110.944323	0.004825	7.7
1712	-0.000000	110.907603	0.000000	7.4
1713	-0.000000	110.870915	0.000000	7.1
1714	-0.458574	110.834259	0.007533	8.6
1715	-1.462304	110.797636	0.006458	7.7
1716	-0.000000	110.761045	0.000000	7.2
1717	-0.931942	110.724486	0.004853	7.7
1718	-1.406660	110.687959	0.002820	7.7
1719	-1.133208	110.651465	0.003781	7.0
1720	-1.055363	110.615002	0.002473	7.5
1721	-0.710130	110.578572	0.009595	7.2
1722	-1.580936	110.542173	0.008768	7.8
1723	-0.000000	110.505807	0.000000	6.8
1724	-0.615422	110.469472	0.010201	6.3
1725	-0.040018	110.433169	0.001387	7.3
1726	-1.246479	110.396898	0.012993	7.2
1727	-0.762194	110.360659	0.009962	8.1
1728	-0.008875	110.324451	0.000744	7.1
1729	-1.497786	110.288276	0.006190	9.4
1730	-0.297807	110.252131	0.003531	8.8
1731	-0.723311	110.216019	0.016056	8.1
1732	-0.694491	110.179937	0.004245	6.4
1733	-0.956792	110.143888	0.011869	9.0
1734	-0.809149	110.107869	0.017822	7.4
1735	-1.368536	110.071882	0.011821	8.9
1736	-0.611240	110.035927	0.004581	7.1
1737	-0.316423	110.000003	0.005482	7.8
1738	-0.569689	109.964110	0.004391	6.6
1739	-1.371616	109.928248	0.005443	8.3
1740	-1.368582	109.892417	0.011112	6.4
1741	-0.947316	109.856618	0.007576	5.7
1742	-0.950834	109.820850	0.006809	7.3
1743	-1.060821	109.785112	0.015291	6.4
1744	-0.961840	109.749406	0.009930	7.5
1745	-0.969391	109.713730	0.008610	6.4
1746	-1.434320	109.678086	0.004445	5.9
1747	-0.019419	109.642472	0.000568	7.2
1748	-1.381208	109.606890	0.005321	6.2
1749	-0.516178	109.571337	0.003973	7.5
1750	-0.729760	109.535816	0.019161	6.4
1751	-0.000003	109.500326	0.000000	6.7
1752	-0.399667	109.464866	0.005722	6.1
1753	-0.000000	109.429436	0.000000	5.9
1754	-0.001643	109.394038	0.000221	6.9
1755	-1.251124	109.358669	0.010214	6.3
1756	-1.058911	109.323331	0.004794	6.2
1757	-1.353855	109.288024	0.006964	6.7
1758	-0.000222	109.252747	0.000048	6.1
1759	-0.835179	109.217501	0.005803	6.4
1760	-1.428208	109.182284	0.009806	5.9
1761	-0.655258	109.147098	0.004999	6.4
1762	-1.322882	109.111942	0.010105	7.4
1763	-0.000013	109.076817	0.000003	6.5
1764	-0.439284	109.041721	0.009225	7.7
1765	-1.616951	109.006656	0.009930	6.0
1766	-1.180216	108.971620	0.007891	6.0
1767	-1.065147	108.936615	0.008677	7.8
1768	-0.596910	108.901640	0.008670	6.8
1769	-1.405963	108.866694	0.011841	7.1
1770	-1.566780	108.831779	0.011098	6.6
1771	-1.231943	108.796893	0.008939	6.8
1772	-1.337365	108.762037	0.011739	7.5
1773	-0.000001	108.727211	0.000000	6.1
1774	-0.308705	108.692415	0.002574	6.2
1775	-0.000000	108.657648	0.000000	7.3
1776	-0.000000	108.622911	0.000000	7.4
1777	-0.616266	108.588203	0.008053	5.9
1778	-1.264895	108.553525	0.012509	6.1
1779	-0.720092	108.518877	0.005523	6.5
1780	-0.064290	108.484258	0.001555	6.8
1781	-0.722195	108.449668	0.009363	7.3
1782	-0.474284	108.415108	0.003750	6.0
1783	-1.346580	108.380578	0.019532	7.5
1784	-0.820798	108.346076	0.003882	6.5
1785	-0.030571	108.311604	0.000818	6.9
1786	-1.276385	108.277161	0.013672	7.4
1787	-1.379332	108.242747	0.006800	6.8
1788	-0.936018	108.208363	0.007894	7.2
1789	-1.493391	108.174007	0.011404	6.7
1790	-1.128502	108.139681	0.003829	8.3
1791	-0.194477	108.105383	0.001817	6.4
1792	-0.844813	108.071115	0.019280	7.0
1793	-0.562249	108.036875	0.004784	7.2
1794	-0.000001	108.002665	0.000000	6.6
1795	-0.454654	107.968483	0.007745	7.2
1796	-0.002061	107.934330	0.000092	6.7
1797	-0.000000	107.900206	0.000000	6.5
1798	-0.161194	107.866111	0.001252	6.2
1799	-0.274894	107.832044	0.003134	7.7
1800	-1.371189	107.798007	0.008386	7.5
1801	-1.321246	107.763997	0.006806	6.5
1802	-0.767220	107.730017	0.008151	6.8
1803	-0.170407	107.696065	0.002438	6.6
1804	-0.000002	107.662141	0.000000	5.8
1805	-1.168377	107.628246	0.008465	6.5
1806	-1.340443	107.594379	0.019464	6.2
1807	-0.727098	107.560541	0.006577	7.9
1808	-1.549931	107.526731	0.009785	6.5
1809	-1.294452	107.492949	0.006261	5.8
1810	-1.031137	107.459196	0.002689	6.5
1811	-0.000209	107.425471	0.000042	6.7
1812	-0.000122	107.391774	0.000017	6.8
1813	-1.423491	107.358106	0.010344	5.6
1814	-0.187437	107.324465	0.005219	6.1
1815	-1.134172	107.290853	0.007326	6.7
1816	-0.295825	107.257268	0.003244	5.5
1817	-0.730528	107.223712	0.006253	6.5
1818	-1.422648	107.190184	0.011074	7.3
1819	-0.001129	107.156683	0.000078	6.1
1820	-0.026602	107.123211	0.000779	7.0
1821	-1.074151	107.089766	0.003861	6.5
1822	-1.269247	107.056349	0.006482	7.3
1823	-1.361336	107.022960	0.007554	8.0
1824	-0.973796	106.989599	0.007198	7.8
1825	-0.922859	106.956265	0.005187	6.7
1826	-1.419742	106.922960	0.006768	8.0
1827	-1.297601	106.889681	0.013061	7.1
1828	-1.179805	106.856431	0.006135	6.3
1829	-0.044543	106.823208	0.001566	8.5
1830	-0.925099	106.790012	0.005695	8.4
1831	-0.452083	106.756844	0.006673	9.6
1832	-1.307513	106.723703	0.019292	7.2
1833	-0.043481	106.690590	0.001523	8.3
1834	-0.138286	106.657505	0.002760	6.8
1835	-1.224607	106.624446	0.010482	7.0
1836	-1.465600	106.591415	0.010374	6.1
1837	-1.316103	106.558411	0.011016	6.9
1838	-0.010536	106.525435	0.000378	7.5
1839	-1.591862	106.492485	0.012886	6.6
1840	-1.437088	106.459563	0.010705	7.1
1841	-0.005548	106.426668	0.000186	7.0
1842	-0.601908	106.393800	0.007445	6.6
1843	-0.940525	106.360959	0.009980	7.0
1844	-0.058011	106.328145	0.002901	7.3
1845	-0.491950	106.295358	0.005384	7.2
1846	-1.411576	106.262598	0.009104	5.6
1847	-1.313838	106.229865	0.005760	6.6
1848	-0.606748	106.197158	0.007477	5.9
1849	-1.006856	106.164479	0.008342	7.5
1850	-0.839855	106.131826	0.012261	6.1
1851	-0.385823	106.099201	0.002963	6.3
1852	-1.297398	106.066602	0.014140	7.0
1853	-1.296912	106.034029	0.009278	7.2
1854	-0.439556	106.001483	0.002891	7.5
1855	-0.423728	105.968964	0.003935	6.4
1856	-0.248129	105.936472	0.005738	7.6
1857	-1.191005	105.904006	0.006387	6.2
1858	-0.888062	105.871566	0.011191	6.3
1859	-0.811674	105.839153	0.008791	7.3
1860	-0.446739	105.806767	0.004255	7.4
1861	-0.565082	105.774407	0.012161	7.2
1862	-1.477633	105.742073	0.003650	6.5
1863	-1.151941	105.709766	0.012024	6.9
1864	-0.750647	105.677485	0.018883	6.7
1865	-1.093401	105.645230	0.019827	5.7
1866	-0.310447	105.613001	0.005725	6.9
1867	-0.114603	105.580799	0.002199	6.3
1868	-1.609525	105.548623	0.010697	6.9
1869	-0.000000	105.516473	0.000000	6.5
1870	-1.098131	105.484349	0.014805	6.1
1871	-0.470600	105.452251	0.009315	7.0
1872	-1.209273	105.420179	0.003455	6.1
1873	-1.079731	105.388133	0.012362	6.1
1874	-0.968600	105.356113	0.008104	6.7
1875	-0.913885	105.324119	0.005046	6.3
1876	-1.227120	105.292151	0.005881	7.4
1877	-0.333477	105.260209	0.002543	6.5
1878	-0.820260	105.228293	0.005612	6.0
1879	-1.127838	105.196402	0.018797	6.8
1880	-0.000000	105.164537	0.000000	6.5
1881	-1.447163	105.132698	0.012732	6.7
1882	-1.444753	105.100885	0.006459	5.8
1883	-0.861058	105.069097	0.013596	7.3
1884	-0.018800	105.037335	0.000437	6.0
1885	-0.035104	105.005598	0.001186	6.1
1886	-0.000000	104.973887	0.000000	6.8
1887	-1.024984	104.942202	0.003986	6.8
1888	-0.256104	104.910542	0.002462	7.3
1889	-0.968536	104.878907	0.005215	6.0
1890	-1.415955	104.847298	0.021902	5.8
1891	-1.379710	104.815715	0.002682	7.2
1892	-0.000797	104.784156	0.000142	6.4
1893	-1.341422	104.752623	0.010983	7.8
1894	-1.056800	104.721116	0.006329	6.4
1895	-1.356757	104.689633	0.009722	6.4
1896	-0.089944	104.658176	0.001496	7.1
1897	-0.400255	104.626744	0.003587	7.5
1898	-0.000000	104.595337	0.000000	6.4
1899	-0.336227	104.563955	0.003162	5.9
1900	-1.409342	104.532599	0.006893	5.8
1901	-0.162576	104.501267	0.001864	7.2
1902	-0.967065	104.469960	0.008208	6.0
1903	-1.226888	104.438679	0.022100	7.6
1904	-1.410781	104.407422	0.008934	6.5
1905	-0.000000	104.376191	0.000000	6.2
1906	-0.654896	104.344984	0.008374	7.8
1907	-1.210291	104.313802	0.005399	5.6
1908	-0.783436	104.282645	0.004266	7.1
1909	-1.344534	104.251513	0.005261	6.8
1910	-1.264691	104.220405	0.022743	6.2
1911	-0.752123	104.189323	0.009294	6.5
1912	-0.507645	104.158265	0.004878	6.6
1913	-0.000000	104.127231	0.000000	7.3
1914	-1.164644	104.096222	0.015632	6.1
1915	-1.444239	104.065238	0.016239	7.3
1916	-0.401209	104.034279	0.006953	5.7
1917	-0.000000	104.003344	0.000000	5.9
1918	-1.293158	103.972433	0.004016	7.4
1919	-0.161017	103.941547	0.001053	5.9
1920	-0.000245	103.910686	0.000033	6.6
1921	-1.216595	103.879849	0.002796	7.1
1922	-0.437825	103.849036	0.002518	7.1
1923	-0.003015	103.818248	0.000246	7.9
1924	-1.274330	103.787484	0.011816	5.8
1925	-0.350334	103.756744	0.003206	6.7
1926	-1.516435	103.726029	0.011515	6.1
1927	-0.891090	103.695338	0.005534	5.6
1928	-1.046947	103.664671	0.004367	6.6
1929	-0.375170	103.634028	0.003045	5.5
1930	-0.681224	103.603409	0.006352	5.7
1931	-0.250085	103.572814	0.009141	6.4
1932	0.000000	103.542244	0.000000	5.8
1933	-1.485888	103.511698	0.006029	6.1
1934	-1.228435	103.481175	0.006388	5.7
1935	-1.205803	103.450677	0.024019	6.4
1936	-0.776937	103.420202	0.002817	6.4
1937	-1.152293	103.389752	0.008460	5.6
1938	-1.588722	103.359325	0.007476	5.9
1939	-1.339257	103.328922	0.006562	7.3
1940	-0.000000	103.298543	0.000000	7.3
1941	-0.069921	103.268188	0.000831	7.0
1942	-0.172358	103.237857	0.002592	6.5
1943	-1.409778	103.207549	0.021299	5.9
1944	-0.688565	103.177265	0.015914	6.8
1945	-0.706904	103.147005	0.010156	7.5
1946	-1.443190	103.116768	0.006334	6.9
1947	-1.658601	103.086556	0.012984	5.8
1948	-0.000000	103.056366	0.000000	6.5
1949	-1.284268	103.026200	0.018122	6.9
1950	-0.802420	102.996058	0.011904	7.2
1951	-1.367351	102.965939	0.007298	6.5
1952	-0.243381	102.935844	0.003157	6.7
1953	-0.960542	102.905772	0.005544	6.1
1954	-0.988381	102.875724	0.005137	5.3
1955	-1.305493	102.845699	0.007197	5.8
1956	-1.501900	102.815697	0.007709	6.5
1957	-0.011541	102.785719	0.000639	7.0
1958	-1.365843	102.755764	0.012565	5.9
1959	-1.526436	102.725832	0.005027	6.7
1960	-1.319179	102.695924	0.013755	6.1
1961	-1.273448	102.666038	0.003026	6.8
1962	-1.012367	102.636176	0.018542	5.6
1963	-1.381921	102.606337	0.012218	6.2
1964	-0.729667	102.576521	0.008161	6.7
1965	-0.470883	102.546728	0.005883	5.6
1966	-1.327274	102.516959	0.008396	6.6
1967	-1.061447	102.487212	0.008497	6.2
1968	-1.337869	102.457488	0.011315	5.9
1969	-0.000000	102.427788	0.000000	6.4
1970	-0.402840	102.398110	0.003764	6.9
1971	-1.454458	102.368455	0.005456	5.7
1972	-0.045632	102.338823	0.000850	7.6
1973	-1.175434	102.309214	0.012075	5.3
1974	-0.233232	102.279628	0.004487	6.7
1975	-0.554697	102.250064	0.004448	6.4
1976	-1.392087	102.220524	0.004126	7.3
1977	-1.390504	102.191006	0.014840	6.6
1978	-1.208924	102.161511	0.008518	6.5
1979	-0.000000	102.132038	0.000000	7.0
1980	-0.954121	102.102588	0.007385	6.1
1981	-0.960063	102.073161	0.008443	7.0
1982	-1.338325	102.043757	0.003371	6.2
1983	-1.074255	102.014375	0.004263	6.8
1984	-0.000000	101.985015	0.000000	7.4
1985	-1.290077	101.955678	0.005453	5.6
1986	-0.000000	101.926364	0.000000	7.1
1987	-1.560044	101.897072	0.010219	6.7
1988	-0.000000	101.867802	0.000000	5.9
1989	-1.209947	101.838555	0.004029	6.3
1990	-1.167816	101.809330	0.016078	6.0
1991	-0.004005	101.780128	0.000288	8.1
1992	-1.481849	101.750948	0.012326	6.3
1993	-1.361236	101.721790	0.006227	6.0
1994	-0.311722	101.692654	0.003319	6.5
1995	-1.670596	101.663541	0.005117	6.2
1996	-1.545641	101.634450	0.012909	6.3
1997	-0.000037	101.605381	0.000007	5.6
1998	-1.428378	101.576335	0.020384	5.6
1999	-0.464836	101.547310	0.004506	7.2
