1:ItNr	2:Metric	3a:Time	3b:StepSize	4:||Gradient||	Time[ms]
0	-0.635906	0.000000	21.301468	0.009324	877.2
1	-0.638624	0.000000	21.301468	0.015322	2.2
2	-0.618491	0.000000	21.301468	0.015205	2.2
3	-0.626831	0.000000	21.301468	0.011351	2.1
4	-0.642690	0.000000	21.301468	0.011320	2.4
5	-0.656720	0.000000	21.301468	0.014439	3.1
6	-0.644485	0.999451	20.333727	0.008601	2.4
7	-0.634778	1.999312	19.449748	0.011785	2.4
8	-0.663455	2.999312	18.639319	0.010702	2.7
9	-0.635751	2.519405	19.019649	0.006936	2.6
10	-0.638772	2.074085	19.386721	0.012337	2.8
11	-0.610622	1.594177	19.798501	0.007003	2.2
12	-0.607740	1.114270	20.228153	0.009504	2.1
13	-0.642640	0.634387	20.676844	0.011104	2.1
14	-0.664250	0.154482	21.145913	0.014402	2.1
15	-0.653269	0.000000	21.301468	0.005784	2.1
16	-0.622216	0.000000	21.301468	0.010454	2.5
17	-0.643126	0.985695	20.346449	0.013395	2.6
18	-0.629872	1.985695	19.461270	0.010892	2.1
19	-0.605445	1.505788	19.876257	0.015053	2.3
20	-0.620098	2.505788	19.030667	0.011005	2.1
21	-0.645222	2.772964	18.816789	0.007178	2.1
22	-0.673569	2.308530	19.191722	0.008572	2.2
23	-0.660042	1.828634	19.595165	0.008066	2.3
24	-0.644737	1.348726	20.015943	0.011391	2.4
25	-0.626956	0.868844	20.455166	0.007834	2.1
26	-0.648393	0.388937	20.914122	0.008832	2.1
27	-0.616080	0.363311	20.939209	0.006048	2.1
28	-0.658567	0.373154	20.929566	0.009226	2.1
29	-0.650987	0.000000	21.301468	0.017737	2.1
30	-0.646558	0.000000	21.301468	0.009703	2.2
31	-0.665410	0.000000	21.301468	0.009695	2.9
32	-0.642013	0.000000	21.301468	0.013248	2.1
33	-0.629771	0.000000	21.301468	0.007603	2.0
34	-0.654107	0.000000	21.301468	0.011621	2.1
35	-0.643689	0.000000	21.301468	0.012901	2.0
36	-0.639752	0.000000	21.301468	0.012343	2.2
37	-0.639245	0.000000	21.301468	0.010220	2.1
38	-0.635634	1.000000	20.333220	0.007749	3.0
39	-0.655805	1.544190	19.842400	0.011711	2.8
40	-0.653453	1.462474	19.914584	0.013039	2.4
41	-0.640800	2.462364	19.065889	0.008262	2.2
42	-0.633807	2.692779	18.880472	0.009299	2.0
43	-0.654233	2.212871	19.270810	0.014202	2.0
44	-0.662770	3.212871	18.474919	0.011902	2.2
45	-0.652782	4.212871	17.742161	0.013270	2.6
46	-0.661426	5.212871	17.065312	0.013764	2.4
47	-0.673698	6.212871	16.438208	0.008287	2.1
48	-0.655632	7.212871	15.855559	0.012792	2.1
49	-0.643446	6.732969	16.129930	0.010654	2.1
50	-0.624391	7.732965	15.568558	0.007500	2.1
51	-0.667335	8.616109	15.104308	0.008978	2.1
52	-0.669793	8.136202	15.353094	0.012456	3.4
53	-0.635938	7.656336	15.610189	0.013519	2.7
54	-0.634696	8.481698	15.173171	0.009947	2.4
55	-0.634254	9.481683	14.675398	0.012802	2.3
56	-0.646721	9.004097	14.908992	0.010768	2.1
57	-0.653427	8.524190	15.151333	0.009756	2.1
58	-0.632920	8.930028	14.945887	0.007105	3.0
59	-0.644050	8.450121	15.189440	0.009245	2.1
60	-0.642427	9.450120	14.690610	0.008820	2.1
61	-0.642585	8.970215	14.925847	0.007730	2.0
62	-0.624762	8.494871	15.166394	0.008852	2.1
63	-0.640767	8.015029	15.417211	0.009660	2.1
64	-0.624343	7.535147	15.676486	0.010328	2.0
65	-0.645038	7.056142	15.944132	0.011191	2.7
66	-0.632739	8.056142	15.395397	0.009390	2.6
67	-0.615471	8.251280	15.292693	0.012092	2.9
68	-0.668490	8.626881	15.098816	0.006639	2.9
69	-0.621338	9.626881	14.605824	0.010786	2.7
70	-0.643188	9.178117	14.823020	0.012586	2.5
71	-0.674946	10.178117	14.347590	0.010804	3.3
72	-0.629162	9.718599	14.562215	0.012472	2.5
73	-0.672906	9.238702	14.793321	0.010632	2.7
74	-0.657301	10.078370	14.393639	0.011835	2.2
75	-0.633434	11.078339	13.944950	0.012285	2.1
76	-0.652390	11.011164	13.974213	0.014172	2.1
77	-0.669873	11.226618	13.880788	0.007481	2.5
78	-0.656103	10.903907	14.021193	0.009144	2.6
79	-0.659307	10.425039	14.234854	0.010433	2.4
80	-0.685082	9.945391	14.455491	0.008716	2.1
81	-0.660685	9.526303	14.653947	0.012366	2.1
82	-0.659915	10.521495	14.191295	0.008349	2.0
83	-0.639383	11.521495	13.754928	0.010907	2.1
84	-0.660648	11.217594	13.884676	0.009508	2.5
85	-0.650635	10.740269	14.093480	0.013260	2.9
86	-0.645698	10.711073	14.106455	0.006770	2.2
87	-0.627747	11.671735	13.691677	0.007580	2.5
88	-0.609822	11.704188	13.678090	0.010679	2.2
89	-0.616603	11.224370	13.881756	0.011901	2.3
90	-0.651064	12.224262	13.463981	0.012707	2.4
91	-0.680098	11.744355	13.661312	0.010238	3.5
92	-0.664619	11.264533	13.864476	0.012554	2.4
93	-0.644171	12.264533	13.447681	0.007761	2.1
94	-0.631442	13.264427	13.055255	0.009448	2.2
95	-0.666155	14.264427	12.685045	0.013702	2.3
96	-0.658745	13.784520	12.860055	0.008942	2.3
97	-0.670828	14.781449	12.501753	0.013136	2.8
98	-0.648784	14.301542	12.671708	0.013976	2.3
99	-0.662871	15.301501	12.322654	0.008986	2.2
100	-0.640630	14.821593	12.487742	0.010539	2.1
101	-0.618550	15.790851	12.158752	0.011806	2.1
102	-0.651404	16.790851	11.837014	0.008112	2.1
103	-0.649969	16.475657	11.936571	0.011604	2.3
104	-0.670347	16.000070	12.090000	0.007741	2.8
105	-0.654385	15.520411	12.248790	0.009608	2.6
106	-0.645768	16.520311	11.922365	0.008991	2.3
107	-0.628138	16.391697	11.963374	0.013734	2.3
108	-0.663206	17.391697	11.651760	0.013073	2.3
109	-0.639594	17.922154	11.492962	0.008549	2.5
110	-0.621830	18.922154	11.205078	0.008930	2.2
111	-0.666053	18.442247	11.341414	0.012975	2.9
112	-0.666238	19.442247	11.060979	0.012524	2.2
113	-0.660316	18.962339	11.193810	0.012240	2.4
114	-0.635069	19.647839	11.005033	0.012878	2.4
115	-0.635854	20.647839	10.740793	0.013448	2.3
116	-0.666533	20.167932	10.866002	0.008483	2.2
117	-0.648389	19.688025	10.994164	0.010249	2.4
118	-0.619077	19.455903	11.057245	0.012924	2.6
119	-0.619009	20.455903	10.790522	0.007611	2.4
120	-0.680136	21.455878	10.536370	0.012050	2.3
121	-0.638090	22.323964	10.325252	0.010216	2.4
122	-0.657937	23.323934	10.092309	0.013155	2.5
123	-0.592859	22.844027	10.202777	0.006512	2.1
124	-0.621383	22.372178	10.313774	0.006018	3.0
125	-0.654663	22.162368	10.363909	0.008483	2.2
126	-0.673858	21.686608	10.479419	0.010643	2.2
127	-0.653523	22.582341	10.264039	0.011241	2.2
128	-0.627039	22.248233	10.343332	0.010659	2.4
129	-0.624112	23.248233	10.109575	0.005306	2.2
130	-0.653395	22.768352	10.220418	0.010182	2.6
131	-0.635307	22.758353	10.222753	0.011169	3.5
132	-0.632069	23.758353	9.994354	0.011081	2.1
133	-0.648028	23.278446	10.102677	0.013200	2.2
134	-0.629676	22.800202	10.212986	0.010030	2.4
135	-0.627807	22.320295	10.326126	0.008222	2.4
136	-0.622791	21.946974	10.415887	0.015526	2.2
137	-0.664323	22.946974	10.178877	0.008687	3.3
138	-0.665785	23.946974	9.952413	0.012914	2.5
139	-0.666384	23.556787	10.039567	0.014618	2.4
140	-0.654295	23.076879	10.148877	0.010398	2.3
141	-0.680849	23.999307	9.940838	0.013149	2.1
142	-0.662299	23.549314	10.041251	0.009039	2.2
143	-0.654867	24.549275	9.820811	0.013813	3.3
144	-0.626377	24.069368	9.925385	0.014297	2.6
145	-0.653273	25.069368	9.709941	0.010459	2.6
146	-0.620416	24.589460	9.812155	0.011043	2.6
147	-0.668994	24.109553	9.916543	0.008648	2.5
148	-0.638614	25.109001	9.701595	0.008982	2.6
149	-0.667583	25.975244	9.522693	0.009667	3.4
150	-0.643982	26.959216	9.327317	0.011191	2.7
151	-0.658570	26.613354	9.395071	0.009837	2.9
152	-0.643620	26.133457	9.490728	0.006894	2.8
153	-0.627921	27.129601	9.294298	0.013862	2.6
154	-0.651855	28.112712	9.108250	0.012716	3.4
155	-0.641528	29.112712	8.926494	0.010082	3.8
156	-0.648468	30.112712	8.751851	0.016407	3.0
157	-0.659256	29.632804	8.834803	0.015585	2.8
158	-0.635685	30.632804	8.663694	0.007762	3.1
159	-0.640210	30.171304	8.741830	0.008457	2.7
160	-0.663363	31.091494	8.587407	0.013790	3.0
161	-0.636677	30.612140	8.667163	0.008971	2.8
162	-0.637817	31.612140	8.502426	0.010704	2.7
163	-0.665141	32.609996	8.344168	0.014174	2.6
164	-0.623672	33.609996	8.191373	0.010450	3.3
165	-0.656105	34.609930	8.044082	0.015661	3.3
166	-0.696674	34.130039	8.114103	0.008909	3.8
167	-0.658811	35.125497	7.970189	0.011609	3.3
168	-0.641375	34.645590	8.038927	0.005354	3.2
169	-0.660625	35.078082	7.976928	0.008064	2.9
170	-0.641505	35.226209	7.955913	0.015568	3.7
171	-0.637451	36.226209	7.816887	0.007961	3.2
172	-0.657466	35.815804	7.873352	0.013301	3.3
173	-0.676450	36.815801	7.737173	0.011525	2.9
174	-0.625382	36.587812	7.767804	0.007391	2.7
175	-0.653082	36.221687	7.817505	0.011594	4.0
176	-0.665633	35.748003	7.882759	0.010120	3.1
177	-0.655027	36.747922	7.746267	0.006700	2.8
178	-0.662909	37.034239	7.708050	0.008086	2.6
179	-0.665911	38.032654	7.577685	0.012427	2.6
180	-0.616114	37.552747	7.639792	0.012085	3.7
181	-0.640777	38.532248	7.514093	0.011139	3.7
182	-0.645872	38.052340	7.575158	0.008460	3.1
183	-0.659710	39.052318	7.449019	0.012053	3.0
184	-0.653509	38.575721	7.508610	0.007630	3.0
185	-0.627972	38.278958	7.546199	0.009650	3.9
186	-0.648697	37.878171	7.597567	0.009937	3.5
187	-0.639933	37.527367	7.643105	0.010557	3.5
188	-0.655179	37.488529	7.648181	0.011749	2.7
189	-0.637552	38.487843	7.519702	0.011811	2.5
190	-0.659620	39.487843	7.395384	0.011494	2.9
191	-0.660596	39.089272	7.444438	0.014380	3.0
192	-0.676723	38.609365	7.504372	0.015098	2.5
193	-0.649835	38.133506	7.564761	0.010674	4.1
194	-0.686478	39.133497	7.438963	0.008973	3.1
195	-0.644561	38.653630	7.498803	0.010433	3.7
196	-0.639902	38.180007	7.558817	0.008889	3.6
197	-0.653125	38.194676	7.556944	0.014037	2.4
198	-0.645183	39.194675	7.431402	0.010202	2.4
199	-0.636409	40.194675	7.309963	0.012482	2.3
200	-0.661635	41.179987	7.194129	0.008369	2.3
201	-0.669616	40.700082	7.250085	0.013041	3.6
202	-0.642321	40.601199	7.261723	0.011544	2.3
203	-0.665262	41.601199	7.145723	0.011651	2.5
204	-0.711808	42.601146	7.033377	0.008276	2.5
205	-0.649596	42.121239	7.086851	0.009745	2.5
206	-0.636661	41.682569	7.136447	0.009422	2.5
207	-0.621226	42.682569	7.024384	0.010898	3.4
208	-0.661019	43.682479	6.915796	0.006437	2.5
209	-0.631961	44.682440	6.810509	0.007082	2.2
210	-0.650445	44.203103	6.860576	0.009406	2.1
211	-0.657147	44.949364	6.782944	0.012987	2.2
212	-0.627186	44.469457	6.832664	0.010124	2.3
213	-0.653161	45.248397	6.752327	0.007525	3.3
214	-0.640252	46.248397	6.651918	0.007401	2.3
215	-0.632911	47.248126	6.554478	0.006807	2.3
216	-0.635637	46.815776	6.596265	0.007593	2.1
217	-0.652491	47.545741	6.526019	0.016009	2.4
218	-0.671537	47.161538	6.562804	0.007953	2.6
219	-0.623121	48.161538	6.467913	0.011389	3.3
220	-0.682933	47.681631	6.513107	0.011226	2.5
221	-0.656188	48.531520	6.433497	0.012690	2.4
222	-0.660635	48.055325	6.477862	0.007687	2.2
223	-0.639992	48.091192	6.474499	0.012126	2.2
224	-0.666489	49.091192	6.382126	0.010708	2.3
225	-0.700386	50.091192	6.292352	0.012965	2.2
226	-0.639590	49.619017	6.334425	0.013765	3.1
227	-0.653085	49.139110	6.377766	0.011061	2.4
228	-0.618686	50.139090	6.288116	0.008038	2.5
229	-0.658118	50.889953	6.222439	0.006585	2.1
230	-0.669545	50.410053	6.264256	0.008468	2.1
231	-0.662873	51.409440	6.177797	0.014328	2.2
232	-0.660115	50.929533	6.219015	0.012457	2.6
233	-0.655545	51.929533	6.133741	0.007966	2.9
234	-0.646363	51.449625	6.174371	0.008670	2.4
235	-0.629031	51.033554	6.210034	0.008814	2.3
236	-0.628880	50.575038	6.249816	0.010456	2.4
237	-0.672970	50.112473	6.290469	0.009449	2.3
238	-0.648422	49.632566	6.333209	0.008411	2.1
239	-0.638048	49.156701	6.376167	0.011877	3.1
240	-0.647773	49.628474	6.333576	0.008458	2.3
241	-0.645730	50.628440	6.245157	0.014879	2.5
242	-0.626566	50.148532	6.287281	0.010024	2.4
243	-0.636324	51.148532	6.200138	0.008626	2.4
244	-0.624796	50.668748	6.241644	0.014223	2.2
245	-0.677092	51.668471	6.155776	0.009363	2.7
246	-0.636708	52.668471	6.072216	0.007523	2.7
247	-0.656505	52.188568	6.112032	0.008946	2.1
248	-0.660603	53.187329	6.029747	0.011715	2.1
249	-0.648860	52.707421	6.069007	0.008949	2.4
