1:ItNr	2:Metric	3:StepSize	4:||Gradient||	Time[ms]
0	-0.000000	627.201626	0.000000	965.0
1	-0.911372	623.504937	0.006830	28.3
2	-0.697328	619.865785	0.005493	28.9
3	-0.323263	616.282728	0.004016	35.6
4	-0.383021	612.754375	0.005239	30.9
5	-0.000000	609.279381	0.000000	30.9
6	-0.000000	605.856447	0.000000	34.8
7	-0.623821	602.484317	0.004850	31.4
8	-0.537923	599.161779	0.005391	33.0
9	-0.000017	595.887656	0.000009	33.4
10	-0.791899	592.660813	0.007170	32.4
11	-0.000000	589.480151	0.000000	34.6
12	-0.476132	586.344606	0.004135	35.5
13	-0.000000	583.253145	0.000000	35.2
14	-0.652544	580.204771	0.006700	32.0
15	-0.269485	577.198517	0.005227	34.5
16	-0.297135	574.233444	0.003505	32.9
17	-0.488224	571.308645	0.005847	31.3
18	-0.001289	568.423237	0.000054	34.0
19	-0.623768	565.576365	0.004580	36.3
20	-0.000000	562.767201	0.000000	31.2
21	-0.870719	559.994938	0.005384	33.5
22	-0.738366	557.258797	0.005063	32.6
23	-0.866914	554.558018	0.005397	31.9
24	-0.579559	551.891865	0.004522	31.4
25	-0.754178	549.259621	0.006265	31.7
26	-0.574259	546.660592	0.005984	31.5
27	-0.000000	544.094102	0.000000	31.1
28	-0.403516	541.559494	0.004918	31.0
29	-0.123877	539.056129	0.002605	31.4
30	-0.243037	536.583387	0.004881	30.2
31	-0.663111	534.140663	0.006836	30.9
32	-0.028213	531.727370	0.001863	32.1
33	-0.051771	529.342935	0.001021	31.6
34	-0.426819	526.986802	0.005818	31.5
35	-0.724902	524.658430	0.005421	31.5
36	-0.002768	522.357290	0.000324	32.5
37	-0.496424	520.082868	0.004797	30.9
38	-0.393317	517.834665	0.003717	31.6
39	-0.997668	515.612193	0.006579	30.4
40	-0.888632	513.414976	0.006284	31.7
41	-0.441085	511.242551	0.007989	31.4
42	-0.448484	509.094468	0.006207	31.2
43	-0.000328	506.970285	0.000053	32.1
44	-0.671127	504.869574	0.007427	31.4
45	-0.595208	502.791916	0.005612	32.4
46	-0.650881	500.736903	0.005911	33.1
47	-0.000000	498.704137	0.000000	30.6
48	-0.448166	496.693228	0.007278	31.2
49	-0.523486	494.703798	0.003239	30.4
50	-0.000000	492.735476	0.000000	31.6
51	-0.000003	490.787900	0.000004	31.1
52	-0.084121	488.860718	0.001202	30.8
53	-0.466284	486.953585	0.005288	31.2
54	-0.737353	485.066164	0.008072	32.0
55	-0.711839	483.198126	0.004602	30.5
56	-0.000000	481.349149	0.000000	31.4
57	-0.000000	479.518920	0.000000	31.7
58	-0.000000	477.707132	0.000000	30.9
59	-0.281063	475.913485	0.004586	31.9
60	-0.000000	474.137684	0.000000	31.4
61	-0.000041	472.379445	0.000040	30.5
62	-0.483305	470.638485	0.005944	31.1
63	-0.000000	468.914531	0.000000	31.4
64	-0.600403	467.207315	0.005698	31.4
65	-0.861666	465.516573	0.008372	32.5
66	-0.691977	463.842050	0.005299	29.6
67	-0.688183	462.183494	0.007325	31.2
68	-0.828700	460.540658	0.005802	30.6
69	-0.004402	458.913303	0.000103	31.8
70	-0.535110	457.301192	0.005351	30.7
71	-0.692109	455.704096	0.005700	30.7
72	-0.825703	454.121787	0.005655	30.8
73	-0.127388	452.554045	0.002974	30.5
74	-0.582715	451.000653	0.006748	30.6
75	-0.494780	449.461399	0.005558	31.0
76	-0.109326	447.936075	0.001493	31.2
77	-0.000000	446.424477	0.000000	31.8
78	-0.105095	444.926406	0.003952	31.0
79	-0.022918	443.441666	0.000940	30.5
80	-0.000000	441.970065	0.000000	30.0
81	-0.000000	440.511415	0.000000	31.6
82	-0.196148	439.065533	0.002203	30.9
83	-0.331949	437.632238	0.005648	31.4
84	-0.721340	436.211351	0.006575	30.9
85	-0.000000	434.802701	0.000000	30.4
86	-0.178312	433.406117	0.002924	30.3
87	-0.405102	432.021430	0.003892	30.0
88	-0.000000	430.648479	0.000000	32.3
89	-0.012700	429.287101	0.000900	30.9
90	-0.501989	427.937140	0.006642	31.6
91	-0.818816	426.598440	0.004877	30.9
92	-0.742424	425.270849	0.005823	30.7
93	-0.000000	423.954220	0.000000	30.3
94	-0.000000	422.648404	0.000000	30.7
95	-0.623638	421.353259	0.005949	30.7
96	-0.328392	420.068643	0.003884	30.9
97	-0.047525	418.794419	0.001173	31.5
98	-0.349840	417.530451	0.004874	31.8
99	-0.044067	416.276604	0.001617	31.2
100	-0.000000	415.032748	0.000000	30.9
101	-0.542432	413.798754	0.005879	31.1
102	-0.411033	412.574495	0.005815	31.4
103	-0.902653	411.359849	0.005913	31.2
104	-0.474278	410.154691	0.005025	30.6
105	-0.874105	408.958904	0.005405	31.7
106	-0.025654	407.772368	0.001282	30.4
107	-0.812443	406.594968	0.005944	30.2
108	-0.546145	405.426590	0.004650	30.1
109	-0.000000	404.267122	0.000000	29.7
110	-0.000000	403.116456	0.000000	31.1
111	-0.478257	401.974481	0.006041	31.3
112	-0.376814	400.841093	0.004524	31.9
113	-0.589582	399.716187	0.006575	31.4
114	-0.326846	398.599660	0.003088	30.8
115	-0.877884	397.491411	0.006049	31.5
116	-0.229810	396.391342	0.002785	30.8
117	-0.000000	395.299353	0.000000	29.4
118	-0.000000	394.215350	0.000000	31.0
119	-0.159619	393.139238	0.003540	30.3
120	-0.713527	392.070924	0.006161	30.0
121	-0.101649	391.010316	0.001647	31.2
122	-0.871338	389.957325	0.006009	31.2
123	-0.000000	388.911862	0.000000	31.7
124	-0.000000	387.873839	0.000000	30.2
125	-0.000000	386.843173	0.000000	31.1
126	-0.000000	385.819777	0.000000	30.9
127	-0.187846	384.803569	0.002902	30.0
128	-0.533345	383.794468	0.007398	30.3
129	-0.727706	382.792393	0.004431	33.1
130	-0.014608	381.797264	0.000621	31.4
131	-0.000000	380.809005	0.000000	30.9
132	-0.000000	379.827537	0.000000	30.4
133	-0.861292	378.852786	0.006869	32.4
134	-0.858402	377.884678	0.005003	31.4
135	-0.047777	376.923138	0.002929	30.5
136	-0.929752	375.968095	0.007755	30.8
137	-0.508423	375.019479	0.009049	29.9
138	-0.690823	374.077218	0.005331	30.8
139	-0.188784	373.141244	0.002664	29.8
140	-0.543009	372.211489	0.005696	31.3
141	-0.027670	371.287887	0.000756	31.4
142	-0.901975	370.370370	0.007569	31.1
143	-0.731643	369.458876	0.006110	32.1
144	-0.008860	368.553338	0.001308	30.9
145	-0.422708	367.653696	0.006584	29.7
146	-0.480477	366.759885	0.005745	29.9
147	-0.033708	365.871846	0.001226	31.1
148	-0.889298	364.989518	0.006303	30.7
149	-0.393219	364.112841	0.004404	31.4
150	-0.390313	363.241757	0.004820	32.0
151	-0.000000	362.376208	0.000000	31.6
152	-0.469218	361.516137	0.005708	30.7
153	-0.233279	360.661488	0.003104	31.3
154	-0.000000	359.812206	0.000000	30.1
155	-0.000006	358.968236	0.000001	30.7
156	-0.377795	358.129524	0.004704	31.6
157	-0.661646	357.296018	0.003451	31.3
158	-0.643924	356.467665	0.006136	30.4
159	-0.430075	355.644414	0.003911	30.1
160	-0.544502	354.826213	0.004185	30.6
161	-0.000000	354.013012	0.000000	30.2
162	-0.000003	353.204763	0.000016	32.9
163	-0.000000	352.401415	0.000000	31.2
164	-0.000000	351.602922	0.000000	32.0
165	-0.789456	350.809235	0.005156	30.9
166	-0.795202	350.020308	0.005175	31.0
167	-0.000000	349.236095	0.000000	32.8
168	-0.000000	348.456550	0.000000	32.6
169	-0.621709	347.681627	0.005977	33.7
170	-0.911257	346.911283	0.006423	32.8
171	-0.000000	346.145474	0.000000	30.5
172	-0.862104	345.384157	0.006425	32.3
173	-0.000000	344.627288	0.000000	32.7
174	-0.539401	343.874826	0.006834	33.0
175	-0.806261	343.126729	0.004536	32.0
176	-0.476732	342.382957	0.004722	30.1
177	-0.603555	341.643469	0.004604	31.7
178	-0.061403	340.908224	0.002244	31.4
179	-0.000000	340.177184	0.000000	30.5
180	-0.916471	339.450309	0.006513	29.9
181	-0.459683	338.727561	0.005990	30.2
182	-0.413230	338.008902	0.004941	29.7
183	-0.570761	337.294295	0.007080	31.5
184	-0.820668	336.583703	0.004438	31.5
185	-0.288430	335.877089	0.003142	31.1
186	-0.663334	335.174416	0.004772	30.8
187	-0.398938	334.475651	0.005282	31.2
188	-0.000000	333.780756	0.000000	32.6
189	-0.671414	333.089698	0.006488	30.5
190	-0.000000	332.402443	0.000000	29.0
191	-0.904307	331.718955	0.007017	31.4
192	-0.653155	331.039203	0.004276	32.0
193	-0.814612	330.363153	0.004240	30.9
194	-0.000000	329.690771	0.000000	32.4
195	-0.871794	329.022027	0.006224	30.2
196	-0.000000	328.356888	0.000000	30.7
197	-0.415024	327.695322	0.003315	30.3
198	-0.801009	327.037299	0.005485	31.9
199	-0.610819	326.382787	0.006221	31.0
200	-0.752004	325.731758	0.006530	31.2
201	-0.048147	325.084179	0.001123	31.6
202	-0.740375	324.440023	0.005223	31.3
203	-0.919809	323.799258	0.007874	31.0
204	-0.105305	323.161858	0.001957	30.2
205	-0.882708	322.527792	0.005707	29.7
206	-0.907737	321.897034	0.006806	31.1
207	-0.665198	321.269554	0.004994	30.7
208	-0.681103	320.645325	0.006664	31.6
209	-0.420870	320.024320	0.005397	31.4
210	-0.441957	319.406512	0.005296	31.5
211	-0.146352	318.791875	0.004650	31.2
212	-0.228187	318.180381	0.003333	31.0
213	-0.015669	317.572005	0.000464	30.3
214	-0.000000	316.966721	0.000000	30.6
215	-0.754168	316.364504	0.005861	30.2
216	-0.401129	315.765329	0.004421	30.2
217	-0.665182	315.169170	0.004556	29.8
218	-0.572112	314.576003	0.004710	31.6
219	-0.504809	313.985804	0.006712	31.9
220	-0.842427	313.398548	0.005783	30.7
221	-1.031020	312.814213	0.007713	31.0
222	-0.137039	312.232773	0.001509	30.6
223	-0.000440	311.654207	0.000097	30.1
224	-0.000000	311.078491	0.000000	29.9
225	-0.000000	310.505602	0.000000	30.4
226	-0.281068	309.935518	0.004062	32.8
227	-0.000000	309.368217	0.000000	30.6
228	-0.046242	308.803676	0.001379	31.2
229	-0.000000	308.241874	0.000000	31.7
230	-0.198947	307.682789	0.004097	29.9
231	-0.937491	307.126400	0.005888	29.5
232	-0.730734	306.572687	0.006392	30.8
233	-0.902362	306.021627	0.005819	30.9
234	-0.372262	305.473201	0.005058	31.5
235	-0.849746	304.927388	0.005579	30.1
236	-0.737262	304.384168	0.005766	31.3
237	-0.496878	303.843521	0.004530	30.0
238	-0.908371	303.305427	0.006107	30.0
239	-0.403224	302.769867	0.005478	29.8
240	-0.169463	302.236821	0.002989	30.5
241	-0.227466	301.706270	0.003678	30.6
242	-0.974457	301.178196	0.006346	31.5
243	-0.681799	300.652580	0.005547	30.8
244	-0.000000	300.129402	0.000000	31.6
245	-0.603392	299.608645	0.006289	29.9
246	-0.429012	299.090291	0.003587	29.9
247	-0.506485	298.574321	0.005885	30.8
248	-0.404029	298.060718	0.006897	31.1
249	-0.010282	297.549465	0.000338	31.2
250	-0.837559	297.040543	0.007397	31.6
251	-0.750420	296.533936	0.005365	32.0
252	-0.690852	296.029626	0.005142	31.8
253	-0.030032	295.527597	0.001460	31.2
254	-0.727099	295.027832	0.008222	32.3
255	-0.000000	294.530315	0.000000	32.2
256	-0.000000	294.035028	0.000000	30.5
257	-0.000000	293.541956	0.000000	30.3
258	-0.000000	293.051083	0.000000	32.5
259	-0.221021	292.562393	0.002396	31.4
260	-0.411622	292.075870	0.003670	32.0
261	-0.570251	291.591498	0.006091	31.2
262	-0.900495	291.109263	0.006362	31.2
263	-0.939235	290.629149	0.006499	31.1
264	-0.503996	290.151140	0.004610	30.8
265	-0.000701	289.675222	0.000191	29.7
266	-0.215933	289.201380	0.003757	30.4
267	-0.861695	288.729600	0.006011	31.1
268	-0.649597	288.259866	0.007126	30.8
269	-0.774166	287.792165	0.004986	30.6
270	-0.000000	287.326481	0.000000	31.4
271	-0.000000	286.862802	0.000000	31.7
272	-0.412641	286.401113	0.005720	30.3
273	-0.997582	285.941400	0.006274	29.9
274	-0.000000	285.483649	0.000000	30.0
275	-0.000000	285.027847	0.000000	30.0
276	-0.494191	284.573981	0.003531	31.2
277	-0.237108	284.122037	0.004549	30.2
278	-0.000000	283.672002	0.000000	32.4
279	-0.902564	283.223863	0.005705	32.4
280	-0.891797	282.777607	0.006209	30.9
281	-0.307484	282.333221	0.003529	32.2
282	-0.891771	281.890692	0.006485	30.7
283	-0.700289	281.450008	0.005134	31.1
284	-0.393750	281.011157	0.004674	29.9
285	-0.725467	280.574125	0.007450	29.6
286	-0.047618	280.138901	0.001418	31.0
287	-0.017790	279.705473	0.000814	30.3
288	-0.693638	279.273829	0.005299	31.1
289	-0.000000	278.843956	0.000000	30.7
290	-0.057588	278.415844	0.001781	33.2
291	-0.404623	277.989479	0.006016	30.9
292	-1.045955	277.564851	0.006484	31.1
293	-0.659853	277.141949	0.005654	30.8
294	-0.000000	276.720761	0.000000	30.5
295	-0.000000	276.301275	0.000000	30.9
296	-0.443750	275.883480	0.003662	29.4
297	-0.700366	275.467366	0.004217	29.8
298	-0.435750	275.052922	0.005304	30.1
299	-0.572671	274.640136	0.006225	31.2
300	-0.334628	274.228998	0.003118	31.3
301	-0.063055	273.819497	0.002240	30.2
302	-0.032112	273.411623	0.003233	31.2
303	-0.613718	273.005365	0.004039	30.8
304	-0.508889	272.600712	0.006771	30.7
305	-0.230362	272.197655	0.003997	31.7
306	-0.670915	271.796184	0.007495	30.0
307	-0.816189	271.396287	0.006015	30.6
308	-0.199158	270.997956	0.002422	30.2
309	-0.858210	270.601180	0.005850	30.4
310	-0.314973	270.205949	0.003470	30.4
311	-0.590291	269.812254	0.004284	31.0
312	-0.133462	269.420085	0.002491	30.1
313	-0.641241	269.029432	0.004350	31.6
314	-0.925277	268.640287	0.005515	31.5
315	-0.754253	268.252638	0.005761	30.2
316	-0.835533	267.866478	0.005713	31.1
317	-0.000000	267.481796	0.000000	30.5
318	-0.267563	267.098584	0.004536	30.5
319	-0.788847	266.716833	0.006090	29.7
320	-0.568162	266.336533	0.006512	31.6
321	-0.880833	265.957676	0.005357	30.7
322	-0.471884	265.580253	0.005215	31.3
323	-0.519917	265.204254	0.006340	32.2
324	-0.229463	264.829672	0.005173	31.2
325	-0.000000	264.456497	0.000000	29.5
326	-0.000000	264.084721	0.000000	30.0
327	-0.257178	263.714335	0.002619	32.0
328	-0.931493	263.345332	0.005592	31.0
329	-0.592440	262.977702	0.005312	30.7
330	-0.511608	262.611438	0.004293	31.0
331	-0.780317	262.246531	0.005659	30.1
332	-0.000000	261.882973	0.000000	30.3
333	-0.456292	261.520756	0.004020	29.8
334	-1.057806	261.159871	0.008017	31.7
335	-0.575089	260.800312	0.007088	30.1
336	-0.528184	260.442070	0.005214	30.6
337	-0.674992	260.085137	0.004072	31.1
338	-0.885310	259.729505	0.006109	30.3
339	-0.667629	259.375167	0.006380	30.5
340	-0.640050	259.022116	0.006179	30.5
341	-0.000386	258.670343	0.000235	32.4
342	-0.567218	258.319841	0.004258	30.9
343	-0.595903	257.970602	0.007038	30.7
344	-0.696445	257.622620	0.004336	31.1
345	-0.003072	257.275887	0.000091	30.8
346	-0.899488	256.930396	0.005795	30.8
347	-0.211495	256.586139	0.002182	29.7
348	-0.464807	256.243109	0.004027	33.4
349	-0.594153	255.901300	0.006710	33.9
350	-0.628932	255.560703	0.005145	33.7
351	-0.024865	255.221313	0.001120	35.7
352	-0.000000	254.883122	0.000000	30.8
353	-0.082639	254.546124	0.001589	31.5
354	-0.204458	254.210311	0.002892	32.6
355	-0.007224	253.875677	0.000607	31.5
356	-0.477633	253.542215	0.005090	31.1
357	-0.640218	253.209918	0.006639	32.3
358	-0.848614	252.878781	0.005169	30.8
359	-0.671304	252.548795	0.004296	29.7
360	-0.141570	252.219956	0.002688	29.9
361	-0.691412	251.892255	0.004613	30.1
362	-0.249859	251.565688	0.002761	30.6
363	-0.040681	251.240247	0.001971	31.5
364	-0.310469	250.915926	0.003704	31.4
365	-0.624230	250.592720	0.006226	31.8
366	-0.002377	250.270621	0.000725	30.0
367	-0.887354	249.949624	0.007413	30.1
368	-0.389365	249.629723	0.004709	30.6
369	-0.200789	249.310911	0.002972	30.9
370	-0.817666	248.993182	0.006412	31.1
371	-0.342813	248.676531	0.004289	31.1
372	-0.851751	248.360952	0.006647	30.7
373	-0.357814	248.046438	0.004728	30.6
374	-0.822923	247.732984	0.004930	30.5
375	-0.906900	247.420584	0.008669	30.3
376	-0.724392	247.109233	0.006673	30.9
377	-0.000000	246.798924	0.000000	30.9
378	-0.508850	246.489652	0.006010	31.3
379	-0.000000	246.181412	0.000000	30.8
380	-0.523878	245.874197	0.006573	32.9
381	-0.702298	245.568002	0.004521	38.9
382	-0.000000	245.262822	0.000000	35.7
383	-0.506510	244.958652	0.004652	32.1
384	-0.619795	244.655485	0.003353	31.6
385	-0.778674	244.353317	0.005994	30.2
386	-0.213922	244.052142	0.004112	31.1
387	-0.573515	243.751955	0.005307	35.4
388	-0.669806	243.452750	0.005969	31.5
389	-0.000000	243.154523	0.000000	31.9
390	-0.738657	242.857268	0.005770	30.7
391	-0.485033	242.560980	0.003405	29.4
392	-0.112435	242.265654	0.003736	30.9
393	-0.871059	241.971285	0.005681	31.9
394	-0.783849	241.677868	0.005505	31.2
395	-0.488370	241.385397	0.003512	31.9
396	-0.335166	241.093869	0.003500	31.5
397	-0.000000	240.803278	0.000000	31.6
398	-0.521653	240.513619	0.005636	30.4
399	-0.548025	240.224887	0.007812	30.1
400	-0.023011	239.937077	0.001008	30.3
401	-0.889454	239.650186	0.007123	30.6
402	-0.934750	239.364207	0.006339	30.5
403	-0.007290	239.079136	0.001832	30.2
404	-0.000000	238.794969	0.000000	31.8
405	-0.000000	238.511701	0.000000	30.7
406	-0.000000	238.229327	0.000000	30.5
407	-0.715690	237.947843	0.006726	31.9
408	-0.000000	237.667244	0.000000	30.8
409	-0.015700	237.387526	0.001716	30.4
410	-0.000000	237.108684	0.000000	30.4
411	-0.000000	236.830714	0.000000	30.6
412	-0.000000	236.553610	0.000000	29.8
413	-0.849893	236.277370	0.005287	30.6
414	-0.013489	236.001989	0.001171	31.0
415	-0.870609	235.727461	0.006016	30.7
416	-0.643068	235.453784	0.007997	31.1
417	-0.000000	235.180952	0.000000	38.3
418	-0.862463	234.908962	0.007064	54.6
419	-0.542113	234.637809	0.005663	39.1
420	-0.008501	234.367488	0.000174	30.5
421	-0.872974	234.097997	0.004962	31.8
422	-0.000000	233.829331	0.000000	30.6
423	-0.000000	233.561485	0.000000	30.5
424	-0.819644	233.294456	0.006502	31.1
425	-0.450171	233.028239	0.004984	31.1
426	-0.814722	232.762831	0.006906	30.6
427	-0.502774	232.498228	0.006880	29.9
428	-0.000000	232.234425	0.000000	30.4
429	-0.335670	231.971419	0.005643	29.4
430	-0.030248	231.709205	0.001178	30.5
431	-0.871223	231.447781	0.006045	30.5
432	-0.000000	231.187141	0.000000	30.0
433	-0.000000	230.927283	0.000000	30.9
434	-0.822873	230.668202	0.004768	31.6
435	-0.793244	230.409895	0.006317	30.6
436	-0.568346	230.152358	0.004686	32.0
437	-0.862641	229.895587	0.006102	30.2
438	-0.414915	229.639578	0.004036	31.5
439	-0.807532	229.384329	0.005905	30.1
440	-0.475079	229.129834	0.005946	30.2
441	-0.653379	228.876091	0.004358	31.2
442	-0.899659	228.623096	0.005323	30.0
443	-0.042258	228.370846	0.001677	31.0
444	-0.390095	228.119336	0.005239	30.3
445	-0.217877	227.868563	0.003208	31.0
446	-0.574971	227.618525	0.006467	30.9
447	-0.000005	227.369216	0.000006	31.0
448	-0.792857	227.120635	0.006025	31.2
449	-0.734893	226.872777	0.005662	30.0
450	-0.535557	226.625638	0.004193	30.9
451	-0.050682	226.379217	0.001043	31.1
452	-0.325811	226.133509	0.003093	30.6
453	-0.000000	225.888510	0.000000	30.1
454	-0.297315	225.644218	0.003994	29.6
455	-0.883814	225.400630	0.005881	30.7
456	-0.382874	225.157741	0.006378	31.2
457	-0.628953	224.915549	0.003663	30.3
458	-0.000000	224.674051	0.000000	29.2
459	-0.811101	224.433242	0.004278	30.4
460	-0.273940	224.193121	0.005358	29.7
461	-0.000000	223.953684	0.000000	30.3
462	-0.000000	223.714927	0.000000	32.5
463	-0.000000	223.476848	0.000000	30.4
464	-0.754190	223.239444	0.007827	31.4
465	-0.690542	223.002710	0.004259	32.3
466	-0.457536	222.766645	0.007350	30.0
467	-0.662370	222.531245	0.006770	31.0
468	-0.654293	222.296508	0.005116	30.3
469	-0.634805	222.062429	0.004719	30.8
470	-0.224310	221.829007	0.003222	30.8
471	-0.564773	221.596238	0.006257	30.1
472	-0.782177	221.364119	0.006214	30.3
473	-0.417903	221.132647	0.005976	30.2
474	-0.000000	220.901820	0.000000	29.0
475	-0.049104	220.671634	0.001802	31.2
476	-0.716859	220.442086	0.005741	29.9
477	-0.425385	220.213174	0.003609	31.9
478	-0.416168	219.984895	0.005072	31.5
479	-0.725016	219.757246	0.004340	30.5
480	-0.572152	219.530224	0.008386	29.8
481	-0.522299	219.303826	0.007175	31.2
482	-0.663332	219.078050	0.004336	32.5
483	-0.000000	218.852893	0.000000	30.4
484	-0.002873	218.628352	0.000105	30.1
485	-0.120817	218.404424	0.003135	30.6
486	-0.697904	218.181106	0.006081	30.9
487	-0.000000	217.958397	0.000000	31.5
488	-0.747410	217.736292	0.007026	34.5
489	-0.236208	217.514790	0.003739	32.4
490	-0.031185	217.293888	0.005316	31.3
491	-0.000006	217.073584	0.000008	30.7
492	-0.555827	216.853873	0.005935	30.0
493	-0.188408	216.634755	0.002624	30.1
494	-0.150525	216.416227	0.001548	30.6
495	-0.000000	216.198285	0.000000	30.2
496	-0.104473	215.980927	0.002482	30.0
497	-0.831188	215.764151	0.006091	30.9
498	-0.219299	215.547955	0.003260	31.1
499	-0.620432	215.332335	0.006238	33.2
500	-0.547685	215.117289	0.005885	30.9
501	-0.714165	214.902815	0.006044	31.1
502	-0.089560	214.688911	0.002215	30.2
503	-0.861430	214.475573	0.005095	30.4
504	-0.833153	214.262800	0.005098	30.0
505	-0.000000	214.050588	0.000000	31.7
506	-0.072629	213.838936	0.001931	31.1
507	-0.164191	213.627842	0.001673	31.9
508	-0.708145	213.417302	0.005225	30.8
509	-0.602226	213.207314	0.005895	30.9
510	-0.739735	212.997877	0.006268	31.4
511	-0.765834	212.788987	0.007812	30.6
512	-0.408766	212.580642	0.005503	30.7
513	-0.039217	212.372841	0.000911	30.3
514	-0.000000	212.165581	0.000000	31.3
515	-0.750560	211.958859	0.005342	31.9
516	-0.920359	211.752673	0.005228	31.9
517	-0.345996	211.547021	0.005936	31.0
518	-0.051470	211.341902	0.003483	31.5
519	-0.000087	211.137311	0.000037	30.4
520	-0.000000	210.933248	0.000000	30.6
521	-0.862737	210.729710	0.006253	30.8
522	-0.967820	210.526695	0.006639	31.2
523	-0.320729	210.324200	0.004660	30.1
524	-0.191851	210.122224	0.005488	30.8
525	-0.205519	209.920765	0.003031	31.3
526	-0.860347	209.719820	0.005074	30.4
527	-0.000003	209.519387	0.000001	31.8
528	-0.163732	209.319463	0.002594	30.5
529	-0.111902	209.120048	0.002378	30.6
530	-0.175911	208.921139	0.004208	30.0
531	-0.683396	208.722733	0.004116	30.2
532	-0.712783	208.524829	0.006400	30.6
533	-0.000000	208.327425	0.000000	30.6
534	-0.693399	208.130518	0.004543	31.2
535	-0.760580	207.934107	0.006044	32.0
536	-0.000000	207.738189	0.000000	30.1
537	-0.000000	207.542762	0.000000	30.5
538	-0.000016	207.347825	0.000020	30.0
539	-0.000000	207.153376	0.000000	29.8
540	-0.612113	206.959412	0.005848	30.9
541	-0.000000	206.765932	0.000000	31.2
542	-0.455427	206.572933	0.003273	29.6
543	-0.848415	206.380414	0.005114	30.2
544	-0.022047	206.188373	0.000959	30.5
545	-0.421360	205.996807	0.003956	29.5
546	-0.543337	205.805716	0.006316	30.7
547	-0.507022	205.615096	0.003908	32.4
548	-0.000000	205.424946	0.000000	30.5
549	-0.607072	205.235265	0.005219	30.4
550	-0.736308	205.046050	0.007008	30.6
551	-0.836022	204.857299	0.005665	30.4
552	-0.610888	204.669011	0.005317	30.4
553	-0.846060	204.481184	0.006493	30.3
554	-0.464676	204.293816	0.005419	30.0
555	-0.796284	204.106905	0.007755	30.2
556	-0.887773	203.920449	0.006406	30.2
557	-0.421408	203.734447	0.004556	29.6
558	-0.000000	203.548896	0.000000	30.6
559	-0.833449	203.363795	0.006764	31.2
560	-0.886824	203.179143	0.004590	30.3
561	-0.647000	202.994937	0.007704	29.8
562	-0.000000	202.811176	0.000000	30.5
563	-0.644083	202.627857	0.006029	28.9
564	-0.247808	202.444980	0.003031	31.1
565	-0.953852	202.262543	0.006387	30.7
566	-0.092595	202.080543	0.007584	31.3
567	-0.843492	201.898979	0.005991	30.8
568	-0.373922	201.717849	0.003558	30.6
569	-0.648641	201.537153	0.004600	29.8
570	-0.485215	201.356887	0.005985	31.8
571	-0.003895	201.177050	0.002523	30.5
572	-0.000000	200.997642	0.000000	30.7
573	-0.926881	200.818659	0.005390	29.6
574	-0.565823	200.640100	0.005594	30.0
575	-0.372402	200.461965	0.005580	29.3
576	-0.000000	200.284250	0.000000	31.3
577	-0.724326	200.106955	0.006851	31.3
578	-0.910907	199.930078	0.006171	31.0
579	-0.000965	199.753617	0.000022	32.7
580	-0.006539	199.577571	0.000440	30.1
581	-0.000989	199.401938	0.000438	30.4
582	-0.750821	199.226717	0.004003	30.2
583	-0.859449	199.051905	0.006505	31.5
584	-0.239237	198.877502	0.003041	31.4
585	-0.000000	198.703506	0.000000	31.3
586	-0.413667	198.529916	0.005006	31.0
587	-0.588334	198.356729	0.006224	31.2
588	-0.446982	198.183944	0.005888	29.8
589	-0.227490	198.011560	0.003981	30.1
590	-0.450946	197.839576	0.005014	29.9
591	-0.136328	197.667989	0.001932	30.4
592	-0.000000	197.496798	0.000000	30.1
593	-0.701639	197.326002	0.007399	30.5
594	-0.000014	197.155600	0.000020	30.7
595	-0.585880	196.985589	0.005137	30.3
596	-0.183696	196.815969	0.003073	31.2
597	-0.489053	196.646738	0.006409	31.4
598	-0.705722	196.477894	0.004986	31.4
599	-0.000000	196.309436	0.000000	30.6
600	-0.002059	196.141363	0.000261	29.9
601	-0.874288	195.973673	0.005902	30.4
602	-0.905337	195.806365	0.006771	29.3
603	-0.000000	195.639437	0.000000	30.3
604	-0.331021	195.472888	0.005655	30.3
605	-0.860014	195.306717	0.005699	30.7
606	-0.035701	195.140922	0.000323	30.0
607	-0.000000	194.975501	0.000000	30.3
608	-0.000000	194.810454	0.000000	31.0
609	-0.810115	194.645779	0.004277	30.7
610	-0.988809	194.481475	0.006655	30.4
611	-0.556615	194.317540	0.006522	30.6
612	-0.553176	194.153973	0.004040	32.1
613	-0.145629	193.990773	0.001784	30.2
614	-0.000000	193.827938	0.000000	30.1
615	-0.000000	193.665467	0.000000	30.5
616	-0.000000	193.503358	0.000000	31.3
617	-0.869342	193.341611	0.005205	31.7
618	-0.070357	193.180224	0.002010	30.8
619	-0.179405	193.019196	0.004652	31.1
620	-0.273378	192.858525	0.002672	30.2
621	-0.307368	192.698210	0.006786	30.0
622	-0.874747	192.538251	0.006347	31.4
623	-0.002748	192.378644	0.000078	30.4
624	-0.494825	192.219391	0.005803	30.2
625	-0.771795	192.060488	0.006367	31.8
626	-0.541118	191.901935	0.006328	31.4
627	-0.430093	191.743730	0.005363	30.3
628	-0.112193	191.585873	0.001405	30.5
629	-0.738327	191.428362	0.005564	31.6
630	-0.733357	191.271196	0.005181	30.6
631	-0.000000	191.114374	0.000000	31.2
632	-0.880418	190.957893	0.004992	30.8
633	-0.757634	190.801755	0.006628	30.6
634	-0.407391	190.645956	0.006374	30.1
635	-0.888890	190.490495	0.005485	29.9
636	-0.016230	190.335373	0.000639	30.4
637	-0.626406	190.180587	0.004461	31.2
638	-0.584578	190.026136	0.004895	31.8
639	-0.000000	189.872019	0.000000	31.1
640	-0.000000	189.718235	0.000000	30.9
641	-0.696203	189.564782	0.005298	30.5
642	-0.028082	189.411661	0.000841	30.2
643	-0.693858	189.258868	0.006967	30.5
644	-0.360771	189.106404	0.003138	31.2
645	-0.141197	188.954267	0.002528	31.5
646	-0.778668	188.802456	0.006219	31.3
647	-0.806022	188.650969	0.004629	30.1
648	-0.853294	188.499807	0.006298	30.5
649	-0.000000	188.348967	0.000000	30.0
650	-0.286288	188.198448	0.004800	31.5
651	-0.247245	188.048250	0.003462	30.6
652	-0.814340	187.898371	0.005003	30.5
653	-0.066272	187.748810	0.002062	30.8
654	-0.495271	187.599566	0.005892	30.2
655	-0.000000	187.450638	0.000000	30.1
656	-0.618908	187.302025	0.003609	29.8
657	-0.000000	187.153725	0.000000	30.9
658	-0.767778	187.005739	0.006663	30.8
659	-0.701224	186.858064	0.004578	30.9
660	-0.766689	186.710699	0.005867	30.7
661	-0.374691	186.563645	0.005765	29.3
662	-0.000000	186.416898	0.000000	30.3
663	-0.000000	186.270459	0.000000	30.5
664	-0.713821	186.124326	0.004730	31.4
665	-0.526503	185.978499	0.005645	30.6
666	-0.870537	185.832976	0.005442	29.6
667	-0.521547	185.687756	0.006897	30.2
668	-0.848776	185.542838	0.006623	29.6
669	-0.844564	185.398222	0.005449	30.6
670	-0.963017	185.253906	0.006039	31.9
671	-0.000000	185.109889	0.000000	32.1
672	-0.703402	184.966170	0.005181	30.8
673	-0.000000	184.822748	0.000000	30.2
674	-0.000000	184.679623	0.000000	30.1
675	-0.363513	184.536792	0.006188	30.1
676	-0.538302	184.394256	0.005863	30.6
677	-0.310082	184.252013	0.002946	31.3
678	-0.000000	184.110062	0.000000	30.6
679	-0.699027	183.968403	0.004492	30.6
680	-0.922674	183.827034	0.005851	31.1
681	-0.359537	183.685954	0.004027	30.1
682	-0.464072	183.545163	0.003183	32.5
683	-0.019259	183.404658	0.002162	30.4
684	-0.136716	183.264441	0.001285	30.3
685	-0.617822	183.124509	0.005704	29.8
686	-0.417731	182.984861	0.003744	30.5
687	-0.611076	182.845497	0.006334	30.6
688	-0.000000	182.706416	0.000000	28.5
689	-0.000000	182.567616	0.000000	31.4
690	-0.000000	182.429098	0.000000	30.1
691	-0.420776	182.290859	0.005035	30.8
692	-0.344644	182.152899	0.003644	30.4
693	-0.547261	182.015217	0.005615	29.9
694	-0.464247	181.877813	0.003581	31.0
695	-0.000000	181.740684	0.000000	30.2
696	-0.501277	181.603832	0.004835	30.0
697	-0.000000	181.467253	0.000000	29.5
698	-0.254326	181.330948	0.003257	29.8
699	-0.241315	181.194916	0.003927	30.2
700	-0.680552	181.059155	0.004323	31.0
701	-0.000000	180.923666	0.000000	30.1
702	-0.949550	180.788446	0.005238	31.1
703	-0.000000	180.653496	0.000000	30.3
704	-0.818518	180.518814	0.005608	30.1
705	-0.201326	180.384399	0.003153	28.9
706	-0.163037	180.250251	0.003420	30.8
707	-0.818959	180.116369	0.005839	30.3
708	-0.893673	179.982752	0.005638	30.0
709	-0.557918	179.849398	0.005830	30.4
710	-0.600504	179.716308	0.006070	31.2
711	-0.668611	179.583480	0.004965	30.0
712	-0.730265	179.450913	0.005745	31.9
713	-0.644026	179.318607	0.006109	33.0
714	-0.669950	179.186561	0.004702	30.8
715	-0.494805	179.054774	0.003977	30.3
716	-0.851406	178.923245	0.006292	30.2
717	-0.143770	178.791973	0.003772	30.1
718	-0.622930	178.660958	0.006559	29.8
719	-0.571954	178.530199	0.004745	30.3
720	-0.891708	178.399694	0.006964	30.4
721	-0.000000	178.269444	0.000000	29.7
722	-0.500175	178.139447	0.004059	31.4
723	-0.469561	178.009702	0.005558	30.5
724	-0.041116	177.880209	0.001974	30.7
725	-0.429396	177.750967	0.005463	30.3
726	-0.546121	177.621975	0.006034	30.3
727	-0.583513	177.493232	0.004612	30.7
728	-0.205239	177.364738	0.003246	29.8
729	-0.709072	177.236492	0.006403	29.8
730	-0.906831	177.108492	0.007615	30.3
731	-0.762985	176.980739	0.006562	30.4
732	-0.051904	176.853231	0.001983	30.2
733	-0.674577	176.725968	0.006640	30.4
734	-0.463390	176.598949	0.005564	31.0
735	-0.091631	176.472173	0.002791	31.5
736	-0.508010	176.345639	0.006142	30.2
737	-0.221483	176.219348	0.003644	30.1
738	-0.000000	176.093296	0.000000	30.1
739	-0.335680	175.967486	0.005203	30.0
740	-0.204569	175.841914	0.003192	29.9
741	-0.695084	175.716581	0.004736	29.7
742	-0.000000	175.591486	0.000000	32.4
743	-0.365905	175.466629	0.005452	31.0
744	-0.765021	175.342008	0.004482	30.8
745	-0.000000	175.217622	0.000000	30.1
746	-0.735961	175.093472	0.009120	31.1
747	-0.287268	174.969556	0.002920	29.8
748	-0.939155	174.845873	0.006448	30.1
749	-0.954214	174.722423	0.006396	30.7
750	-0.905513	174.599206	0.005070	29.7
751	-0.011210	174.476220	0.002280	29.6
752	-0.666891	174.353464	0.005666	29.7
753	-0.069704	174.230939	0.001029	30.8
754	-0.445179	174.108643	0.002932	29.5
755	-0.141932	173.986576	0.002778	30.8
756	-0.892016	173.864737	0.005130	31.3
757	-0.068086	173.743124	0.002678	30.5
758	-0.319256	173.621739	0.004941	30.5
759	-0.000000	173.500579	0.000000	29.1
760	-0.203792	173.379645	0.005479	30.3
761	-0.000000	173.258935	0.000000	30.7
762	-0.926577	173.138449	0.006634	29.7
763	-0.041113	173.018186	0.000991	30.1
764	-0.485506	172.898146	0.007352	30.0
765	-0.410951	172.778327	0.002942	30.8
766	-0.894015	172.658730	0.006185	30.9
767	-0.036826	172.539353	0.000463	30.3
768	-0.545433	172.420196	0.006045	31.1
769	-0.000000	172.301258	0.000000	29.6
770	-0.515201	172.182539	0.005810	28.1
771	-0.319373	172.064037	0.003057	30.9
772	-0.392803	171.945753	0.004500	30.2
773	-0.721640	171.827686	0.005646	30.1
774	-0.680534	171.709834	0.003968	30.0
775	-0.000000	171.592198	0.000000	33.7
776	-0.720088	171.474776	0.005466	30.3
777	-0.075626	171.357568	0.002326	30.5
778	-0.339515	171.240574	0.004707	31.8
779	-0.000000	171.123793	0.000000	30.0
780	-0.704071	171.007223	0.006462	29.7
781	-0.692450	170.890865	0.004688	29.6
782	-0.004797	170.774718	0.000204	30.8
783	-0.000000	170.658782	0.000000	30.1
784	-0.490326	170.543055	0.006688	30.1
785	-0.013794	170.427537	0.003660	29.3
786	-0.020073	170.312227	0.000798	30.9
787	-0.832382	170.197125	0.007180	31.4
788	-0.063584	170.082231	0.002197	31.0
789	-0.770137	169.967543	0.004796	31.0
790	-0.875594	169.853061	0.006509	30.1
791	-0.123389	169.738784	0.002329	30.6
792	-0.880774	169.624713	0.006104	30.1
793	-0.000000	169.510845	0.000000	30.3
794	-0.273803	169.397181	0.004794	29.8
795	-0.340184	169.283720	0.004481	30.5
796	-0.523762	169.170462	0.003592	30.4
797	-0.000000	169.057405	0.000000	29.9
798	-0.786724	168.944549	0.004499	30.4
799	-0.000000	168.831895	0.000000	30.7
800	-0.807658	168.719440	0.006330	31.7
801	-0.000000	168.607185	0.000000	31.1
802	-0.014067	168.495129	0.000643	30.4
803	-0.335814	168.383271	0.004633	29.9
804	-0.008203	168.271611	0.000539	30.4
805	-0.751901	168.160148	0.006549	30.0
806	-0.604341	168.048882	0.006106	27.7
807	-0.679071	167.937812	0.005651	31.9
808	-0.886813	167.826938	0.004613	31.9
809	-0.628113	167.716258	0.005285	30.8
810	-0.336457	167.605773	0.003212	31.0
811	-0.794346	167.495482	0.006287	30.1
812	-0.674726	167.385384	0.005491	29.5
813	-0.050412	167.275479	0.001566	29.6
814	-0.598500	167.165766	0.004852	30.3
815	-0.824087	167.056245	0.004431	30.6
816	-0.109736	166.946915	0.001677	30.5
817	-0.000000	166.837776	0.000000	30.9
818	-0.933901	166.728826	0.006727	30.9
819	-0.000000	166.620067	0.000000	29.5
820	-0.905251	166.511496	0.005903	30.5
821	-0.000000	166.403113	0.000000	29.8
822	-0.000000	166.294919	0.000000	30.2
823	-0.531999	166.186912	0.003522	29.8
824	-0.861499	166.079091	0.006689	30.6
825	-0.455151	165.971458	0.003417	30.2
826	-0.450212	165.864009	0.006423	29.9
827	-0.023736	165.756747	0.000184	30.6
828	-0.848505	165.649669	0.004615	30.5
829	-0.169551	165.542775	0.002059	29.2
830	-0.000000	165.436065	0.000000	30.9
831	-0.460556	165.329538	0.006447	29.7
832	-0.986962	165.223194	0.007018	30.8
833	-0.003531	165.117032	0.000072	30.9
834	-0.569913	165.011052	0.006938	30.2
835	-0.901332	164.905253	0.005895	30.3
836	-0.000000	164.799635	0.000000	31.4
837	-0.859774	164.694197	0.006469	32.4
838	-0.861997	164.588939	0.006090	31.2
839	-0.204448	164.483859	0.003449	30.2
840	-0.000695	164.378959	0.000101	32.0
841	-0.844429	164.274237	0.004974	29.8
842	-0.042573	164.169692	0.001775	29.9
843	-0.454052	164.065325	0.005524	30.2
844	-0.690775	163.961135	0.006795	31.1
845	-0.547320	163.857120	0.006560	30.6
846	-0.755588	163.753282	0.005756	30.5
847	-0.135704	163.649619	0.002708	31.3
848	-0.000000	163.546130	0.000000	30.4
849	-0.760970	163.442816	0.005724	29.8
850	-0.307704	163.339676	0.006753	30.3
851	-0.783434	163.236709	0.005708	29.8
852	-0.616237	163.133915	0.005913	30.5
853	-0.000000	163.031294	0.000000	31.6
854	-0.000000	162.928844	0.000000	30.5
855	-0.000000	162.826566	0.000000	30.4
856	-0.000000	162.724459	0.000000	30.8
857	-0.000000	162.622523	0.000000	31.5
858	-0.796032	162.520757	0.005261	30.7
859	-0.331888	162.419160	0.003568	29.5
860	-0.717822	162.317733	0.005077	30.2
861	-0.928205	162.216474	0.005427	31.8
862	-0.000000	162.115383	0.000000	29.3
863	-0.700849	162.014461	0.003986	30.2
864	-0.000000	161.913705	0.000000	30.9
865	-0.000000	161.813117	0.000000	30.1
866	-0.000000	161.712695	0.000000	30.7
867	-0.448896	161.612439	0.004021	31.0
868	-0.891039	161.512349	0.005964	30.3
869	-0.786691	161.412424	0.006687	30.8
870	-0.000000	161.312663	0.000000	31.2
871	-0.000092	161.213067	0.000026	29.5
872	-0.305216	161.113635	0.004726	29.7
873	-0.602803	161.014366	0.005666	31.9
874	-0.635067	160.915260	0.004715	30.0
875	-0.000000	160.816316	0.000000	32.1
876	-0.912456	160.717535	0.004979	31.4
877	-0.686251	160.618915	0.005195	31.2
878	-0.718440	160.520456	0.006738	31.3
879	-0.487593	160.422158	0.005208	29.9
880	-0.568649	160.324021	0.007560	29.7
881	-0.965103	160.226043	0.005778	29.5
882	-0.899370	160.128225	0.006971	31.4
883	-0.010632	160.030566	0.000105	30.9
884	-0.014795	159.933066	0.002035	30.2
885	-0.169089	159.835723	0.003438	30.1
886	-0.392095	159.738539	0.005589	32.3
887	-0.566172	159.641512	0.003911	30.6
888	-0.793776	159.544642	0.006057	30.5
889	-0.784064	159.447929	0.005500	31.5
890	-0.744467	159.351372	0.004189	30.9
891	-0.362020	159.254971	0.003244	29.7
892	-0.140908	159.158725	0.002256	30.3
893	-0.221558	159.062634	0.003267	30.5
894	-0.379893	158.966697	0.003972	29.6
895	-0.000098	158.870915	0.000099	30.3
896	-0.360073	158.775286	0.005153	30.4
897	-0.670804	158.679811	0.004995	31.1
898	-0.000000	158.584489	0.000000	30.3
899	-0.003701	158.489319	0.000252	31.0
900	-0.889689	158.394302	0.005974	30.9
901	-0.000000	158.299436	0.000000	28.8
902	-0.557225	158.204721	0.005816	30.0
903	-0.782560	158.110158	0.007560	30.2
904	-0.941354	158.015745	0.006120	30.2
905	-0.731342	157.921482	0.007589	31.2
906	-0.121324	157.827369	0.002227	30.3
907	-0.394342	157.733406	0.003200	31.1
908	-0.155453	157.639591	0.002386	31.8
909	-0.544017	157.545925	0.006441	30.7
910	-0.284081	157.452408	0.004384	32.0
911	-0.762533	157.359038	0.007166	30.5
912	-0.524983	157.265816	0.005811	29.2
913	-0.833673	157.172741	0.006234	30.3
914	-0.368130	157.079813	0.004875	30.0
915	-0.000001	156.987031	0.000001	30.2
916	-0.442801	156.894395	0.005002	30.3
917	-0.478465	156.801904	0.004681	29.8
918	-0.334021	156.709559	0.004401	30.4
919	-0.021000	156.617359	0.000678	31.2
920	-0.800548	156.525304	0.004482	29.5
921	-0.836570	156.433392	0.004919	30.4
922	-0.194453	156.341624	0.006946	30.9
923	-0.443794	156.250000	0.006179	29.3
924	-0.299621	156.158519	0.003007	29.7
925	-0.431882	156.067180	0.004664	31.1
926	-0.021224	155.975984	0.001410	30.3
927	-0.000000	155.884930	0.000000	30.1
928	-0.677157	155.794017	0.004914	30.2
929	-0.876358	155.703246	0.005025	31.2
930	-0.397683	155.612615	0.003545	30.6
931	-0.588720	155.522125	0.005030	31.3
932	-0.835222	155.431775	0.004977	31.2
933	-0.745125	155.341565	0.007456	30.7
934	-0.748775	155.251495	0.005204	30.7
935	-0.578088	155.161563	0.006255	30.4
936	-0.935534	155.071771	0.006084	30.5
937	-0.743045	154.982117	0.005490	29.9
938	-0.713075	154.892601	0.007055	32.8
939	-0.887747	154.803222	0.004830	31.2
940	-0.375565	154.713981	0.004967	30.1
941	-0.000000	154.624878	0.000000	30.3
942	-0.795316	154.535910	0.005559	30.1
943	-0.000001	154.447080	0.000003	31.1
944	-0.297922	154.358385	0.002998	29.7
945	-0.510053	154.269826	0.008391	30.2
946	-0.108131	154.181402	0.002530	30.2
947	-0.417232	154.093114	0.003970	31.1
948	-0.669796	154.004960	0.004891	30.4
949	-0.265349	153.916940	0.003626	31.0
950	-0.000000	153.829054	0.000000	29.7
951	-0.000000	153.741303	0.000000	31.1
952	-0.268308	153.653684	0.004330	30.1
953	-0.895727	153.566198	0.005096	30.2
954	-0.059099	153.478846	0.002693	30.7
955	-0.872864	153.391625	0.005907	29.5
956	-0.000000	153.304537	0.000000	29.6
957	-0.679732	153.217580	0.005493	30.6
958	-0.000000	153.130755	0.000000	31.4
959	-0.686710	153.044061	0.004800	30.8
960	-0.000000	152.957498	0.000000	30.3
961	-0.924167	152.871065	0.007160	31.1
962	-0.434188	152.784762	0.005380	30.0
963	-0.679561	152.698589	0.005603	30.0
964	-0.539602	152.612545	0.004998	32.6
965	-0.586051	152.526631	0.006106	30.3
966	-0.842803	152.440845	0.006259	30.2
967	-0.000000	152.355188	0.000000	30.7
968	-0.504730	152.269660	0.006126	31.4
969	-0.450250	152.184259	0.005190	28.6
970	-0.270525	152.098986	0.003967	32.1
971	-0.000000	152.013840	0.000000	30.3
972	-0.483031	151.928821	0.005014	30.2
973	-0.947030	151.843928	0.006721	30.0
974	-0.765667	151.759163	0.007449	29.9
975	-0.000000	151.674523	0.000000	31.2
976	-0.664184	151.590009	0.006385	30.1
977	-0.858199	151.505620	0.007010	30.0
978	-0.020928	151.421357	0.001211	30.8
979	-0.762518	151.337218	0.004078	30.6
980	-0.000000	151.253204	0.000000	30.4
981	-0.300393	151.169314	0.004160	30.9
982	-0.000000	151.085549	0.000000	30.1
983	-0.235423	151.001907	0.002452	30.0
984	-0.691351	150.918388	0.005209	29.8
985	-0.792140	150.834992	0.005355	29.7
986	-0.000000	150.751719	0.000000	31.0
987	-0.732871	150.668569	0.005925	31.7
988	-0.711081	150.585541	0.006550	30.4
989	-0.545146	150.502634	0.005683	31.7
990	-0.594172	150.419849	0.005599	31.1
991	-0.000000	150.337186	0.000000	30.4
992	-0.000000	150.254644	0.000000	30.1
993	-0.000000	150.172222	0.000000	30.2
994	-0.556671	150.089921	0.006842	30.8
995	-0.313059	150.007740	0.003922	29.8
996	-0.338734	149.925679	0.003043	29.6
997	-0.705953	149.843737	0.005588	31.3
998	-0.148514	149.761915	0.005806	30.7
999	-0.000729	149.680212	0.000103	30.3
1000	-0.651801	149.598627	0.007100	31.5
1001	-0.858592	149.517161	0.004507	30.6
1002	-0.000000	149.435814	0.000000	30.1
1003	-0.000000	149.354584	0.000000	31.4
1004	-0.318138	149.273472	0.003262	30.8
1005	-0.854735	149.192477	0.005167	30.4
1006	-0.658415	149.111599	0.006562	31.2
1007	-0.962453	149.030838	0.006626	31.0
1008	-0.574518	148.950194	0.007115	30.3
1009	-0.946690	148.869666	0.005837	30.1
1010	-0.000000	148.789253	0.000000	29.9
1011	-0.777310	148.708957	0.006522	30.6
1012	-0.180143	148.628776	0.004022	30.1
1013	-0.000000	148.548710	0.000000	30.4
1014	-0.831926	148.468759	0.005834	30.9
1015	-0.821135	148.388923	0.005889	31.3
1016	-0.000000	148.309201	0.000000	30.5
1017	-0.544968	148.229594	0.006651	30.5
1018	-0.879039	148.150100	0.004982	30.1
1019	-0.000000	148.070719	0.000000	29.4
1020	-0.043758	147.991452	0.000700	30.5
1021	-0.039822	147.912298	0.000887	29.9
1022	-0.316267	147.833257	0.003303	30.3
1023	-0.700891	147.754329	0.005695	31.0
1024	-0.807387	147.675512	0.005155	31.1
1025	-0.005208	147.596808	0.000151	31.1
1026	-0.514085	147.518216	0.006558	31.1
1027	-0.869824	147.439735	0.007884	30.1
1028	-0.662022	147.361365	0.004955	31.5
1029	-0.891492	147.283106	0.005457	30.4
1030	-0.852085	147.204958	0.005605	30.2
1031	-0.000004	147.126920	0.000006	31.7
1032	-0.000000	147.048993	0.000000	30.7
1033	-0.001896	146.971175	0.000128	31.4
1034	-0.204959	146.893468	0.002814	31.3
1035	-0.000000	146.815869	0.000000	30.3
1036	-0.767697	146.738380	0.005664	32.4
1037	-0.813803	146.661000	0.004733	30.3
1038	-0.353033	146.583729	0.005327	30.7
1039	-0.797352	146.506566	0.006138	30.7
1040	-0.007252	146.429511	0.000697	30.8
1041	-0.470814	146.352565	0.007298	31.4
1042	-0.581970	146.275726	0.005790	30.7
1043	-0.485822	146.198994	0.006758	29.8
1044	-0.768451	146.122370	0.005102	30.1
1045	-0.000000	146.045853	0.000000	29.8
1046	-0.906458	145.969442	0.005089	31.2
1047	-0.517240	145.893139	0.004085	30.4
1048	-0.000000	145.816941	0.000000	30.5
1049	-0.654913	145.740849	0.004034	30.9
1050	-0.200948	145.664863	0.003395	30.3
1051	-0.298332	145.588983	0.003226	30.5
1052	-0.798756	145.513208	0.007615	29.1
1053	-0.958865	145.437538	0.005026	31.0
1054	-0.000000	145.361973	0.000000	29.1
1055	-0.004294	145.286513	0.000091	30.8
1056	-0.000000	145.211157	0.000000	30.9
1057	-0.731999	145.135905	0.005105	30.8
1058	-0.566516	145.060757	0.006600	30.6
1059	-0.000000	144.985712	0.000000	30.5
1060	-0.452202	144.910771	0.004352	30.0
1061	-0.262006	144.835934	0.004147	29.9
1062	-0.027814	144.761199	0.004183	29.9
1063	-0.366510	144.686567	0.002366	30.9
1064	-0.538819	144.612037	0.006967	29.0
1065	-0.737871	144.537610	0.006347	31.0
1066	-0.000000	144.463285	0.000000	30.7
1067	-0.236612	144.389062	0.002906	30.9
1068	-0.634613	144.314940	0.005313	29.5
1069	-0.636945	144.240920	0.007263	31.6
1070	-0.222195	144.167001	0.003630	30.5
1071	-0.000000	144.093182	0.000001	30.3
1072	-0.609868	144.019465	0.007176	30.6
1073	-0.453154	143.945848	0.005505	30.8
1074	-0.000000	143.872331	0.000000	30.6
1075	-0.490743	143.798914	0.003868	30.8
1076	-0.037659	143.725597	0.001786	31.2
1077	-0.777886	143.652380	0.004225	29.9
1078	-0.536290	143.579262	0.003412	29.8
1079	-0.542979	143.506243	0.007322	30.0
1080	-0.849949	143.433323	0.006442	30.0
1081	-0.000000	143.360502	0.000000	30.1
1082	-0.098376	143.287780	0.003318	31.2
1083	-0.366461	143.215155	0.003103	31.1
1084	-0.849708	143.142629	0.005866	30.3
1085	-0.713507	143.070201	0.004756	31.2
1086	-0.516368	142.997870	0.005423	30.0
1087	-0.000000	142.925637	0.000000	29.8
1088	-0.600971	142.853501	0.004114	30.6
1089	-0.731563	142.781462	0.008493	29.6
1090	-0.327294	142.709519	0.003314	29.3
1091	-0.310985	142.637674	0.003221	30.5
1092	-0.000000	142.565924	0.000000	30.3
1093	-0.000000	142.494271	0.000000	30.8
1094	-0.000000	142.422714	0.000000	31.6
1095	-0.247730	142.351252	0.003666	29.8
1096	-0.217871	142.279886	0.003181	30.3
1097	-0.000026	142.208616	0.000015	30.4
1098	-0.810057	142.137440	0.005403	29.2
1099	-1.049022	142.066360	0.006552	30.4
1100	-1.021532	141.995374	0.007141	30.2
1101	-0.584171	141.924483	0.006046	31.6
1102	-0.735588	141.853685	0.005727	31.7
1103	-0.019069	141.782983	0.001310	30.5
1104	-0.882383	141.712373	0.005856	30.6
1105	-0.000000	141.641858	0.000000	30.9
1106	-0.389182	141.571436	0.005297	29.4
1107	-0.000000	141.501108	0.000000	29.3
1108	-0.005235	141.430872	0.000732	30.1
1109	-0.086192	141.360730	0.001984	30.8
1110	-0.000445	141.290680	0.000095	30.3
1111	-0.421276	141.220722	0.005124	31.4
1112	-0.032316	141.150857	0.001329	29.8
1113	-0.780171	141.081084	0.006002	31.7
1114	-0.574765	141.011403	0.006161	29.9
1115	-0.000000	140.941813	0.000000	30.2
1116	-0.000000	140.872315	0.000000	29.0
1117	-0.922712	140.802909	0.006423	30.5
1118	-1.063224	140.733593	0.006278	30.1
1119	-0.124035	140.664369	0.001598	30.9
1120	-0.000000	140.595235	0.000000	31.0
1121	-0.000000	140.526192	0.000000	30.4
1122	-0.000000	140.457239	0.000000	30.4
1123	-0.000000	140.388376	0.000000	32.1
1124	-0.791108	140.319603	0.005263	31.0
1125	-0.414020	140.250920	0.005624	33.8
1126	-0.809460	140.182326	0.004794	32.7
1127	-0.000000	140.113822	0.000000	34.0
1128	-0.000000	140.045407	0.000000	31.5
1129	-0.445840	139.977081	0.004978	33.0
1130	-0.000000	139.908844	0.000000	31.7
1131	-0.522263	139.840696	0.003315	32.5
1132	-0.000000	139.772635	0.000000	31.0
1133	-0.598982	139.704664	0.006766	31.3
1134	-0.000000	139.636780	0.000000	30.5
1135	-0.763073	139.568984	0.005175	29.9
1136	-0.687894	139.501276	0.007715	31.6
1137	-0.507277	139.433655	0.003587	31.1
1138	-0.905656	139.366122	0.006999	30.8
1139	-0.000000	139.298676	0.000000	30.5
1140	-0.674226	139.231317	0.006613	31.1
1141	-0.760197	139.164045	0.004219	30.4
1142	-0.688026	139.096859	0.004961	31.1
1143	-0.549326	139.029760	0.005030	30.7
1144	-0.000000	138.962747	0.000000	30.5
1145	-0.242950	138.895820	0.001922	30.0
1146	-0.866262	138.828978	0.004963	30.4
1147	-0.057693	138.762223	0.000871	31.6
1148	-0.000000	138.695553	0.000000	29.8
1149	-0.000000	138.628969	0.000000	31.0
1150	-0.754763	138.562469	0.004673	31.4
1151	-0.643519	138.496055	0.003478	31.4
1152	-0.805195	138.429725	0.007227	29.8
1153	-0.684782	138.363481	0.005120	30.3
1154	-0.927777	138.297320	0.005502	30.4
1155	-0.969296	138.231244	0.005466	30.6
1156	-0.776357	138.165252	0.006133	31.4
1157	-0.946012	138.099344	0.006696	31.5
1158	-0.571651	138.033520	0.005437	31.8
1159	-0.700350	137.967779	0.006562	31.3
1160	-0.000000	137.902122	0.000000	30.7
1161	-0.423775	137.836548	0.004178	31.0
1162	-0.947237	137.771057	0.005508	29.9
1163	-0.729653	137.705649	0.005194	29.8
1164	-0.486143	137.640324	0.006295	29.5
1165	-0.361336	137.575081	0.005752	31.2
1166	-0.314204	137.509921	0.004589	32.5
1167	-0.000000	137.444842	0.000000	30.8
1168	-0.803366	137.379846	0.004159	31.2
1169	-0.495570	137.314932	0.002929	30.5
1170	-0.605430	137.250100	0.006599	31.3
1171	-0.440329	137.185349	0.004497	31.0
1172	-0.800229	137.120680	0.006026	31.3
1173	-0.000000	137.056092	0.000000	30.2
1174	-0.436517	136.991585	0.004623	29.2
1175	-0.431033	136.927158	0.003731	30.4
1176	-0.356499	136.862813	0.004683	30.0
1177	-0.528489	136.798548	0.003590	31.1
1178	-0.566189	136.734363	0.005068	30.5
1179	-0.985449	136.670259	0.006566	31.4
1180	-0.088814	136.606235	0.002055	30.7
1181	-0.811801	136.542291	0.005975	30.2
1182	-0.052939	136.478426	0.002201	30.2
1183	-0.000967	136.414641	0.000431	29.9
1184	-0.634967	136.350936	0.003691	29.0
1185	-0.746045	136.287310	0.005489	31.1
1186	-0.295383	136.223763	0.002898	30.4
1187	-0.464045	136.160295	0.005531	30.5
1188	-0.201481	136.096905	0.003990	31.4
1189	-0.576104	136.033594	0.004985	31.1
1190	-0.000000	135.970362	0.000000	29.8
1191	-0.805397	135.907208	0.005270	29.9
1192	-0.625772	135.844133	0.004859	29.9
1193	-1.004956	135.781135	0.006204	30.8
1194	-0.559143	135.718215	0.004115	30.8
1195	-0.115142	135.655373	0.003044	31.1
1196	-0.360534	135.592608	0.005353	31.5
1197	-0.045388	135.529921	0.002875	29.0
1198	-0.000000	135.467311	0.000000	31.1
1199	-0.000780	135.404778	0.000089	30.0
1200	-0.839185	135.342322	0.005496	30.7
1201	-0.458817	135.279942	0.004534	30.4
1202	-0.011027	135.217640	0.000444	31.5
1203	-0.278403	135.155413	0.003443	31.8
1204	-0.013961	135.093263	0.000465	30.3
1205	-0.111688	135.031190	0.002516	30.0
1206	-0.720067	134.969192	0.006251	29.9
1207	-0.929777	134.907270	0.006689	30.2
1208	-0.607577	134.845424	0.004428	30.9
1209	-0.116688	134.783653	0.001902	30.3
1210	-0.949496	134.721958	0.005888	30.3
1211	-0.063293	134.660338	0.002215	31.4
1212	-0.879150	134.598793	0.006022	30.7
1213	-0.903650	134.537323	0.005417	29.9
1214	-0.764231	134.475927	0.005287	31.2
1215	-0.636202	134.414607	0.005307	29.9
1216	-0.740238	134.353361	0.006144	29.1
1217	-0.757491	134.292189	0.007931	30.4
1218	-0.836828	134.231092	0.005080	31.8
1219	-0.212006	134.170068	0.002233	31.0
1220	-0.813607	134.109119	0.005463	30.4
1221	-0.778555	134.048243	0.005418	30.5
1222	-0.477251	133.987441	0.005132	30.5
1223	-0.829255	133.926713	0.005913	29.5
1224	-0.367784	133.866057	0.003962	29.9
1225	-0.000013	133.805475	0.000015	30.5
1226	-0.235309	133.744966	0.002294	28.9
1227	-0.000000	133.684530	0.000000	30.9
1228	-0.802850	133.624167	0.005048	31.0
1229	-0.000000	133.563877	0.000000	30.7
1230	-0.604116	133.503658	0.005423	31.0
1231	-0.327879	133.443513	0.003501	32.8
1232	-0.585584	133.383439	0.006421	30.0
1233	-0.534721	133.323437	0.006160	29.2
1234	-0.879360	133.263508	0.005725	29.8
1235	-0.000000	133.203650	0.000000	30.5
1236	-0.677776	133.143864	0.005370	30.4
1237	-0.803467	133.084149	0.005926	30.3
1238	-0.000000	133.024506	0.000000	31.0
1239	-0.750620	132.964934	0.004850	31.2
1240	-0.853639	132.905433	0.005419	30.8
1241	-0.819379	132.846003	0.005291	30.2
1242	-0.000000	132.786643	0.000000	29.8
1243	-0.868991	132.727355	0.005554	30.0
1244	-0.610855	132.668137	0.004526	30.8
1245	-0.176904	132.608989	0.002995	31.4
1246	-0.534688	132.549912	0.005729	31.6
1247	-0.450961	132.490904	0.003787	31.1
1248	-0.584784	132.431967	0.006930	29.8
1249	-0.000000	132.373100	0.000000	29.4
1250	-0.885297	132.314302	0.006091	30.6
1251	-0.528907	132.255574	0.006014	31.1
1252	-0.689546	132.196916	0.006553	31.2
1253	-0.683114	132.138326	0.005743	30.5
1254	-0.689003	132.079806	0.006207	30.6
1255	-0.000000	132.021355	0.000000	30.8
1256	-0.714441	131.962973	0.005112	29.9
1257	-0.524419	131.904660	0.003772	31.7
1258	-0.331563	131.846415	0.004432	29.9
1259	-0.710075	131.788239	0.006643	30.0
1260	-0.569666	131.730131	0.005812	31.0
1261	-0.000022	131.672092	0.000018	30.4
1262	-0.529798	131.614121	0.005687	30.7
1263	-0.948801	131.556217	0.005961	30.7
1264	-0.352468	131.498382	0.003977	34.7
1265	-0.230647	131.440614	0.004739	30.2
1266	-0.892083	131.382914	0.005799	31.3
1267	-0.849097	131.325282	0.004387	31.7
1268	-0.000000	131.267717	0.000000	31.2
1269	-0.772610	131.210219	0.006025	30.5
1270	-0.529429	131.152788	0.007044	30.4
1271	-0.000000	131.095424	0.000000	29.7
1272	-0.030258	131.038127	0.002547	30.5
1273	-0.097848	130.980897	0.002818	31.2
1274	-0.008377	130.923733	0.001071	32.7
1275	-0.671083	130.866636	0.003785	30.6
1276	-0.143595	130.809605	0.002908	32.0
1277	-0.366129	130.752641	0.004226	31.7
1278	-0.000000	130.695742	0.000000	30.5
1279	-0.000000	130.638910	0.000000	29.8
1280	-0.604748	130.582143	0.006223	30.8
1281	-0.875574	130.525442	0.005375	31.6
1282	-0.464302	130.468807	0.004412	30.9
1283	-0.791844	130.412237	0.005230	31.0
1284	-0.000000	130.355733	0.000000	30.6
1285	-0.000000	130.299294	0.000000	31.0
1286	-0.309151	130.242920	0.004390	31.3
1287	-0.997467	130.186611	0.006123	30.3
1288	-0.021088	130.130366	0.001437	32.1
1289	-0.000000	130.074187	0.000000	31.7
1290	-0.000000	130.018072	0.000000	30.3
1291	-0.153031	129.962022	0.001958	30.0
1292	-0.205894	129.906036	0.002738	30.5
1293	-0.000000	129.850114	0.000000	31.2
1294	-0.023511	129.794257	0.001341	30.8
1295	-0.828077	129.738463	0.006841	31.2
1296	-0.771848	129.682734	0.007130	32.8
1297	-0.099544	129.627068	0.001611	31.0
1298	-0.377832	129.571466	0.003036	31.9
1299	-0.280147	129.515927	0.003799	32.5
1300	-0.137664	129.460452	0.001736	29.7
1301	-0.052389	129.405040	0.000848	30.6
1302	-0.701150	129.349692	0.007185	30.9
1303	-0.831925	129.294406	0.004835	30.5
1304	-0.926502	129.239183	0.005990	31.8
1305	-0.661166	129.184024	0.003678	32.0
1306	-0.032664	129.128927	0.000467	32.0
1307	-0.678800	129.073892	0.005237	31.0
1308	-0.466705	129.018921	0.005434	31.5
1309	-0.645381	128.964011	0.007023	31.5
1310	-0.652620	128.909164	0.005402	30.1
1311	-0.758075	128.854379	0.006591	30.9
1312	-0.033748	128.799656	0.001549	30.2
1313	-0.000000	128.744995	0.000000	31.2
1314	-0.000000	128.690396	0.000000	30.3
1315	-0.511207	128.635858	0.003617	30.6
1316	-0.192153	128.581382	0.003390	29.8
1317	-0.635259	128.526968	0.007887	30.0
1318	-0.702642	128.472615	0.004656	30.7
1319	-0.001500	128.418323	0.000168	31.4
1320	-0.726744	128.364092	0.005920	31.3
1321	-0.493061	128.309922	0.005164	31.2
1322	-0.058596	128.255814	0.001473	31.1
1323	-0.667682	128.201766	0.004531	30.4
1324	-0.008060	128.147778	0.000182	30.8
1325	-0.231720	128.093852	0.003065	30.6
1326	-0.588397	128.039985	0.007717	31.2
1327	-0.000000	127.986180	0.000000	30.7
1328	-0.419374	127.932434	0.005433	31.9
1329	-0.562490	127.878749	0.006648	31.1
1330	-0.000098	127.825123	0.000018	34.4
1331	-0.000000	127.771558	0.000000	30.9
1332	-0.000000	127.718052	0.000000	30.9
1333	-0.000000	127.664606	0.000000	31.2
1334	-0.089103	127.611220	0.001925	31.2
1335	-0.427876	127.557893	0.003044	31.0
1336	-0.880087	127.504625	0.006672	31.1
1337	-0.000000	127.451417	0.000000	31.9
1338	-0.730748	127.398268	0.004252	31.2
1339	-0.156755	127.345178	0.001661	32.7
1340	-0.000000	127.292147	0.000000	31.2
1341	-0.355255	127.239175	0.006975	30.8
1342	-0.584109	127.186261	0.005611	30.5
1343	-0.922541	127.133407	0.006736	30.2
1344	-0.000000	127.080610	0.000000	32.0
1345	-0.504519	127.027872	0.005031	31.9
1346	-0.745795	126.975193	0.003717	30.8
1347	-0.587628	126.922572	0.007504	30.0
1348	-0.171982	126.870008	0.001731	30.0
1349	-0.846821	126.817503	0.004414	31.4
1350	-0.963396	126.765056	0.006265	30.4
1351	-0.725496	126.712667	0.005878	31.7
1352	-0.479759	126.660335	0.004504	30.1
1353	-0.500335	126.608061	0.006566	31.7
1354	-0.210514	126.555844	0.003490	30.8
1355	-0.004300	126.503685	0.000000	31.2
1356	-0.102092	126.451583	0.001683	30.6
1357	-0.520737	126.399538	0.004356	30.1
1358	-0.000000	126.347550	0.000000	30.4
1359	-0.536127	126.295619	0.005635	32.0
1360	-0.548769	126.243745	0.006872	32.5
1361	-0.000000	126.191928	0.000000	29.7
1362	-0.000000	126.140168	0.000000	32.5
1363	-0.689232	126.088464	0.006845	31.2
1364	-0.636292	126.036817	0.007375	31.3
1365	-0.000000	125.985226	0.000000	31.4
1366	-0.078274	125.933691	0.004113	30.9
1367	-0.000133	125.882212	0.000077	30.5
1368	-0.005930	125.830790	0.000289	30.1
1369	-0.732026	125.779423	0.006386	31.7
1370	-0.000000	125.728113	0.000000	32.0
1371	-0.000965	125.676858	0.000059	31.1
1372	-0.905114	125.625659	0.005693	31.3
1373	-0.035339	125.574515	0.001578	31.4
1374	-0.676456	125.523427	0.005751	30.9
1375	-0.501970	125.472394	0.003904	30.5
1376	-0.863879	125.421417	0.007097	30.8
1377	-0.558410	125.370495	0.006202	30.3
1378	-0.875113	125.319628	0.005715	30.3
1379	-0.000000	125.268815	0.000000	30.9
1380	-0.124018	125.218058	0.003537	30.7
1381	-0.825715	125.167356	0.006575	31.2
1382	-0.093062	125.116708	0.002130	30.1
1383	-0.580472	125.066115	0.006668	32.3
1384	-0.373298	125.015576	0.003092	31.0
1385	-0.772851	124.965092	0.004834	31.2
1386	-0.750907	124.914662	0.004151	30.4
1387	-0.254813	124.864287	0.004717	29.8
1388	-0.463735	124.813965	0.004781	30.5
1389	-0.013572	124.763698	0.001451	31.7
1390	-0.233525	124.713485	0.005189	31.8
1391	-0.821815	124.663325	0.006119	31.4
1392	-0.000000	124.613219	0.000000	32.1
1393	-0.536387	124.563167	0.005128	31.0
1394	-0.644330	124.513168	0.004611	30.9
1395	-0.615018	124.463223	0.006395	31.0
1396	-0.144008	124.413332	0.001579	30.0
1397	-0.000000	124.363493	0.000000	30.8
1398	-0.542494	124.313708	0.005337	30.3
1399	-0.953035	124.263976	0.006245	31.0
1400	-0.747073	124.214297	0.005082	31.2
1401	-0.000000	124.164671	0.000000	30.7
1402	-0.859087	124.115097	0.006456	30.9
1403	-0.344307	124.065577	0.003954	30.8
1404	-0.000000	124.016109	0.000000	31.0
1405	-0.465415	123.966693	0.004900	30.7
1406	-0.744664	123.917330	0.005924	31.7
1407	-0.638072	123.868020	0.005996	31.2
1408	-0.000000	123.818762	0.000000	29.8
1409	-0.781604	123.769556	0.005977	29.9
1410	-0.487938	123.720402	0.002731	30.7
1411	-0.842565	123.671300	0.007270	31.6
1412	-0.514873	123.622250	0.005864	30.6
1413	-0.000000	123.573252	0.000000	31.4
1414	-0.000000	123.524305	0.000000	31.3
1415	-0.067428	123.475411	0.002984	31.9
1416	-0.402851	123.426568	0.005960	30.1
1417	-0.452228	123.377776	0.005100	29.9
1418	-0.634019	123.329036	0.004882	33.9
1419	-0.515815	123.280347	0.005596	30.3
1420	-0.002288	123.231709	0.002485	31.0
1421	-0.869911	123.183122	0.005997	31.9
1422	-0.000000	123.134587	0.000000	31.1
1423	-0.000000	123.086102	0.000000	32.2
1424	-0.154883	123.037669	0.002041	33.1
1425	-0.737298	122.989286	0.005811	30.9
1426	-0.869104	122.940954	0.007529	31.0
1427	-0.840874	122.892672	0.005567	30.2
1428	-0.767099	122.844441	0.005406	30.5
1429	-0.340159	122.796261	0.003102	30.7
1430	-0.651429	122.748130	0.005078	31.2
1431	-0.759783	122.700050	0.005703	30.6
1432	-0.766263	122.652021	0.005551	30.6
1433	-0.000000	122.604041	0.000000	31.2
1434	-0.752846	122.556111	0.004576	30.3
1435	-0.703272	122.508232	0.004309	31.8
1436	-0.825399	122.460402	0.004605	31.1
1437	-0.203717	122.412622	0.005571	30.9
1438	-0.000000	122.364891	0.000000	31.0
1439	-0.356906	122.317210	0.005255	29.9
1440	-0.000000	122.269579	0.000000	31.0
1441	-0.000000	122.221997	0.000000	30.2
1442	-0.000240	122.174465	0.000071	32.3
1443	-0.366874	122.126981	0.004159	30.7
1444	-0.627971	122.079547	0.005007	30.6
1445	-0.349077	122.032162	0.005949	30.9
1446	-0.052738	121.984826	0.002013	31.5
1447	-0.397864	121.937539	0.004088	30.7
1448	-0.000000	121.890301	0.000000	29.9
1449	-0.000402	121.843112	0.000465	30.6
1450	-0.084380	121.795971	0.002712	30.4
1451	-0.306340	121.748879	0.004156	30.4
1452	-0.569315	121.701835	0.005872	31.0
1453	-0.771349	121.654840	0.006557	30.0
1454	-0.030017	121.607893	0.000223	31.0
1455	-0.066093	121.560994	0.001013	30.3
1456	-0.000000	121.514144	0.000000	32.3
1457	-0.000011	121.467342	0.000007	31.6
1458	-0.808352	121.420588	0.008111	31.2
1459	-0.404684	121.373882	0.005258	31.1
1460	-0.888311	121.327223	0.005886	30.4
1461	-0.513555	121.280613	0.004595	30.3
1462	-0.000000	121.234050	0.000000	30.1
1463	-0.666104	121.187535	0.003838	31.4
1464	-0.000000	121.141067	0.000000	31.1
1465	-0.625933	121.094647	0.007341	31.1
1466	-0.658396	121.048274	0.006258	31.9
1467	-0.410485	121.001949	0.006867	30.5
1468	-0.440425	120.955671	0.003478	29.9
1469	-0.727402	120.909440	0.004501	30.9
1470	-0.000000	120.863256	0.000000	30.3
1471	-0.000000	120.817119	0.000000	30.9
1472	-0.867695	120.771029	0.007133	31.1
1473	-0.845400	120.724986	0.006120	31.1
1474	-0.701631	120.678990	0.003792	31.4
1475	-0.000000	120.633040	0.000000	30.7
1476	-0.438941	120.587137	0.007011	31.4
1477	-0.006581	120.541281	0.000763	30.2
1478	-0.784150	120.495471	0.005732	30.0
1479	-0.884603	120.449707	0.005625	30.7
1480	-0.705456	120.403990	0.004364	30.9
1481	-0.466006	120.358319	0.004023	30.8
1482	-0.466674	120.312694	0.005234	30.7
1483	-0.654473	120.267115	0.005025	31.3
1484	-0.000000	120.221582	0.000000	30.2
1485	-0.787712	120.176096	0.004370	30.8
1486	-0.708653	120.130655	0.004725	30.6
1487	-0.787617	120.085260	0.007149	31.6
1488	-0.722037	120.039910	0.005513	32.6
1489	-0.963950	119.994606	0.006198	30.5
1490	-0.723140	119.949348	0.005533	30.2
1491	-0.129033	119.904135	0.002268	30.2
1492	-0.813988	119.858968	0.004718	30.2
1493	-0.419064	119.813846	0.003647	33.6
1494	-0.684455	119.768769	0.004763	31.0
1495	-0.531013	119.723738	0.003441	30.9
1496	-0.782265	119.678752	0.005413	31.1
1497	-0.262046	119.633810	0.003784	31.8
1498	-0.002412	119.588914	0.000221	30.8
1499	-0.802300	119.544062	0.005785	31.0
1500	-0.481137	119.499256	0.005445	31.5
1501	-0.903923	119.454494	0.006105	31.3
1502	-0.007844	119.409777	0.000074	31.1
1503	-0.870017	119.365104	0.005867	31.5
1504	-0.871058	119.320476	0.005858	30.1
1505	-0.952515	119.275893	0.005095	30.1
1506	-0.325274	119.231353	0.005227	30.9
1507	-0.973435	119.186859	0.007075	31.5
1508	-0.627686	119.142408	0.005828	31.5
1509	-0.502149	119.098002	0.004701	32.0
1510	-0.000000	119.053639	0.000000	30.9
1511	-0.058833	119.009321	0.000966	31.4
1512	-0.859292	118.965047	0.005620	30.4
1513	-0.039948	118.920816	0.003090	30.1
1514	-0.707772	118.876630	0.005724	30.2
1515	-0.962789	118.832487	0.006640	30.9
1516	-0.745581	118.788388	0.004905	31.4
1517	-0.108424	118.744332	0.001735	32.1
1518	-0.116043	118.700320	0.003554	31.9
1519	-0.000000	118.656352	0.000000	31.3
1520	-0.288860	118.612427	0.003720	33.1
1521	-0.000000	118.568545	0.000000	30.8
1522	-0.004093	118.524706	0.000107	31.1
1523	-0.000021	118.480911	0.000007	30.5
1524	-0.889502	118.437159	0.006176	30.4
1525	-0.000000	118.393450	0.000000	30.3
1526	-0.009946	118.349784	0.002847	30.7
1527	-1.022243	118.306160	0.006956	30.8
1528	-0.231583	118.262580	0.002943	30.4
1529	-0.728098	118.219042	0.004932	31.6
1530	-0.000000	118.175548	0.000000	30.7
1531	-0.743220	118.132095	0.006921	31.3
1532	-0.006485	118.088686	0.000129	30.8
1533	-0.000746	118.045319	0.000166	30.8
1534	-1.042434	118.001994	0.007385	31.5
1535	-0.000335	117.958712	0.000021	31.5
1536	-0.453874	117.915472	0.003559	30.7
1537	-0.915453	117.872274	0.005603	31.6
1538	-0.391616	117.829118	0.005693	30.4
1539	-0.000000	117.786005	0.000000	30.9
1540	-0.911768	117.742933	0.005663	31.6
1541	-0.144240	117.699904	0.003206	30.9
1542	-0.881235	117.656916	0.004968	30.3
1543	-0.552011	117.613971	0.005033	31.4
1544	-0.388731	117.571067	0.003775	31.3
1545	-0.000000	117.528205	0.000000	29.5
1546	-0.787646	117.485384	0.004961	30.7
1547	-0.744396	117.442605	0.008087	31.2
1548	-0.391675	117.399867	0.004185	31.1
1549	-0.822755	117.357171	0.005944	31.1
1550	-0.000000	117.314517	0.000000	31.1
1551	-0.006066	117.271903	0.000090	30.6
1552	-0.828144	117.229331	0.006368	30.8
1553	-0.004474	117.186800	0.000251	32.2
1554	-0.914134	117.144311	0.006657	31.9
1555	-0.309496	117.101862	0.003666	31.4
1556	-0.718211	117.059454	0.005011	30.8
1557	-0.000000	117.017087	0.000000	31.0
1558	-0.700393	116.974762	0.005746	30.2
1559	-0.715928	116.932476	0.006787	30.5
1560	-0.864108	116.890232	0.006339	32.0
1561	-0.000000	116.848028	0.000000	29.7
1562	-0.791799	116.805865	0.003903	31.3
1563	-0.003514	116.763743	0.000086	30.9
1564	-0.481054	116.721661	0.005850	32.0
1565	-0.000433	116.679619	0.000088	30.7
1566	-0.621816	116.637618	0.006006	30.2
1567	-0.873418	116.595657	0.004249	30.9
1568	-0.290411	116.553736	0.004621	29.6
1569	-0.905370	116.511855	0.005640	30.4
1570	-0.712272	116.470015	0.005618	31.4
1571	-0.694936	116.428214	0.006381	30.6
1572	-0.000000	116.386454	0.000000	30.9
1573	-0.912509	116.344733	0.004957	30.9
1574	-0.000000	116.303052	0.000000	29.3
1575	-0.686024	116.261412	0.004640	30.9
1576	-0.640560	116.219810	0.004132	31.7
1577	-0.358801	116.178249	0.002968	31.1
1578	-0.945095	116.136727	0.005267	30.8
1579	-0.006840	116.095245	0.001267	31.0
1580	-0.566916	116.053802	0.003744	30.8
1581	-0.525303	116.012398	0.005475	30.9
1582	-0.861196	115.971034	0.005579	30.2
1583	-0.000000	115.929710	0.000000	30.5
1584	-0.000000	115.888424	0.000000	32.1
1585	-0.000000	115.847178	0.000000	32.3
1586	-0.543591	115.805970	0.005022	31.1
1587	-0.136964	115.764802	0.002693	30.6
1588	-0.506318	115.723673	0.004864	31.0
1589	-0.025289	115.682583	0.001505	30.5
1590	-0.244976	115.641532	0.002431	30.4
1591	-0.002422	115.600519	0.002738	31.8
1592	-0.000000	115.559546	0.000000	31.4
1593	-0.809587	115.518610	0.006501	30.6
1594	-0.000000	115.477714	0.000000	31.1
1595	-0.241174	115.436856	0.003098	31.2
1596	-0.178338	115.396037	0.003715	31.2
1597	-0.816746	115.355256	0.003783	29.9
1598	-0.679576	115.314514	0.006255	31.4
1599	-0.343908	115.273810	0.003824	30.8
1600	-0.394133	115.233144	0.004474	30.7
1601	-0.426696	115.192517	0.007092	32.0
1602	-0.843804	115.151927	0.004850	30.3
1603	-0.601677	115.111376	0.005540	31.5
1604	-0.000000	115.070863	0.000000	29.9
1605	-0.680477	115.030388	0.005389	31.5
1606	-0.645059	114.989951	0.007139	30.6
1607	-0.845071	114.949551	0.004843	31.5
1608	-0.198020	114.909190	0.003029	31.1
1609	-1.023008	114.868866	0.007192	30.0
1610	-0.623178	114.828580	0.006435	30.4
1611	-0.760461	114.788332	0.004569	30.8
1612	-0.520880	114.748121	0.003786	31.9
1613	-0.839798	114.707948	0.005861	30.8
1614	-0.713079	114.667812	0.005238	31.1
1615	-0.679614	114.627714	0.007438	31.4
1616	-0.478917	114.587653	0.004293	31.1
1617	-0.870277	114.547629	0.005746	33.0
1618	-0.160495	114.507643	0.002753	31.4
1619	-0.312775	114.467693	0.004701	31.5
1620	-0.855799	114.427781	0.006780	31.8
1621	-0.500693	114.387907	0.003724	29.9
1622	-0.940790	114.348069	0.005344	31.1
1623	-0.890008	114.308268	0.007281	30.9
1624	-0.000000	114.268504	0.000000	31.0
1625	-0.867044	114.228777	0.004919	32.0
1626	-0.931288	114.189086	0.005527	31.1
1627	-0.722759	114.149433	0.005895	31.0
1628	-0.001148	114.109816	0.000255	31.5
1629	-0.953375	114.070235	0.008204	31.3
1630	-0.723853	114.030692	0.004701	31.3
1631	-0.766936	113.991185	0.005197	30.9
1632	-0.957171	113.951714	0.006360	31.3
1633	-0.523491	113.912280	0.003896	30.1
1634	-0.000000	113.872882	0.000000	29.8
1635	-0.381429	113.833521	0.003713	29.8
1636	-0.456793	113.794195	0.005290	31.0
1637	-0.755647	113.754906	0.005170	31.4
1638	-0.000006	113.715653	0.000006	31.6
1639	-0.912727	113.676437	0.005989	31.7
1640	-0.945067	113.637256	0.005815	31.6
1641	-0.818045	113.598111	0.007333	31.3
1642	-0.750107	113.559002	0.005943	32.2
1643	-0.331967	113.519929	0.005310	30.6
1644	-0.665857	113.480892	0.006464	30.9
1645	-0.000078	113.441891	0.000079	31.0
1646	-0.000000	113.402925	0.000000	31.3
1647	-0.781789	113.363995	0.005803	30.6
1648	-0.880853	113.325101	0.005382	31.1
1649	-0.023108	113.286242	0.002791	33.0
1650	-0.459639	113.247419	0.004731	30.7
1651	-0.000000	113.208631	0.000000	30.8
1652	-0.587669	113.169879	0.004848	31.0
1653	-0.878736	113.131162	0.004911	30.7
1654	-0.608853	113.092480	0.004029	31.0
1655	-0.648996	113.053833	0.006150	31.6
1656	-0.000000	113.015222	0.000000	31.3
1657	-0.000000	112.976646	0.000000	31.4
1658	-0.645991	112.938105	0.006527	30.9
1659	-0.024485	112.899599	0.000861	30.9
1660	-0.815955	112.861128	0.005189	32.4
1661	-0.897883	112.822692	0.006467	31.8
1662	-0.000000	112.784291	0.000000	31.1
1663	-0.624390	112.745924	0.007334	31.3
1664	-0.235991	112.707593	0.002435	31.0
1665	-0.511105	112.669296	0.007059	30.3
1666	-0.910239	112.631034	0.006099	30.5
1667	-0.112435	112.592806	0.001709	31.5
1668	-0.713767	112.554613	0.006111	30.2
1669	-0.792556	112.516455	0.004773	29.6
1670	-0.824056	112.478331	0.004933	30.5
1671	-0.616998	112.440241	0.007417	31.6
1672	-0.314456	112.402186	0.003802	31.1
1673	-0.783530	112.364165	0.005860	31.0
1674	-0.426618	112.326179	0.005142	30.6
1675	-0.248232	112.288227	0.002713	31.0
1676	-0.451360	112.250309	0.005185	30.5
1677	-0.826817	112.212425	0.006759	31.5
1678	-0.499330	112.174575	0.004156	31.8
1679	-0.781358	112.136759	0.005103	31.4
1680	-0.000000	112.098977	0.000000	31.7
1681	-0.857335	112.061229	0.005838	32.4
1682	-0.739490	112.023515	0.003759	31.0
1683	-0.393246	111.985834	0.005536	30.9
1684	-0.911640	111.948188	0.005711	32.2
1685	-0.973754	111.910575	0.007771	29.8
1686	-0.125349	111.872996	0.001991	30.4
1687	-0.000000	111.835450	0.000000	30.4
1688	-0.516894	111.797939	0.005041	31.9
1689	-0.507678	111.760460	0.005230	30.9
1690	-0.753105	111.723015	0.006330	30.9
1691	-0.052609	111.685604	0.002796	31.1
1692	-0.000000	111.648226	0.000000	30.7
1693	-0.752908	111.610881	0.004393	31.3
1694	-0.625959	111.573570	0.004663	32.1
1695	-0.676064	111.536292	0.006114	31.0
1696	-0.087582	111.499047	0.001772	31.2
1697	-0.000000	111.461835	0.000000	31.4
1698	-0.777665	111.424656	0.004140	30.1
1699	-0.546904	111.387510	0.004701	30.0
1700	-0.864256	111.350398	0.004909	29.9
1701	-0.467751	111.313318	0.006025	31.1
1702	-0.000000	111.276271	0.000000	30.4
1703	-0.000000	111.239257	0.000000	30.9
1704	-0.690924	111.202276	0.005523	31.2
1705	-1.040293	111.165328	0.007365	30.9
1706	-0.150065	111.128412	0.002442	30.8
1707	-0.046926	111.091529	0.001276	30.7
1708	-0.000000	111.054679	0.000000	31.1
1709	-0.662074	111.017861	0.006301	31.9
1710	-0.691281	110.981076	0.006962	30.6
1711	-0.000000	110.944323	0.000000	30.6
1712	-0.036136	110.907603	0.001155	30.3
1713	-0.812005	110.870915	0.005142	30.6
1714	-1.014928	110.834259	0.005080	31.1
1715	-0.000000	110.797636	0.000000	31.4
1716	-0.825760	110.761045	0.005182	31.5
1717	-0.489826	110.724486	0.004787	31.4
1718	-0.589977	110.687959	0.005496	31.8
1719	-0.924950	110.651465	0.004842	30.1
1720	-0.000000	110.615002	0.000000	30.9
1721	-0.770234	110.578572	0.005963	30.9
1722	-0.770188	110.542173	0.006282	31.2
1723	-0.000000	110.505807	0.000000	31.2
1724	-0.065925	110.469472	0.001753	31.5
1725	-0.554725	110.433169	0.003873	32.8
1726	-0.634880	110.396898	0.005973	30.7
1727	-0.835059	110.360659	0.008178	30.3
1728	-0.004892	110.324451	0.000274	30.3
1729	-0.726233	110.288276	0.004917	31.4
1730	-0.898657	110.252131	0.005041	30.3
1731	-0.554621	110.216019	0.004747	30.6
1732	-0.876728	110.179937	0.005286	31.4
1733	-0.642734	110.143888	0.005488	30.5
1734	-0.850032	110.107869	0.005628	31.0
1735	-0.368012	110.071882	0.003091	31.0
1736	-0.363532	110.035927	0.005082	30.7
1737	-0.831024	110.000003	0.005234	30.5
1738	-0.807964	109.964110	0.006390	31.5
1739	-0.662611	109.928248	0.005658	31.5
1740	-0.789994	109.892417	0.007330	31.2
1741	-0.014850	109.856618	0.000843	30.6
1742	-0.880768	109.820850	0.007093	30.9
1743	-0.860042	109.785112	0.005654	31.2
1744	-0.000000	109.749406	0.000000	29.4
1745	-0.000000	109.713730	0.000000	32.7
1746	-0.000000	109.678086	0.000000	33.0
1747	-0.400432	109.642472	0.003930	30.4
1748	-0.502022	109.606890	0.003123	31.6
1749	-0.301910	109.571337	0.005765	31.7
1750	-0.920036	109.535816	0.006020	31.1
1751	-0.960281	109.500326	0.006167	30.2
1752	-0.467452	109.464866	0.005293	30.7
1753	-0.000000	109.429436	0.000000	29.4
1754	-0.000000	109.394038	0.000000	31.1
1755	-0.933228	109.358669	0.005403	31.2
1756	-0.811880	109.323331	0.006069	30.8
1757	-0.086046	109.288024	0.001526	29.9
1758	-0.106660	109.252747	0.002811	31.3
1759	-0.679487	109.217501	0.004782	30.9
1760	-0.899376	109.182284	0.007619	30.6
1761	-0.000000	109.147098	0.000000	30.4
1762	-0.900811	109.111942	0.007653	31.0
1763	-0.742270	109.076817	0.006198	31.0
1764	-0.000000	109.041721	0.000000	31.3
1765	-0.914192	109.006656	0.005177	31.0
1766	-0.829896	108.971620	0.005641	31.4
1767	-0.092744	108.936615	0.001628	30.7
1768	-0.356172	108.901640	0.003678	31.0
1769	-0.823532	108.866694	0.005186	31.0
1770	-0.505800	108.831779	0.002932	30.7
1771	-0.819973	108.796893	0.005922	29.5
1772	-0.054155	108.762037	0.002495	31.3
1773	-0.004240	108.727211	0.000154	30.2
1774	-0.960593	108.692415	0.006710	32.1
1775	-0.001977	108.657648	0.000423	31.2
1776	-0.515131	108.622911	0.005907	31.5
1777	-0.845978	108.588203	0.007275	33.6
1778	-0.193377	108.553525	0.004229	31.5
1779	-0.000000	108.518877	0.000000	29.6
1780	-0.002170	108.484258	0.000198	29.6
1781	-0.000000	108.449668	0.000000	29.4
1782	-0.564165	108.415108	0.006819	30.4
1783	-0.218199	108.380578	0.004177	29.6
1784	-0.807469	108.346076	0.006630	29.2
1785	-0.000000	108.311604	0.000000	29.9
1786	-0.465238	108.277161	0.006136	29.4
1787	-0.592811	108.242747	0.003229	29.9
1788	-0.189784	108.208363	0.003493	29.7
1789	-0.662520	108.174007	0.003811	29.6
1790	-0.752650	108.139681	0.004583	29.6
1791	-0.397536	108.105383	0.005460	29.9
1792	-0.031084	108.071115	0.001462	30.2
1793	-0.932977	108.036875	0.006818	29.4
1794	-0.572438	108.002665	0.006141	29.6
1795	-0.000001	107.968483	0.000001	28.8
1796	-0.017681	107.934330	0.000400	30.3
1797	-0.001701	107.900206	0.000235	29.7
1798	-0.606758	107.866111	0.005608	29.4
1799	-0.336192	107.832044	0.002895	30.0
1800	-1.023660	107.798007	0.006617	30.8
1801	-0.000000	107.763997	0.000000	29.7
1802	-0.000000	107.730017	0.000000	30.2
1803	-0.881627	107.696065	0.005060	32.0
1804	-0.768606	107.662141	0.004108	33.1
1805	-0.573608	107.628246	0.005878	29.7
1806	-0.480746	107.594379	0.005102	32.0
1807	-0.944102	107.560541	0.005269	30.9
1808	-0.802078	107.526731	0.004676	29.7
1809	-0.000000	107.492949	0.000000	30.9
1810	-0.000000	107.459196	0.000000	32.5
1811	-0.000000	107.425471	0.000000	30.2
1812	-0.000000	107.391774	0.000000	31.0
1813	-0.753167	107.358106	0.005219	30.7
1814	-0.416675	107.324465	0.005229	30.5
1815	-0.219532	107.290853	0.003001	28.8
1816	-0.529815	107.257268	0.005994	30.3
1817	-0.829205	107.223712	0.006023	30.6
1818	-0.845924	107.190184	0.005396	29.9
1819	-0.000000	107.156683	0.000000	29.5
1820	-0.498658	107.123211	0.006053	29.7
1821	-0.000000	107.089766	0.000000	30.2
1822	-0.447138	107.056349	0.004405	29.5
1823	-0.039092	107.022960	0.000817	29.5
1824	-0.425003	106.989599	0.003248	31.0
1825	-0.000000	106.956265	0.000000	29.5
1826	-0.626313	106.922960	0.006162	30.3
1827	-0.644296	106.889681	0.006146	29.8
1828	-0.811694	106.856431	0.005083	29.0
1829	-0.000196	106.823208	0.000078	30.8
1830	-0.531871	106.790012	0.006686	28.9
1831	-0.461881	106.756844	0.005764	30.1
1832	-0.358772	106.723703	0.006132	29.6
1833	-0.607246	106.690590	0.006704	29.6
1834	-0.000000	106.657505	0.000000	29.0
1835	-0.606886	106.624446	0.004666	30.3
1836	-0.572634	106.591415	0.002853	30.1
1837	-0.425589	106.558411	0.005375	29.0
1838	-0.215132	106.525435	0.005636	30.0
1839	-0.021012	106.492485	0.002248	29.2
1840	-0.754406	106.459563	0.007239	30.3
1841	-0.524013	106.426668	0.007736	28.6
1842	-0.550841	106.393800	0.006579	29.6
1843	-0.913970	106.360959	0.006034	29.8
1844	-0.877953	106.328145	0.006608	30.4
1845	-0.796459	106.295358	0.005760	30.3
1846	-0.036349	106.262598	0.000754	30.1
1847	-0.894402	106.229865	0.007521	30.3
1848	-0.010395	106.197158	0.000681	29.4
1849	-0.000000	106.164479	0.000000	29.4
1850	-0.024399	106.131826	0.001939	29.9
1851	-0.555008	106.099201	0.004756	29.3
1852	-0.580625	106.066602	0.007202	29.9
1853	-0.565821	106.034029	0.009988	29.2
1854	-0.504078	106.001483	0.004975	30.0
1855	-0.606245	105.968964	0.004846	29.2
1856	-0.708804	105.936472	0.005270	29.7
1857	-0.794039	105.904006	0.005399	29.4
1858	-0.908959	105.871566	0.006087	30.1
1859	-0.000175	105.839153	0.000081	31.0
1860	-0.000000	105.806767	0.000000	29.9
1861	-0.085942	105.774407	0.001954	30.2
1862	-0.489911	105.742073	0.005716	28.8
1863	-0.000000	105.709766	0.000000	29.7
1864	-0.052115	105.677485	0.002058	29.3
1865	-0.367663	105.645230	0.004717	29.9
1866	-0.141391	105.613001	0.002637	30.7
1867	-0.529181	105.580799	0.003621	29.6
1868	-0.000000	105.548623	0.000000	53.4
1869	-0.658330	105.516473	0.004718	40.7
1870	-0.647615	105.484349	0.006285	30.7
1871	-0.763698	105.452251	0.004594	31.2
1872	-0.828401	105.420179	0.004329	30.5
1873	-0.924252	105.388133	0.005053	29.6
1874	-0.829941	105.356113	0.007159	29.9
1875	-0.005156	105.324119	0.000493	29.8
1876	-0.000237	105.292151	0.000029	32.3
1877	-0.000000	105.260209	0.000000	30.1
1878	-0.170582	105.228293	0.003861	30.0
1879	-0.699078	105.196402	0.006121	29.9
1880	-0.895536	105.164537	0.005598	28.9
1881	-0.874966	105.132698	0.006024	30.7
1882	-0.712162	105.100885	0.004987	30.0
1883	-0.680819	105.069097	0.004802	29.4
1884	-0.564012	105.037335	0.004031	29.8
1885	-0.778726	105.005598	0.006305	30.4
1886	-0.046462	104.973887	0.001693	29.2
1887	-0.775525	104.942202	0.006117	30.0
1888	-0.316576	104.910542	0.002963	30.1
1889	-0.583936	104.878907	0.006471	29.5
1890	-0.000000	104.847298	0.000000	28.8
1891	-0.295933	104.815715	0.003625	29.0
1892	-0.700172	104.784156	0.004657	29.7
1893	-0.659429	104.752623	0.005659	30.2
1894	-0.356927	104.721116	0.004499	29.8
1895	-0.000029	104.689633	0.000034	30.2
1896	-0.911862	104.658176	0.007545	28.2
1897	-0.444071	104.626744	0.005156	30.1
1898	-0.000004	104.595337	0.000005	29.6
1899	-0.818795	104.563955	0.006907	29.2
1900	-0.833198	104.532599	0.005901	30.4
1901	-0.399596	104.501267	0.005033	29.7
1902	-0.849749	104.469960	0.007164	29.5
1903	-0.979537	104.438679	0.005813	29.3
1904	-1.043434	104.407422	0.007070	31.6
1905	-0.565605	104.376191	0.005429	29.7
1906	-0.106377	104.344984	0.001688	30.0
1907	-0.471118	104.313802	0.003780	30.4
1908	-0.572375	104.282645	0.004549	29.7
1909	-0.644433	104.251513	0.004878	31.3
1910	-0.000000	104.220405	0.000000	29.8
1911	-0.000000	104.189323	0.000000	30.5
1912	-0.275484	104.158265	0.003601	29.4
1913	-0.000000	104.127231	0.000000	29.8
1914	-0.000000	104.096222	0.000000	30.1
1915	-0.000000	104.065238	0.000000	29.8
1916	-0.416996	104.034279	0.005584	29.7
1917	-0.341900	104.003344	0.004207	30.2
1918	-0.000000	103.972433	0.000000	30.9
1919	-0.002255	103.941547	0.000192	29.7
1920	-0.038567	103.910686	0.001080	30.1
1921	-0.000000	103.879849	0.000000	30.1
1922	-0.438205	103.849036	0.005602	29.5
1923	-0.638107	103.818248	0.006063	29.1
1924	-0.159978	103.787484	0.002148	30.3
1925	-0.661930	103.756744	0.005509	30.2
1926	-0.000000	103.726029	0.000000	27.7
1927	-0.046756	103.695338	0.001252	30.7
1928	-0.698756	103.664671	0.003600	29.0
1929	-0.774261	103.634028	0.004186	30.4
1930	-1.000927	103.603409	0.006806	30.2
1931	-0.988222	103.572814	0.005551	31.7
1932	-0.011490	103.542244	0.000329	30.7
1933	-0.017045	103.511698	0.000164	29.2
1934	-0.000000	103.481175	0.000000	29.9
1935	-0.235755	103.450677	0.003325	29.3
1936	-0.668597	103.420202	0.004739	30.2
1937	-0.000000	103.389752	0.000000	30.4
1938	-0.357960	103.359325	0.004770	29.5
1939	-0.000000	103.328922	0.000000	29.5
1940	-0.005121	103.298543	0.000209	29.9
1941	-0.945172	103.268188	0.005301	31.0
1942	-0.902776	103.237857	0.005315	30.7
1943	-0.046364	103.207549	0.001993	30.6
1944	-0.957747	103.177265	0.005850	29.1
1945	-0.449090	103.147005	0.003991	30.2
1946	-0.046066	103.116768	0.000715	29.4
1947	-0.004129	103.086556	0.000000	30.1
1948	-0.163716	103.056366	0.002449	29.5
1949	-0.000000	103.026200	0.000000	29.6
1950	-0.645897	102.996058	0.004776	30.7
1951	-0.577780	102.965939	0.004089	30.9
1952	-0.500755	102.935844	0.005533	30.3
1953	-0.000000	102.905772	0.000000	27.9
1954	-0.515466	102.875724	0.004436	29.6
1955	-0.581878	102.845699	0.005147	29.4
1956	-0.518446	102.815697	0.003256	30.0
1957	-0.310749	102.785719	0.004652	30.7
1958	-0.825574	102.755764	0.006868	30.4
1959	-0.000000	102.725832	0.000000	28.7
1960	-0.952216	102.695924	0.006552	30.4
1961	-0.002881	102.666038	0.000298	29.4
1962	-0.919471	102.636176	0.005526	30.0
1963	-0.596053	102.606337	0.005110	29.7
1964	-0.858839	102.576521	0.004594	29.3
1965	-0.031335	102.546728	0.000403	29.1
1966	-0.273814	102.516959	0.003550	29.0
1967	-0.786825	102.487212	0.006321	29.6
1968	-0.000000	102.457488	0.000000	29.7
1969	-0.897709	102.427788	0.004899	29.6
1970	-0.732705	102.398110	0.004137	29.9
1971	-0.000000	102.368455	0.000000	30.5
1972	-0.828035	102.338823	0.004968	29.7
1973	-0.605319	102.309214	0.006642	29.4
1974	-0.692435	102.279628	0.005986	29.0
1975	-0.001132	102.250064	0.000228	30.5
1976	-0.526336	102.220524	0.005171	32.3
1977	-0.704709	102.191006	0.005397	30.6
1978	-0.874363	102.161511	0.005313	31.2
1979	-0.000000	102.132038	0.000000	30.0
1980	-0.000030	102.102588	0.000006	28.9
1981	-0.457615	102.073161	0.006029	29.6
1982	-0.000000	102.043757	0.000000	30.5
1983	-0.963166	102.014375	0.006145	28.4
1984	-0.000000	101.985015	0.000000	29.9
1985	-0.002410	101.955678	0.000203	29.5
1986	-0.860341	101.926364	0.006395	29.7
1987	-0.000000	101.897072	0.000000	30.1
1988	-0.006968	101.867802	0.001389	29.0
1989	-0.165741	101.838555	0.002601	30.0
1990	-0.017162	101.809330	0.000718	29.8
1991	-0.000001	101.780128	0.000001	30.3
1992	-1.020820	101.750948	0.006918	31.0
1993	-0.000000	101.721790	0.000000	28.7
1994	-0.006621	101.692654	0.000150	29.7
1995	-0.741423	101.663541	0.006992	29.6
1996	-0.688220	101.634450	0.006181	30.7
1997	-0.000000	101.605381	0.000000	29.2
1998	-0.727021	101.576335	0.004994	29.6
1999	-0.000000	101.547310	0.000000	29.2
