1:ItNr	2:Metric	3:StepSize	4:||Gradient||	Time[ms]
0	-0.724337	627.201626	0.019029	912.9
1	-1.084531	623.504937	0.018339	5.0
2	-1.154710	619.865785	0.029156	5.8
3	-0.603191	616.282728	0.048877	5.0
4	0.000000	612.754375	0.000000	4.7
5	-0.387831	609.279381	0.008266	5.7
6	-0.735824	605.856447	0.012458	5.0
7	0.000000	602.484317	0.000000	5.5
8	-0.000000	599.161779	0.000000	5.9
9	-0.513083	595.887656	0.025776	5.2
10	-0.000000	592.660813	0.000000	5.1
11	-0.492760	589.480151	0.010857	6.5
12	-0.762120	586.344606	0.013089	5.5
13	-0.253341	583.253145	0.002023	5.7
14	-0.000000	580.204771	0.000000	6.6
15	-0.754129	577.198517	0.016441	5.2
16	-0.950864	574.233444	0.028240	5.9
17	-0.873631	571.308645	0.024657	5.4
18	-0.917886	568.423237	0.030000	5.4
19	-0.485010	565.576365	0.015110	5.9
20	0.000000	562.767201	0.000000	5.7
21	-0.953388	559.994938	0.011487	5.5
22	-0.447472	557.258797	0.011699	6.0
23	-0.036222	554.558018	0.000858	5.4
24	-1.057807	551.891865	0.011081	5.4
25	-0.984129	549.259621	0.016614	6.4
26	-0.663303	546.660592	0.024788	5.6
27	-0.746518	544.094102	0.008427	5.4
28	-0.537479	541.559494	0.004665	6.2
29	-0.335428	539.056129	0.010089	5.5
30	-0.000000	536.583387	0.000000	5.6
31	-0.676452	534.140663	0.016113	6.3
32	0.000000	531.727370	0.000000	6.8
33	-0.101169	529.342935	0.003888	6.4
34	-1.023761	526.986802	0.008865	6.8
35	-0.225783	524.658430	0.006449	6.1
36	-0.182916	522.357290	0.006846	6.5
37	0.000000	520.082868	0.000000	5.9
38	-0.012418	517.834665	0.000862	5.8
39	-0.958272	515.612193	0.012485	6.4
40	-0.621928	513.414976	0.013386	5.9
41	-0.317369	511.242551	0.006029	6.7
42	-1.020772	509.094468	0.019956	5.8
43	-0.898503	506.970285	0.019714	5.9
44	0.000000	504.869574	0.000000	6.4
45	-0.489059	502.791916	0.017384	5.7
46	-0.315932	500.736903	0.005499	5.5
47	-0.904541	498.704137	0.028588	6.9
48	-0.125655	496.693228	0.006238	6.6
49	-0.000000	494.703798	0.000000	7.8
50	0.000000	492.735476	0.000000	7.7
51	0.000000	490.787900	0.000000	7.4
52	-0.617983	488.860718	0.034311	7.7
53	-0.290041	486.953585	0.007970	8.5
54	-0.867938	485.066164	0.013773	8.1
55	-0.250265	483.198126	0.005267	7.5
56	-0.866673	481.349149	0.011007	6.7
57	-0.211184	479.518920	0.008136	6.5
58	-0.834005	477.707132	0.032116	8.3
59	-0.506676	475.913485	0.004874	8.0
60	-0.941338	474.137684	0.016751	7.6
61	-0.605012	472.379445	0.011291	7.0
62	-0.000000	470.638485	0.000000	8.8
63	-0.287972	468.914531	0.005608	7.6
64	-0.532686	467.207315	0.011051	8.6
65	-0.832595	465.516573	0.027521	6.8
66	0.000000	463.842050	0.000000	8.6
67	-0.861903	462.183494	0.010637	7.0
68	-0.634685	460.540658	0.010352	7.8
69	-0.634485	458.913303	0.009934	7.1
70	-0.476675	457.301192	0.011733	7.2
71	-0.286632	455.704096	0.004066	7.2
72	0.000000	454.121787	0.000000	7.5
73	-0.988187	452.554045	0.031615	7.1
74	-0.661991	451.000653	0.027127	7.0
75	-0.756605	449.461399	0.011020	8.4
76	-0.000009	447.936075	0.000002	7.2
77	-0.768883	446.424477	0.015143	8.4
78	-0.017894	444.926406	0.000440	7.2
79	-0.644943	443.441666	0.008733	7.1
80	-0.805003	441.970065	0.006248	7.3
81	-0.632943	440.511415	0.010583	7.9
82	-0.692005	439.065533	0.042475	7.2
83	-0.484740	437.632238	0.009710	6.8
84	-0.376188	436.211351	0.004106	8.1
85	-0.000000	434.802701	0.000000	7.4
86	-0.758510	433.406117	0.010461	8.4
87	-0.068177	432.021430	0.004844	7.3
88	-0.000013	430.648479	0.000012	7.7
89	-0.000000	429.287101	0.000000	7.3
90	-0.893858	427.937140	0.011222	7.9
91	-0.172220	426.598440	0.001556	7.0
92	-0.642798	425.270849	0.021070	8.0
93	-0.081040	423.954220	0.004058	6.8
94	-0.635417	422.648404	0.010277	7.4
95	-0.056296	421.353259	0.003656	7.4
96	-0.040595	420.068643	0.002680	7.6
97	-0.030974	418.794419	0.000705	8.2
98	-0.000000	417.530451	0.000000	7.6
99	-0.541473	416.276604	0.010869	7.9
100	-1.023813	415.032748	0.012048	6.1
101	-1.034895	413.798754	0.017653	7.2
102	-0.000000	412.574495	0.000000	6.3
103	-0.607242	411.359849	0.015539	6.5
104	-0.893853	410.154691	0.032802	7.9
105	-0.538178	408.958904	0.009817	6.4
106	-0.491000	407.772368	0.009746	7.0
107	-0.639915	406.594968	0.009971	6.3
108	-0.872036	405.426590	0.016629	7.0
109	-0.000000	404.267122	0.000000	6.2
110	-0.535403	403.116456	0.010834	6.2
111	-1.066540	401.974481	0.008663	6.9
112	-0.000000	400.841093	0.000000	6.7
113	-1.007721	399.716187	0.023018	8.1
114	-0.074351	398.599660	0.001837	7.2
115	-0.000000	397.491411	0.000000	7.8
116	0.000000	396.391342	0.000000	6.9
117	-0.205303	395.299353	0.003483	6.2
118	-0.811951	394.215350	0.018715	7.3
119	-0.111691	393.139238	0.004917	7.1
120	-0.866638	392.070924	0.016297	7.9
121	-0.754561	391.010316	0.020084	6.7
122	-0.000262	389.957325	0.000051	7.6
123	-0.992114	388.911862	0.032930	6.5
124	-0.538709	387.873839	0.008653	6.4
125	-0.843174	386.843173	0.009243	7.9
126	-0.000000	385.819777	0.000000	6.3
127	-0.913909	384.803569	0.031276	7.1
128	-0.734600	383.794468	0.021291	6.6
129	-0.654106	382.792393	0.010427	6.7
130	-0.984387	381.797264	0.019088	6.5
131	-0.226285	380.809005	0.007206	6.2
132	-0.869106	379.827537	0.008091	6.8
133	-0.000893	378.852786	0.000239	6.1
134	-1.039615	377.884678	0.036376	6.3
135	-0.563828	376.923138	0.010262	6.6
136	-0.706972	375.968095	0.008625	6.2
137	-0.519191	375.019479	0.008781	6.6
138	-0.612824	374.077218	0.015467	6.2
139	-0.739796	373.141244	0.010728	6.4
140	-0.106713	372.211489	0.001270	7.6
141	-0.978403	371.287887	0.008516	6.4
142	-0.614004	370.370370	0.015317	7.8
143	-0.358456	369.458876	0.003938	6.6
144	-0.000000	368.553338	0.000000	7.1
145	-1.024211	367.653696	0.021102	6.4
146	-0.960678	366.759885	0.018326	6.3
147	-0.549000	365.871846	0.012014	8.8
148	-0.000195	364.989518	0.000054	6.1
149	-0.501732	364.112841	0.030516	7.7
150	-0.000000	363.241757	0.000000	6.4
151	-0.448629	362.376208	0.011031	6.9
152	-0.020011	361.516137	0.002017	7.6
153	-0.432638	360.661488	0.009658	6.3
154	-0.592944	359.812206	0.009931	7.9
155	-0.087026	358.968236	0.005851	7.4
156	-0.534161	358.129524	0.005010	7.1
157	-0.456458	357.296018	0.008319	6.2
158	-0.000000	356.467665	0.000000	6.4
159	-0.666976	355.644414	0.008729	6.5
160	-0.858214	354.826213	0.014590	6.2
161	-1.118602	354.013012	0.022327	7.6
162	-0.000000	353.204763	0.000000	6.0
163	-0.790001	352.401415	0.009100	7.8
164	-0.000000	351.602922	0.000000	6.6
165	-0.000000	350.809235	0.000000	6.0
166	-0.295994	350.020308	0.008946	6.7
167	-0.945072	349.236095	0.014443	6.2
168	-0.717847	348.456550	0.009931	6.9
169	0.000000	347.681627	0.000000	6.0
170	-0.755458	346.911283	0.030406	6.0
171	-0.746441	346.145474	0.011614	7.2
172	-0.307603	345.384157	0.004318	6.1
173	-1.065065	344.627288	0.020422	7.0
174	-0.953926	343.874826	0.029289	6.1
175	-0.001557	343.126729	0.000344	6.0
176	-0.987052	342.382957	0.007417	6.4
177	0.000000	341.643469	0.000000	5.9
178	-0.166691	340.908224	0.003802	6.5
179	-0.420486	340.177184	0.010463	7.3
180	-0.673419	339.450309	0.005319	5.9
181	-0.000000	338.727561	0.000000	6.6
182	-0.088283	338.008902	0.003695	6.3
183	-0.771545	337.294295	0.011333	6.5
184	-0.568408	336.583703	0.007104	6.6
185	-0.981899	335.877089	0.008438	6.4
186	-0.284878	335.174416	0.004753	7.0
187	-1.032233	334.475651	0.024526	6.3
188	-0.672514	333.780756	0.009138	7.1
189	-0.000098	333.089698	0.000079	6.2
190	0.000000	332.402443	0.000000	6.1
191	-0.826881	331.718955	0.017160	7.3
192	-0.679829	331.039203	0.007035	6.3
193	-0.764006	330.363153	0.013184	6.6
194	-0.371252	329.690771	0.002982	6.5
195	-0.000000	329.022027	0.000000	5.7
196	-1.046213	328.356888	0.022924	7.0
197	-0.000000	327.695322	0.000000	6.7
198	-0.484439	327.037299	0.017090	6.9
199	0.000000	326.382787	0.000000	6.7
200	-0.316424	325.731758	0.006447	6.3
201	0.000000	325.084179	0.000000	6.2
202	-1.022171	324.440023	0.027583	6.6
203	-0.913912	323.799258	0.026686	6.5
204	-0.923782	323.161858	0.015754	7.0
205	-0.000160	322.527792	0.000106	6.3
206	-0.435377	321.897034	0.006575	6.9
207	-0.015648	321.269554	0.001687	6.1
208	-0.421623	320.645325	0.007956	6.7
209	-0.060733	320.024320	0.003035	6.9
210	-0.223858	319.406512	0.007232	6.5
211	-0.819862	318.791875	0.011742	7.4
212	-0.975019	318.180381	0.025487	6.3
213	0.000000	317.572005	0.000000	7.3
214	-0.638928	316.966721	0.007374	6.1
215	0.000000	316.364504	0.000000	6.3
216	-0.000000	315.765329	0.000000	7.0
217	0.000000	315.169170	0.000000	6.1
218	-1.030003	314.576003	0.021228	7.3
219	-0.965740	313.985804	0.030117	6.1
220	-0.973920	313.398548	0.007821	6.1
221	0.000000	312.814213	0.000000	6.6
222	-0.557550	312.232773	0.005830	5.7
223	-1.065442	311.654207	0.017871	7.0
224	-0.533139	311.078491	0.012208	6.1
225	0.000000	310.505602	0.000000	6.0
226	0.000000	309.935518	0.000000	6.7
227	-0.719899	309.368217	0.010460	6.0
228	-0.936231	308.803676	0.020098	6.6
229	0.000000	308.241874	0.000000	7.8
230	-0.490750	307.682789	0.007199	6.2
231	-0.111338	307.126400	0.008499	6.3
232	-0.000000	306.572687	0.000000	6.0
233	-0.000000	306.021627	0.000000	6.0
234	-0.382147	305.473201	0.009445	6.3
235	-0.475282	304.927388	0.009941	6.0
236	-0.452235	304.384168	0.008490	7.0
237	0.000000	303.843521	0.000000	6.2
238	-0.740788	303.305427	0.010830	6.3
239	-0.916387	302.769867	0.007440	7.5
240	-0.949210	302.236821	0.020456	7.3
241	-0.000000	301.706270	0.000000	7.0
242	-1.070832	301.178196	0.013372	6.3
243	-0.000000	300.652580	0.000000	7.1
244	-0.614316	300.129402	0.016075	6.8
245	-0.808423	299.608645	0.017560	6.3
246	-0.128014	299.090291	0.003079	7.6
247	-0.698333	298.574321	0.018367	7.2
248	-0.937701	298.060718	0.006525	7.0
249	-0.870136	297.549465	0.038448	7.6
250	-0.680861	297.040543	0.007799	7.3
251	-0.637820	296.533936	0.009893	7.2
252	0.000000	296.029626	0.000000	6.1
253	-0.735069	295.527597	0.005234	6.8
254	-0.503987	295.027832	0.005782	6.4
255	-0.046970	294.530315	0.002770	7.1
256	-0.318649	294.035028	0.006909	6.3
257	-0.803163	293.541956	0.008877	7.0
258	0.000000	293.051083	0.000000	7.3
259	-0.452207	292.562393	0.007780	6.4
260	0.000000	292.075870	0.000000	6.3
261	-1.006376	291.591498	0.007400	6.3
262	-0.000000	291.109263	0.000000	6.8
263	-1.068098	290.629149	0.023061	7.3
264	-0.000009	290.151140	0.000006	5.9
265	-0.498855	289.675222	0.008704	6.9
266	-0.117189	289.201380	0.002917	6.4
267	0.000000	288.729600	0.000000	7.0
268	-0.000000	288.259866	0.000000	6.2
269	-0.848459	287.792165	0.011288	6.2
270	-0.000000	287.326481	0.000000	6.7
271	-0.720015	286.862802	0.009777	6.3
272	-0.000479	286.401113	0.000159	6.8
273	-0.115313	285.941400	0.004250	6.4
274	-0.000000	285.483649	0.000000	5.9
275	-0.665564	285.027847	0.015306	6.8
276	-0.608440	284.573981	0.009479	7.1
277	-0.584309	284.122037	0.008781	7.0
278	-0.945801	283.672002	0.006773	6.4
279	-0.267380	283.223863	0.003018	6.1
280	-0.959134	282.777607	0.020608	6.7
281	0.000000	282.333221	0.000000	6.0
282	-0.691526	281.890692	0.010626	6.7
283	-0.521716	281.450008	0.008066	6.5
284	-0.798787	281.011157	0.012039	6.5
285	-0.922522	280.574125	0.024926	7.0
286	-0.704719	280.138901	0.010656	6.2
287	-0.228937	279.705473	0.009287	7.0
288	-0.423594	279.273829	0.008223	6.3
289	0.000000	278.843956	0.000000	5.9
290	-0.719759	278.415844	0.009811	6.8
291	-0.170288	277.989479	0.004718	6.6
292	-0.204435	277.564851	0.005938	5.9
293	-0.242738	277.141949	0.009707	6.1
294	-1.047421	276.720761	0.016211	6.3
295	-0.757056	276.301275	0.018394	7.1
296	-1.166157	275.883480	0.016380	6.1
297	-0.033905	275.467366	0.001573	5.9
298	-0.000000	275.052922	0.000000	6.6
299	-0.248339	274.640136	0.003650	6.1
300	-0.897072	274.228998	0.015757	6.6
301	-0.418395	273.819497	0.014200	7.1
302	-0.000000	273.411623	0.000000	6.4
303	-0.537884	273.005365	0.005614	6.8
304	-0.586076	272.600712	0.011469	6.1
305	0.000000	272.197655	0.000000	6.3
306	-0.009128	271.796184	0.000496	6.4
307	-0.246174	271.396287	0.005571	6.7
308	-0.533856	270.997956	0.004982	7.3
309	-0.934526	270.601180	0.024028	6.4
310	-0.000012	270.205949	0.000011	7.1
311	-0.557141	269.812254	0.008240	6.4
312	-0.756261	269.420085	0.008316	6.0
313	-1.047513	269.029432	0.013950	7.2
314	-0.436596	268.640287	0.007251	6.2
315	-0.860991	268.252638	0.009729	7.1
316	0.000000	267.866478	0.000000	5.9
317	-0.113882	267.481796	0.004682	6.3
318	-0.000018	267.098584	0.000014	6.6
319	0.000000	266.716833	0.000000	6.1
320	-0.524981	266.336533	0.007474	7.1
321	-0.685925	265.957676	0.009861	6.5
322	-0.000000	265.580253	0.000000	6.2
323	-0.741930	265.204254	0.008264	7.2
324	-0.215054	264.829672	0.003972	6.6
325	-1.053636	264.456497	0.017250	7.4
326	-0.335877	264.084721	0.008248	6.2
327	-0.185216	263.714335	0.002763	6.3
328	-0.578881	263.345332	0.009166	6.8
329	-0.519946	262.977702	0.007456	6.0
330	-0.479012	262.611438	0.006018	7.7
331	-0.603584	262.246531	0.009978	6.2
332	-0.450044	261.882973	0.010454	6.5
333	-1.095608	261.520756	0.007480	6.6
334	-0.787322	261.159871	0.006760	5.9
335	-0.791859	260.800312	0.007109	6.5
336	-0.000000	260.442070	0.000000	6.0
337	-0.391093	260.085137	0.004246	6.3
338	-1.080185	259.729505	0.018776	6.7
339	-0.000000	259.375167	0.000000	6.2
340	-0.284698	259.022116	0.005643	6.2
341	-0.686466	258.670343	0.006510	6.4
342	-0.017489	258.319841	0.001480	6.4
343	-0.712409	257.970602	0.040775	6.8
344	-1.034664	257.622620	0.027119	6.0
345	-0.030673	257.275887	0.000741	6.1
346	-1.118592	256.930396	0.008180	6.5
347	-0.345816	256.586139	0.008544	6.2
348	-1.034067	256.243109	0.017376	6.4
349	-0.313757	255.901300	0.006445	5.8
350	-0.623783	255.560703	0.008632	6.0
351	-0.656385	255.221313	0.009045	6.4
352	-0.570849	254.883122	0.009852	6.1
353	-0.568684	254.546124	0.007634	6.9
354	-0.678616	254.210311	0.013373	7.0
355	-0.493736	253.875677	0.007049	6.2
356	-0.100578	253.542215	0.001777	7.0
357	-1.022834	253.209918	0.012049	6.5
358	-0.001944	252.878781	0.000450	7.3
359	-0.681340	252.548795	0.012571	6.7
360	-0.328029	252.219956	0.005479	6.5
361	-0.603248	251.892255	0.013981	6.6
362	-0.622455	251.565688	0.006802	6.2
363	0.000000	251.240247	0.000000	7.4
364	-0.057526	250.915926	0.003127	6.4
365	-0.000002	250.592720	0.000001	6.4
366	-0.993483	250.270621	0.013042	6.2
367	-0.534221	249.949624	0.009966	6.0
368	-0.583982	249.629723	0.011201	7.1
369	-0.000001	249.310911	0.000001	6.4
370	-0.000000	248.993182	0.000000	6.6
371	-1.152642	248.676531	0.019631	7.4
372	-0.768188	248.360952	0.009576	7.4
373	-0.000000	248.046438	0.000000	6.4
374	-0.000002	247.732984	0.000001	6.0
375	-0.943446	247.420584	0.015344	6.6
376	-0.567993	247.109233	0.008396	6.6
377	-0.026501	246.798924	0.000892	6.4
378	-0.000000	246.489652	0.000000	6.3
379	0.000000	246.181412	0.000000	6.2
380	-0.000000	245.874197	0.000000	5.8
381	-0.163587	245.568002	0.005546	6.4
382	-0.001202	245.262822	0.000015	6.3
383	-0.691904	244.958652	0.007412	7.1
384	-0.278417	244.655485	0.002962	6.3
385	-0.212041	244.353317	0.005875	6.2
386	-0.005383	244.052142	0.000704	7.4
387	-0.187956	243.751955	0.005519	7.3
388	-0.590380	243.452750	0.006058	6.8
389	-0.399688	243.154523	0.005053	6.4
390	-0.936315	242.857268	0.016814	6.6
391	-1.059583	242.560980	0.008400	6.7
392	-0.494724	242.265654	0.006057	6.3
393	0.000000	241.971285	0.000000	6.9
394	-0.791158	241.677868	0.008135	6.2
395	-0.645899	241.385397	0.024862	6.4
396	-0.545275	241.093869	0.006834	6.5
397	-1.032364	240.803278	0.006609	6.2
398	-0.000319	240.513619	0.000180	6.4
399	-0.375220	240.224887	0.005864	6.6
400	-0.000000	239.937077	0.000000	6.4
401	-0.477838	239.650186	0.008168	6.8
402	-0.000000	239.364207	0.000000	6.3
403	-0.923100	239.079136	0.012067	6.6
404	-0.735750	238.794969	0.018331	6.8
405	-0.000000	238.511701	0.000000	6.0
406	-1.036032	238.229327	0.009540	6.8
407	-1.049922	237.947843	0.007074	6.0
408	-1.110679	237.667244	0.017765	7.0
409	-0.011012	237.387526	0.000319	6.1
410	-0.000000	237.108684	0.000000	6.0
411	-0.787573	236.830714	0.007643	6.1
412	-0.151549	236.553610	0.001763	6.0
413	0.000000	236.277370	0.000000	6.3
414	0.000000	236.001989	0.000000	6.3
415	-0.000000	235.727461	0.000000	6.0
416	-0.545636	235.453784	0.009307	6.6
417	-0.549293	235.180952	0.009805	6.3
418	-0.307728	234.908962	0.006388	6.4
419	-0.652584	234.637809	0.006489	6.8
420	-0.207660	234.367488	0.002957	6.5
421	-0.000000	234.097997	0.000000	7.7
422	-0.697418	233.829331	0.004823	6.4
423	-0.927695	233.561485	0.029314	7.1
424	-0.086566	233.294456	0.001254	6.3
425	-0.195076	233.028239	0.007313	6.4
426	-0.665356	232.762831	0.008098	6.6
427	-0.828830	232.498228	0.006988	6.2
428	-0.158549	232.234425	0.003058	6.5
429	-0.484180	231.971419	0.005319	6.8
430	-0.641686	231.709205	0.007589	5.9
431	-0.600522	231.447781	0.006973	7.6
432	-1.064662	231.187141	0.024261	6.4
433	-0.795863	230.927283	0.019623	6.4
434	-0.000000	230.668202	0.000000	6.5
435	-0.000000	230.409895	0.000000	6.3
436	0.000000	230.152358	0.000000	6.8
437	0.000000	229.895587	0.000000	6.9
438	-0.044571	229.639578	0.002882	6.5
439	-0.578584	229.384329	0.009764	6.4
440	-0.822926	229.129834	0.009228	6.3
441	-0.907139	228.876091	0.011975	6.5
442	-1.115650	228.623096	0.027486	6.2
443	-1.097943	228.370846	0.012247	6.6
444	-0.350568	228.119336	0.004613	6.6
445	-0.000000	227.868563	0.000000	6.6
446	-0.022931	227.618525	0.001826	7.1
447	-0.947619	227.369216	0.006591	6.3
448	-0.931234	227.120635	0.007859	6.6
449	-1.167078	226.872777	0.013564	6.7
450	-0.199596	226.625638	0.003157	6.3
451	-0.194616	226.379217	0.005790	6.4
452	-0.394320	226.133509	0.010381	8.3
453	-0.660786	225.888510	0.014063	8.3
454	-1.153361	225.644218	0.026693	6.4
455	-0.000000	225.400630	0.000000	7.0
456	-0.857473	225.157741	0.015952	6.2
457	-0.485157	224.915549	0.008228	5.9
458	0.000000	224.674051	0.000000	6.6
459	0.000000	224.433242	0.000000	6.0
460	-0.028589	224.193121	0.001245	6.2
461	-0.000000	223.953684	0.000000	6.4
462	-0.575305	223.714927	0.010701	6.1
463	-0.009064	223.476848	0.001337	6.9
464	-0.100510	223.239444	0.004981	6.0
465	-0.629274	223.002710	0.017705	6.1
466	-0.171670	222.766645	0.002578	6.8
467	-0.365767	222.531245	0.006425	6.3
468	-0.696717	222.296508	0.004803	6.9
469	-0.953607	222.062429	0.012582	6.0
470	-0.000000	221.829007	0.000000	6.2
471	-0.272634	221.596238	0.003173	6.8
472	-1.008881	221.364119	0.008355	6.1
473	-0.158037	221.132647	0.005907	6.9
474	-0.262958	220.901820	0.006270	6.4
475	-0.970730	220.671634	0.024317	6.0
476	-0.991016	220.442086	0.022800	6.6
477	-0.208155	220.213174	0.006152	5.9
478	-0.155111	219.984895	0.001237	6.4
479	-0.689998	219.757246	0.007945	6.6
480	-0.259169	219.530224	0.006146	6.4
481	-0.348496	219.303826	0.004059	7.1
482	-0.375886	219.078050	0.003016	6.5
483	-0.000000	218.852893	0.000000	6.5
484	-1.015569	218.628352	0.010569	6.5
485	-1.097651	218.404424	0.014394	6.7
486	-0.067502	218.181106	0.001448	6.6
487	-0.620881	217.958397	0.008634	6.3
488	-0.000000	217.736292	0.000000	6.5
489	-0.000287	217.514790	0.000086	6.8
490	-0.000000	217.293888	0.000000	6.4
491	0.000000	217.073584	0.000000	6.2
492	-0.013806	216.853873	0.000412	6.4
493	-0.436846	216.634755	0.006540	6.6
494	-0.868526	216.416227	0.005680	6.6
495	-0.613778	216.198285	0.003929	6.5
496	0.000000	215.980927	0.000000	6.6
497	-0.071237	215.764151	0.002171	6.4
498	-0.602782	215.547955	0.006372	6.5
499	-0.763029	215.332335	0.008190	6.6
500	-0.000000	215.117289	0.000000	6.7
501	-0.000000	214.902815	0.000000	6.6
502	-1.084339	214.688911	0.010823	6.1
503	-0.956506	214.475573	0.022631	6.5
504	-0.540873	214.262800	0.007648	7.0
505	-0.655141	214.050588	0.005483	6.2
506	-0.300548	213.838936	0.002451	6.7
507	-0.407494	213.627842	0.004138	6.4
508	-0.062208	213.417302	0.001107	6.5
509	0.000000	213.207314	0.000000	6.4
510	-0.038374	212.997877	0.001988	6.3
511	-0.974035	212.788987	0.010855	6.9
512	-0.039246	212.580642	0.000801	6.1
513	-0.000000	212.372841	0.000000	6.1
514	-0.573814	212.165581	0.006058	6.7
515	-0.348171	211.958859	0.007238	6.2
516	-0.000042	211.752673	0.000014	6.7
517	-1.097655	211.547021	0.021578	7.5
518	-0.510670	211.341902	0.005900	6.4
519	-1.151302	211.137311	0.009722	6.7
520	-1.040344	210.933248	0.026984	6.4
521	-0.733832	210.729710	0.004463	6.7
522	-0.391785	210.526695	0.004230	6.5
523	-1.083672	210.324200	0.006373	6.9
524	-0.000006	210.122224	0.000005	5.9
525	-0.000000	209.920765	0.000000	5.7
526	0.000000	209.719820	0.000000	7.1
527	-0.466352	209.519387	0.006470	6.6
528	-0.666256	209.319463	0.013168	6.4
529	-1.015090	209.120048	0.018927	6.6
530	-0.603634	208.921139	0.015777	5.9
531	-0.711506	208.722733	0.012914	6.4
532	-1.015828	208.524829	0.009490	6.1
533	-1.066274	208.327425	0.010158	6.4
534	0.000000	208.130518	0.000000	7.1
535	-1.043433	207.934107	0.015195	6.1
536	-1.034511	207.738189	0.010324	7.2
537	-0.911925	207.542762	0.017039	6.0
538	-0.848398	207.347825	0.011928	6.0
539	-0.552598	207.153376	0.007778	6.7
540	-0.000009	206.959412	0.000006	6.4
541	-0.463151	206.765932	0.006274	6.8
542	-0.557922	206.572933	0.010044	6.6
543	-1.055484	206.380414	0.004864	6.2
544	-0.456334	206.188373	0.006089	6.7
545	-0.009509	205.996807	0.000517	6.3
546	-0.006468	205.805716	0.000777	6.8
547	-0.700617	205.615096	0.022766	6.8
548	-1.117454	205.424946	0.021790	6.6
549	-0.034317	205.235265	0.001730	7.1
550	-0.931866	205.046050	0.014306	6.1
551	-0.524746	204.857299	0.003157	7.3
552	-0.844560	204.669011	0.010062	6.6
553	-0.322916	204.481184	0.007536	6.4
554	-0.000000	204.293816	0.000000	6.8
555	-0.823868	204.106905	0.014479	6.4
556	-0.477389	203.920449	0.004028	7.0
557	-0.724510	203.734447	0.009794	6.5
558	-1.184179	203.548896	0.018767	6.5
559	-0.895281	203.363795	0.016141	7.1
560	-0.342118	203.179143	0.005250	6.2
561	-0.123882	202.994937	0.004708	6.8
562	-1.119920	202.811176	0.011088	6.2
563	0.000000	202.627857	0.000000	6.8
564	-0.426242	202.444980	0.005595	7.0
565	-0.495152	202.262543	0.004622	6.4
566	-0.000000	202.080543	0.000000	7.1
567	-0.894735	201.898979	0.017194	6.5
568	-0.661518	201.717849	0.003738	6.7
569	-0.832900	201.537153	0.009431	6.4
570	-0.472499	201.356887	0.006602	6.0
571	-0.747241	201.177050	0.008084	8.7
572	-0.242841	200.997642	0.003957	6.2
573	-0.121546	200.818659	0.002140	7.2
574	-0.620671	200.640100	0.007393	6.5
575	0.000000	200.461965	0.000000	6.3
576	-0.592665	200.284250	0.015590	6.4
577	-0.689441	200.106955	0.006933	6.4
578	-0.496621	199.930078	0.007393	6.3
579	-0.567987	199.753617	0.004775	7.5
580	-0.679687	199.577571	0.006898	6.8
581	-0.741927	199.401938	0.005503	6.3
582	-0.500587	199.226717	0.006235	5.9
583	-0.618327	199.051905	0.013687	6.7
584	-0.863113	198.877502	0.010552	6.1
585	-0.410316	198.703506	0.003011	6.5
586	-0.456271	198.529916	0.004280	6.4
587	-0.019582	198.356729	0.000737	5.9
588	-1.081633	198.183944	0.007112	6.5
589	0.000000	198.011560	0.000000	6.0
590	-0.000000	197.839576	0.000000	6.0
591	-0.623717	197.667989	0.006246	6.2
592	-1.114521	197.496798	0.009209	5.9
593	-0.000000	197.326002	0.000000	6.3
594	-0.966373	197.155600	0.007701	7.2
595	-0.392068	196.985589	0.004997	6.0
596	-1.219541	196.815969	0.009331	6.5
597	-0.000000	196.646738	0.000000	6.7
598	0.000000	196.477894	0.000000	6.3
599	-0.482343	196.309436	0.005485	6.6
600	0.000000	196.141363	0.000000	6.4
601	-0.000000	195.973673	0.000000	6.6
602	-0.000086	195.806365	0.000038	6.3
603	0.000000	195.639437	0.000000	7.3
604	-0.739729	195.472888	0.016025	7.9
605	-0.001472	195.306717	0.000274	7.0
606	-0.151898	195.140922	0.004700	6.8
607	-1.024073	194.975501	0.010604	6.3
608	0.000000	194.810454	0.000000	6.4
609	-1.040896	194.645779	0.008077	6.6
610	-0.000859	194.481475	0.000121	6.3
611	-0.002468	194.317540	0.000784	7.4
612	-1.137100	194.153973	0.015322	6.8
613	-0.589861	193.990773	0.004017	7.3
614	-0.707576	193.827938	0.007631	6.3
615	-0.001729	193.665467	0.000423	6.5
616	-0.579200	193.503358	0.007086	6.7
617	-1.061792	193.341611	0.011021	6.3
618	-0.000000	193.180224	0.000000	8.0
619	-0.000016	193.019196	0.000013	6.3
620	-0.636149	192.858525	0.012485	6.5
621	-1.013941	192.698210	0.010112	6.4
622	-0.000000	192.538251	0.000000	6.3
623	-1.062042	192.378644	0.007638	6.9
624	-0.115463	192.219391	0.004158	6.3
625	-0.966560	192.060488	0.014698	6.9
626	-0.691524	191.901935	0.011871	6.4
627	-0.609248	191.743730	0.004901	6.3
628	-0.575549	191.585873	0.006661	6.7
629	-0.875830	191.428362	0.013165	6.1
630	-0.134193	191.271196	0.006096	6.4
631	-1.114332	191.114374	0.007924	6.2
632	-0.000033	190.957893	0.000016	6.0
633	-0.703258	190.801755	0.005847	6.9
634	-1.093238	190.645956	0.020523	6.3
635	-0.840846	190.490495	0.007784	5.9
636	-0.882594	190.335373	0.005951	6.0
637	0.000000	190.180587	0.000000	6.1
638	-1.093753	190.026136	0.020838	6.8
639	-0.774487	189.872019	0.010321	6.4
640	-0.624878	189.718235	0.004703	6.3
641	-0.836106	189.564782	0.003439	6.5
642	-0.740778	189.411661	0.006800	5.9
643	-1.150628	189.258868	0.013504	6.2
644	-0.730065	189.106404	0.003598	7.1
645	-1.166911	188.954267	0.014127	6.6
646	-0.071324	188.802456	0.004137	6.8
647	-0.637837	188.650969	0.009499	6.1
648	-1.151597	188.499807	0.013383	6.9
649	-0.661987	188.348967	0.008651	6.8
650	-0.368147	188.198448	0.005181	6.4
651	-0.066333	188.048250	0.003847	6.5
652	-1.104701	187.898371	0.011866	6.1
653	-0.000000	187.748810	0.000000	6.5
654	-1.098378	187.599566	0.012437	6.6
655	-0.563795	187.450638	0.010342	6.9
656	-0.781643	187.302025	0.005904	6.7
657	-0.871222	187.153725	0.008737	6.2
658	-0.375147	187.005739	0.005495	7.4
659	-0.013646	186.858064	0.001338	8.0
660	-0.422177	186.710699	0.008023	6.4
661	-0.001592	186.563645	0.000211	6.6
662	0.000000	186.416898	0.000000	6.0
663	-0.340828	186.270459	0.004068	7.2
664	-0.697063	186.124326	0.009484	6.4
665	-0.034644	185.978499	0.001544	6.6
666	-0.829218	185.832976	0.007871	6.5
667	-0.741216	185.687756	0.008536	5.9
668	-0.954684	185.542838	0.010743	6.7
669	-0.000037	185.398222	0.000023	6.1
670	-1.043447	185.253906	0.029713	6.1
671	-0.446043	185.109889	0.006795	6.5
672	-0.323015	184.966170	0.011453	5.9
673	-0.826331	184.822748	0.007224	6.7
674	-0.000000	184.679623	0.000000	5.8
675	-0.000000	184.536792	0.000000	5.9
676	-0.982124	184.394256	0.010880	6.4
677	-0.826050	184.252013	0.009652	6.9
678	-0.853073	184.110062	0.009136	6.5
679	-0.000000	183.968403	0.000000	6.2
680	0.000000	183.827034	0.000000	6.2
681	-0.798270	183.685954	0.005953	6.4
682	0.000000	183.545163	0.000000	6.2
683	-0.779313	183.404658	0.009273	6.1
684	-0.283155	183.264441	0.004071	6.6
685	-0.000000	183.124509	0.000000	6.0
686	-0.491112	182.984861	0.007051	6.5
687	-0.756100	182.845497	0.010166	6.2
688	-0.600316	182.706416	0.007958	6.0
689	-0.308197	182.567616	0.004919	6.9
690	0.000000	182.429098	0.000000	6.1
691	-0.000019	182.290859	0.000006	6.4
692	-0.545891	182.152899	0.005619	6.9
693	-0.833938	182.015217	0.007332	7.1
694	-0.826563	181.877813	0.016715	7.0
695	-0.795125	181.740684	0.009957	5.9
696	-0.927598	181.603832	0.004611	6.4
697	-0.252324	181.467253	0.005670	6.4
698	-0.675179	181.330948	0.006958	6.4
699	-0.465183	181.194916	0.004423	6.8
700	-0.000000	181.059155	0.000000	6.4
701	0.000000	180.923666	0.000000	6.7
702	-0.329844	180.788446	0.010031	6.6
703	-0.029806	180.653496	0.002379	6.2
704	-1.065107	180.518814	0.027926	7.1
705	-0.763569	180.384399	0.010942	6.2
706	-0.949965	180.250251	0.009639	6.7
707	-0.118755	180.116369	0.003109	6.7
708	-0.000000	179.982752	0.000000	6.0
709	-0.962218	179.849398	0.012700	6.8
710	0.000000	179.716308	0.000000	6.7
711	-0.000000	179.583480	0.000000	6.5
712	-0.000000	179.450913	0.000000	6.4
713	-1.051597	179.318607	0.007483	6.1
714	-0.258896	179.186561	0.009893	6.7
715	-0.000000	179.054774	0.000000	6.5
716	-1.059729	178.923245	0.011304	6.6
717	-0.627929	178.791973	0.006120	6.9
718	-0.000000	178.660958	0.000000	6.1
719	-0.565284	178.530199	0.005381	6.9
720	-0.666518	178.399694	0.010117	6.0
721	-1.092368	178.269444	0.023503	6.2
722	-0.844940	178.139447	0.008378	6.6
723	-0.000000	178.009702	0.000000	5.7
724	-1.089018	177.880209	0.007927	6.5
725	-0.458114	177.750967	0.006987	6.5
726	-0.644343	177.621975	0.007628	6.4
727	-0.000000	177.493232	0.000000	5.9
728	-0.624762	177.364738	0.024254	6.0
729	-0.803361	177.236492	0.009111	6.3
730	-0.975648	177.108492	0.010831	6.5
731	-0.352026	176.980739	0.009366	6.1
732	-0.480766	176.853231	0.008941	6.9
733	-0.955301	176.725968	0.007809	6.0
734	-0.418764	176.598949	0.006715	6.3
735	-0.362429	176.472173	0.006190	6.4
736	-0.550857	176.345639	0.007082	6.0
737	-1.106246	176.219348	0.006667	7.1
738	-0.562108	176.093296	0.006976	6.4
739	-0.389813	175.967486	0.005920	6.4
740	-0.394491	175.841914	0.008707	7.0
741	-0.903010	175.716581	0.008515	6.6
742	-0.357132	175.591486	0.006534	6.5
743	-0.606451	175.466629	0.006209	6.4
744	-0.000000	175.342008	0.000000	6.0
745	-0.000000	175.217622	0.000000	6.5
746	-0.001107	175.093472	0.000270	6.5
747	-0.746356	174.969556	0.009062	7.2
748	-1.213808	174.845873	0.014915	6.4
749	-0.447288	174.722423	0.005814	6.5
750	-0.267534	174.599206	0.002830	6.8
751	-0.000000	174.476220	0.000000	6.4
752	-1.200831	174.353464	0.020043	7.2
753	-0.251951	174.230939	0.007283	6.5
754	-0.616039	174.108643	0.008262	7.0
755	-0.165983	173.986576	0.002444	8.0
756	-1.005183	173.864737	0.003922	6.2
757	-0.783809	173.743124	0.008222	7.2
758	-0.609248	173.621739	0.007429	6.7
759	-0.000001	173.500579	0.000001	7.2
760	-0.561139	173.379645	0.009004	6.4
761	-0.717502	173.258935	0.010545	6.4
762	-1.121527	173.138449	0.010587	6.9
763	-0.000000	173.018186	0.000000	6.0
764	-0.952259	172.898146	0.018204	7.3
765	-0.755264	172.778327	0.006644	6.2
766	-0.001026	172.658730	0.000562	6.5
767	-0.710085	172.539353	0.006436	6.5
768	-1.073847	172.420196	0.009682	6.2
769	-0.308344	172.301258	0.006009	6.8
770	-0.034219	172.182539	0.002180	6.1
771	-0.277531	172.064037	0.003709	6.2
772	-0.977564	171.945753	0.014518	7.0
773	-0.071390	171.827686	0.002473	6.2
774	-1.188491	171.709834	0.036345	6.9
775	-0.114285	171.592198	0.005290	6.2
776	-0.886885	171.474776	0.004841	6.2
777	-0.934891	171.357568	0.008769	6.8
778	-0.896856	171.240574	0.010910	5.9
779	0.000000	171.123793	0.000000	7.2
780	-0.029309	171.007223	0.002615	5.9
781	-0.754710	170.890865	0.011660	5.9
782	-0.618366	170.774718	0.007122	6.9
783	-0.321497	170.658782	0.007306	6.3
784	-0.000000	170.543055	0.000000	7.0
785	-1.039430	170.427537	0.005038	6.5
786	-0.000000	170.312227	0.000000	6.0
787	-0.000000	170.197125	0.000000	6.1
788	-0.906383	170.082231	0.021827	6.1
789	-0.000000	169.967543	0.000000	6.5
790	-1.169638	169.853061	0.023099	6.9
791	-0.050771	169.738784	0.002389	6.6
792	-0.200713	169.624713	0.005057	6.6
793	-0.000000	169.510845	0.000000	6.1
794	-0.798364	169.397181	0.007171	6.4
795	-0.997701	169.283720	0.005086	6.8
796	-0.489549	169.170462	0.007556	6.2
797	-0.524667	169.057405	0.008363	7.0
798	-0.932084	168.944549	0.009214	6.6
799	-0.000000	168.831895	0.000000	6.5
800	-0.483823	168.719440	0.006828	6.5
801	-0.912044	168.607185	0.017622	6.3
802	-0.458830	168.495129	0.007566	6.4
803	-0.939530	168.383271	0.019444	6.3
804	-0.799278	168.271611	0.016205	6.4
805	-0.851751	168.160148	0.009004	7.0
806	-0.000000	168.048882	0.000000	7.0
807	-0.000013	167.937812	0.000008	7.5
808	-1.025949	167.826938	0.012078	7.6
809	-0.822937	167.716258	0.006680	7.6
810	-0.000000	167.605773	0.000000	6.2
811	-1.142283	167.495482	0.009555	7.0
812	-1.054467	167.385384	0.009703	6.5
813	-0.000000	167.275479	0.000000	5.7
814	-0.251962	167.165766	0.006985	7.2
815	-0.830516	167.056245	0.010162	6.2
816	-0.432266	166.946915	0.010364	6.4
817	-0.000000	166.837776	0.000000	7.2
818	-0.000000	166.728826	0.000000	7.1
819	-0.496794	166.620067	0.009521	7.4
820	-0.128398	166.511496	0.005007	6.7
821	0.000000	166.403113	0.000000	7.8
822	-0.317963	166.294919	0.006966	7.8
823	-0.797675	166.186912	0.006687	7.3
824	-1.065628	166.079091	0.038994	7.2
825	-0.307479	165.971458	0.009770	6.8
826	-0.348031	165.864009	0.006068	7.7
827	-0.687735	165.756747	0.022832	7.8
828	-0.460160	165.649669	0.007267	7.6
829	-0.710523	165.542775	0.005654	6.6
830	-0.944022	165.436065	0.010164	6.8
831	-0.670161	165.329538	0.002553	6.2
832	-0.728470	165.223194	0.009373	6.6
833	-0.137874	165.117032	0.004623	7.6
834	-1.160229	165.011052	0.009968	6.6
835	-0.681273	164.905253	0.004137	7.1
836	-1.014664	164.799635	0.010414	6.9
837	-0.105583	164.694197	0.003675	6.9
838	-0.770630	164.588939	0.008614	6.8
839	-0.170903	164.483859	0.004637	6.9
840	-0.000000	164.378959	0.000000	7.9
841	-0.000000	164.274237	0.000000	6.5
842	-0.434861	164.169692	0.007529	7.2
843	-0.654300	164.065325	0.006467	6.7
844	-1.053363	163.961135	0.020401	6.6
845	-0.000000	163.857120	0.000000	6.5
846	-0.653398	163.753282	0.003446	6.4
847	-0.495329	163.649619	0.005318	7.0
848	-0.043285	163.546130	0.003027	6.7
849	-0.149237	163.442816	0.004115	7.1
850	-0.000000	163.339676	0.000000	6.9
851	-1.120997	163.236709	0.021745	6.6
852	-0.000000	163.133915	0.000000	6.8
853	0.000000	163.031294	0.000000	6.2
854	0.000000	162.928844	0.000000	6.7
855	-0.016972	162.826566	0.001174	7.0
856	-1.177545	162.724459	0.019589	6.5
857	-0.481099	162.622523	0.010036	6.6
858	-0.614202	162.520757	0.004040	6.4
859	-0.000000	162.419160	0.000000	6.0
860	-0.925034	162.317733	0.008720	6.2
861	-0.000486	162.216474	0.000125	6.0
862	-0.560445	162.115383	0.006852	7.2
863	-0.458167	162.014461	0.005494	6.1
864	-0.000005	161.913705	0.000003	7.3
865	-0.889334	161.813117	0.021660	6.1
866	-0.000000	161.712695	0.000000	5.9
867	-0.990092	161.612439	0.005737	6.4
868	-1.097682	161.512349	0.011788	5.8
869	-0.000000	161.412424	0.000000	6.7
870	-0.156961	161.312663	0.004026	6.5
871	-0.000000	161.213067	0.000000	5.9
872	-0.000000	161.113635	0.000000	6.5
873	-0.011292	161.014366	0.000690	6.0
874	-0.000000	160.915260	0.000000	6.1
875	-0.348630	160.816316	0.004429	6.0
876	-0.970286	160.717535	0.007171	6.3
877	-0.769987	160.618915	0.010051	6.9
878	-0.002758	160.520456	0.000129	6.4
879	-1.132859	160.422158	0.016800	6.0
880	0.000000	160.324021	0.000000	6.7
881	-0.001114	160.226043	0.000433	6.3
882	0.000000	160.128225	0.000000	6.6
883	-0.453029	160.030566	0.006458	6.5
884	0.000000	159.933066	0.000000	5.5
885	-0.000000	159.835723	0.000000	7.0
886	-0.957234	159.738539	0.006309	6.3
887	-0.108735	159.641512	0.004161	7.0
888	-0.848499	159.544642	0.007255	6.9
889	-0.580775	159.447929	0.006611	6.8
890	-1.088954	159.351372	0.022036	6.4
891	-0.282008	159.254971	0.007536	7.4
892	0.000000	159.158725	0.000000	6.8
893	-0.448593	159.062634	0.008953	6.2
894	-1.078760	158.966697	0.018029	6.2
895	-0.634397	158.870915	0.010961	7.2
896	-0.938405	158.775286	0.005885	6.5
897	-0.815206	158.679811	0.005093	7.3
898	-0.723918	158.584489	0.007335	6.3
899	-0.349801	158.489319	0.005171	6.3
900	-0.000000	158.394302	0.000000	7.1
901	-0.663513	158.299436	0.008635	6.3
902	-0.746226	158.204721	0.009162	7.7
903	-0.000000	158.110158	0.000000	6.2
904	0.000000	158.015745	0.000000	6.6
905	-1.009984	157.921482	0.010069	6.9
906	-0.000000	157.827369	0.000000	6.6
907	0.000000	157.733406	0.000000	8.2
908	-0.186349	157.639591	0.003483	6.3
909	-0.908477	157.545925	0.005700	7.3
910	-0.140758	157.452408	0.003445	5.9
911	-1.080683	157.359038	0.010476	6.2
912	-0.572196	157.265816	0.005733	7.2
913	-1.261001	157.172741	0.009431	5.9
914	-0.970050	157.079813	0.009079	7.1
915	-0.589462	156.987031	0.006411	5.9
916	-0.000002	156.894395	0.000001	6.0
917	-1.119613	156.801904	0.009343	7.1
918	-1.161050	156.709559	0.011076	6.1
919	-0.299794	156.617359	0.002774	6.4
920	-0.661976	156.525304	0.009310	6.8
921	-0.843191	156.433392	0.005122	6.7
922	-1.097312	156.341624	0.028297	6.6
923	-1.031431	156.250000	0.009593	6.0
924	-1.130276	156.158519	0.009809	7.0
925	-0.812447	156.067180	0.010192	6.0
926	-1.061409	155.975984	0.008564	6.0
927	-0.887808	155.884930	0.008063	7.6
928	-0.495244	155.794017	0.003712	6.2
929	-0.913405	155.703246	0.006018	6.9
930	-0.593211	155.612615	0.003722	6.0
931	-0.423582	155.522125	0.002613	5.9
932	-0.000000	155.431775	0.000000	7.6
933	-1.044947	155.341565	0.016890	6.3
934	-1.023824	155.251495	0.009794	7.1
935	-0.631516	155.161563	0.008869	6.5
936	0.000000	155.071771	0.000000	6.4
937	-0.030252	154.982117	0.000821	7.0
938	-0.000001	154.892601	0.000001	6.7
939	-0.584462	154.803222	0.007913	7.0
940	0.000000	154.713981	0.000000	6.4
941	-0.272450	154.624878	0.012952	6.3
942	-0.922505	154.535910	0.010309	6.9
943	-0.569324	154.447080	0.007202	6.4
944	-1.087445	154.358385	0.010803	7.3
945	-0.005645	154.269826	0.001265	6.1
946	0.000000	154.181402	0.000000	6.6
947	-0.597285	154.093114	0.005981	6.9
948	-0.907451	154.004960	0.007470	6.2
949	-1.078813	153.916940	0.013041	7.0
950	-0.006827	153.829054	0.000669	6.1
951	-0.801109	153.741303	0.011208	6.5
952	-0.856909	153.653684	0.008877	7.6
953	-0.890857	153.566198	0.006807	6.5
954	-0.045554	153.478846	0.002371	6.9
955	-0.033729	153.391625	0.002699	6.2
956	-0.947191	153.304537	0.007763	7.1
957	-1.099446	153.217580	0.008875	6.2
958	-0.765773	153.130755	0.012047	6.2
959	-0.194789	153.044061	0.005643	6.9
960	-0.000326	152.957498	0.000095	6.1
961	-0.706979	152.871065	0.005869	6.4
962	-1.050647	152.784762	0.010116	6.9
963	-0.842977	152.698589	0.005901	6.2
964	-1.151572	152.612545	0.019867	6.4
965	-0.048506	152.526631	0.002081	5.9
966	-0.777113	152.440845	0.010999	6.2
967	-0.625581	152.355188	0.009604	7.4
968	-0.428903	152.269660	0.005648	6.4
969	-1.069247	152.184259	0.030818	6.4
970	-0.412311	152.098986	0.002442	6.2
971	-0.855829	152.013840	0.007454	6.0
972	-0.000000	151.928821	0.000000	6.5
973	-0.821610	151.843928	0.006249	6.2
974	-1.015126	151.759163	0.013336	6.9
975	-0.607369	151.674523	0.004845	6.1
976	-0.772439	151.590009	0.011181	6.1
977	-1.058811	151.505620	0.004679	6.5
978	-0.545714	151.421357	0.010109	5.7
979	-0.000000	151.337218	0.000000	6.1
980	-0.708319	151.253204	0.007978	6.2
981	-0.715229	151.169314	0.004312	7.0
982	-0.379672	151.085549	0.007160	6.3
983	-1.137243	151.001907	0.012178	6.8
984	-0.849446	150.918388	0.008751	7.0
985	-0.402035	150.834992	0.007980	6.1
986	-0.000819	150.751719	0.000428	6.5
987	-0.579330	150.668569	0.005786	7.1
988	-1.058093	150.585541	0.044438	6.5
989	-0.840530	150.502634	0.005512	7.0
990	-0.741221	150.419849	0.006116	6.3
991	-0.737548	150.337186	0.004033	6.3
992	-0.067834	150.254644	0.003797	6.6
993	-0.468900	150.172222	0.002949	6.2
994	-1.005256	150.089921	0.007343	6.4
995	-0.007942	150.007740	0.000537	6.6
996	-0.990216	149.925679	0.007202	6.4
997	0.000000	149.843737	0.000000	6.9
998	-0.982313	149.761915	0.027047	6.3
999	-0.771683	149.680212	0.004621	6.6
1000	-1.070946	149.598627	0.006054	7.2
1001	-0.001027	149.517161	0.000162	6.7
1002	-0.391413	149.435814	0.005215	6.6
1003	-0.689021	149.354584	0.008133	6.6
1004	-0.872960	149.273472	0.013214	6.7
1005	-0.736659	149.192477	0.008073	6.4
1006	-1.161467	149.111599	0.020524	6.1
1007	-0.000000	149.030838	0.000000	6.2
1008	-0.743429	148.950194	0.004505	5.9
1009	-0.000000	148.869666	0.000000	6.4
1010	-0.766216	148.789253	0.009143	5.9
1011	-0.869139	148.708957	0.010265	6.0
1012	-0.572364	148.628776	0.010381	6.7
1013	-0.293364	148.548710	0.010975	6.1
1014	0.000000	148.468759	0.000000	6.2
1015	0.000000	148.388923	0.000000	6.4
1016	-1.048759	148.309201	0.005739	6.5
1017	-0.766603	148.229594	0.011049	6.7
1018	-0.646602	148.150100	0.005877	6.2
1019	-0.439388	148.070719	0.005316	6.4
1020	-0.656900	147.991452	0.006475	6.8
1021	-1.177724	147.912298	0.007880	6.0
1022	-0.000000	147.833257	0.000000	6.4
1023	-0.768285	147.754329	0.007361	6.7
1024	-1.020210	147.675512	0.009117	6.0
1025	-0.756004	147.596808	0.008431	6.0
1026	-0.101827	147.518216	0.003852	6.7
1027	-0.508668	147.439735	0.009316	6.5
1028	0.000000	147.361365	0.000000	6.5
1029	-0.731793	147.283106	0.010392	6.2
1030	-0.679515	147.204958	0.007561	6.8
1031	-0.460301	147.126920	0.005923	6.3
1032	-0.231457	147.048993	0.004381	6.9
1033	-0.974005	146.971175	0.005979	7.3
1034	-0.587086	146.893468	0.016660	6.5
1035	-0.887104	146.815869	0.007475	6.9
1036	-1.182290	146.738380	0.026038	6.8
1037	-0.984953	146.661000	0.010006	7.0
1038	-0.978739	146.583729	0.008040	6.4
1039	-0.801742	146.506566	0.009810	6.2
1040	0.000000	146.429511	0.000000	6.1
1041	-0.225018	146.352565	0.005944	6.4
1042	-0.416039	146.275726	0.002599	7.2
1043	-0.000000	146.198994	0.000000	6.4
1044	-0.000000	146.122370	0.000000	6.1
1045	-0.817089	146.045853	0.005613	6.8
1046	-0.014534	145.969442	0.000380	6.3
1047	-0.000009	145.893139	0.000006	6.8
1048	-0.001239	145.816941	0.000131	6.3
1049	-0.605081	145.740849	0.005825	6.7
1050	-0.310500	145.664863	0.009551	7.5
1051	-0.877720	145.588983	0.006397	8.5
1052	-0.840301	145.513208	0.023431	7.5
1053	-0.837650	145.437538	0.008637	6.0
1054	-0.526803	145.361973	0.006559	6.7
1055	-0.000000	145.286513	0.000000	6.3
1056	0.000000	145.211157	0.000000	6.3
1057	0.000000	145.135905	0.000000	6.8
1058	-0.752173	145.060757	0.007648	5.9
1059	-0.000000	144.985712	0.000000	6.3
1060	-0.816346	144.910771	0.007980	6.5
1061	-0.618169	144.835934	0.008920	6.1
1062	-0.403298	144.761199	0.009771	6.7
1063	-0.000000	144.686567	0.000000	5.7
1064	-0.000000	144.612037	0.000000	6.3
1065	0.000000	144.537610	0.000000	6.3
1066	-0.611236	144.463285	0.004355	5.9
1067	-0.774087	144.389062	0.009707	6.4
1068	-0.710236	144.314940	0.009625	6.8
1069	-0.277197	144.240920	0.006337	6.0
1070	-0.801103	144.167001	0.013422	6.4
1071	-0.782242	144.093182	0.007791	6.1
1072	-0.649859	144.019465	0.005782	6.5
1073	-0.774732	143.945848	0.009774	6.4
1074	-0.993026	143.872331	0.009031	6.6
1075	-0.693720	143.798914	0.009341	6.9
1076	-0.246758	143.725597	0.003479	6.2
1077	-1.126155	143.652380	0.022190	6.7
1078	-1.140011	143.579262	0.015724	6.7
1079	-1.015471	143.506243	0.012902	6.3
1080	-1.147906	143.433323	0.011464	6.7
1081	-0.766815	143.360502	0.008123	5.9
1082	-0.922085	143.287780	0.008836	7.1
1083	-0.479434	143.215155	0.004362	7.2
1084	-0.289709	143.142629	0.004192	6.5
1085	-0.786660	143.070201	0.015520	6.9
1086	0.000000	142.997870	0.000000	6.1
1087	-0.519613	142.925637	0.005675	7.3
1088	-1.049654	142.853501	0.015108	6.7
1089	-0.608262	142.781462	0.003983	6.2
1090	-0.169961	142.709519	0.004602	7.1
1091	-0.468463	142.637674	0.005751	6.4
1092	-0.748127	142.565924	0.013805	7.3
1093	-0.797713	142.494271	0.007982	6.3
1094	-0.775592	142.422714	0.009799	6.3
1095	-0.394249	142.351252	0.002682	6.7
1096	-0.877596	142.279886	0.008896	6.5
1097	-0.661944	142.208616	0.012386	10.1
1098	0.000000	142.137440	0.000000	34.5
1099	-0.074601	142.066360	0.003026	7.1
1100	-0.883499	141.995374	0.005093	7.2
1101	-0.000000	141.924483	0.000000	13.3
1102	-0.991733	141.853685	0.011370	6.4
1103	-0.866541	141.782983	0.010758	6.4
1104	-0.197319	141.712373	0.003420	6.8
1105	-0.241031	141.641858	0.003315	6.7
1106	-1.085684	141.571436	0.011545	7.3
1107	-0.565554	141.501108	0.007192	6.1
1108	-1.024727	141.430872	0.016509	6.5
1109	-0.294610	141.360730	0.003816	7.2
1110	0.000000	141.290680	0.000000	6.2
1111	-0.545446	141.220722	0.008940	7.2
1112	-0.793559	141.150857	0.008820	6.0
1113	-0.371283	141.081084	0.006142	6.4
1114	-0.231260	141.011403	0.003743	6.4
1115	0.000000	140.941813	0.000000	6.2
1116	-0.136838	140.872315	0.001803	7.1
1117	0.000000	140.802909	0.000000	6.1
1118	-0.007602	140.733593	0.001233	6.6
1119	-0.000000	140.664369	0.000000	6.4
1120	0.000000	140.595235	0.000000	6.3
1121	-0.000000	140.526192	0.000000	7.0
1122	-1.168853	140.457239	0.016835	6.4
1123	-0.640646	140.388376	0.007505	6.6
1124	0.000000	140.319603	0.000000	6.3
1125	-0.675410	140.250920	0.006662	6.5
1126	-1.124943	140.182326	0.016345	6.3
1127	-0.154228	140.113822	0.004196	6.6
1128	-0.086382	140.045407	0.003579	6.4
1129	-0.195079	139.977081	0.005292	6.4
1130	0.000000	139.908844	0.000000	6.0
1131	-0.024318	139.840696	0.001352	6.5
1132	-0.096678	139.772635	0.003424	6.3
1133	-0.035909	139.704664	0.003268	6.0
1134	-1.087248	139.636780	0.011749	6.8
1135	-0.192050	139.568984	0.008328	6.3
1136	-0.000000	139.501276	0.000000	6.4
1137	0.000000	139.433655	0.000000	6.2
1138	-0.036467	139.366122	0.002745	5.9
1139	-0.000000	139.298676	0.000000	6.0
1140	-0.736134	139.231317	0.006777	6.0
1141	-0.238883	139.164045	0.002682	5.9
1142	-0.263754	139.096859	0.005881	6.5
1143	-0.493962	139.029760	0.006834	6.5
1144	-1.064573	138.962747	0.021969	7.2
1145	-0.723847	138.895820	0.011983	6.2
1146	-0.000000	138.828978	0.000000	5.5
1147	-1.024430	138.762223	0.016557	7.2
1148	-1.157371	138.695553	0.007082	6.3
1149	-0.683539	138.628969	0.005928	6.7
1150	-0.000027	138.562469	0.000013	6.5
1151	0.000000	138.496055	0.000000	6.1
1152	-0.005286	138.429725	0.000630	7.1
1153	-1.096099	138.363481	0.009241	6.3
1154	-0.066585	138.297320	0.001844	6.8
1155	-0.352123	138.231244	0.004628	6.3
1156	-0.807528	138.165252	0.013392	6.2
1157	-0.000018	138.099344	0.000018	6.8
1158	-0.365069	138.033520	0.003485	6.3
1159	-0.508936	137.967779	0.005368	6.5
1160	-0.000000	137.902122	0.000000	6.7
1161	-0.795305	137.836548	0.006872	7.0
1162	-0.220030	137.771057	0.004060	6.7
1163	-0.586717	137.705649	0.005766	6.1
1164	-0.973956	137.640324	0.024524	6.8
1165	-0.959603	137.575081	0.009276	6.7
1166	-0.954449	137.509921	0.007294	6.3
1167	-0.426034	137.444842	0.005497	7.8
1168	-0.751583	137.379846	0.006979	5.9
1169	-0.038516	137.314932	0.003257	6.4
1170	0.000000	137.250100	0.000000	6.1
1171	-1.242990	137.185349	0.007396	6.3
1172	-1.036716	137.120680	0.005684	6.9
1173	-0.000000	137.056092	0.000000	6.3
1174	-0.938766	136.991585	0.007948	6.8
1175	-0.922722	136.927158	0.008949	6.6
1176	-1.015952	136.862813	0.006044	6.4
1177	-0.567396	136.798548	0.007246	6.9
1178	-0.854400	136.734363	0.004284	5.8
1179	-0.724436	136.670259	0.008570	6.7
1180	-0.549870	136.606235	0.005213	6.2
1181	-0.000000	136.542291	0.000000	5.8
1182	-1.056798	136.478426	0.016514	7.0
1183	-0.211720	136.414641	0.003084	6.1
1184	-0.585850	136.350936	0.007121	6.3
1185	-0.081489	136.287310	0.003395	6.1
1186	-0.005519	136.223763	0.000458	6.0
1187	-0.332122	136.160295	0.007676	7.3
1188	-0.820568	136.096905	0.007270	6.1
1189	-0.037531	136.033594	0.001550	6.2
1190	-0.278036	135.970362	0.005342	6.1
1191	-0.482001	135.907208	0.003826	6.5
1192	-0.329960	135.844133	0.009583	7.0
1193	-0.835099	135.781135	0.009966	6.4
1194	0.000000	135.718215	0.000000	6.3
1195	-0.319134	135.655373	0.005211	6.8
1196	-0.663717	135.592608	0.008654	6.3
1197	0.000000	135.529921	0.000000	8.1
1198	-0.019087	135.467311	0.001519	7.7
1199	-0.927596	135.404778	0.013778	6.7
1200	-0.754647	135.342322	0.006395	6.5
1201	-0.711971	135.279942	0.008723	6.1
1202	-0.014531	135.217640	0.001317	6.6
1203	-0.125689	135.155413	0.003950	6.4
1204	-0.699639	135.093263	0.009807	7.2
1205	-0.298314	135.031190	0.009109	5.9
1206	-0.337016	134.969192	0.005756	6.6
1207	-0.657168	134.907270	0.013642	8.0
1208	-0.220248	134.845424	0.003726	6.5
1209	-0.701118	134.783653	0.005855	7.4
1210	0.000000	134.721958	0.000000	6.2
1211	-0.000000	134.660338	0.000000	6.0
1212	-0.659308	134.598793	0.005827	6.3
1213	-0.560600	134.537323	0.005028	6.3
1214	-0.859682	134.475927	0.006174	6.7
1215	-0.257497	134.414607	0.007153	6.1
1216	0.000000	134.353361	0.000000	6.2
1217	-0.939084	134.292189	0.004844	6.6
1218	-0.731020	134.231092	0.006116	6.3
1219	-0.617033	134.170068	0.005929	6.5
1220	0.000000	134.109119	0.000000	6.6
1221	-0.625850	134.048243	0.007003	6.3
1222	-0.000000	133.987441	0.000000	6.5
1223	-0.644590	133.926713	0.005202	6.1
1224	-0.718716	133.866057	0.008646	6.5
1225	-0.705898	133.805475	0.004407	7.3
1226	-1.219542	133.744966	0.018254	6.1
1227	-0.012673	133.684530	0.001175	7.3
1228	-0.767932	133.624167	0.007071	5.9
1229	-0.533678	133.563877	0.004368	6.4
1230	-0.000000	133.503658	0.000000	5.9
1231	-0.864400	133.443513	0.005284	5.8
1232	-0.539573	133.383439	0.002633	7.1
1233	-0.666673	133.323437	0.006339	6.2
1234	-0.409503	133.263508	0.011104	6.4
1235	-1.070210	133.203650	0.010227	6.6
1236	-0.698099	133.143864	0.005436	6.0
1237	-0.889841	133.084149	0.014193	6.9
1238	-0.560709	133.024506	0.008379	6.0
1239	-0.792223	132.964934	0.006143	6.5
1240	-0.663695	132.905433	0.009068	6.7
1241	-1.179617	132.846003	0.014618	6.6
1242	-0.180205	132.786643	0.004112	6.5
1243	-1.044403	132.727355	0.018284	6.2
1244	-0.000000	132.668137	0.000000	6.4
1245	-0.727444	132.608989	0.005970	6.2
1246	0.000000	132.549912	0.000000	6.2
1247	-0.985652	132.490904	0.008738	6.9
1248	-0.000000	132.431967	0.000000	6.4
1249	-0.411123	132.373100	0.005225	6.3
1250	-0.000000	132.314302	0.000000	7.2
1251	-0.836315	132.255574	0.003350	6.4
1252	-0.014856	132.196916	0.000550	7.0
1253	-0.986636	132.138326	0.012251	6.6
1254	-0.349497	132.079806	0.003320	6.8
1255	0.000000	132.021355	0.000000	7.1
1256	-0.000000	131.962973	0.000000	6.5
1257	-0.059988	131.904660	0.002196	7.2
1258	-0.705575	131.846415	0.006187	6.2
1259	-0.249624	131.788239	0.002707	6.5
1260	-0.680302	131.730131	0.006732	6.2
1261	-0.732929	131.672092	0.005214	6.2
1262	-0.092928	131.614121	0.002857	7.0
1263	-0.246898	131.556217	0.005722	6.5
1264	-0.614251	131.498382	0.005779	6.7
1265	-0.247895	131.440614	0.007267	6.8
1266	-1.136198	131.382914	0.011540	6.3
1267	-0.688245	131.325282	0.007513	6.5
1268	-0.000000	131.267717	0.000000	6.0
1269	-0.228928	131.210219	0.007021	6.5
1270	-0.485608	131.152788	0.007771	6.7
1271	-0.507442	131.095424	0.005591	6.0
1272	-0.442934	131.038127	0.005490	6.3
1273	-0.038544	130.980897	0.002871	6.5
1274	-0.773799	130.923733	0.007990	6.8
1275	-0.688970	130.866636	0.008295	6.0
1276	-0.364758	130.809605	0.003364	5.8
1277	-0.909191	130.752641	0.010201	6.7
1278	-0.164489	130.695742	0.003713	6.1
1279	-0.406782	130.638910	0.005280	6.1
1280	-1.150153	130.582143	0.010677	6.5
1281	0.000000	130.525442	0.000000	6.3
1282	-0.458417	130.468807	0.006081	6.3
1283	-0.000000	130.412237	0.000000	6.1
1284	-1.008235	130.355733	0.007312	6.5
1285	-0.035001	130.299294	0.004129	7.1
1286	0.000000	130.242920	0.000000	6.2
1287	-0.000000	130.186611	0.000000	6.3
1288	-0.904319	130.130366	0.009605	6.9
1289	-1.158130	130.074187	0.019225	7.0
1290	-1.125554	130.018072	0.012054	6.1
1291	-1.011915	129.962022	0.007611	6.5
1292	-0.000000	129.906036	0.000000	6.4
1293	-0.617348	129.850114	0.006415	6.7
1294	-0.000000	129.794257	0.000000	6.1
1295	-1.078553	129.738463	0.008786	7.0
1296	0.000000	129.682734	0.000000	6.5
1297	-1.191533	129.627068	0.012409	6.6
1298	-0.278543	129.571466	0.002900	6.5
1299	-0.278907	129.515927	0.003213	6.2
1300	-0.000001	129.460452	0.000000	6.8
1301	-0.000000	129.405040	0.000000	6.4
1302	-0.856707	129.349692	0.009140	6.3
1303	-0.866308	129.294406	0.008746	7.0
1304	-0.150201	129.239183	0.004137	6.4
1305	-1.010355	129.184024	0.011503	6.7
1306	-0.530173	129.128927	0.006388	6.6
1307	-0.925044	129.073892	0.011848	7.0
1308	0.000000	129.018921	0.000000	7.0
1309	-0.000000	128.964011	0.000000	6.3
1310	-0.000898	128.909164	0.000433	6.8
1311	-0.006628	128.854379	0.001031	6.2
1312	-0.330041	128.799656	0.005459	7.1
1313	-0.106763	128.744995	0.003434	6.2
1314	-0.882681	128.690396	0.009275	6.0
1315	-1.025051	128.635858	0.008247	7.2
1316	-0.927224	128.581382	0.006112	5.8
1317	-0.969082	128.526968	0.004895	6.4
1318	-0.000000	128.472615	0.000000	6.5
1319	-0.951688	128.418323	0.020137	6.1
1320	-1.024600	128.364092	0.010615	6.4
1321	-0.737755	128.309922	0.007383	6.5
1322	-0.736132	128.255814	0.004232	6.4
1323	-1.045345	128.201766	0.008050	6.6
1324	-1.043935	128.147778	0.015988	5.8
1325	-0.004468	128.093852	0.000542	6.7
1326	-0.563537	128.039985	0.005813	6.7
1327	-0.813833	127.986180	0.010054	6.0
1328	-1.115550	127.932434	0.009691	6.8
1329	-0.100241	127.878749	0.004831	5.9
1330	-0.000000	127.825123	0.000000	7.5
1331	0.000000	127.771558	0.000000	6.7
1332	0.000000	127.718052	0.000000	6.1
1333	-1.092906	127.664606	0.008402	7.1
1334	-0.142076	127.611220	0.004806	6.6
1335	-0.676676	127.557893	0.008838	7.6
1336	-0.000593	127.504625	0.000132	7.2
1337	-0.835309	127.451417	0.008303	7.2
1338	-0.000000	127.398268	0.000000	6.4
1339	-0.835461	127.345178	0.008871	6.4
1340	-0.019400	127.292147	0.001139	6.7
1341	-0.571955	127.239175	0.006139	6.1
1342	-0.192491	127.186261	0.008804	7.6
1343	-1.065493	127.133407	0.005065	6.4
1344	-0.825232	127.080610	0.004652	6.2
1345	-1.039339	127.027872	0.006598	6.7
1346	-1.119934	126.975193	0.013026	6.2
1347	-0.613301	126.922572	0.010216	8.7
1348	-0.535291	126.870008	0.006747	6.8
1349	-0.015045	126.817503	0.001460	7.0
1350	-0.742669	126.765056	0.008337	6.3
1351	-0.528998	126.712667	0.007031	6.2
1352	-0.679509	126.660335	0.007712	7.3
1353	-0.000000	126.608061	0.000000	6.4
1354	-0.014787	126.555844	0.001208	7.1
1355	-0.790598	126.503685	0.010115	6.3
1356	-0.000000	126.451583	0.000000	5.9
1357	-0.666168	126.399538	0.005609	6.9
1358	-0.544505	126.347550	0.007358	6.3
1359	-0.231263	126.295619	0.005055	6.9
1360	-0.441766	126.243745	0.006439	6.4
1361	-0.030149	126.191928	0.001921	6.3
1362	-0.376193	126.140168	0.005844	6.9
1363	-0.607971	126.088464	0.004631	6.6
1364	0.000000	126.036817	0.000000	6.7
1365	0.000000	125.985226	0.000000	6.2
1366	-0.655842	125.933691	0.006521	6.3
1367	-0.125999	125.882212	0.003184	7.2
1368	-0.698008	125.830790	0.004839	6.3
1369	-0.804977	125.779423	0.008034	6.2
1370	-0.054901	125.728113	0.004076	6.9
1371	-0.302526	125.676858	0.009591	6.3
1372	-0.589251	125.625659	0.008177	6.6
1373	-0.982211	125.574515	0.007497	6.0
1374	-0.350363	125.523427	0.002656	7.4
1375	-0.540622	125.472394	0.006228	6.3
1376	-0.000738	125.421417	0.000347	6.1
1377	-0.003273	125.370495	0.000714	6.5
1378	-1.003013	125.319628	0.009347	6.1
1379	-1.194803	125.268815	0.015208	6.1
1380	-1.153135	125.218058	0.008949	6.1
1381	-0.531428	125.167356	0.005343	5.9
1382	-0.567318	125.116708	0.004665	6.9
1383	-0.472480	125.066115	0.004188	6.2
1384	-0.137456	125.015576	0.005159	6.5
1385	0.000000	124.965092	0.000000	6.7
1386	-0.914519	124.914662	0.006135	7.4
1387	-0.106221	124.864287	0.003210	6.9
1388	-0.613113	124.813965	0.011668	6.2
1389	-1.092945	124.763698	0.011912	6.8
1390	-0.806513	124.713485	0.007063	6.6
1391	-0.828864	124.663325	0.008863	6.2
1392	-0.516807	124.613219	0.008269	6.9
1393	-0.000000	124.563167	0.000000	6.4
1394	-0.000000	124.513168	0.000000	5.8
1395	-1.045645	124.463223	0.007113	6.3
1396	-0.000000	124.413332	0.000000	6.4
1397	-0.725134	124.363493	0.006129	7.2
1398	-0.774471	124.313708	0.007446	6.4
1399	-0.758035	124.263976	0.004198	6.9
1400	-0.689374	124.214297	0.007517	6.6
1401	-0.304530	124.164671	0.004463	6.3
1402	-0.000000	124.115097	0.000000	6.4
1403	-0.588164	124.065577	0.007983	6.5
1404	-0.766921	124.016109	0.005030	6.6
1405	-0.756434	123.966693	0.008161	6.8
1406	-0.998833	123.917330	0.004423	6.2
1407	-0.029277	123.868020	0.002796	6.7
1408	-0.000000	123.818762	0.000000	6.4
1409	-0.692066	123.769556	0.004858	6.4
1410	-0.891024	123.720402	0.005202	6.5
1411	-0.772191	123.671300	0.007564	6.3
1412	-0.596643	123.622250	0.005353	7.1
1413	-0.018227	123.573252	0.001418	6.3
1414	-0.782162	123.524305	0.005706	6.3
1415	-1.162585	123.475411	0.012717	6.6
1416	-0.975000	123.426568	0.019019	6.2
1417	-0.000000	123.377776	0.000000	6.6
1418	-0.069526	123.329036	0.003469	6.9
1419	-0.087073	123.280347	0.003186	6.7
1420	-0.098200	123.231709	0.005750	6.7
1421	-0.515883	123.183122	0.003323	6.4
1422	-0.000000	123.134587	0.000000	6.5
1423	-0.559181	123.086102	0.005639	6.3
1424	-1.026574	123.037669	0.005040	6.2
1425	-1.032654	122.989286	0.012614	6.3
1426	-0.000000	122.940954	0.000000	6.3
1427	-0.788260	122.892672	0.003272	6.8
1428	-0.525061	122.844441	0.006507	6.5
1429	-0.694207	122.796261	0.005892	6.2
1430	-0.000000	122.748130	0.000000	7.3
1431	-0.309994	122.700050	0.003594	6.0
1432	-1.044451	122.652021	0.009599	6.3
1433	-0.528527	122.604041	0.005745	6.5
1434	-0.640475	122.556111	0.007006	6.9
1435	0.000000	122.508232	0.000000	6.4
1436	-0.392137	122.460402	0.005754	5.9
1437	-0.403416	122.412622	0.006463	6.8
1438	-0.859669	122.364891	0.007316	6.1
1439	-1.027701	122.317210	0.008675	6.3
1440	-0.003016	122.269579	0.000189	6.1
1441	-0.566783	122.221997	0.005081	6.1
1442	0.000000	122.174465	0.000000	6.2
1443	0.000000	122.126981	0.000000	6.9
1444	-0.825267	122.079547	0.007893	6.0
1445	-0.090988	122.032162	0.002592	6.4
1446	-0.607358	121.984826	0.004745	6.0
1447	-0.782308	121.937539	0.008801	6.2
1448	-0.907380	121.890301	0.008992	7.2
1449	-0.007567	121.843112	0.000988	6.1
1450	-0.950731	121.795971	0.012588	7.0
1451	-0.714518	121.748879	0.005794	7.2
1452	-0.577936	121.701835	0.005898	7.0
1453	-0.781030	121.654840	0.008598	6.4
1454	-0.008976	121.607893	0.000661	6.4
1455	-0.877025	121.560994	0.008115	6.4
1456	-0.933694	121.514144	0.011302	6.2
1457	-0.963766	121.467342	0.009047	6.8
1458	0.000000	121.420588	0.000000	7.3
1459	-0.562717	121.373882	0.003691	6.3
1460	-0.573874	121.327223	0.004210	6.6
1461	-0.943834	121.280613	0.011442	6.3
1462	-0.000012	121.234050	0.000009	6.7
1463	-0.000004	121.187535	0.000002	6.6
1464	-1.193080	121.141067	0.006888	6.9
1465	-0.664680	121.094647	0.008386	7.4
1466	-1.119572	121.048274	0.011361	7.0
1467	-0.651403	121.001949	0.007518	7.1
1468	-0.308762	120.955671	0.002740	6.4
1469	-0.988444	120.909440	0.013756	6.8
1470	-0.000000	120.863256	0.000000	6.3
1471	-0.000007	120.817119	0.000003	6.6
1472	0.000000	120.771029	0.000000	7.2
1473	-0.071725	120.724986	0.003473	6.2
1474	0.000000	120.678990	0.000000	6.2
1475	-1.126150	120.633040	0.006903	7.1
1476	-0.770556	120.587137	0.010271	6.1
1477	-0.434242	120.541281	0.002721	6.9
1478	-0.190624	120.495471	0.003920	5.8
1479	-0.000760	120.449707	0.000367	6.0
1480	-0.749630	120.403990	0.010984	6.6
1481	-0.294406	120.358319	0.003681	6.5
1482	-0.609446	120.312694	0.007589	6.6
1483	-0.000000	120.267115	0.000000	5.9
1484	-0.093199	120.221582	0.002444	6.1
1485	-1.120546	120.176096	0.009017	5.9
1486	-0.505735	120.130655	0.006271	6.0
1487	-0.098187	120.085260	0.004708	6.0
1488	-0.182834	120.039910	0.004009	6.4
1489	-0.929055	119.994606	0.014960	6.0
1490	-0.080021	119.949348	0.001868	6.9
1491	-0.490190	119.904135	0.003571	6.2
1492	-0.323264	119.858968	0.003313	6.0
1493	-1.145653	119.813846	0.007585	7.0
1494	-0.612808	119.768769	0.003242	6.0
1495	-0.388005	119.723738	0.005320	6.4
1496	-0.930888	119.678752	0.006087	6.4
1497	-1.043552	119.633810	0.008424	6.2
1498	-0.880196	119.588914	0.009111	8.0
1499	-0.429439	119.544062	0.007174	7.4
1500	-1.093793	119.499256	0.007784	6.6
1501	-1.100609	119.454494	0.011052	6.4
1502	-0.000001	119.409777	0.000001	6.4
1503	-0.883152	119.365104	0.006632	7.0
1504	-0.860758	119.320476	0.010941	6.6
1505	-0.835728	119.275893	0.005208	7.1
1506	-0.685767	119.231353	0.006288	6.4
1507	-1.123691	119.186859	0.012413	6.5
1508	-1.021603	119.142408	0.008317	7.3
1509	-0.000000	119.098002	0.000000	6.2
1510	-1.019027	119.053639	0.008318	7.3
1511	-0.533317	119.009321	0.008718	6.3
1512	-0.487335	118.965047	0.005381	6.5
1513	-0.023041	118.920816	0.000773	7.7
1514	0.000000	118.876630	0.000000	6.2
1515	-0.839474	118.832487	0.008898	6.2
1516	-0.814508	118.788388	0.006314	6.4
1517	-1.099233	118.744332	0.013975	7.1
1518	-0.000000	118.700320	0.000000	6.6
1519	-0.000000	118.656352	0.000000	6.4
1520	-1.137304	118.612427	0.007874	6.9
1521	-0.468860	118.568545	0.008181	6.3
1522	-1.075362	118.524706	0.005467	7.0
1523	-0.790084	118.480911	0.003365	6.4
1524	-0.004097	118.437159	0.000223	6.2
1525	-1.069047	118.393450	0.006105	6.8
1526	-0.701837	118.349784	0.005660	6.4
1527	-1.113259	118.306160	0.011986	6.7
1528	-0.317046	118.262580	0.003951	6.3
1529	-0.555160	118.219042	0.006719	6.0
1530	-0.752264	118.175548	0.006940	6.5
1531	-0.582158	118.132095	0.004566	6.7
1532	-0.198261	118.088686	0.004023	6.3
1533	-0.351997	118.045319	0.006835	6.5
1534	-0.213969	118.001994	0.004177	6.2
1535	0.000000	117.958712	0.000000	6.8
1536	-0.833287	117.915472	0.006214	6.1
1537	-0.350172	117.872274	0.003269	6.3
1538	-0.865472	117.829118	0.011541	6.8
1539	-0.000000	117.786005	0.000000	5.5
1540	-0.036790	117.742933	0.003333	6.7
1541	-1.196737	117.699904	0.008170	6.2
1542	-0.000000	117.656916	0.000000	5.4
1543	-0.979507	117.613971	0.011407	6.6
1544	-0.000000	117.571067	0.000000	5.9
1545	-0.795710	117.528205	0.009672	6.5
1546	-0.840001	117.485384	0.008658	6.2
1547	-0.024994	117.442605	0.002406	6.5
1548	-1.109275	117.399867	0.006518	7.5
1549	-0.000001	117.357171	0.000001	6.6
1550	-0.115034	117.314517	0.004193	6.9
1551	-0.351061	117.271903	0.007002	6.6
1552	-0.000000	117.229331	0.000000	6.1
1553	-0.807367	117.186800	0.009150	7.2
1554	-0.563929	117.144311	0.005913	6.8
1555	-0.966072	117.101862	0.009731	6.8
1556	-0.988799	117.059454	0.004887	6.6
1557	-0.792241	117.017087	0.007542	6.5
1558	-0.368457	116.974762	0.004679	6.8
1559	-0.581820	116.932476	0.005087	6.3
1560	-0.334611	116.890232	0.005923	6.2
1561	-0.210808	116.848028	0.003220	6.2
1562	-0.901467	116.805865	0.007553	6.4
1563	0.000000	116.763743	0.000000	6.9
1564	-1.133763	116.721661	0.009218	7.2
1565	-0.264234	116.679619	0.003286	7.1
1566	-0.508363	116.637618	0.007001	6.2
1567	-0.930049	116.595657	0.006966	6.3
1568	-1.097574	116.553736	0.010805	6.8
1569	0.000000	116.511855	0.000000	6.0
1570	-0.824291	116.470015	0.009776	6.9
1571	-0.730092	116.428214	0.005714	6.1
1572	-1.098489	116.386454	0.009504	6.3
1573	-1.038146	116.344733	0.006609	6.4
1574	-1.109185	116.303052	0.007309	5.8
1575	-0.094078	116.261412	0.004073	6.1
1576	-0.798616	116.219810	0.005713	5.9
1577	-0.961784	116.178249	0.007749	6.9
1578	-0.033556	116.136727	0.003253	7.0
1579	-0.623839	116.095245	0.011065	6.3
1580	-0.355260	116.053802	0.007462	6.2
1581	-0.918892	116.012398	0.006066	6.4
1582	-1.264542	115.971034	0.008350	6.3
1583	-0.976811	115.929710	0.004706	6.5
1584	-1.126176	115.888424	0.010511	6.2
1585	-0.966606	115.847178	0.009045	6.1
1586	0.000000	115.805970	0.000000	6.2
1587	-0.000000	115.764802	0.000000	6.0
1588	-1.094175	115.723673	0.006563	6.5
1589	-0.016621	115.682583	0.002001	6.4
1590	-1.056367	115.641532	0.013561	6.3
1591	0.000000	115.600519	0.000000	6.6
1592	-0.725947	115.559546	0.005551	6.6
1593	-1.046450	115.518610	0.006981	6.6
1594	-1.171150	115.477714	0.010067	6.6
1595	-1.126483	115.436856	0.011104	6.0
1596	-1.013673	115.396037	0.010300	7.5
1597	-1.069552	115.355256	0.009024	6.9
1598	-1.162626	115.314514	0.009692	6.9
1599	-0.039130	115.273810	0.002828	6.7
1600	-0.935873	115.233144	0.011520	6.5
1601	-0.833781	115.192517	0.009278	6.7
1602	-0.051232	115.151927	0.002554	6.5
1603	-0.593534	115.111376	0.010512	6.8
1604	-0.000262	115.070863	0.000061	6.1
1605	-1.046592	115.030388	0.009097	6.4
1606	-0.412569	114.989951	0.005696	6.4
1607	-0.836715	114.949551	0.007955	6.4
1608	-1.020934	114.909190	0.009598	7.1
1609	-0.000000	114.868866	0.000000	5.9
1610	-0.811656	114.828580	0.007905	6.9
1611	-1.087229	114.788332	0.007029	7.2
1612	-1.066598	114.748121	0.013898	7.0
1613	-1.059525	114.707948	0.012614	6.9
1614	-0.573392	114.667812	0.013858	6.6
1615	-0.604898	114.627714	0.005670	6.6
1616	-0.891568	114.587653	0.011436	7.2
1617	-0.631093	114.547629	0.010351	6.3
1618	-0.797337	114.507643	0.007713	7.1
1619	-0.953129	114.467693	0.005421	6.0
1620	-0.000000	114.427781	0.000000	6.1
1621	-0.151768	114.387907	0.005342	6.1
1622	-0.770414	114.348069	0.008699	6.2
1623	-0.661828	114.308268	0.009705	6.9
1624	-0.929209	114.268504	0.009077	5.9
1625	-0.485540	114.228777	0.005647	6.1
1626	-0.078733	114.189086	0.001561	6.1
1627	-0.778966	114.149433	0.009818	6.0
1628	-0.587731	114.109816	0.006927	6.3
1629	-0.473835	114.070235	0.006964	7.0
1630	-0.135778	114.030692	0.006054	6.3
1631	-0.568946	113.991185	0.005974	6.4
1632	-0.001255	113.951714	0.000293	6.2
1633	-0.000000	113.912280	0.000000	6.7
1634	-0.982594	113.872882	0.004818	6.0
1635	-0.786679	113.833521	0.005189	6.1
1636	-0.310619	113.794195	0.003651	6.5
1637	-0.550457	113.754906	0.004362	5.6
1638	-0.000000	113.715653	0.000000	6.4
1639	-0.963431	113.676437	0.007252	6.5
1640	0.000000	113.637256	0.000000	5.6
1641	-0.069223	113.598111	0.003428	6.8
1642	-0.000000	113.559002	0.000000	6.4
1643	-0.000000	113.519929	0.000000	7.2
1644	-0.997117	113.480892	0.007189	7.3
1645	-0.578718	113.441891	0.005724	6.5
1646	-0.620805	113.402925	0.011754	7.0
1647	-0.325429	113.363995	0.004643	6.2
1648	-0.957875	113.325101	0.007036	7.1
1649	-0.763654	113.286242	0.008770	8.1
1650	-0.085316	113.247419	0.001883	6.1
1651	-0.204231	113.208631	0.007650	6.6
1652	-0.718074	113.169879	0.004288	6.3
1653	-1.001628	113.131162	0.007331	7.2
1654	-0.812499	113.092480	0.005882	6.0
1655	-0.632162	113.053833	0.008130	6.3
1656	-0.045923	113.015222	0.001113	7.5
1657	-0.000000	112.976646	0.000000	6.2
1658	-0.080250	112.938105	0.001671	7.3
1659	-1.068425	112.899599	0.017991	6.2
1660	-0.342587	112.861128	0.003845	6.9
1661	-0.551201	112.822692	0.002619	6.7
1662	-0.000000	112.784291	0.000000	6.3
1663	-0.228234	112.745924	0.004579	7.0
1664	0.000000	112.707593	0.000000	6.2
1665	-1.000210	112.669296	0.014383	6.5
1666	-0.373433	112.631034	0.003821	6.3
1667	-0.946501	112.592806	0.007579	6.4
1668	-0.932595	112.554613	0.010011	6.6
1669	-0.000000	112.516455	0.000000	5.9
1670	-1.056934	112.478331	0.005389	6.1
1671	-0.789819	112.440241	0.007245	7.4
1672	-0.807300	112.402186	0.009578	6.1
1673	-0.000000	112.364165	0.000000	6.7
1674	-0.928455	112.326179	0.009102	6.6
1675	-0.929127	112.288227	0.017902	6.0
1676	-0.000000	112.250309	0.000000	6.4
1677	-0.688139	112.212425	0.008155	6.6
1678	-1.010379	112.174575	0.008819	6.5
1679	-0.948183	112.136759	0.009060	6.1
1680	-1.026960	112.098977	0.010289	6.3
1681	-0.013254	112.061229	0.001082	6.1
1682	-1.033371	112.023515	0.004520	6.1
1683	-0.047525	111.985834	0.003143	6.3
1684	-1.138717	111.948188	0.007691	6.3
1685	-1.217779	111.910575	0.011224	6.3
1686	-1.009690	111.872996	0.005206	7.0
1687	-0.576757	111.835450	0.004957	6.3
1688	-0.216649	111.797939	0.005822	6.1
1689	-0.007577	111.760460	0.001082	6.5
1690	-0.607062	111.723015	0.006898	6.3
1691	-0.536379	111.685604	0.006838	6.5
1692	0.000000	111.648226	0.000000	7.2
1693	-0.750573	111.610881	0.004931	6.1
1694	-1.094843	111.573570	0.007353	6.7
1695	-1.059195	111.536292	0.007004	6.2
1696	-0.632554	111.499047	0.006702	6.8
1697	-1.069835	111.461835	0.007178	6.1
1698	-0.624615	111.424656	0.003202	6.3
1699	-0.598454	111.387510	0.006218	6.8
1700	-0.000000	111.350398	0.000000	6.5
1701	-0.000000	111.313318	0.000000	7.3
1702	-0.325283	111.276271	0.006249	6.3
1703	-0.524176	111.239257	0.010915	6.5
1704	-0.956271	111.202276	0.007492	6.6
1705	-0.941249	111.165328	0.004263	6.1
1706	-0.902216	111.128412	0.005275	7.1
1707	-0.000000	111.091529	0.000000	6.3
1708	-0.720381	111.054679	0.006254	6.7
1709	-0.731631	111.017861	0.007679	8.2
1710	-0.627992	110.981076	0.006157	6.6
1711	0.000000	110.944323	0.000000	6.3
1712	-0.727411	110.907603	0.008248	6.2
1713	-0.000000	110.870915	0.000000	6.8
1714	-0.835296	110.834259	0.005756	6.6
1715	-0.917760	110.797636	0.004138	6.5
1716	-0.489056	110.761045	0.009116	6.9
1717	-0.981134	110.724486	0.015189	6.1
1718	-0.737653	110.687959	0.009258	6.9
1719	-0.043406	110.651465	0.002842	6.2
1720	-0.000000	110.615002	0.000000	5.7
1721	-0.439608	110.578572	0.003332	7.3
1722	-0.668134	110.542173	0.009759	5.8
1723	-0.652093	110.505807	0.013137	6.3
1724	-0.000000	110.469472	0.000000	6.7
1725	-0.305323	110.433169	0.006080	6.6
1726	-0.748359	110.396898	0.007437	6.5
1727	-0.017431	110.360659	0.000942	6.0
1728	-0.794110	110.324451	0.009946	6.0
1729	-1.056340	110.288276	0.012006	6.6
1730	-0.816325	110.252131	0.004921	6.1
1731	-0.362517	110.216019	0.003779	6.4
1732	-0.678421	110.179937	0.005323	6.1
1733	-1.056942	110.143888	0.009992	6.2
1734	-0.025635	110.107869	0.000215	6.6
1735	-1.094319	110.071882	0.005367	5.9
1736	-0.048337	110.035927	0.002814	6.4
1737	-0.984404	110.000003	0.009807	7.2
1738	-1.003631	109.964110	0.007867	6.2
1739	-0.492434	109.928248	0.005189	7.3
1740	-0.000000	109.892417	0.000000	5.8
1741	-0.000000	109.856618	0.000000	6.5
1742	-1.025050	109.820850	0.009626	6.9
1743	-0.458345	109.785112	0.005810	6.4
1744	-0.015870	109.749406	0.001687	6.9
1745	-0.477369	109.713730	0.005520	6.3
1746	-0.001691	109.678086	0.000354	6.5
1747	-0.678456	109.642472	0.009480	6.3
1748	-0.111332	109.606890	0.003099	6.3
1749	-1.012844	109.571337	0.005399	7.5
1750	-0.576202	109.535816	0.006157	6.3
1751	-0.000000	109.500326	0.000000	6.9
1752	-0.599342	109.464866	0.008717	6.5
1753	-0.017055	109.429436	0.001389	6.2
1754	-0.805169	109.394038	0.006220	6.8
1755	-0.893639	109.358669	0.009185	6.4
1756	-0.178005	109.323331	0.004871	6.5
1757	-0.984889	109.288024	0.004462	6.2
1758	0.000000	109.252747	0.000000	6.0
1759	-0.261826	109.217501	0.005909	6.7
1760	-0.762156	109.182284	0.006619	6.7
1761	0.000000	109.147098	0.000000	6.5
1762	-0.303884	109.111942	0.006015	6.5
1763	-0.673176	109.076817	0.002980	6.4
1764	-0.774265	109.041721	0.005287	6.7
1765	-0.000000	109.006656	0.000000	6.4
1766	-1.014805	108.971620	0.008747	6.5
1767	-0.519889	108.936615	0.002714	6.7
1768	-0.781913	108.901640	0.008367	6.1
1769	-0.614856	108.866694	0.008939	6.7
1770	-0.894704	108.831779	0.006349	6.0
1771	-0.383794	108.796893	0.006389	6.4
1772	-0.669056	108.762037	0.005535	6.4
1773	-0.247119	108.727211	0.005170	6.0
1774	-0.232632	108.692415	0.003850	6.3
1775	-0.977577	108.657648	0.006405	6.9
1776	0.000000	108.622911	0.000000	5.6
1777	-0.698244	108.588203	0.007923	6.9
1778	-0.747813	108.553525	0.005342	5.9
1779	-1.243309	108.518877	0.018880	6.4
1780	0.000000	108.484258	0.000000	6.2
1781	-0.948318	108.449668	0.008555	6.0
1782	-0.532391	108.415108	0.005688	6.4
1783	-0.780140	108.380578	0.006739	6.0
1784	-0.099590	108.346076	0.003781	6.6
1785	-1.014215	108.311604	0.005525	6.6
1786	-0.442809	108.277161	0.003398	6.2
1787	-0.887286	108.242747	0.012404	6.0
1788	-0.000319	108.208363	0.000082	6.2
1789	-0.236590	108.174007	0.005407	6.7
1790	-0.425377	108.139681	0.006732	6.3
1791	-0.206396	108.105383	0.003238	6.8
1792	-1.102592	108.071115	0.007203	6.9
1793	-0.936785	108.036875	0.022162	6.1
1794	-0.952127	108.002665	0.004689	6.3
1795	-1.120376	107.968483	0.008107	7.1
1796	-0.958566	107.934330	0.008509	6.4
1797	-0.782538	107.900206	0.016116	6.8
1798	-1.113296	107.866111	0.007654	6.5
1799	-0.557434	107.832044	0.008111	6.4
1800	-0.535876	107.798007	0.006182	8.4
1801	-0.693545	107.763997	0.002625	6.9
1802	-1.003498	107.730017	0.011038	6.9
1803	-0.362410	107.696065	0.005930	6.1
1804	-0.977226	107.662141	0.007975	7.5
1805	0.000000	107.628246	0.000000	8.0
1806	-0.704962	107.594379	0.008007	6.4
1807	-0.986029	107.560541	0.008041	6.8
1808	-0.000000	107.526731	0.000000	6.0
1809	0.000000	107.492949	0.000000	6.6
1810	-1.018327	107.459196	0.006351	6.4
1811	0.000000	107.425471	0.000000	5.9
1812	-0.637160	107.391774	0.007960	6.8
1813	-0.894338	107.358106	0.010954	6.2
1814	-0.910897	107.324465	0.008918	7.5
1815	-0.706500	107.290853	0.013786	6.4
1816	-1.067560	107.257268	0.008670	6.4
1817	0.000000	107.223712	0.000000	5.8
1818	-0.722681	107.190184	0.007226	6.3
1819	-0.684514	107.156683	0.007477	7.0
1820	-0.000000	107.123211	0.000000	6.5
1821	-0.198858	107.089766	0.002361	6.4
1822	-0.000000	107.056349	0.000000	6.8
1823	-0.817609	107.022960	0.006151	6.6
1824	-0.207557	106.989599	0.007183	6.9
1825	-0.035272	106.956265	0.001799	6.3
1826	-0.900535	106.922960	0.006394	6.0
1827	-0.000000	106.889681	0.000000	6.8
1828	-0.000000	106.856431	0.000000	5.9
1829	-0.780433	106.823208	0.007095	7.3
1830	-0.566927	106.790012	0.007026	5.9
1831	-0.062471	106.756844	0.001288	6.0
1832	-1.180305	106.723703	0.018017	6.1
1833	-0.000000	106.690590	0.000000	6.3
1834	-1.043976	106.657505	0.006690	6.3
1835	-0.190019	106.624446	0.002494	6.3
1836	-0.923006	106.591415	0.009648	5.8
1837	-0.000000	106.558411	0.000000	6.4
1838	-0.919747	106.525435	0.009599	6.4
1839	-0.598941	106.492485	0.005625	7.1
1840	-0.196452	106.459563	0.006341	6.7
1841	-0.096120	106.426668	0.004162	5.9
1842	-0.862754	106.393800	0.004945	6.9
1843	-0.544215	106.360959	0.005136	6.3
1844	-0.886956	106.328145	0.005733	6.5
1845	-0.531362	106.295358	0.005056	6.8
1846	-0.944387	106.262598	0.007731	6.5
1847	-0.574469	106.229865	0.006252	6.3
1848	-0.618584	106.197158	0.006752	6.3
1849	-0.000000	106.164479	0.000000	6.1
1850	-0.000000	106.131826	0.000000	7.2
1851	-0.905255	106.099201	0.006499	6.6
1852	-0.421156	106.066602	0.003881	6.4
1853	-0.531213	106.034029	0.006036	6.9
1854	-0.388003	106.001483	0.004570	6.5
1855	-1.114438	105.968964	0.011489	7.2
1856	-0.301539	105.936472	0.004692	6.5
1857	-1.169274	105.904006	0.010054	6.7
1858	-1.033167	105.871566	0.007537	6.2
1859	-0.432512	105.839153	0.004867	6.3
1860	-0.175674	105.806767	0.004786	6.9
1861	-0.000000	105.774407	0.000000	6.4
1862	-0.910733	105.742073	0.010876	6.3
1863	-0.500817	105.709766	0.007302	6.2
1864	-0.552254	105.677485	0.007810	5.9
1865	-0.701927	105.645230	0.008639	7.1
1866	-0.000000	105.613001	0.000000	6.1
1867	-0.000000	105.580799	0.000000	6.8
1868	-1.131363	105.548623	0.005066	6.3
1869	-0.006869	105.516473	0.000666	6.3
1870	0.000000	105.484349	0.000000	8.2
1871	-0.000000	105.452251	0.000000	7.4
1872	0.000000	105.420179	0.000000	6.7
1873	-1.139926	105.388133	0.008533	6.3
1874	-0.112502	105.356113	0.001005	6.7
1875	-0.968302	105.324119	0.012344	7.4
1876	-0.000000	105.292151	0.000000	6.3
1877	-1.161559	105.260209	0.007025	6.3
1878	-0.000000	105.228293	0.000000	5.6
1879	-0.538524	105.196402	0.004609	6.3
1880	-0.000117	105.164537	0.000036	6.3
1881	-0.759251	105.132698	0.007445	5.9
1882	-0.780008	105.100885	0.006793	6.8
1883	-0.811251	105.069097	0.006155	6.1
1884	-0.000000	105.037335	0.000000	5.9
1885	-0.784166	105.005598	0.008213	6.7
1886	-0.000000	104.973887	0.000000	6.9
1887	-0.814835	104.942202	0.009463	6.8
1888	-0.614734	104.910542	0.003278	6.0
1889	-0.187630	104.878907	0.002349	5.9
1890	-0.804684	104.847298	0.006066	6.7
1891	-0.853268	104.815715	0.003829	6.2
1892	-0.001276	104.784156	0.000208	6.2
1893	-0.000577	104.752623	0.000165	6.0
1894	-0.477199	104.721116	0.006601	6.5
1895	-0.795812	104.689633	0.006642	6.7
1896	-0.303402	104.658176	0.002708	6.0
1897	-0.000000	104.626744	0.000000	6.6
1898	0.000000	104.595337	0.000000	6.6
1899	-1.117609	104.563955	0.014667	6.2
1900	-0.127363	104.532599	0.003442	6.9
1901	-0.937253	104.501267	0.008170	6.4
1902	-0.024805	104.469960	0.001920	6.8
1903	-0.403740	104.438679	0.004101	6.8
1904	-1.086520	104.407422	0.009259	6.9
1905	-0.125627	104.376191	0.005048	6.8
1906	0.000000	104.344984	0.000000	6.4
1907	-0.777001	104.313802	0.004616	6.2
1908	-0.596901	104.282645	0.004244	6.2
1909	-0.000162	104.251513	0.000062	6.4
1910	-0.875779	104.220405	0.010737	7.0
1911	-0.981583	104.189323	0.008149	6.1
1912	-0.489793	104.158265	0.004069	6.6
1913	-0.000000	104.127231	0.000000	6.1
1914	-0.000000	104.096222	0.000000	6.4
1915	-0.000000	104.065238	0.000000	6.9
1916	-0.052547	104.034279	0.001625	6.5
1917	-1.120578	104.003344	0.006565	6.2
1918	-1.152071	103.972433	0.009329	7.2
1919	-0.460902	103.941547	0.003910	7.2
1920	-0.113268	103.910686	0.003943	7.0
1921	-1.047751	103.879849	0.007167	6.1
1922	0.000000	103.849036	0.000000	6.2
1923	-0.849342	103.818248	0.008751	6.3
1924	-0.647284	103.787484	0.009491	6.1
1925	-1.094540	103.756744	0.005367	7.0
1926	-0.301630	103.726029	0.004714	5.9
1927	-0.864933	103.695338	0.009212	6.2
1928	0.000000	103.664671	0.000000	6.5
1929	-0.478068	103.634028	0.003951	5.9
1930	-0.806813	103.603409	0.006999	7.0
1931	-0.905366	103.572814	0.008517	6.1
1932	-0.000000	103.542244	0.000000	5.7
1933	0.000000	103.511698	0.000000	5.8
1934	-1.164378	103.481175	0.009848	6.6
1935	-1.060738	103.450677	0.007432	5.9
1936	-0.525672	103.420202	0.006289	6.6
1937	-0.651513	103.389752	0.008675	6.4
1938	-0.856358	103.359325	0.008955	6.1
1939	-0.354759	103.328922	0.004006	6.3
1940	-0.036881	103.298543	0.001169	5.8
1941	-0.644978	103.268188	0.006156	6.7
1942	-0.000000	103.237857	0.000000	6.0
1943	-1.152071	103.207549	0.013192	6.0
1944	-0.798508	103.177265	0.005278	6.6
1945	0.000000	103.147005	0.000000	6.2
1946	-0.000000	103.116768	0.000000	7.0
1947	-0.996041	103.086556	0.009258	6.2
1948	-1.154563	103.056366	0.008210	6.5
1949	-0.876908	103.026200	0.005991	6.3
1950	-0.080539	102.996058	0.002552	6.6
1951	-0.000000	102.965939	0.000000	8.0
1952	0.000000	102.935844	0.000000	7.1
1953	-0.516542	102.905772	0.006883	6.8
1954	-0.157979	102.875724	0.003277	6.4
1955	-0.693487	102.845699	0.010081	6.2
1956	-0.359351	102.815697	0.005539	7.3
1957	-1.029847	102.785719	0.005623	6.2
1958	-0.541393	102.755764	0.006184	7.2
1959	-0.595075	102.725832	0.003711	6.1
1960	-0.902858	102.695924	0.004961	6.2
1961	-0.426816	102.666038	0.005901	6.7
1962	-0.024640	102.636176	0.001801	6.4
1963	-0.651718	102.606337	0.003146	7.5
1964	-1.012370	102.576521	0.008322	6.5
1965	-1.052095	102.546728	0.007931	6.4
1966	-0.960905	102.516959	0.005752	7.0
1967	-0.849567	102.487212	0.006394	6.5
1968	-0.314837	102.457488	0.006697	6.5
1969	-0.867532	102.427788	0.011453	6.5
1970	-0.000000	102.398110	0.000000	6.5
1971	0.000000	102.368455	0.000000	6.6
1972	-0.821870	102.338823	0.005562	6.1
1973	-0.034260	102.309214	0.001023	7.1
1974	-0.707076	102.279628	0.005318	6.0
1975	0.000000	102.250064	0.000000	6.1
1976	-0.047880	102.220524	0.001752	7.1
1977	0.000000	102.191006	0.000000	6.0
1978	-0.226986	102.161511	0.003987	7.3
1979	-1.032347	102.132038	0.012911	6.1
1980	-1.126044	102.102588	0.014863	6.1
1981	-0.846330	102.073161	0.005617	6.9
1982	-1.042819	102.043757	0.008586	6.7
1983	-0.000000	102.014375	0.000000	6.1
1984	-0.921945	101.985015	0.005814	6.2
1985	-0.047702	101.955678	0.002186	5.9
1986	-0.401252	101.926364	0.005598	7.6
1987	-1.095380	101.897072	0.006474	6.0
1988	-0.952830	101.867802	0.005257	6.7
1989	-0.000038	101.838555	0.000008	6.3
1990	-0.000000	101.809330	0.000000	5.9
1991	0.000000	101.780128	0.000000	6.9
1992	-0.000000	101.750948	0.000000	6.1
1993	-0.000000	101.721790	0.000000	6.8
1994	-0.490779	101.692654	0.006363	6.4
1995	-0.503241	101.663541	0.008116	6.2
1996	-0.904229	101.634450	0.006728	6.9
1997	-0.000350	101.605381	0.000143	6.6
1998	-0.544819	101.576335	0.007827	7.2
1999	-0.055908	101.547310	0.002677	6.4
