1:ItNr	2:Metric	3:StepSize	4:||Gradient||	Time[ms]
0	-0.818529	627.201626	0.008423	900.6
1	-0.885996	623.504937	0.009607	7.1
2	-0.000000	619.865785	0.000000	8.2
3	-0.000000	616.282728	0.000000	7.9
4	-0.023558	612.754375	0.001630	8.3
5	-0.604132	609.279381	0.007950	7.9
6	-0.798991	605.856447	0.007403	8.5
7	-0.067269	602.484317	0.002001	7.9
8	-0.769307	599.161779	0.009294	7.5
9	-0.495135	595.887656	0.008414	7.9
10	-0.369899	592.660813	0.008476	8.9
11	-0.092244	589.480151	0.007235	7.5
12	-0.580629	586.344606	0.009363	8.8
13	-0.000000	583.253145	0.000000	7.5
14	-0.000000	580.204771	0.000000	8.5
15	-0.770621	577.198517	0.004736	7.7
16	-1.063670	574.233444	0.010534	8.9
17	-0.447650	571.308645	0.007012	8.1
18	-0.376908	568.423237	0.004876	8.5
19	-0.003501	565.576365	0.001168	7.8
20	-0.000016	562.767201	0.000004	8.8
21	-0.000000	559.994938	0.000000	8.2
22	-0.550234	557.258797	0.005758	10.7
23	-0.711324	554.558018	0.009864	9.7
24	-0.706373	551.891865	0.011070	10.0
25	-0.527869	549.259621	0.008725	10.8
26	-0.938795	546.660592	0.007936	10.0
27	-0.555399	544.094102	0.008088	11.1
28	-0.674074	541.559494	0.007697	10.2
29	-0.357955	539.056129	0.005029	9.7
30	-0.939523	536.583387	0.011530	11.7
31	-0.280527	534.140663	0.004400	11.4
32	-0.954369	531.727370	0.013673	9.4
33	-0.540622	529.342935	0.007631	11.9
34	-0.666657	526.986802	0.006744	11.8
35	-0.730801	524.658430	0.008715	11.2
36	-0.000000	522.357290	0.000000	10.8
37	-0.748557	520.082868	0.009096	10.3
38	-1.022997	517.834665	0.011047	10.7
39	-0.922196	515.612193	0.007098	10.6
40	-0.178605	513.414976	0.005630	10.1
41	-0.787545	511.242551	0.009103	10.1
42	-0.439031	509.094468	0.005925	9.7
43	-0.000000	506.970285	0.000000	9.7
44	-0.839204	504.869574	0.006063	10.1
45	-0.892861	502.791916	0.006636	10.5
46	-0.191989	500.736903	0.004191	8.9
47	-0.000000	498.704137	0.000000	10.4
48	-0.864980	496.693228	0.011141	10.5
49	-0.974722	494.703798	0.009746	9.6
50	-0.087461	492.735476	0.004386	10.7
51	-0.951361	490.787900	0.011493	9.0
52	-0.960895	488.860718	0.010553	10.1
53	-0.180148	486.953585	0.003893	11.7
54	-0.481281	485.066164	0.006537	10.7
55	-0.000000	483.198126	0.000000	10.3
56	-0.942143	481.349149	0.008989	10.2
57	-0.598068	479.518920	0.011035	9.7
58	-0.268207	477.707132	0.006589	8.9
59	-0.625313	475.913485	0.006286	8.4
60	-0.417119	474.137684	0.006724	9.5
61	-0.000000	472.379445	0.000000	8.3
62	-0.952684	470.638485	0.009388	9.2
63	-0.699058	468.914531	0.008287	8.5
64	-0.003540	467.207315	0.000199	9.7
65	-0.404654	465.516573	0.005650	9.2
66	-0.083353	463.842050	0.002392	10.2
67	-0.561536	462.183494	0.006498	10.6
68	-0.491277	460.540658	0.005440	9.5
69	-0.247229	458.913303	0.007810	11.1
70	-0.660844	457.301192	0.007204	10.8
71	-0.000000	455.704096	0.000000	10.7
72	-0.201158	454.121787	0.003943	9.4
73	-0.882247	452.554045	0.009607	9.3
74	-0.270284	451.000653	0.004986	8.8
75	-0.000000	449.461399	0.000000	9.3
76	-0.514062	447.936075	0.007281	9.0
77	-0.000000	446.424477	0.000000	11.1
78	-0.000000	444.926406	0.000000	10.5
79	-0.000000	443.441666	0.000000	8.4
80	-0.393182	441.970065	0.004451	9.0
81	-0.751984	440.511415	0.007626	9.5
82	-0.649581	439.065533	0.009243	9.3
83	-0.515488	437.632238	0.006956	8.5
84	-0.790716	436.211351	0.007809	9.5
85	-0.704537	434.802701	0.013196	11.2
86	-0.000000	433.406117	0.000000	8.8
87	-0.118495	432.021430	0.002943	9.6
88	-0.000000	430.648479	0.000000	8.5
89	-0.178559	429.287101	0.004437	9.6
90	-0.735935	427.937140	0.007815	9.6
91	-0.423776	426.598440	0.006909	9.1
92	-0.884600	425.270849	0.004675	8.9
93	-0.947998	423.954220	0.008502	9.3
94	-0.222952	422.648404	0.004939	8.4
95	-0.011252	421.353259	0.001368	9.0
96	-0.953903	420.068643	0.006156	9.0
97	-0.608447	418.794419	0.007921	8.7
98	-0.268411	417.530451	0.004793	9.6
99	-0.476070	416.276604	0.006385	8.4
100	-0.360906	415.032748	0.008030	9.3
101	-0.722570	413.798754	0.007750	8.4
102	-0.211904	412.574495	0.002999	9.6
103	-0.899807	411.359849	0.004265	8.8
104	-0.000000	410.154691	0.000000	8.5
105	-0.750964	408.958904	0.009106	8.2
106	-0.776726	407.772368	0.008584	10.5
107	-0.317393	406.594968	0.004684	9.4
108	-0.820541	405.426590	0.005239	9.1
109	-0.390071	404.267122	0.007568	12.4
110	-0.303789	403.116456	0.005430	12.0
111	-0.781217	401.974481	0.010545	12.4
112	-0.977604	400.841093	0.011215	16.1
113	-0.927652	399.716187	0.007438	21.8
114	-0.015886	398.599660	0.001248	11.9
115	-0.470187	397.491411	0.005261	11.8
116	-0.014178	396.391342	0.000645	11.6
117	-0.446303	395.299353	0.006685	9.2
118	-0.392426	394.215350	0.004812	9.9
119	-0.626256	393.139238	0.007150	9.5
120	-0.574979	392.070924	0.007012	9.5
121	-0.227393	391.010316	0.003089	9.8
122	-0.052994	389.957325	0.001679	8.8
123	-0.013622	388.911862	0.000994	10.0
124	-0.648156	387.873839	0.007406	8.9
125	-0.358774	386.843173	0.004077	9.8
126	-0.000017	385.819777	0.000015	9.3
127	-0.149865	384.803569	0.004272	8.9
128	-0.186274	383.794468	0.004758	8.7
129	-0.145426	382.792393	0.003546	9.0
130	-0.000000	381.797264	0.000000	9.5
131	-0.000000	380.809005	0.000000	9.0
132	-0.000000	379.827537	0.000000	9.2
133	-0.824449	378.852786	0.009157	8.7
134	-0.942181	377.884678	0.008360	9.1
135	-1.042653	376.923138	0.007943	9.0
136	-0.930453	375.968095	0.013721	10.7
137	-0.258239	375.019479	0.005578	9.4
138	-0.790941	374.077218	0.006676	8.5
139	-0.516317	373.141244	0.006815	9.0
140	-0.487194	372.211489	0.006187	8.9
141	-0.625055	371.287887	0.006653	9.8
142	-0.013474	370.370370	0.002181	9.2
143	-0.008272	369.458876	0.000371	9.7
144	-0.058806	368.553338	0.003168	9.4
145	-0.000000	367.653696	0.000000	8.6
146	-0.000000	366.759885	0.000000	8.9
147	-0.068043	365.871846	0.002315	9.7
148	-0.944465	364.989518	0.008825	8.9
149	-0.947249	364.112841	0.008561	8.5
150	-0.009016	363.241757	0.001053	8.4
151	-0.476541	362.376208	0.006460	8.9
152	-0.705457	361.516137	0.006365	10.1
153	-0.871904	360.661488	0.008218	9.0
154	-0.267816	359.812206	0.004061	8.3
155	-0.553889	358.968236	0.004385	10.6
156	-0.757415	358.129524	0.005755	9.6
157	-0.239034	357.296018	0.006186	10.9
158	-0.000000	356.467665	0.000000	11.7
159	-0.787111	355.644414	0.006697	8.9
160	-0.297436	354.826213	0.003721	9.1
161	-0.000027	354.013012	0.000013	9.0
162	-0.000000	353.204763	0.000000	9.2
163	-0.004464	352.401415	0.000545	9.1
164	-0.280450	351.602922	0.001647	8.6
165	-0.753359	350.809235	0.007915	9.6
166	-0.728818	350.020308	0.006371	8.7
167	-0.622233	349.236095	0.005382	9.6
168	-0.532384	348.456550	0.006290	8.8
169	-0.566552	347.681627	0.006671	10.0
170	-0.894128	346.911283	0.007078	9.1
171	-0.943367	346.145474	0.010580	8.9
172	-0.000000	345.384157	0.000000	8.8
173	-0.508567	344.627288	0.004403	9.2
174	-0.500198	343.874826	0.006448	9.5
175	-0.359441	343.126729	0.004022	8.5
176	-0.000000	342.382957	0.000000	8.9
177	-0.950566	341.643469	0.012505	8.7
178	-0.529546	340.908224	0.006953	9.4
179	-0.976309	340.177184	0.007566	8.8
180	-0.431594	339.450309	0.004175	9.5
181	-0.000000	338.727561	0.000000	10.2
182	-0.232821	338.008902	0.004423	9.1
183	-0.974631	337.294295	0.006470	9.1
184	-0.469136	336.583703	0.006599	8.4
185	-0.947985	335.877089	0.008960	9.7
186	-0.000000	335.174416	0.000000	8.6
187	-0.941512	334.475651	0.005541	9.3
188	-0.791696	333.780756	0.007511	8.3
189	-0.792750	333.089698	0.008783	9.3
190	-0.251206	332.402443	0.003436	8.4
191	-0.000000	331.718955	0.000000	8.8
192	-0.631133	331.039203	0.011280	8.8
193	-0.000000	330.363153	0.000000	9.5
194	-0.699341	329.690771	0.007205	9.8
195	-0.439746	329.022027	0.010960	8.4
196	-0.057411	328.356888	0.000983	9.4
197	-0.348859	327.695322	0.004205	8.6
198	-0.000000	327.037299	0.000000	9.0
199	-0.598947	326.382787	0.010891	8.3
200	-0.463985	325.731758	0.005594	9.3
201	-0.000000	325.084179	0.000000	8.9
202	-0.645363	324.440023	0.005364	9.1
203	-0.387284	323.799258	0.005343	8.7
204	-0.731291	323.161858	0.008698	8.5
205	-0.415998	322.527792	0.005801	8.9
206	-0.947312	321.897034	0.008747	10.3
207	-0.526139	321.269554	0.006517	9.1
208	-0.785125	320.645325	0.005874	8.6
209	-0.039127	320.024320	0.001734	9.2
210	-0.989624	319.406512	0.006933	8.7
211	-0.000139	318.791875	0.000066	8.7
212	-0.001502	318.180381	0.000225	8.4
213	-0.210155	317.572005	0.006620	9.1
214	-0.665011	316.966721	0.004208	9.0
215	-0.000000	316.364504	0.000000	8.7
216	-0.165143	315.765329	0.002691	9.0
217	-0.469227	315.169170	0.005619	10.0
218	-0.000000	314.576003	0.000000	9.8
219	-0.368564	313.985804	0.004840	8.7
220	-0.795473	313.398548	0.006306	9.3
221	-0.971171	312.814213	0.006622	8.7
222	-0.196606	312.232773	0.005164	8.9
223	-0.010863	311.654207	0.000901	8.5
224	-0.000000	311.078491	0.000000	8.8
225	-0.518542	310.505602	0.005618	8.6
226	-0.832502	309.935518	0.008077	8.6
227	-0.004231	309.368217	0.000438	8.7
228	-0.597264	308.803676	0.003752	9.3
229	-0.105252	308.241874	0.002318	9.4
230	-0.000000	307.682789	0.000000	8.9
231	-0.596604	307.126400	0.006340	9.3
232	-0.682726	306.572687	0.009069	8.5
233	-0.860739	306.021627	0.012707	9.2
234	-0.000000	305.473201	0.000000	8.4
235	-0.000006	304.927388	0.000002	8.9
236	-0.749669	304.384168	0.005593	8.8
237	-0.751777	303.843521	0.006342	8.3
238	-0.600110	303.305427	0.008361	9.3
239	-0.533566	302.769867	0.005573	8.7
240	-0.534432	302.236821	0.009263	9.0
241	-0.933764	301.706270	0.007817	9.8
242	-0.664534	301.178196	0.007113	9.2
243	-0.945915	300.652580	0.008285	8.5
244	-0.887755	300.129402	0.006961	9.1
245	-0.008726	299.608645	0.000771	8.7
246	-0.837666	299.090291	0.010184	9.2
247	-0.034338	298.574321	0.002547	9.2
248	-0.719795	298.060718	0.008707	8.2
249	-0.409093	297.549465	0.004709	9.7
250	-0.502932	297.040543	0.004400	8.6
251	-0.458687	296.533936	0.004888	9.1
252	-0.418094	296.029626	0.004869	9.4
253	-0.096776	295.527597	0.001427	9.2
254	-0.142627	295.027832	0.004460	8.5
255	-0.395951	294.530315	0.004238	9.2
256	-0.000000	294.035028	0.000000	8.6
257	-0.226517	293.541956	0.002568	9.2
258	-0.806500	293.051083	0.008748	8.7
259	-0.000000	292.562393	0.000000	8.7
260	-0.927375	292.075870	0.008401	9.1
261	-0.807441	291.591498	0.006636	8.4
262	-0.875304	291.109263	0.006864	9.3
263	-0.576415	290.629149	0.005451	8.3
264	-0.000000	290.151140	0.000000	8.9
265	-0.231182	289.675222	0.003452	9.8
266	-0.544416	289.201380	0.006488	9.3
267	-0.000000	288.729600	0.000000	8.5
268	-0.328949	288.259866	0.005837	9.2
269	-0.298734	287.792165	0.003483	9.4
270	-0.712086	287.326481	0.005775	8.5
271	-0.000000	286.862802	0.000000	8.8
272	-0.849775	286.401113	0.006497	8.8
273	-0.706731	285.941400	0.007573	9.4
274	-0.003766	285.483649	0.000409	8.5
275	-0.672316	285.027847	0.006193	9.0
276	-0.400267	284.573981	0.005778	9.2
277	-0.556304	284.122037	0.007067	9.3
278	-0.011009	283.672002	0.002346	8.8
279	-0.709202	283.223863	0.007118	8.9
280	-0.904485	282.777607	0.010124	8.6
281	-0.000000	282.333221	0.000000	8.5
282	-0.283639	281.890692	0.004521	8.7
283	-0.000000	281.450008	0.000000	8.7
284	-1.060243	281.011157	0.008095	9.3
285	-0.548523	280.574125	0.004961	8.7
286	-0.698840	280.138901	0.007091	9.0
287	-0.851853	279.705473	0.007163	8.8
288	-0.000000	279.273829	0.000000	8.8
289	-0.120000	278.843956	0.003787	11.3
290	-0.242758	278.415844	0.004545	9.5
291	-0.692466	277.989479	0.007176	9.3
292	-0.115301	277.564851	0.002683	8.9
293	-0.814234	277.141949	0.005991	9.6
294	-0.869412	276.720761	0.006128	9.0
295	-0.382390	276.301275	0.009167	9.4
296	-0.727211	275.883480	0.006294	9.1
297	-0.000000	275.467366	0.000000	9.4
298	-0.000000	275.052922	0.000000	8.9
299	-0.873921	274.640136	0.008950	9.5
300	-0.000000	274.228998	0.000000	9.2
301	-0.000000	273.819497	0.000000	8.4
302	-0.013219	273.411623	0.000249	8.6
303	-0.934840	273.005365	0.008721	8.7
304	-1.047760	272.600712	0.013266	9.1
305	-0.452481	272.197655	0.005412	8.7
306	-0.883742	271.796184	0.006804	9.2
307	-0.997055	271.396287	0.010624	8.6
308	-0.000000	270.997956	0.000000	9.2
309	-0.014611	270.601180	0.000711	8.8
310	-0.873507	270.205949	0.006698	8.9
311	-0.877682	269.812254	0.007922	8.6
312	-0.569502	269.420085	0.006040	10.7
313	-0.844137	269.029432	0.009331	8.8
314	-0.014773	268.640287	0.000569	8.5
315	-0.000000	268.252638	0.000000	9.5
316	-0.028152	267.866478	0.002201	8.4
317	-0.403314	267.481796	0.004955	9.3
318	-0.509561	267.098584	0.006756	8.4
319	-0.877304	266.716833	0.005108	9.4
320	-0.064398	266.336533	0.002190	9.0
321	-0.703054	265.957676	0.004984	8.8
322	-0.000000	265.580253	0.000000	9.1
323	-0.000000	265.204254	0.000000	8.8
324	-0.462923	264.829672	0.006922	9.1
325	-0.000000	264.456497	0.000000	8.8
326	-0.000000	264.084721	0.000000	9.5
327	-0.742805	263.714335	0.010309	8.3
328	-0.000000	263.345332	0.000000	9.5
329	-0.786500	262.977702	0.004919	8.4
330	-0.919297	262.611438	0.004601	9.2
331	-0.000001	262.246531	0.000001	8.8
332	-0.111609	261.882973	0.004009	9.1
333	-0.306888	261.520756	0.004281	9.0
334	-0.049847	261.159871	0.004355	9.6
335	-0.000000	260.800312	0.000000	8.7
336	-0.689081	260.442070	0.007243	9.3
337	-0.702026	260.085137	0.005907	9.4
338	-0.489632	259.729505	0.005342	8.6
339	-0.931731	259.375167	0.007064	9.4
340	-0.333357	259.022116	0.004572	8.9
341	-0.424957	258.670343	0.009447	9.0
342	-0.000000	258.319841	0.000000	8.6
343	-0.506868	257.970602	0.007764	8.7
344	-0.001549	257.622620	0.000263	9.3
345	-0.000000	257.275887	0.000000	9.4
346	-0.322727	256.930396	0.004000	9.1
347	-0.583588	256.586139	0.007240	8.3
348	-0.000000	256.243109	0.000000	9.0
349	-0.000048	255.901300	0.000011	8.8
350	-0.729207	255.560703	0.007100	9.3
351	-0.000000	255.221313	0.000000	8.7
352	-0.019216	254.883122	0.001881	9.5
353	-0.836981	254.546124	0.006040	9.1
354	-0.831939	254.210311	0.007397	9.0
355	-0.862253	253.875677	0.006158	9.5
356	-0.600359	253.542215	0.005265	8.5
357	-0.355055	253.209918	0.004055	9.3
358	-0.004881	252.878781	0.000471	9.3
359	-0.000000	252.548795	0.000000	9.3
360	-0.674941	252.219956	0.005663	9.5
361	-0.375080	251.892255	0.004692	9.1
362	-0.849319	251.565688	0.006647	9.3
363	-0.511400	251.240247	0.004774	8.6
364	-0.000691	250.915926	0.000141	9.6
365	-0.537749	250.592720	0.007917	9.0
366	-0.775408	250.270621	0.005520	9.2
367	-0.103473	249.949624	0.002530	9.2
368	-0.553485	249.629723	0.007269	9.3
369	-0.000000	249.310911	0.000000	9.7
370	-0.047959	248.993182	0.001122	8.6
371	-0.628850	248.676531	0.007054	9.2
372	-0.532012	248.360952	0.006839	8.7
373	-0.591673	248.046438	0.006938	9.1
374	-0.488850	247.732984	0.005467	9.2
375	-0.000014	247.420584	0.000005	10.1
376	-0.687051	247.109233	0.006574	8.3
377	-0.000000	246.798924	0.000000	9.3
378	-0.018748	246.489652	0.001183	9.1
379	-0.040483	246.181412	0.001193	8.6
380	-0.161490	245.874197	0.002236	9.0
381	-0.737553	245.568002	0.007285	9.7
382	-0.000000	245.262822	0.000000	9.3
383	-0.509368	244.958652	0.006114	9.0
384	-0.775389	244.655485	0.004521	9.3
385	-0.423689	244.353317	0.004735	8.3
386	-0.196389	244.052142	0.003922	8.9
387	-0.978583	243.751955	0.009589	8.5
388	-0.000000	243.452750	0.000000	9.0
389	-0.665136	243.154523	0.011265	8.9
390	-0.808211	242.857268	0.010127	8.5
391	-0.882519	242.560980	0.005108	8.9
392	-0.593970	242.265654	0.005709	9.7
393	-1.071886	241.971285	0.011005	9.7
394	-0.000000	241.677868	0.000000	8.5
395	-0.556504	241.385397	0.006136	9.3
396	-0.016101	241.093869	0.002611	8.8
397	-0.542870	240.803278	0.007942	9.1
398	-0.000000	240.513619	0.000000	9.0
399	-0.928865	240.224887	0.005789	10.2
400	-0.000000	239.937077	0.000000	9.4
401	-0.745609	239.650186	0.006302	8.6
402	-0.980336	239.364207	0.007218	9.3
403	-0.458266	239.079136	0.005194	8.4
404	-0.953137	238.794969	0.006707	9.8
405	-0.071036	238.511701	0.001777	8.6
406	-0.963933	238.229327	0.005801	9.3
407	-0.351032	237.947843	0.004993	9.0
408	-0.701851	237.667244	0.007006	8.6
409	-0.757273	237.387526	0.005830	9.3
410	-0.000000	237.108684	0.000000	8.5
411	-0.435485	236.830714	0.003504	9.2
412	-0.000000	236.553610	0.000000	8.7
413	-0.064839	236.277370	0.001636	9.4
414	-0.000000	236.001989	0.000000	8.6
415	-0.202391	235.727461	0.002780	9.4
416	-0.452124	235.453784	0.005822	8.3
417	-0.000123	235.180952	0.000109	9.4
418	-0.056425	234.908962	0.003457	9.4
419	-0.474880	234.637809	0.006876	9.0
420	-0.360641	234.367488	0.003773	9.5
421	-0.573741	234.097997	0.005187	8.9
422	-0.000676	233.829331	0.000741	8.5
423	-0.883109	233.561485	0.007827	8.9
424	-0.053982	233.294456	0.002201	9.9
425	-0.835288	233.028239	0.005383	8.7
426	-0.687518	232.762831	0.006742	9.5
427	-0.117332	232.498228	0.005660	9.2
428	-0.729532	232.234425	0.008558	10.6
429	-0.986168	231.971419	0.006599	9.3
430	-0.063868	231.709205	0.002122	8.4
431	-0.311824	231.447781	0.004132	9.1
432	-0.932085	231.187141	0.005550	8.5
433	-0.206452	230.927283	0.002946	8.9
434	-0.726674	230.668202	0.003830	8.5
435	-0.452688	230.409895	0.006573	8.9
436	-0.003479	230.152358	0.000030	8.7
437	-0.000000	229.895587	0.000000	8.9
438	-0.451294	229.639578	0.008169	9.3
439	-0.468759	229.384329	0.005600	8.6
440	-0.000000	229.129834	0.000000	9.4
441	-0.721591	228.876091	0.011168	9.9
442	-0.842864	228.623096	0.008217	9.9
443	-0.913294	228.370846	0.008081	8.3
444	-0.000000	228.119336	0.000000	8.8
445	-0.487198	227.868563	0.005479	8.6
446	-0.931291	227.618525	0.010090	8.8
447	-0.000000	227.369216	0.000000	8.7
448	-0.000000	227.120635	0.000000	8.9
449	-0.902318	226.872777	0.005755	9.3
450	-0.627658	226.625638	0.004486	8.9
451	-0.000000	226.379217	0.000000	9.1
452	-0.000202	226.133509	0.000150	9.2
453	-0.000000	225.888510	0.000000	9.7
454	-0.714709	225.644218	0.006069	8.8
455	-0.105292	225.400630	0.004875	8.8
456	-0.881559	225.157741	0.005865	8.7
457	-0.781359	224.915549	0.005776	9.0
458	-0.227478	224.674051	0.004228	8.7
459	-0.734470	224.433242	0.006811	8.8
460	-0.004598	224.193121	0.000554	9.5
461	-0.372355	223.953684	0.006275	8.4
462	-0.913627	223.714927	0.005806	8.9
463	-0.707998	223.476848	0.007250	9.4
464	-0.957986	223.239444	0.004991	9.6
465	-0.000000	223.002710	0.000000	8.9
466	-0.292244	222.766645	0.006775	9.0
467	-0.679724	222.531245	0.007355	8.5
468	-0.416692	222.296508	0.005110	8.9
469	-0.969430	222.062429	0.005327	8.9
470	-0.766392	221.829007	0.005304	8.6
471	-0.807311	221.596238	0.008466	9.1
472	-0.000000	221.364119	0.000000	8.4
473	-0.249030	221.132647	0.003206	9.4
474	-0.964927	220.901820	0.006574	8.5
475	-0.956927	220.671634	0.006251	9.3
476	-0.000008	220.442086	0.000004	9.4
477	-0.055652	220.213174	0.002213	8.6
478	-0.466104	219.984895	0.004293	8.6
479	-0.706486	219.757246	0.005878	9.1
480	-0.578591	219.530224	0.003909	9.0
481	-0.483116	219.303826	0.006188	8.6
482	-0.000000	219.078050	0.000000	8.6
483	-0.715584	218.852893	0.004572	8.8
484	-0.512691	218.628352	0.006760	9.9
485	-1.057692	218.404424	0.009503	8.5
486	-0.000000	218.181106	0.000000	9.6
487	-0.770956	217.958397	0.004661	9.7
488	-0.483271	217.736292	0.005492	8.7
489	-0.570500	217.514790	0.006712	8.3
490	-0.427950	217.293888	0.003161	9.3
491	-0.956489	217.073584	0.006467	8.9
492	-0.730152	216.853873	0.005947	8.7
493	-0.683670	216.634755	0.007151	9.9
494	-0.896972	216.416227	0.007945	8.7
495	-0.906594	216.198285	0.005499	10.5
496	-0.000000	215.980927	0.000000	8.6
497	-0.532394	215.764151	0.006806	9.9
498	-0.092844	215.547955	0.004433	9.1
499	-0.435704	215.332335	0.005475	10.2
500	-0.000000	215.117289	0.000000	9.4
501	-0.004940	214.902815	0.000391	9.0
502	-0.000000	214.688911	0.000000	9.4
503	-0.352346	214.475573	0.003603	8.7
504	-0.488289	214.262800	0.005370	9.6
505	-0.156331	214.050588	0.004236	8.6
506	-0.936713	213.838936	0.006291	9.1
507	-0.574581	213.627842	0.005141	9.5
508	-0.789990	213.417302	0.007355	9.7
509	-0.000000	213.207314	0.000000	9.6
510	-0.811854	212.997877	0.006276	8.8
511	-0.740385	212.788987	0.006037	9.4
512	-0.542308	212.580642	0.006679	8.6
513	-0.000000	212.372841	0.000000	9.5
514	-0.957619	212.165581	0.005512	9.1
515	-0.482896	211.958859	0.003605	8.7
516	-0.353053	211.752673	0.004956	9.3
517	-0.000000	211.547021	0.000000	8.7
518	-0.576845	211.341902	0.004048	9.2
519	-0.000000	211.137311	0.000000	8.4
520	-0.000000	210.933248	0.000000	9.1
521	-0.000000	210.729710	0.000000	8.6
522	-0.027526	210.526695	0.002035	9.3
523	-0.633732	210.324200	0.006406	9.3
524	-0.211895	210.122224	0.002564	8.8
525	-0.116061	209.920765	0.002354	9.2
526	-0.698195	209.719820	0.007616	8.8
527	-0.043375	209.519387	0.000327	9.3
528	-0.016218	209.319463	0.000778	9.0
529	-0.256310	209.120048	0.007707	9.3
530	-0.901977	208.921139	0.005291	8.5
531	-0.367433	208.722733	0.005383	8.4
532	-0.232750	208.524829	0.003750	8.7
533	-0.158096	208.327425	0.003162	9.2
534	-0.838809	208.130518	0.005915	8.4
535	-0.270716	207.934107	0.003061	9.1
536	-0.544303	207.738189	0.004430	9.1
537	-0.000000	207.542762	0.000000	9.3
538	-0.000000	207.347825	0.000000	9.5
539	-0.580711	207.153376	0.007141	9.0
540	-0.324863	206.959412	0.006234	9.7
541	-0.123657	206.765932	0.004044	8.9
542	-0.000000	206.572933	0.000000	9.5
543	-0.044016	206.380414	0.001727	8.9
544	-0.689484	206.188373	0.004408	9.6
545	-0.693075	205.996807	0.007128	9.4
546	-0.000000	205.805716	0.000000	10.0
547	-0.647539	205.615096	0.007247	9.7
548	-0.650656	205.424946	0.007583	9.5
549	-0.936075	205.235265	0.006629	9.2
550	-0.899581	205.046050	0.005354	8.9
551	-0.283248	204.857299	0.004348	8.7
552	-0.000000	204.669011	0.000000	8.8
553	-0.790082	204.481184	0.005120	8.6
554	-0.007038	204.293816	0.001132	9.3
555	-0.000000	204.106905	0.000000	8.5
556	-0.000000	203.920449	0.000000	9.3
557	-0.305923	203.734447	0.002921	8.5
558	-0.831703	203.548896	0.006725	9.6
559	-0.903535	203.363795	0.006124	9.3
560	-0.690477	203.179143	0.006713	9.0
561	-0.000000	202.994937	0.000000	8.6
562	-0.726313	202.811176	0.007476	8.7
563	-0.779373	202.627857	0.005545	8.8
564	-0.343300	202.444980	0.005007	9.0
565	-0.885724	202.262543	0.006720	9.1
566	-0.947726	202.080543	0.009397	8.3
567	-0.726151	201.898979	0.007780	9.5
568	-0.000156	201.717849	0.000070	8.3
569	-0.169047	201.537153	0.003685	9.0
570	-0.925029	201.356887	0.007478	9.5
571	-0.037978	201.177050	0.001216	8.8
572	-0.650090	200.997642	0.005527	8.8
573	-0.792625	200.818659	0.006631	10.1
574	-0.700372	200.640100	0.005144	9.5
575	-0.000000	200.461965	0.000000	9.6
576	-0.752261	200.284250	0.006979	10.4
577	-0.890423	200.106955	0.008450	9.1
578	-0.667734	199.930078	0.006325	9.8
579	-0.753658	199.753617	0.006683	9.3
580	-0.000000	199.577571	0.000000	9.9
581	-0.768200	199.401938	0.005641	10.1
582	-0.601161	199.226717	0.007216	10.2
583	-0.444214	199.051905	0.006100	9.9
584	-0.561054	198.877502	0.007420	9.8
585	-0.755258	198.703506	0.006372	10.1
586	-0.000000	198.529916	0.000000	9.9
587	-0.000000	198.356729	0.000000	9.9
588	-0.988374	198.183944	0.009797	10.2
589	-0.923221	198.011560	0.007665	9.7
590	-0.624094	197.839576	0.005143	9.2
591	-0.000000	197.667989	0.000000	9.8
592	-0.200148	197.496798	0.007259	11.0
593	-0.414996	197.326002	0.005306	10.0
594	-0.734387	197.155600	0.006864	9.8
595	-0.512713	196.985589	0.005521	9.5
596	-0.441119	196.815969	0.005599	9.9
597	-0.425254	196.646738	0.006777	9.2
598	-0.823895	196.477894	0.007099	9.4
599	-0.000053	196.309436	0.000011	9.5
600	-0.351506	196.141363	0.006684	8.9
601	-0.736568	195.973673	0.008843	9.7
602	-0.656678	195.806365	0.005411	9.4
603	-0.002186	195.639437	0.000136	9.1
604	-0.872290	195.472888	0.005729	9.5
605	-0.104411	195.306717	0.002476	9.8
606	-0.000000	195.140922	0.000000	9.4
607	-0.469273	194.975501	0.005392	9.2
608	-0.601249	194.810454	0.007009	9.8
609	-0.431427	194.645779	0.003453	8.7
610	-0.845696	194.481475	0.007051	10.1
611	-0.319312	194.317540	0.004567	9.3
612	-0.352580	194.153973	0.007102	8.8
613	-0.314534	193.990773	0.003952	10.0
614	-0.686255	193.827938	0.006126	9.8
615	-0.005985	193.665467	0.000553	9.7
616	-0.000000	193.503358	0.000000	8.7
617	-0.720723	193.341611	0.004303	9.7
618	-0.593349	193.180224	0.005733	8.5
619	-0.000000	193.019196	0.000000	10.0
620	-0.555477	192.858525	0.004984	8.8
621	-0.734120	192.698210	0.008856	9.3
622	-0.547586	192.538251	0.006394	9.9
623	-0.086233	192.378644	0.002353	8.8
624	-0.742060	192.219391	0.006186	9.2
625	-0.294530	192.060488	0.005300	8.7
626	-0.000000	191.901935	0.000000	10.1
627	-0.965145	191.743730	0.007703	8.4
628	-0.003313	191.585873	0.000642	9.3
629	-0.623713	191.428362	0.005430	9.6
630	-0.000000	191.271196	0.000000	8.9
631	-0.895214	191.114374	0.008377	9.4
632	-0.653692	190.957893	0.005615	8.8
633	-0.228427	190.801755	0.003612	9.9
634	-0.460335	190.645956	0.005692	8.3
635	-0.054513	190.490495	0.001035	8.9
636	-0.396055	190.335373	0.005342	8.9
637	-0.834140	190.180587	0.007550	10.3
638	-0.235861	190.026136	0.005307	9.1
639	-0.226572	189.872019	0.004125	8.5
640	-0.880116	189.718235	0.004408	9.8
641	-0.000000	189.564782	0.000000	8.2
642	-0.683977	189.411661	0.004670	9.3
643	-0.763820	189.258868	0.004833	8.4
644	-0.000109	189.106404	0.000051	9.2
645	-1.004863	188.954267	0.007731	8.5
646	-0.150880	188.802456	0.006179	9.3
647	-0.444766	188.650969	0.003536	8.5
648	-0.082904	188.499807	0.004975	9.6
649	-0.003632	188.348967	0.000503	9.4
650	-0.762625	188.198448	0.009138	8.9
651	-0.613660	188.048250	0.005640	9.4
652	-0.797180	187.898371	0.007865	8.6
653	-0.948097	187.748810	0.006692	9.7
654	-0.331801	187.599566	0.008001	8.8
655	-0.624353	187.450638	0.006734	9.1
656	-0.014949	187.302025	0.001011	8.3
657	-0.355570	187.153725	0.005416	9.4
658	-0.766603	187.005739	0.006155	8.9
659	-0.534304	186.858064	0.005294	9.5
660	-0.000000	186.710699	0.000000	9.1
661	-0.365011	186.563645	0.004187	8.8
662	-0.000000	186.416898	0.000000	9.4
663	-0.675706	186.270459	0.007642	8.6
664	-0.448183	186.124326	0.005563	9.5
665	-0.832622	185.978499	0.006196	8.7
666	-0.000000	185.832976	0.000000	10.1
667	-0.706017	185.687756	0.008397	9.5
668	-0.559247	185.542838	0.006332	8.9
669	-0.000000	185.398222	0.000000	9.2
670	-0.766232	185.253906	0.006956	8.6
671	-0.823942	185.109889	0.004348	9.8
672	-0.436614	184.966170	0.004479	8.9
673	-0.013602	184.822748	0.001081	9.4
674	-0.000000	184.679623	0.000000	8.3
675	-0.491765	184.536792	0.004826	8.9
676	-0.005094	184.394256	0.000797	9.5
677	-0.850084	184.252013	0.005926	8.5
678	-0.665399	184.110062	0.006744	9.4
679	-0.000000	183.968403	0.000000	8.7
680	-0.000000	183.827034	0.000000	9.5
681	-0.000000	183.685954	0.000000	8.1
682	-0.914037	183.545163	0.007788	9.3
683	-0.799654	183.404658	0.004886	8.8
684	-0.863561	183.264441	0.006586	10.3
685	-0.000000	183.124509	0.000000	8.7
686	-0.186066	182.984861	0.005121	9.1
687	-1.013601	182.845497	0.008164	9.6
688	-0.000000	182.706416	0.000000	9.0
689	-0.918787	182.567616	0.008432	9.5
690	-0.968237	182.429098	0.006280	8.9
691	-0.000406	182.290859	0.000095	9.4
692	-0.160508	182.152899	0.004296	9.0
693	-0.096076	182.015217	0.002375	9.7
694	-0.977245	181.877813	0.009715	9.9
695	-0.652604	181.740684	0.007454	9.9
696	-0.547024	181.603832	0.005331	9.3
697	-0.893094	181.467253	0.005858	9.3
698	-0.888505	181.330948	0.006174	9.0
699	-0.744332	181.194916	0.005099	9.1
700	-0.006934	181.059155	0.000846	9.5
701	-0.000000	180.923666	0.000000	9.6
702	-0.491188	180.788446	0.006062	8.8
703	-0.015890	180.653496	0.000275	10.1
704	-0.254543	180.518814	0.003978	9.0
705	-0.884600	180.384399	0.005578	10.1
706	-0.000000	180.250251	0.000000	10.1
707	-0.050124	180.116369	0.001521	9.1
708	-0.000000	179.982752	0.000000	9.6
709	-0.912539	179.849398	0.009916	9.0
710	-0.839553	179.716308	0.006604	10.8
711	-0.682725	179.583480	0.003082	8.9
712	-0.000000	179.450913	0.000000	9.2
713	-0.391027	179.318607	0.008641	9.2
714	-1.006148	179.186561	0.005292	9.4
715	-0.769205	179.054774	0.009086	10.3
716	-0.344411	178.923245	0.003392	9.1
717	-0.015579	178.791973	0.000226	10.5
718	-0.593178	178.660958	0.006983	9.5
719	-0.000000	178.530199	0.000000	9.4
720	-0.931178	178.399694	0.004463	11.2
721	-0.000000	178.269444	0.000000	10.1
722	-0.970608	178.139447	0.006786	9.9
723	-0.129419	178.009702	0.004781	10.3
724	-0.566016	177.880209	0.004426	8.7
725	-0.431376	177.750967	0.005641	10.0
726	-0.878343	177.621975	0.007019	9.6
727	-0.481980	177.493232	0.006117	10.8
728	-0.647352	177.364738	0.006604	10.9
729	-0.287248	177.236492	0.004397	10.4
730	-0.781508	177.108492	0.009806	10.5
731	-0.879574	176.980739	0.006426	10.0
732	-0.412267	176.853231	0.006366	9.3
733	-0.639836	176.725968	0.006300	10.5
734	-0.000017	176.598949	0.000012	9.3
735	-0.580813	176.472173	0.006957	9.8
736	-0.000000	176.345639	0.000000	12.5
737	-0.884061	176.219348	0.005010	12.1
738	-0.917714	176.093296	0.006040	12.4
739	-0.000000	175.967486	0.000000	10.4
740	-0.270083	175.841914	0.004423	9.4
741	-0.750292	175.716581	0.005924	9.9
742	-0.277785	175.591486	0.004718	9.8
743	-0.932096	175.466629	0.007287	8.9
744	-0.566148	175.342008	0.006097	9.7
745	-0.765470	175.217622	0.006244	8.8
746	-0.583422	175.093472	0.006371	9.6
747	-0.215716	174.969556	0.003393	9.0
748	-0.620585	174.845873	0.005464	10.3
749	-0.000000	174.722423	0.000000	9.0
750	-0.000000	174.599206	0.000000	8.0
751	-0.038730	174.476220	0.003119	9.9
752	-0.929626	174.353464	0.008048	8.4
753	-0.336186	174.230939	0.004589	10.8
754	-0.092951	174.108643	0.002574	9.2
755	-0.040232	173.986576	0.002576	10.0
756	-0.962633	173.864737	0.006674	8.9
757	-0.000000	173.743124	0.000000	8.7
758	-0.135320	173.621739	0.004077	9.7
759	-0.726282	173.500579	0.003728	9.1
760	-0.787626	173.379645	0.007626	9.3
761	-0.390267	173.258935	0.005605	8.6
762	-0.033935	173.138449	0.001957	9.3
763	-0.722729	173.018186	0.009205	8.8
764	-0.000000	172.898146	0.000000	8.7
765	-0.012578	172.778327	0.000402	8.5
766	-0.014015	172.658730	0.001159	9.1
767	-0.963526	172.539353	0.006105	8.9
768	-0.000000	172.420196	0.000000	8.3
769	-0.866879	172.301258	0.007489	10.1
770	-0.051047	172.182539	0.002632	9.1
771	-0.729777	172.064037	0.006029	9.5
772	-0.717620	171.945753	0.006605	8.5
773	-0.015350	171.827686	0.001320	9.5
774	-0.702651	171.709834	0.006292	8.4
775	-0.000000	171.592198	0.000000	9.5
776	-0.272525	171.474776	0.003666	9.3
777	-0.589712	171.357568	0.004868	8.6
778	-0.113303	171.240574	0.003148	9.7
779	-0.563355	171.123793	0.006141	8.6
780	-0.325419	171.007223	0.004925	9.4
781	-0.000000	170.890865	0.000000	8.8
782	-0.509066	170.774718	0.005499	9.9
783	-0.953445	170.658782	0.007808	8.5
784	-0.000000	170.543055	0.000000	9.5
785	-0.552342	170.427537	0.006859	9.3
786	-0.856363	170.312227	0.004989	8.6
787	-0.000000	170.197125	0.000000	8.9
788	-0.000000	170.082231	0.000000	8.1
789	-0.008701	169.967543	0.000293	9.5
790	-0.052387	169.853061	0.002586	8.6
791	-0.541513	169.738784	0.005382	8.9
792	-0.512294	169.624713	0.004218	8.6
793	-0.030987	169.510845	0.002448	9.6
794	-0.000256	169.397181	0.000080	8.7
795	-0.141308	169.283720	0.004662	9.1
796	-0.527475	169.170462	0.006108	9.4
797	-0.993446	169.057405	0.006343	8.7
798	-0.514901	168.944549	0.005982	9.4
799	-1.004435	168.831895	0.007219	8.7
800	-0.880481	168.719440	0.005186	9.2
801	-0.814461	168.607185	0.005110	8.3
802	-0.393304	168.495129	0.005780	9.9
803	-0.947104	168.383271	0.007518	8.7
804	-0.454318	168.271611	0.004287	10.0
805	-0.000000	168.160148	0.000000	9.3
806	-0.000000	168.048882	0.000000	8.5
807	-0.874311	167.937812	0.005467	9.6
808	-0.279221	167.826938	0.004643	8.6
809	-0.010024	167.716258	0.001310	9.5
810	-0.882478	167.605773	0.006798	8.5
811	-0.000000	167.495482	0.000000	8.9
812	-0.698486	167.385384	0.006903	8.4
813	-0.329164	167.275479	0.005479	9.2
814	-0.306680	167.165766	0.003934	8.3
815	-0.867652	167.056245	0.006045	10.6
816	-0.756770	166.946915	0.005222	9.4
817	-0.741660	166.837776	0.005486	8.5
818	-0.822073	166.728826	0.006041	9.6
819	-0.120710	166.620067	0.002046	8.4
820	-0.000000	166.511496	0.000000	9.6
821	-0.000000	166.403113	0.000000	8.2
822	-0.766935	166.294919	0.004454	9.0
823	-0.660421	166.186912	0.006100	8.5
824	-0.894650	166.079091	0.005358	9.4
825	-0.819302	165.971458	0.005867	8.4
826	-0.447499	165.864009	0.003907	10.6
827	-0.544085	165.756747	0.005604	10.7
828	-0.516043	165.649669	0.005370	9.1
829	-0.509599	165.542775	0.006717	9.7
830	-0.000000	165.436065	0.000000	8.7
831	-0.606918	165.329538	0.004112	9.6
832	-0.662534	165.223194	0.005428	9.2
833	-0.000000	165.117032	0.000000	9.0
834	-0.774251	165.011052	0.005729	9.6
835	-0.000000	164.905253	0.000000	8.3
836	-0.950790	164.799635	0.007625	9.8
837	-0.508339	164.694197	0.007341	8.5
838	-0.852768	164.588939	0.007400	9.9
839	-0.876512	164.483859	0.004403	8.4
840	-0.000000	164.378959	0.000000	9.3
841	-0.000000	164.274237	0.000000	8.1
842	-0.792551	164.169692	0.004713	9.1
843	-0.000000	164.065325	0.000000	9.3
844	-0.752487	163.961135	0.004937	8.8
845	-0.579409	163.857120	0.006067	9.4
846	-0.000000	163.753282	0.000000	8.6
847	-0.100075	163.649619	0.002830	9.3
848	-0.896141	163.546130	0.006064	8.5
849	-0.000000	163.442816	0.000000	10.2
850	-0.749904	163.339676	0.006002	8.5
851	-0.381058	163.236709	0.005102	9.1
852	-0.826734	163.133915	0.005097	9.3
853	-0.075050	163.031294	0.001520	8.7
854	-0.885332	162.928844	0.008967	9.4
855	-0.638143	162.826566	0.004762	8.5
856	-0.543375	162.724459	0.005506	9.3
857	-0.601320	162.622523	0.006203	8.7
858	-0.000000	162.520757	0.000000	8.8
859	-1.024199	162.419160	0.006328	8.5
860	-0.000000	162.317733	0.000000	10.1
861	-0.000000	162.216474	0.000000	8.6
862	-0.360214	162.115383	0.003949	9.1
863	-0.884103	162.014461	0.007765	9.5
864	-0.000000	161.913705	0.000000	8.5
865	-0.417231	161.813117	0.004868	9.4
866	-0.462940	161.712695	0.003059	8.1
867	-0.000000	161.612439	0.000000	9.3
868	-0.037914	161.512349	0.001958	8.8
869	-0.576471	161.412424	0.005418	9.4
870	-0.000000	161.312663	0.000000	8.6
871	-0.757146	161.213067	0.008499	9.5
872	-0.683568	161.113635	0.005887	8.9
873	-0.532771	161.014366	0.005507	9.0
874	-0.353854	160.915260	0.003950	9.6
875	-0.839602	160.816316	0.007058	8.3
876	-0.092623	160.717535	0.000900	9.3
877	-0.325795	160.618915	0.004807	9.7
878	-0.011844	160.520456	0.000914	9.5
879	-0.108120	160.422158	0.003302	8.5
880	-0.058337	160.324021	0.000890	9.0
881	-0.273075	160.226043	0.003957	9.4
882	-0.158625	160.128225	0.002729	8.7
883	-0.000000	160.030566	0.000000	9.2
884	-0.000000	159.933066	0.000000	9.9
885	-0.151172	159.835723	0.003524	9.1
886	-0.846012	159.738539	0.007627	8.7
887	-0.732300	159.641512	0.008085	9.2
888	-0.079266	159.544642	0.002783	8.6
889	-0.604848	159.447929	0.005216	9.3
890	-0.000000	159.351372	0.000000	8.3
891	-0.485853	159.254971	0.004645	8.9
892	-0.585715	159.158725	0.005909	9.3
893	-0.813212	159.062634	0.005840	8.9
894	-0.000000	158.966697	0.000000	9.3
895	-0.053853	158.870915	0.000881	8.9
896	-0.958516	158.775286	0.007694	9.4
897	-0.000000	158.679811	0.000000	7.8
898	-0.953401	158.584489	0.004602	9.4
899	-0.481716	158.489319	0.005706	8.5
900	-0.104384	158.394302	0.005554	9.6
901	-0.449044	158.299436	0.005104	8.5
902	-0.737128	158.204721	0.007628	9.2
903	-0.471914	158.110158	0.007227	9.6
904	-0.988148	158.015745	0.007297	8.7
905	-0.738503	157.921482	0.006418	9.5
906	-0.751807	157.827369	0.007517	8.5
907	-0.851475	157.733406	0.004452	9.7
908	-0.688672	157.639591	0.006081	9.2
909	-0.659022	157.545925	0.005482	9.5
910	-0.000000	157.452408	0.000000	8.5
911	-1.037511	157.359038	0.006962	9.3
912	-0.553637	157.265816	0.008116	9.4
913	-0.000000	157.172741	0.000000	8.5
914	-0.353924	157.079813	0.002777	9.7
915	-0.000000	156.987031	0.000000	8.3
916	-0.801170	156.894395	0.006212	9.4
917	-0.000000	156.801904	0.000000	8.4
918	-0.379322	156.709559	0.004692	10.0
919	-0.395214	156.617359	0.004448	9.1
920	-0.984280	156.525304	0.008035	9.5
921	-0.909438	156.433392	0.008363	9.7
922	-0.658103	156.341624	0.004124	8.3
923	-0.549686	156.250000	0.005304	9.9
924	-0.503064	156.158519	0.004886	8.5
925	-0.991468	156.067180	0.006229	9.8
926	-1.033977	155.975984	0.009103	8.9
927	-0.634869	155.884930	0.003765	9.1
928	-0.425153	155.794017	0.003585	8.6
929	-0.764668	155.703246	0.007892	9.7
930	-0.000000	155.612615	0.000000	9.1
931	-0.593939	155.522125	0.007815	8.4
932	-0.000000	155.431775	0.000000	9.5
933	-0.447959	155.341565	0.005651	8.6
934	-0.955564	155.251495	0.005376	9.4
935	-0.133491	155.161563	0.002788	10.3
936	-0.398138	155.071771	0.003811	9.2
937	-0.047831	154.982117	0.004159	8.3
938	-0.000000	154.892601	0.000000	9.3
939	-0.703226	154.803222	0.004956	9.5
940	-0.986138	154.713981	0.009526	8.5
941	-0.692814	154.624878	0.004929	9.8
942	-0.000000	154.535910	0.000000	8.9
943	-0.000253	154.447080	0.000228	9.3
944	-0.954967	154.358385	0.006236	9.0
945	-0.000000	154.269826	0.000000	8.8
946	-0.667150	154.181402	0.008208	8.5
947	-0.000000	154.093114	0.000000	8.8
948	-0.057404	154.004960	0.002678	9.4
949	-0.000000	153.916940	0.000000	8.5
950	-0.362499	153.829054	0.007462	9.6
951	-0.062949	153.741303	0.004013	8.7
952	-0.557286	153.653684	0.005097	9.9
953	-0.863243	153.566198	0.007659	9.3
954	-0.511853	153.478846	0.005714	9.0
955	-0.507731	153.391625	0.005615	8.7
956	-0.548077	153.304537	0.006023	9.4
957	-0.799270	153.217580	0.004980	9.4
958	-0.660491	153.130755	0.006305	8.9
959	-0.000000	153.044061	0.000000	9.6
960	-0.505093	152.957498	0.005231	8.4
961	-0.002171	152.871065	0.000027	9.4
962	-0.000000	152.784762	0.000000	8.3
963	-0.807134	152.698589	0.008481	10.2
964	-0.764483	152.612545	0.004673	8.7
965	-0.529609	152.526631	0.007466	9.4
966	-0.909701	152.440845	0.005834	9.1
967	-0.618272	152.355188	0.006595	8.7
968	-0.957380	152.269660	0.006953	9.3
969	-0.786327	152.184259	0.006737	8.8
970	-0.000000	152.098986	0.000000	9.5
971	-1.007282	152.013840	0.006079	8.6
972	-0.021824	151.928821	0.002164	9.2
973	-0.460606	151.843928	0.005671	8.8
974	-0.977555	151.759163	0.006183	8.8
975	-0.000000	151.674523	0.000000	8.4
976	-0.593418	151.590009	0.006180	9.7
977	-0.547061	151.505620	0.005377	8.4
978	-0.388630	151.421357	0.006226	8.4
979	-0.144571	151.337218	0.002841	9.7
980	-0.622458	151.253204	0.007531	8.3
981	-0.314979	151.169314	0.006482	9.4
982	-0.789440	151.085549	0.008059	8.4
983	-0.897308	151.001907	0.005148	8.9
984	-0.691302	150.918388	0.004931	8.3
985	-1.110614	150.834992	0.009559	9.7
986	-0.497754	150.751719	0.004211	8.3
987	-0.947556	150.668569	0.006286	10.7
988	-0.503619	150.585541	0.005701	9.3
989	-0.000000	150.502634	0.000000	8.5
990	-0.000000	150.419849	0.000000	9.9
991	-0.429803	150.337186	0.005685	8.5
992	-0.751496	150.254644	0.004963	9.7
993	-0.267051	150.172222	0.003885	8.4
994	-0.471668	150.089921	0.004843	9.4
995	-0.013040	150.007740	0.001218	8.7
996	-0.048354	149.925679	0.001344	9.1
997	-0.857067	149.843737	0.008436	8.8
998	-0.295343	149.761915	0.003522	8.9
999	-0.579551	149.680212	0.006191	9.3
1000	-0.714205	149.598627	0.006649	9.1
1001	-0.555825	149.517161	0.005756	9.2
1002	-0.000000	149.435814	0.000000	9.5
1003	-0.000000	149.354584	0.000000	9.7
1004	-0.000000	149.273472	0.000000	7.9
1005	-0.745253	149.192477	0.004823	8.8
1006	-0.000000	149.111599	0.000000	8.5
1007	-0.000912	149.030838	0.000025	9.1
1008	-0.000000	148.950194	0.000000	9.2
1009	-0.144058	148.869666	0.002780	9.0
1010	-0.111937	148.789253	0.002739	9.8
1011	-0.827747	148.708957	0.007381	8.9
1012	-0.282840	148.628776	0.004337	9.4
1013	-0.000320	148.548710	0.000415	8.5
1014	-0.277563	148.468759	0.003174	9.2
1015	-0.000000	148.388923	0.000000	8.1
1016	-0.633167	148.309201	0.005870	8.8
1017	-0.542506	148.229594	0.005079	8.2
1018	-0.000122	148.150100	0.000017	8.9
1019	-0.000000	148.070719	0.000000	8.3
1020	-0.852580	147.991452	0.006171	9.3
1021	-0.000000	147.912298	0.000000	8.9
1022	-0.957008	147.833257	0.006854	9.0
1023	-0.062069	147.754329	0.002504	9.3
1024	-0.000000	147.675512	0.000000	8.6
1025	-0.840023	147.596808	0.005884	9.2
1026	-0.000000	147.518216	0.000000	7.9
1027	-0.000770	147.439735	0.000187	9.8
1028	-0.703878	147.361365	0.007403	8.7
1029	-0.000000	147.283106	0.000000	8.8
1030	-0.000000	147.204958	0.000000	8.4
1031	-0.875655	147.126920	0.004687	9.2
1032	-0.484633	147.048993	0.003295	8.6
1033	-0.788373	146.971175	0.006084	9.2
1034	-0.159831	146.893468	0.005752	9.5
1035	-0.624096	146.815869	0.004774	9.0
1036	-0.675088	146.738380	0.006309	9.3
1037	-0.000000	146.661000	0.000000	8.8
1038	-0.861067	146.583729	0.006213	9.3
1039	-0.154438	146.506566	0.003704	8.6
1040	-0.019260	146.429511	0.001721	9.5
1041	-0.713539	146.352565	0.008890	8.4
1042	-0.997603	146.275726	0.007126	9.1
1043	-0.999700	146.198994	0.005913	9.2
1044	-0.973076	146.122370	0.006714	10.8
1045	-0.681577	146.045853	0.003829	9.8
1046	-0.418475	145.969442	0.004425	9.1
1047	-0.690994	145.893139	0.005068	9.7
1048	-0.983676	145.816941	0.007571	8.4
1049	-0.815178	145.740849	0.007207	9.2
1050	-0.440383	145.664863	0.004101	9.2
1051	-0.000000	145.588983	0.000000	8.8
1052	-0.747077	145.513208	0.007424	9.5
1053	-0.530643	145.437538	0.005467	8.3
1054	-0.001994	145.361973	0.000170	9.3
1055	-0.726511	145.286513	0.005501	8.6
1056	-0.343200	145.211157	0.003351	9.8
1057	-0.372779	145.135905	0.005101	8.3
1058	-0.413025	145.060757	0.005916	10.4
1059	-0.511101	144.985712	0.003893	9.4
1060	-0.000000	144.910771	0.000000	8.6
1061	-0.294464	144.835934	0.004809	9.3
1062	-0.689373	144.761199	0.004736	8.2
1063	-0.750203	144.686567	0.005517	9.4
1064	-1.005134	144.612037	0.006143	8.2
1065	-0.000000	144.537610	0.000000	8.8
1066	-0.471447	144.463285	0.005048	8.1
1067	-0.031391	144.389062	0.001873	9.8
1068	-0.769928	144.314940	0.007101	8.3
1069	-0.607987	144.240920	0.005559	9.7
1070	-0.132730	144.167001	0.002908	8.3
1071	-0.006365	144.093182	0.000699	9.0
1072	-0.699833	144.019465	0.006060	9.5
1073	-0.935922	143.945848	0.007768	8.7
1074	-0.259142	143.872331	0.005055	9.4
1075	-0.917151	143.798914	0.005454	8.1
1076	-0.970783	143.725597	0.005692	9.6
1077	-0.704898	143.652380	0.005803	8.9
1078	-0.908911	143.579262	0.007427	9.1
1079	-0.707504	143.506243	0.005513	9.1
1080	-0.767882	143.433323	0.004867	9.1
1081	-0.359349	143.360502	0.004927	8.8
1082	-0.820142	143.287780	0.004887	9.1
1083	-0.695560	143.215155	0.007474	9.6
1084	-0.376107	143.142629	0.004913	8.6
1085	-0.738619	143.070201	0.006727	9.8
1086	-0.708261	142.997870	0.006186	8.5
1087	-0.000000	142.925637	0.000000	8.9
1088	-0.851303	142.853501	0.005732	8.4
1089	-0.390145	142.781462	0.004502	9.5
1090	-0.963850	142.709519	0.005756	8.3
1091	-0.886929	142.637674	0.005200	9.2
1092	-0.423807	142.565924	0.004573	9.4
1093	-0.018812	142.494271	0.001006	8.9
1094	-0.128831	142.422714	0.003760	9.8
1095	-0.896385	142.351252	0.005829	8.6
1096	-0.000000	142.279886	0.000000	9.9
1097	-0.935457	142.208616	0.006300	8.7
1098	-0.000000	142.137440	0.000000	9.0
1099	-0.884060	142.066360	0.009014	8.6
1100	-0.094173	141.995374	0.003724	9.3
1101	-0.156478	141.924483	0.002798	9.1
1102	-0.710619	141.853685	0.006013	8.6
1103	-0.590409	141.782983	0.006014	9.5
1104	-0.727112	141.712373	0.004406	9.0
1105	-0.953526	141.641858	0.004481	9.7
1106	-0.000000	141.571436	0.000000	8.9
1107	-0.212298	141.501108	0.005371	8.7
1108	-0.445868	141.430872	0.006234	8.2
1109	-0.473908	141.360730	0.005462	9.0
1110	-0.000000	141.290680	0.000000	8.2
1111	-0.908468	141.220722	0.006972	8.7
1112	-0.590125	141.150857	0.006193	8.3
1113	-0.000000	141.081084	0.000000	8.8
1114	-0.781409	141.011403	0.005918	8.5
1115	-0.376475	140.941813	0.004492	8.8
1116	-0.565711	140.872315	0.003128	9.2
1117	-0.582183	140.802909	0.005056	9.1
1118	-0.319643	140.733593	0.003673	9.3
1119	-0.000000	140.664369	0.000000	8.7
1120	-0.514430	140.595235	0.006153	9.2
1121	-0.000000	140.526192	0.000000	9.1
1122	-0.370162	140.457239	0.006466	10.4
1123	-0.000000	140.388376	0.000000	10.0
1124	-0.575756	140.319603	0.005532	9.0
1125	-0.003317	140.250920	0.000147	9.8
1126	-0.667401	140.182326	0.005822	9.3
1127	-0.000000	140.113822	0.000000	10.3
1128	-0.363634	140.045407	0.003479	8.6
1129	-0.755663	139.977081	0.005862	9.1
1130	-0.000000	139.908844	0.000000	9.5
1131	-0.000000	139.840696	0.000000	8.7
1132	-0.418005	139.772635	0.005000	9.6
1133	-0.063139	139.704664	0.002976	8.8
1134	-0.342423	139.636780	0.004324	9.4
1135	-0.921760	139.568984	0.007271	8.5
1136	-0.000000	139.501276	0.000000	8.3
1137	-0.526650	139.433655	0.006305	9.0
1138	-0.922245	139.366122	0.008052	9.8
1139	-1.006432	139.298676	0.008782	9.8
1140	-0.632557	139.231317	0.005642	10.4
1141	-0.824723	139.164045	0.003855	9.7
1142	-0.620529	139.096859	0.005126	8.5
1143	-1.044727	139.029760	0.008833	9.3
1144	-0.000000	138.962747	0.000000	8.5
1145	-0.716932	138.895820	0.004867	8.8
1146	-0.000000	138.828978	0.000000	7.8
1147	-0.000000	138.762223	0.000000	9.1
1148	-0.264920	138.695553	0.003295	9.7
1149	-0.005716	138.628969	0.000596	9.3
1150	-0.954237	138.562469	0.007328	10.1
1151	-0.000000	138.496055	0.000000	9.7
1152	-0.709892	138.429725	0.005807	9.7
1153	-0.497990	138.363481	0.005144	8.6
1154	-0.000000	138.297320	0.000000	9.3
1155	-0.000000	138.231244	0.000000	9.2
1156	-0.063486	138.165252	0.003214	8.9
1157	-0.748606	138.099344	0.004948	10.1
1158	-0.005114	138.033520	0.000351	8.7
1159	-0.391075	137.967779	0.003001	10.5
1160	-0.000705	137.902122	0.000148	8.9
1161	-0.000479	137.836548	0.000041	10.3
1162	-0.000000	137.771057	0.000000	9.5
1163	-0.326704	137.705649	0.005478	8.6
1164	-0.904675	137.640324	0.004523	10.2
1165	-0.987064	137.575081	0.006378	9.1
1166	-0.930968	137.509921	0.004810	10.0
1167	-0.038319	137.444842	0.002495	9.1
1168	-0.829630	137.379846	0.007178	9.5
1169	-0.304524	137.314932	0.003858	9.6
1170	-0.768148	137.250100	0.007631	8.8
1171	-0.000000	137.185349	0.000000	9.8
1172	-0.637043	137.120680	0.005206	9.2
1173	-0.758898	137.056092	0.006684	10.7
1174	-0.585721	136.991585	0.004982	10.0
1175	-0.000928	136.927158	0.000120	9.6
1176	-0.000000	136.862813	0.000000	9.6
1177	-0.001277	136.798548	0.000257	8.7
1178	-1.039187	136.734363	0.008474	10.7
1179	-0.000000	136.670259	0.000000	8.7
1180	-1.104295	136.606235	0.006926	9.1
1181	-0.705899	136.542291	0.009217	9.2
1182	-0.457528	136.478426	0.005800	8.7
1183	-0.726547	136.414641	0.005629	9.7
1184	-0.597962	136.350936	0.008625	9.4
1185	-0.515249	136.287310	0.003856	9.5
1186	-0.896827	136.223763	0.005552	8.7
1187	-0.000120	136.160295	0.000108	9.2
1188	-0.361419	136.096905	0.006408	8.6
1189	-0.963517	136.033594	0.006482	9.6
1190	-0.863891	135.970362	0.005052	9.1
1191	-0.700321	135.907208	0.006488	8.5
1192	-0.000023	135.844133	0.000009	9.7
1193	-0.208227	135.781135	0.004634	8.5
1194	-0.014212	135.718215	0.002958	9.6
1195	-0.006572	135.655373	0.000504	8.7
1196	-0.816329	135.592608	0.005759	9.6
1197	-0.004943	135.529921	0.000760	8.7
1198	-0.728800	135.467311	0.008812	9.3
1199	-0.977198	135.404778	0.005511	8.6
1200	-0.535270	135.342322	0.007377	9.2
1201	-0.000000	135.279942	0.000000	8.3
1202	-0.004969	135.217640	0.000119	8.4
1203	-0.599819	135.155413	0.010063	9.3
1204	-0.000002	135.093263	0.000000	8.6
1205	-0.309946	135.031190	0.003752	9.6
1206	-0.258027	134.969192	0.006776	8.5
1207	-0.029299	134.907270	0.001224	9.7
1208	-0.699600	134.845424	0.005464	8.8
1209	-0.011598	134.783653	0.000365	9.0
1210	-0.000000	134.721958	0.000000	8.2
1211	-0.000000	134.660338	0.000000	9.1
1212	-0.191411	134.598793	0.002693	9.2
1213	-0.019773	134.537323	0.001110	8.4
1214	-0.862636	134.475927	0.006560	9.1
1215	-0.659512	134.414607	0.006164	8.9
1216	-0.998286	134.353361	0.009429	9.2
1217	-0.860637	134.292189	0.005169	8.5
1218	-1.064600	134.231092	0.006584	10.3
1219	-0.000000	134.170068	0.000000	8.8
1220	-0.001350	134.109119	0.000321	9.1
1221	-0.651990	134.048243	0.006686	8.5
1222	-0.367437	133.987441	0.004563	9.9
1223	-0.000000	133.926713	0.000000	9.5
1224	-0.961589	133.866057	0.007076	8.4
1225	-0.640398	133.805475	0.003718	9.8
1226	-0.000000	133.744966	0.000000	8.5
1227	-0.949531	133.684530	0.005134	9.6
1228	-0.000000	133.624167	0.000000	8.7
1229	-0.913870	133.563877	0.005315	10.1
1230	-0.512512	133.503658	0.007010	9.4
1231	-0.423528	133.443513	0.005931	8.1
1232	-0.000000	133.383439	0.000000	10.1
1233	-0.782997	133.323437	0.006338	8.7
1234	-0.576433	133.263508	0.006508	9.0
1235	-0.001452	133.203650	0.000255	8.5
1236	-1.011088	133.143864	0.006746	9.2
1237	-0.869134	133.084149	0.004568	8.9
1238	-0.000000	133.024506	0.000000	9.1
1239	-0.819522	132.964934	0.006006	8.4
1240	-0.448641	132.905433	0.004853	9.0
1241	-1.083968	132.846003	0.007041	9.3
1242	-0.000000	132.786643	0.000000	8.5
1243	-0.212261	132.727355	0.002659	9.2
1244	-0.751428	132.668137	0.006740	8.6
1245	-0.000000	132.608989	0.000000	8.7
1246	-0.492951	132.549912	0.004914	8.1
1247	-0.881372	132.490904	0.005211	9.5
1248	-0.587332	132.431967	0.004746	8.3
1249	-0.000000	132.373100	0.000000	8.9
1250	-0.826983	132.314302	0.005284	8.1
1251	-0.725597	132.255574	0.006163	9.3
1252	-0.695404	132.196916	0.006175	8.4
1253	-0.000000	132.138326	0.000000	10.8
1254	-0.000000	132.079806	0.000000	9.6
1255	-0.001840	132.021355	0.000202	8.3
1256	-0.908298	131.962973	0.009508	9.4
1257	-0.690231	131.904660	0.005206	8.6
1258	-0.000000	131.846415	0.000000	9.2
1259	-0.180989	131.788239	0.003562	8.8
1260	-0.595847	131.730131	0.007330	9.6
1261	-0.516805	131.672092	0.007258	11.3
1262	-0.000000	131.614121	0.000000	8.1
1263	-0.534917	131.556217	0.005312	9.9
1264	-0.676423	131.498382	0.006420	8.6
1265	-0.509218	131.440614	0.005402	9.6
1266	-0.085568	131.382914	0.001812	8.8
1267	-0.000000	131.325282	0.000000	9.4
1268	-0.000000	131.267717	0.000000	7.8
1269	-0.755842	131.210219	0.005589	9.4
1270	-0.440130	131.152788	0.007210	8.9
1271	-0.000000	131.095424	0.000000	8.6
1272	-0.000000	131.038127	0.000000	9.6
1273	-0.782254	130.980897	0.004639	8.7
1274	-0.886963	130.923733	0.006139	9.4
1275	-0.001793	130.866636	0.000522	8.9
1276	-0.798534	130.809605	0.005530	9.3
1277	-0.075485	130.752641	0.002631	8.4
1278	-0.876273	130.695742	0.005143	9.5
1279	-0.449928	130.638910	0.003001	8.6
1280	-1.015726	130.582143	0.006628	9.4
1281	-0.738868	130.525442	0.004837	9.4
1282	-0.000000	130.468807	0.000000	7.9
1283	-0.954701	130.412237	0.005538	9.7
1284	-0.061800	130.355733	0.002407	8.6
1285	-0.000000	130.299294	0.000000	9.6
1286	-0.574833	130.242920	0.005152	8.4
1287	-0.238350	130.186611	0.002333	10.0
1288	-0.767952	130.130366	0.006822	8.6
1289	-0.017487	130.074187	0.000557	9.1
1290	-0.922307	130.018072	0.005268	9.0
1291	-0.000000	129.962022	0.000000	8.9
1292	-0.550347	129.906036	0.005483	9.2
1293	-0.266266	129.850114	0.005691	9.1
1294	-0.159858	129.794257	0.003528	9.3
1295	-0.926769	129.738463	0.006707	8.6
1296	-0.829171	129.682734	0.008720	9.4
1297	-0.915983	129.627068	0.005611	8.9
1298	-0.812418	129.571466	0.005899	10.2
1299	-0.647189	129.515927	0.004688	9.1
1300	-0.261874	129.460452	0.003509	8.6
1301	-0.000000	129.405040	0.000000	9.3
1302	-0.780908	129.349692	0.005148	8.9
1303	-0.422110	129.294406	0.002677	9.5
1304	-0.000000	129.239183	0.000000	8.7
1305	-0.074444	129.184024	0.002345	9.5
1306	-0.000000	129.128927	0.000000	8.6
1307	-0.488098	129.073892	0.006542	9.1
1308	-0.840435	129.018921	0.006730	8.4
1309	-0.000000	128.964011	0.000000	9.3
1310	-0.908729	128.909164	0.006291	9.2
1311	-0.000760	128.854379	0.000147	8.4
1312	-0.000000	128.799656	0.000000	9.5
1313	-0.652640	128.744995	0.005433	8.6
1314	-0.000000	128.690396	0.000000	9.1
1315	-0.000000	128.635858	0.000000	8.3
1316	-0.699255	128.581382	0.005355	9.5
1317	-0.982991	128.526968	0.005844	8.6
1318	-0.286767	128.472615	0.003143	9.5
1319	-0.456865	128.418323	0.004677	8.5
1320	-0.825831	128.364092	0.005243	10.5
1321	-0.567521	128.309922	0.004533	10.0
1322	-0.876198	128.255814	0.004879	9.8
1323	-0.156120	128.201766	0.004459	9.4
1324	-0.058796	128.147778	0.002419	8.4
1325	-0.023592	128.093852	0.003234	9.1
1326	-0.795112	128.039985	0.004546	8.8
1327	-0.099100	127.986180	0.002251	9.3
1328	-0.912151	127.932434	0.006681	9.3
1329	-0.000000	127.878749	0.000000	8.5
1330	-0.000000	127.825123	0.000000	9.8
1331	-0.000000	127.771558	0.000000	9.2
1332	-0.337985	127.718052	0.004442	10.7
1333	-0.000118	127.664606	0.000252	10.1
1334	-0.475374	127.611220	0.003853	9.9
1335	-0.403396	127.557893	0.003517	9.5
1336	-0.000000	127.504625	0.000000	8.2
1337	-0.039204	127.451417	0.000919	9.5
1338	-0.499718	127.398268	0.004861	8.6
1339	-0.000000	127.345178	0.000000	9.1
1340	-0.190257	127.292147	0.005217	8.5
1341	-1.041251	127.239175	0.010400	9.4
1342	-0.426424	127.186261	0.005893	8.6
1343	-0.020036	127.133407	0.000762	9.8
1344	-0.614948	127.080610	0.006102	9.5
1345	-0.452279	127.027872	0.004154	9.7
1346	-0.869695	126.975193	0.006808	9.2
1347	-0.000000	126.922572	0.000000	8.7
1348	-0.482021	126.870008	0.005486	9.1
1349	-0.717915	126.817503	0.006196	8.3
1350	-0.239791	126.765056	0.004524	9.7
1351	-0.000000	126.712667	0.000000	8.2
1352	-0.000000	126.660335	0.000000	9.2
1353	-0.055642	126.608061	0.002527	9.7
1354	-0.046138	126.555844	0.002723	8.5
1355	-0.588700	126.503685	0.006948	9.8
1356	-0.666045	126.451583	0.004834	9.6
1357	-0.000000	126.399538	0.000000	9.0
1358	-0.000000	126.347550	0.000000	8.4
1359	-0.966243	126.295619	0.005489	9.7
1360	-0.022137	126.243745	0.001079	8.9
1361	-0.576553	126.191928	0.005315	8.7
1362	-0.743161	126.140168	0.006245	9.5
1363	-0.494215	126.088464	0.005842	8.6
1364	-0.546270	126.036817	0.005951	9.8
1365	-0.061426	125.985226	0.001840	8.3
1366	-0.578321	125.933691	0.006738	9.2
1367	-0.000000	125.882212	0.000000	9.4
1368	-0.110537	125.830790	0.005907	9.7
1369	-0.144061	125.779423	0.004984	11.1
1370	-0.515719	125.728113	0.005992	8.5
1371	-0.700461	125.676858	0.005678	9.3
1372	-0.568804	125.625659	0.003410	8.9
1373	-0.457025	125.574515	0.003849	9.9
1374	-0.801142	125.523427	0.005041	8.6
1375	-0.801786	125.472394	0.005638	8.9
1376	-0.167530	125.421417	0.004923	8.9
1377	-0.412303	125.370495	0.005574	8.9
1378	-0.000000	125.319628	0.000000	9.4
1379	-0.606765	125.268815	0.006458	9.1
1380	-0.000000	125.218058	0.000000	9.3
1381	-0.850813	125.167356	0.004281	8.6
1382	-0.885994	125.116708	0.006437	9.8
1383	-0.000000	125.066115	0.000000	8.6
1384	-0.777864	125.015576	0.005448	9.0
1385	-0.000000	124.965092	0.000000	8.4
1386	-0.007205	124.914662	0.001280	9.3
1387	-0.571890	124.864287	0.005712	9.4
1388	-1.013978	124.813965	0.007618	8.4
1389	-0.568373	124.763698	0.004934	9.3
1390	-0.323232	124.713485	0.006392	9.2
1391	-0.992711	124.663325	0.005870	9.3
1392	-0.820139	124.613219	0.005184	8.8
1393	-0.000000	124.563167	0.000000	8.9
1394	-0.506709	124.513168	0.003051	8.6
1395	-0.000000	124.463223	0.000000	9.2
1396	-0.000052	124.413332	0.000018	8.4
1397	-0.000000	124.363493	0.000000	9.4
1398	-0.005357	124.313708	0.000229	9.5
1399	-0.986178	124.263976	0.005903	8.4
1400	-0.000000	124.214297	0.000000	9.6
1401	-0.721262	124.164671	0.004065	9.1
1402	-0.594912	124.115097	0.006248	9.0
1403	-0.525912	124.065577	0.005394	8.9
1404	-0.000000	124.016109	0.000000	8.6
1405	-0.000000	123.966693	0.000000	8.5
1406	-0.638789	123.917330	0.006423	8.7
1407	-0.334388	123.868020	0.003779	8.5
1408	-0.426504	123.818762	0.008984	8.9
1409	-0.000000	123.769556	0.000000	7.8
1410	-0.000000	123.720402	0.000000	9.0
1411	-0.540319	123.671300	0.006592	9.1
1412	-0.429281	123.622250	0.004187	9.5
1413	-0.366282	123.573252	0.003164	9.3
1414	-0.248864	123.524305	0.004347	8.5
1415	-0.619279	123.475411	0.004422	9.5
1416	-0.851854	123.426568	0.006002	8.5
1417	-0.717528	123.377776	0.005174	9.7
1418	-0.000000	123.329036	0.000000	8.7
1419	-0.000000	123.280347	0.000000	9.0
1420	-0.190065	123.231709	0.004265	9.2
1421	-0.981863	123.183122	0.011557	8.4
1422	-0.766962	123.134587	0.005712	9.6
1423	-0.961344	123.086102	0.006081	8.5
1424	-0.335324	123.037669	0.002615	9.1
1425	-0.819885	122.989286	0.004784	9.3
1426	-0.032163	122.940954	0.001110	9.7
1427	-0.681528	122.892672	0.003880	8.3
1428	-0.532565	122.844441	0.005460	8.9
1429	-0.771219	122.796261	0.010487	8.4
1430	-0.898180	122.748130	0.005727	9.2
1431	-0.904871	122.700050	0.006573	8.3
1432	-0.000000	122.652021	0.000000	9.3
1433	-1.021697	122.604041	0.005819	9.3
1434	-0.908969	122.556111	0.004825	8.3
1435	-0.327443	122.508232	0.006281	10.1
1436	-0.000000	122.460402	0.000000	9.0
1437	-0.013817	122.412622	0.000811	9.2
1438	-0.287989	122.364891	0.004973	8.7
1439	-0.483337	122.317210	0.005057	9.1
1440	-0.342531	122.269579	0.004948	8.6
1441	-0.015482	122.221997	0.000567	9.6
1442	-0.617343	122.174465	0.005391	9.0
1443	-0.564695	122.126981	0.005380	8.4
1444	-0.088400	122.079547	0.002474	9.4
1445	-0.000000	122.032162	0.000000	8.4
1446	-0.769946	121.984826	0.005492	9.3
1447	-0.483451	121.937539	0.005007	8.5
1448	-0.889464	121.890301	0.006269	9.7
1449	-0.000000	121.843112	0.000000	8.7
1450	-0.711929	121.795971	0.004643	9.7
1451	-0.000264	121.748879	0.000061	8.5
1452	-0.832363	121.701835	0.005175	8.7
1453	-0.000000	121.654840	0.000000	7.7
1454	-0.526491	121.607893	0.005738	10.7
1455	-0.047498	121.560994	0.001938	9.3
1456	-0.047203	121.514144	0.001620	8.6
1457	-0.630922	121.467342	0.005151	9.3
1458	-0.928007	121.420588	0.005483	8.6
1459	-0.982086	121.373882	0.006797	9.7
1460	-0.955858	121.327223	0.006087	8.5
1461	-1.138821	121.280613	0.008348	9.1
1462	-0.451637	121.234050	0.005921	8.5
1463	-0.815443	121.187535	0.005188	9.1
1464	-0.132282	121.141067	0.004864	9.3
1465	-0.367023	121.094647	0.003262	8.6
1466	-0.000000	121.048274	0.000000	9.4
1467	-0.768197	121.001949	0.008196	8.6
1468	-0.033500	120.955671	0.001331	9.4
1469	-0.826677	120.909440	0.006842	8.6
1470	-0.325142	120.863256	0.002863	9.2
1471	-0.962049	120.817119	0.007063	8.6
1472	-0.568143	120.771029	0.006059	10.0
1473	-0.673451	120.724986	0.004708	9.3
1474	-0.290954	120.678990	0.003071	8.6
1475	-0.824999	120.633040	0.006951	9.8
1476	-0.000000	120.587137	0.000000	8.1
1477	-1.053134	120.541281	0.011916	9.4
1478	-0.867650	120.495471	0.007289	11.4
1479	-0.507571	120.449707	0.005661	9.4
1480	-0.002734	120.403990	0.001060	9.4
1481	-0.520076	120.358319	0.004877	8.3
1482	-0.885051	120.312694	0.006600	9.9
1483	-0.877145	120.267115	0.005809	8.7
1484	-0.019806	120.221582	0.001124	9.4
1485	-0.662050	120.176096	0.007217	8.8
1486	-0.027399	120.130655	0.000502	9.1
1487	-0.000356	120.085260	0.000038	8.5
1488	-0.121040	120.039910	0.004734	9.3
1489	-1.034469	119.994606	0.005102	9.0
1490	-0.000000	119.949348	0.000000	8.8
1491	-0.168379	119.904135	0.006539	9.3
1492	-0.135963	119.858968	0.002836	8.8
1493	-0.826564	119.813846	0.005890	9.6
1494	-0.996704	119.768769	0.006504	9.2
1495	-0.112251	119.723738	0.004154	9.2
1496	-0.896040	119.678752	0.005897	8.7
1497	-0.024539	119.633810	0.003123	9.0
1498	-0.039179	119.588914	0.001536	8.7
1499	-0.671976	119.544062	0.005465	9.2
1500	-0.072020	119.499256	0.003045	9.3
1501	-0.929546	119.454494	0.007221	8.5
1502	-0.087874	119.409777	0.005388	9.2
1503	-1.039309	119.365104	0.006548	8.4
1504	-0.048529	119.320476	0.002450	10.0
1505	-0.837529	119.275893	0.005382	8.8
1506	-0.274691	119.231353	0.005427	8.9
1507	-0.970033	119.186859	0.006867	9.8
1508	-0.000000	119.142408	0.000000	9.3
1509	-0.152367	119.098002	0.003550	9.3
1510	-0.000000	119.053639	0.000000	8.5
1511	-0.482204	119.009321	0.005370	9.6
1512	-0.006475	118.965047	0.000190	8.5
1513	-0.000068	118.920816	0.000032	9.5
1514	-0.575433	118.876630	0.005129	8.7
1515	-0.000000	118.832487	0.000000	9.5
1516	-0.000000	118.788388	0.000000	8.4
1517	-0.644839	118.744332	0.007430	9.2
1518	-0.002126	118.700320	0.000999	8.7
1519	-1.053958	118.656352	0.007475	8.7
1520	-0.766861	118.612427	0.006953	9.2
1521	-0.415334	118.568545	0.005402	8.2
1522	-0.138691	118.524706	0.003554	9.6
1523	-0.600627	118.480911	0.005228	8.4
1524	-0.252905	118.437159	0.005048	9.2
1525	-0.524835	118.393450	0.007884	8.6
1526	-0.000000	118.349784	0.000000	9.5
1527	-0.746080	118.306160	0.005596	8.6
1528	-0.578663	118.262580	0.005597	10.1
1529	-0.026759	118.219042	0.000810	8.8
1530	-0.000000	118.175548	0.000000	8.8
1531	-0.000000	118.132095	0.000000	9.3
1532	-0.609233	118.088686	0.005040	8.7
1533	-0.000000	118.045319	0.000000	9.3
1534	-0.826657	118.001994	0.006759	8.7
1535	-0.900387	117.958712	0.006973	9.3
1536	-0.754481	117.915472	0.005626	8.4
1537	-1.069970	117.872274	0.009451	9.5
1538	-0.000000	117.829118	0.000000	8.2
1539	-0.185422	117.786005	0.002678	10.0
1540	-0.893597	117.742933	0.004778	9.1
1541	-0.541996	117.699904	0.004109	9.3
1542	-0.861616	117.656916	0.005708	9.3
1543	-0.359448	117.613971	0.005529	8.6
1544	-0.308637	117.571067	0.002684	9.5
1545	-0.861283	117.528205	0.005677	8.6
1546	-0.000000	117.485384	0.000000	9.3
1547	-0.019202	117.442605	0.002968	8.8
1548	-0.652025	117.399867	0.004951	9.1
1549	-0.515834	117.357171	0.006698	9.2
1550	-0.234007	117.314517	0.003699	10.0
1551	-0.000000	117.271903	0.000000	9.4
1552	-0.000003	117.229331	0.000004	8.7
1553	-0.000000	117.186800	0.000000	9.7
1554	-0.995476	117.144311	0.005725	8.4
1555	-0.935987	117.101862	0.005526	9.1
1556	-0.526677	117.059454	0.005417	8.8
1557	-0.524669	117.017087	0.005200	9.1
1558	-0.999388	116.974762	0.005534	8.6
1559	-0.000000	116.932476	0.000000	8.9
1560	-0.000000	116.890232	0.000000	9.0
1561	-1.000415	116.848028	0.007349	8.6
1562	-0.000000	116.805865	0.000000	9.6
1563	-0.646604	116.763743	0.006393	8.8
1564	-0.426045	116.721661	0.007945	10.0
1565	-0.575435	116.679619	0.005593	8.6
1566	-0.169745	116.637618	0.002455	8.9
1567	-0.902006	116.595657	0.006031	8.7
1568	-0.708263	116.553736	0.004405	9.1
1569	-0.794845	116.511855	0.006521	9.1
1570	-0.426810	116.470015	0.003772	8.8
1571	-0.000000	116.428214	0.000000	9.4
1572	-0.432367	116.386454	0.005225	8.2
1573	-0.001219	116.344733	0.000227	9.7
1574	-0.886117	116.303052	0.004874	8.9
1575	-0.000000	116.261412	0.000000	10.0
1576	-0.810630	116.219810	0.005863	8.6
1577	-0.261178	116.178249	0.004610	9.5
1578	-0.000000	116.136727	0.000000	7.8
1579	-0.000000	116.095245	0.000000	9.3
1580	-0.990245	116.053802	0.006240	9.6
1581	-0.296043	116.012398	0.004282	8.6
1582	-0.000000	115.971034	0.000000	9.5
1583	-0.455827	115.929710	0.004928	8.4
1584	-0.921787	115.888424	0.004933	9.3
1585	-0.083476	115.847178	0.002013	8.9
1586	-0.733889	115.805970	0.005584	8.8
1587	-0.096432	115.764802	0.002612	11.6
1588	-0.643189	115.723673	0.004947	8.6
1589	-0.961879	115.682583	0.003915	9.7
1590	-0.000000	115.641532	0.000000	8.2
1591	-0.982180	115.600519	0.007575	9.5
1592	-0.024612	115.559546	0.001079	8.9
1593	-0.706714	115.518610	0.003875	9.4
1594	-0.813344	115.477714	0.007507	8.4
1595	-0.452204	115.436856	0.004320	9.6
1596	-1.017787	115.396037	0.005020	9.0
1597	-0.019317	115.355256	0.000827	8.8
1598	-0.000000	115.314514	0.000000	9.3
1599	-0.248712	115.273810	0.004043	8.5
1600	-0.000000	115.233144	0.000000	9.2
1601	-0.856935	115.192517	0.005520	8.4
1602	-0.000743	115.151927	0.000605	9.7
1603	-0.000000	115.111376	0.000000	8.5
1604	-0.186710	115.070863	0.003239	9.0
1605	-0.000000	115.030388	0.000000	8.7
1606	-0.487754	114.989951	0.005759	9.1
1607	-0.726744	114.949551	0.005468	8.4
1608	-0.836690	114.909190	0.005160	9.8
1609	-0.605701	114.868866	0.005760	9.6
1610	-0.929389	114.828580	0.007157	8.6
1611	-0.566032	114.788332	0.006130	9.5
1612	-0.916465	114.748121	0.004938	8.5
1613	-0.000000	114.707948	0.000000	9.6
1614	-0.833134	114.667812	0.006025	8.2
1615	-1.080767	114.627714	0.007669	9.4
1616	-0.459839	114.587653	0.005306	8.6
1617	-0.325545	114.547629	0.004620	9.2
1618	-0.817638	114.507643	0.006958	9.3
1619	-0.690555	114.467693	0.004770	9.0
1620	-0.976729	114.427781	0.005593	9.4
1621	-0.290246	114.387907	0.002825	8.5
1622	-0.833463	114.348069	0.005344	9.2
1623	-0.979794	114.308268	0.006545	8.5
1624	-0.545924	114.268504	0.006120	9.3
1625	-0.744249	114.228777	0.004647	8.1
1626	-0.691232	114.189086	0.007367	9.3
1627	-0.869334	114.149433	0.006072	8.2
1628	-0.679583	114.109816	0.006587	9.0
1629	-0.078412	114.070235	0.003104	8.3
1630	-0.329783	114.030692	0.004636	8.7
1631	-0.510010	113.991185	0.004706	9.5
1632	-0.794428	113.951714	0.005381	9.2
1633	-0.203649	113.912280	0.002610	9.4
1634	-0.808447	113.872882	0.005987	8.4
1635	-0.000011	113.833521	0.000005	9.3
1636	-0.763058	113.794195	0.005712	8.6
1637	-1.002747	113.754906	0.006246	9.0
1638	-0.509118	113.715653	0.006122	8.4
1639	-0.000000	113.676437	0.000000	9.6
1640	-0.007783	113.637256	0.000058	8.8
1641	-0.798626	113.598111	0.005496	8.6
1642	-0.737978	113.559002	0.004662	8.8
1643	-0.619813	113.519929	0.007850	9.3
1644	-0.000000	113.480892	0.000000	9.4
1645	-0.923513	113.441891	0.005612	8.6
1646	-0.747152	113.402925	0.004414	9.2
1647	-0.002452	113.363995	0.000218	8.5
1648	-0.000255	113.325101	0.000099	10.0
1649	-0.126383	113.286242	0.004423	8.5
1650	-0.000000	113.247419	0.000000	9.3
1651	-0.001083	113.208631	0.000072	9.3
1652	-0.335511	113.169879	0.004172	9.0
1653	-0.000000	113.131162	0.000000	9.2
1654	-0.003082	113.092480	0.000378	9.0
1655	-0.610120	113.053833	0.005111	9.4
1656	-0.588122	113.015222	0.006450	9.0
1657	-0.004875	112.976646	0.000487	9.1
1658	-0.671263	112.938105	0.004921	8.5
1659	-0.003265	112.899599	0.001947	9.6
1660	-0.497374	112.861128	0.004249	9.0
1661	-0.995877	112.822692	0.006160	8.6
1662	-0.768227	112.784291	0.006694	9.5
1663	-0.001600	112.745924	0.000282	8.7
1664	-0.887859	112.707593	0.005945	9.7
1665	-0.400968	112.669296	0.002887	9.0
1666	-0.722843	112.631034	0.007880	9.3
1667	-0.993402	112.592806	0.006416	8.6
1668	-0.000000	112.554613	0.000000	9.4
1669	-0.000035	112.516455	0.000017	8.8
1670	-0.266892	112.478331	0.001960	8.9
1671	-1.000146	112.440241	0.005118	9.3
1672	-0.498714	112.402186	0.005111	10.4
1673	-0.085901	112.364165	0.002368	9.2
1674	-0.562062	112.326179	0.005004	8.5
1675	-0.580996	112.288227	0.003179	9.4
1676	-0.502434	112.250309	0.005546	8.5
1677	-0.487507	112.212425	0.006899	9.9
1678	-0.461287	112.174575	0.006064	9.2
1679	-0.171616	112.136759	0.004815	8.8
1680	-0.000000	112.098977	0.000000	9.2
1681	-0.835032	112.061229	0.004245	8.4
1682	-0.000000	112.023515	0.000000	9.2
1683	-1.032394	111.985834	0.005927	9.2
1684	-0.875696	111.948188	0.007251	10.2
1685	-0.024149	111.910575	0.001120	8.6
1686	-0.683350	111.872996	0.005211	9.2
1687	-0.824762	111.835450	0.004881	9.1
1688	-0.336244	111.797939	0.002563	9.5
1689	-0.867978	111.760460	0.004989	9.7
1690	-0.688996	111.723015	0.005674	8.6
1691	-0.172462	111.685604	0.001571	9.2
1692	-0.902819	111.648226	0.004835	9.2
1693	-0.252817	111.610881	0.004047	9.0
1694	-0.513471	111.573570	0.005329	8.4
1695	-0.918932	111.536292	0.007490	10.9
1696	-0.803508	111.499047	0.005376	9.9
1697	-0.000000	111.461835	0.000000	8.5
1698	-0.000000	111.424656	0.000000	9.5
1699	-0.008478	111.387510	0.000686	8.7
1700	-0.672205	111.350398	0.007321	9.5
1701	-0.182862	111.313318	0.003042	8.7
1702	-0.009668	111.276271	0.000561	9.2
1703	-0.826261	111.239257	0.004109	9.0
1704	-0.712684	111.202276	0.006379	8.7
1705	-0.660417	111.165328	0.003484	10.1
1706	-0.705141	111.128412	0.005773	8.5
1707	-0.882779	111.091529	0.004816	9.4
1708	-0.000001	111.054679	0.000001	8.4
1709	-0.903838	111.017861	0.005135	9.2
1710	-0.693053	110.981076	0.006305	8.6
1711	-0.957676	110.944323	0.004062	9.1
1712	-0.887783	110.907603	0.004670	8.7
1713	-0.406973	110.870915	0.004307	10.0
1714	-0.000000	110.834259	0.000000	9.0
1715	-0.328526	110.797636	0.004168	8.7
1716	-0.843901	110.761045	0.005658	9.6
1717	-0.000000	110.724486	0.000000	8.5
1718	-0.966066	110.687959	0.005794	9.7
1719	-0.634384	110.651465	0.006024	8.7
1720	-0.000000	110.615002	0.000000	8.9
1721	-0.509672	110.578572	0.003147	8.6
1722	-0.667672	110.542173	0.004200	9.3
1723	-0.360543	110.505807	0.004967	8.8
1724	-0.995140	110.469472	0.006160	9.9
1725	-0.000000	110.433169	0.000000	9.4
1726	-0.745418	110.396898	0.006214	8.4
1727	-0.987221	110.360659	0.004957	9.7
1728	-0.328652	110.324451	0.005197	8.4
1729	-0.765605	110.288276	0.005269	9.4
1730	-0.924633	110.252131	0.004639	8.4
1731	-0.029213	110.216019	0.002031	9.2
1732	-0.874129	110.179937	0.007104	8.4
1733	-0.711803	110.143888	0.005006	9.3
1734	-0.000000	110.107869	0.000000	8.2
1735	-0.000000	110.071882	0.000000	9.3
1736	-0.406049	110.035927	0.005724	9.4
1737	-0.841436	110.000003	0.005439	9.1
1738	-0.000000	109.964110	0.000000	9.0
1739	-0.498075	109.928248	0.005451	8.5
1740	-0.000000	109.892417	0.000000	9.3
1741	-0.000000	109.856618	0.000000	8.4
1742	-0.562108	109.820850	0.005573	9.4
1743	-0.171475	109.785112	0.004018	8.3
1744	-0.017768	109.749406	0.003385	9.7
1745	-0.066510	109.713730	0.003618	8.8
1746	-0.000673	109.678086	0.000661	8.7
1747	-0.229539	109.642472	0.004344	9.5
1748	-0.052476	109.606890	0.001626	9.4
1749	-0.089051	109.571337	0.002233	9.2
1750	-0.324441	109.535816	0.005849	8.8
1751	-0.477412	109.500326	0.004844	9.5
1752	-0.412757	109.464866	0.005699	8.4
1753	-0.940776	109.429436	0.006174	9.3
1754	-0.677624	109.394038	0.005464	8.5
1755	-0.000000	109.358669	0.000000	9.4
1756	-0.000000	109.323331	0.000000	9.4
1757	-0.000000	109.288024	0.000000	8.6
1758	-0.177513	109.252747	0.003062	9.4
1759	-0.776165	109.217501	0.006942	8.7
1760	-0.062993	109.182284	0.000434	9.4
1761	-0.023423	109.147098	0.001939	9.3
1762	-0.328211	109.111942	0.004530	9.2
1763	-0.001208	109.076817	0.000024	8.4
1764	-0.604684	109.041721	0.004946	9.6
1765	-0.160293	109.006656	0.005009	9.4
1766	-0.651771	108.971620	0.004374	8.5
1767	-0.546843	108.936615	0.005870	9.5
1768	-0.342088	108.901640	0.005007	8.5
1769	-0.193120	108.866694	0.003261	10.4
1770	-0.027471	108.831779	0.003066	8.7
1771	-0.765466	108.796893	0.004439	10.0
1772	-0.241885	108.762037	0.003589	9.0
1773	-0.486655	108.727211	0.005069	8.5
1774	-0.362104	108.692415	0.002813	9.1
1775	-0.542428	108.657648	0.004882	9.1
1776	-0.838473	108.622911	0.003843	9.5
1777	-0.000000	108.588203	0.000000	8.5
1778	-0.666585	108.553525	0.005719	9.0
1779	-0.866756	108.518877	0.005246	8.9
1780	-0.096750	108.484258	0.002343	9.8
1781	-0.033561	108.449668	0.000735	8.3
1782	-0.788837	108.415108	0.006636	9.1
1783	-0.006968	108.380578	0.000634	9.8
1784	-0.000000	108.346076	0.000000	9.6
1785	-0.000000	108.311604	0.000000	9.5
1786	-0.084356	108.277161	0.002954	9.1
1787	-0.000000	108.242747	0.000000	9.1
1788	-0.904685	108.208363	0.004583	8.5
1789	-0.928531	108.174007	0.006101	9.3
1790	-0.009669	108.139681	0.000084	8.7
1791	-0.000000	108.105383	0.000000	8.9
1792	-0.933360	108.071115	0.005126	9.7
1793	-0.827744	108.036875	0.005728	8.7
1794	-0.118647	108.002665	0.004474	9.6
1795	-0.868112	107.968483	0.005294	9.4
1796	-0.899386	107.934330	0.009460	9.4
1797	-0.643561	107.900206	0.004417	8.5
1798	-0.000000	107.866111	0.000000	9.2
1799	-0.700708	107.832044	0.006233	8.5
1800	-0.696042	107.798007	0.006609	9.1
1801	-0.918257	107.763997	0.004222	9.4
1802	-0.970655	107.730017	0.008473	8.3
1803	-0.000000	107.696065	0.000000	9.3
1804	-0.986866	107.662141	0.005757	10.1
1805	-0.680909	107.628246	0.005769	10.1
1806	-0.802131	107.594379	0.005453	8.0
1807	-0.764639	107.560541	0.006143	9.3
1808	-1.119876	107.526731	0.007832	9.3
1809	-0.000000	107.492949	0.000000	8.7
1810	-0.002035	107.459196	0.000395	9.7
1811	-0.981244	107.425471	0.006319	8.6
1812	-0.537404	107.391774	0.005420	9.2
1813	-0.423927	107.358106	0.003265	8.2
1814	-0.957341	107.324465	0.007988	9.3
1815	-0.541539	107.290853	0.005439	8.5
1816	-0.209293	107.257268	0.003661	8.9
1817	-0.446164	107.223712	0.006604	9.2
1818	-0.602236	107.190184	0.006498	10.3
1819	-0.721782	107.156683	0.005217	9.3
1820	-0.058575	107.123211	0.002653	8.4
1821	-0.000000	107.089766	0.000000	9.6
1822	-0.766439	107.056349	0.004754	8.6
1823	-0.000000	107.022960	0.000000	9.4
1824	-0.000000	106.989599	0.000000	8.3
1825	-0.377232	106.956265	0.004462	9.2
1826	-0.856687	106.922960	0.004511	8.6
1827	-0.424565	106.889681	0.004633	9.3
1828	-0.932194	106.856431	0.007234	9.4
1829	-0.607981	106.823208	0.003155	10.7
1830	-0.849093	106.790012	0.005138	9.0
1831	-0.825739	106.756844	0.005851	8.9
1832	-0.415398	106.723703	0.004406	9.3
1833	-0.851655	106.690590	0.005712	8.4
1834	-0.168884	106.657505	0.006127	9.0
1835	-0.205529	106.624446	0.004356	8.4
1836	-0.687185	106.591415	0.007307	9.2
1837	-0.573083	106.558411	0.003613	8.2
1838	-0.627006	106.525435	0.004838	9.4
1839	-0.462208	106.492485	0.007259	9.5
1840	-0.547446	106.459563	0.005120	8.1
1841	-0.887006	106.426668	0.005481	9.6
1842	-0.872346	106.393800	0.007391	8.3
1843	-0.473883	106.360959	0.003240	9.0
1844	-0.912927	106.328145	0.005178	9.2
1845	-0.573114	106.295358	0.005558	9.0
1846	-1.045850	106.262598	0.007001	8.6
1847	-0.512700	106.229865	0.005713	9.8
1848	-0.000000	106.197158	0.000000	9.3
1849	-0.992249	106.164479	0.006700	8.6
1850	-0.030068	106.131826	0.001373	9.9
1851	-0.000000	106.099201	0.000000	8.1
1852	-0.000001	106.066602	0.000001	9.4
1853	-0.000000	106.034029	0.000000	9.2
1854	-1.006430	106.001483	0.005600	9.3
1855	-0.544839	105.968964	0.008555	8.3
1856	-0.795176	105.936472	0.006689	9.4
1857	-0.000000	105.904006	0.000000	9.0
1858	-0.000000	105.871566	0.000000	8.5
1859	-0.464834	105.839153	0.006609	9.3
1860	-0.000000	105.806767	0.000000	8.4
1861	-0.434804	105.774407	0.004222	9.5
1862	-0.034030	105.742073	0.001039	8.0
1863	-0.000000	105.709766	0.000000	9.6
1864	-0.307141	105.677485	0.004200	9.0
1865	-0.936079	105.645230	0.005248	9.8
1866	-0.822594	105.613001	0.005012	8.5
1867	-0.877183	105.580799	0.005586	9.8
1868	-0.698028	105.548623	0.005406	9.0
1869	-0.819794	105.516473	0.005907	8.4
1870	-0.617455	105.484349	0.005668	9.5
1871	-0.578644	105.452251	0.005048	8.5
1872	-0.927990	105.420179	0.005645	9.4
1873	-1.017261	105.388133	0.004513	8.9
1874	-0.000000	105.356113	0.000000	8.6
1875	-0.044806	105.324119	0.001149	9.0
1876	-1.017783	105.292151	0.009225	9.1
1877	-0.612302	105.260209	0.005600	8.6
1878	-0.437488	105.228293	0.005460	9.3
1879	-0.000000	105.196402	0.000000	8.9
1880	-0.839606	105.164537	0.004676	8.7
1881	-0.159701	105.132698	0.002742	9.5
1882	-0.670971	105.100885	0.006325	8.3
1883	-0.937947	105.069097	0.004542	9.4
1884	-0.005715	105.037335	0.000659	8.6
1885	-0.690436	105.005598	0.005983	9.2
1886	-0.768497	104.973887	0.005873	8.6
1887	-0.176384	104.942202	0.005603	9.8
1888	-0.002348	104.910542	0.000024	8.5
1889	-0.256609	104.878907	0.004065	9.4
1890	-0.290276	104.847298	0.004402	9.3
1891	-0.004577	104.815715	0.002793	8.8
1892	-0.967594	104.784156	0.006408	9.6
1893	-0.511478	104.752623	0.004821	8.3
1894	-0.669679	104.721116	0.007205	9.4
1895	-0.000000	104.689633	0.000000	8.2
1896	-0.999573	104.658176	0.007420	9.3
1897	-0.711896	104.626744	0.005849	8.6
1898	-0.140935	104.595337	0.001732	9.4
1899	-0.913094	104.563955	0.004251	8.4
1900	-0.356480	104.532599	0.007264	9.4
1901	-0.000000	104.501267	0.000000	9.1
1902	-0.595326	104.469960	0.007933	8.7
1903	-0.534347	104.438679	0.003727	9.3
1904	-0.811462	104.407422	0.005089	8.5
1905	-0.768755	104.376191	0.004768	9.3
1906	-0.129719	104.344984	0.004225	8.9
1907	-1.049592	104.313802	0.005826	9.1
1908	-0.558556	104.282645	0.003292	8.5
1909	-0.970780	104.251513	0.007177	9.0
1910	-0.000000	104.220405	0.000000	8.5
1911	-0.000014	104.189323	0.000033	10.0
1912	-0.648994	104.158265	0.005353	9.1
1913	-0.000000	104.127231	0.000000	9.3
1914	-0.039520	104.096222	0.003949	10.3
1915	-0.769152	104.065238	0.003672	8.4
1916	-0.201903	104.034279	0.004291	9.9
1917	-0.012520	104.003344	0.001059	8.6
1918	-0.000000	103.972433	0.000000	9.3
1919	-0.937370	103.941547	0.006153	9.0
1920	-0.746485	103.910686	0.006846	8.7
1921	-0.289068	103.879849	0.004535	9.4
1922	-0.136201	103.849036	0.008411	9.7
1923	-0.552936	103.818248	0.005681	9.4
1924	-0.480712	103.787484	0.003487	8.7
1925	-0.000000	103.756744	0.000000	8.8
1926	-0.073758	103.726029	0.002842	8.3
1927	-0.938235	103.695338	0.006635	8.9
1928	-0.000000	103.664671	0.000000	8.6
1929	-0.243557	103.634028	0.004100	9.2
1930	-0.000000	103.603409	0.000000	9.5
1931	-0.825649	103.572814	0.007686	9.0
1932	-0.698226	103.542244	0.005726	9.7
1933	-0.547512	103.511698	0.002909	8.6
1934	-0.909626	103.481175	0.005334	8.9
1935	-1.025532	103.450677	0.005842	8.5
1936	-0.401642	103.420202	0.003295	9.5
1937	-0.000000	103.389752	0.000000	8.3
1938	-0.000000	103.359325	0.000000	8.6
1939	-0.648047	103.328922	0.006525	8.7
1940	-0.000000	103.298543	0.000000	9.1
1941	-0.885107	103.268188	0.007306	8.5
1942	-0.737957	103.237857	0.006920	9.1
1943	-0.706381	103.207549	0.007210	9.2
1944	-0.000000	103.177265	0.000000	8.3
1945	-0.627328	103.147005	0.005075	10.2
1946	-0.000000	103.116768	0.000000	8.6
1947	-0.000000	103.086556	0.000000	9.2
1948	-0.097575	103.056366	0.006181	8.7
1949	-0.494965	103.026200	0.004245	9.1
1950	-0.655308	102.996058	0.004389	8.5
1951	-0.797410	102.965939	0.007014	9.2
1952	-0.780657	102.935844	0.004885	8.8
1953	-0.967802	102.905772	0.005415	8.6
1954	-0.667999	102.875724	0.004793	9.4
1955	-1.078708	102.845699	0.008200	8.3
1956	-0.000151	102.815697	0.000075	9.3
1957	-0.706193	102.785719	0.005559	9.0
1958	-0.000000	102.755764	0.000000	9.0
1959	-0.312593	102.725832	0.004387	8.7
1960	-0.873207	102.695924	0.008426	9.5
1961	-0.000000	102.666038	0.000000	8.1
1962	-0.762388	102.636176	0.005759	9.2
1963	-0.961515	102.606337	0.005143	8.6
1964	-0.796519	102.576521	0.004968	8.9
1965	-0.000000	102.546728	0.000000	9.4
1966	-0.856305	102.516959	0.004227	8.7
1967	-0.077150	102.487212	0.003138	9.7
1968	-0.000000	102.457488	0.000000	8.6
1969	-0.000000	102.427788	0.000000	9.1
1970	-0.000000	102.398110	0.000000	8.5
1971	-0.637290	102.368455	0.005400	9.4
1972	-0.776572	102.338823	0.007742	8.1
1973	-0.512495	102.309214	0.005785	9.2
1974	-0.766378	102.279628	0.006869	8.6
1975	-0.181732	102.250064	0.002605	9.1
1976	-0.642024	102.220524	0.006325	8.8
1977	-0.229228	102.191006	0.003855	9.2
1978	-0.521525	102.161511	0.004859	9.6
1979	-0.111763	102.132038	0.002505	9.0
1980	-0.923683	102.102588	0.008707	10.0
1981	-0.940275	102.073161	0.007206	8.5
1982	-1.010929	102.043757	0.006227	9.8
1983	-0.778353	102.014375	0.003442	8.3
1984	-0.000000	101.985015	0.000000	9.3
1985	-0.000000	101.955678	0.000000	9.6
1986	-0.048875	101.926364	0.002173	8.6
1987	-0.000000	101.897072	0.000000	9.2
1988	-0.634509	101.867802	0.004166	8.3
1989	-0.167278	101.838555	0.004081	10.0
1990	-0.276478	101.809330	0.005020	8.6
1991	-0.627271	101.780128	0.004702	9.1
1992	-0.772833	101.750948	0.006620	8.1
1993	-0.978055	101.721790	0.005261	9.8
1994	-0.892624	101.692654	0.005318	9.3
1995	-0.127746	101.663541	0.003508	8.9
1996	-0.046078	101.634450	0.002509	9.5
1997	-0.340443	101.605381	0.004143	8.4
1998	-0.048170	101.576335	0.001604	9.3
1999	-0.247631	101.547310	0.002746	9.0
