1:ItNr	2:Metric	3:StepSize	4:||Gradient||	Time[ms]
0	-0.118387	627.201626	0.001821	921.2
1	-0.737511	623.504937	0.020963	4.7
2	-0.000000	619.865785	0.000000	4.5
3	-0.508584	616.282728	0.019714	5.3
4	-0.000000	612.754375	0.000000	4.6
5	-0.015321	609.279381	0.001954	4.8
6	-0.946077	605.856447	0.012053	5.0
7	-0.810897	602.484317	0.019039	5.7
8	-0.276580	599.161779	0.001508	4.8
9	-0.000000	595.887656	0.000000	4.9
10	-0.595243	592.660813	0.010227	5.6
11	-0.003647	589.480151	0.001068	4.9
12	-0.841523	586.344606	0.011409	5.0
13	-0.645521	583.253145	0.012835	5.7
14	-0.596603	580.204771	0.006220	5.2
15	-0.000000	577.198517	0.000000	5.3
16	-0.787225	574.233444	0.015326	6.2
17	-0.542723	571.308645	0.020012	5.7
18	-0.000013	568.423237	0.000005	5.2
19	-0.756905	565.576365	0.031101	5.2
20	-0.030943	562.767201	0.002415	5.0
21	-0.005767	559.994938	0.000328	5.4
22	-1.109662	557.258797	0.043259	5.7
23	-1.062502	554.558018	0.005828	5.3
24	-0.777262	551.891865	0.006499	5.5
25	-0.838191	549.259621	0.011193	5.4
26	-0.495314	546.660592	0.007975	5.1
27	-0.821980	544.094102	0.005300	5.4
28	-0.044609	541.559494	0.001440	5.7
29	-0.001290	539.056129	0.000273	5.2
30	-1.194238	536.583387	0.008334	5.3
31	-0.534030	534.140663	0.021281	6.1
32	-0.262947	531.727370	0.002969	5.0
33	-1.077376	529.342935	0.028810	5.6
34	-1.091854	526.986802	0.016315	5.6
35	-1.105145	524.658430	0.016676	5.3
36	-0.497783	522.357290	0.015331	5.5
37	-0.402032	520.082868	0.012945	6.4
38	-0.678779	517.834665	0.013276	5.4
39	-0.000000	515.612193	0.000000	5.9
40	-0.972663	513.414976	0.022899	5.6
41	-0.721433	511.242551	0.008619	5.4
42	-0.925761	509.094468	0.025922	6.4
43	-0.866368	506.970285	0.030076	5.6
44	-0.107501	504.869574	0.005061	5.5
45	-0.928508	502.791916	0.007349	6.5
46	-0.056231	500.736903	0.003037	5.5
47	-0.892608	498.704137	0.013619	5.6
48	-0.532608	496.693228	0.013369	6.3
49	-0.661864	494.703798	0.004285	5.3
50	-0.000000	492.735476	0.000000	5.7
51	-0.644678	490.787900	0.014681	7.0
52	-0.962132	488.860718	0.017045	6.5
53	-1.073006	486.953585	0.026811	7.0
54	-0.564932	485.066164	0.009903	7.4
55	-0.673152	483.198126	0.008583	8.3
56	-0.892707	481.349149	0.013820	8.9
57	-0.650663	479.518920	0.007807	8.0
58	-0.379736	477.707132	0.005445	6.5
59	-0.810705	475.913485	0.008489	7.0
60	-0.000213	474.137684	0.000076	7.2
61	-1.144953	472.379445	0.013817	7.3
62	-0.000000	470.638485	0.000000	8.2
63	-1.012272	468.914531	0.017789	9.6
64	-1.267302	467.207315	0.026143	8.5
65	-0.683708	465.516573	0.011731	8.8
66	-0.000000	463.842050	0.000000	7.2
67	-0.439212	462.183494	0.004232	6.1
68	-1.015581	460.540658	0.029601	7.2
69	-0.000007	458.913303	0.000003	7.2
70	-1.068200	457.301192	0.031260	7.3
71	-0.746844	455.704096	0.016254	6.3
72	-0.976075	454.121787	0.006889	6.2
73	-0.000067	452.554045	0.000030	8.1
74	-0.000000	451.000653	0.000000	7.2
75	-0.906106	449.461399	0.020494	8.1
76	-0.000000	447.936075	0.000000	6.5
77	-0.437916	446.424477	0.006066	7.7
78	-0.000000	444.926406	0.000000	5.8
79	-0.293260	443.441666	0.003562	7.1
80	-0.882365	441.970065	0.007478	6.1
81	-0.211429	440.511415	0.009229	7.1
82	-0.849803	439.065533	0.008152	7.5
83	-0.000000	437.632238	0.000000	7.3
84	-0.727461	436.211351	0.006697	8.7
85	-0.301206	434.802701	0.004594	6.9
86	-0.354866	433.406117	0.005528	8.1
87	-0.450367	432.021430	0.013588	5.9
88	-0.744396	430.648479	0.006966	7.4
89	-0.000000	429.287101	0.000000	7.0
90	-0.690448	427.937140	0.017514	6.8
91	-1.077653	426.598440	0.012732	7.4
92	-0.902341	425.270849	0.009630	7.0
93	-1.198166	423.954220	0.022627	8.3
94	-0.721354	422.648404	0.009683	7.5
95	-0.861309	421.353259	0.009727	9.7
96	-0.656638	420.068643	0.004788	6.5
97	-0.562138	418.794419	0.009624	7.3
98	-0.098978	417.530451	0.001836	6.2
99	-0.000000	416.276604	0.000000	6.0
100	-1.135210	415.032748	0.019182	6.9
101	-0.859330	413.798754	0.007960	6.0
102	-0.620349	412.574495	0.005444	7.0
103	-1.114932	411.359849	0.019449	5.9
104	-0.755892	410.154691	0.011572	6.0
105	-1.039073	408.958904	0.019535	6.8
106	-0.502485	407.772368	0.013926	6.1
107	-0.657422	406.594968	0.039669	7.1
108	-0.332632	405.426590	0.008381	6.5
109	-1.141355	404.267122	0.012179	6.1
110	-0.000000	403.116456	0.000000	7.5
111	-0.000000	401.974481	0.000000	6.4
112	-0.403056	400.841093	0.006517	7.6
113	-0.578528	399.716187	0.009689	7.7
114	-1.066982	398.599660	0.037389	7.2
115	-0.618396	397.491411	0.008172	6.2
116	-0.352857	396.391342	0.007354	5.7
117	-0.000000	395.299353	0.000000	7.0
118	-1.001030	394.215350	0.015023	6.4
119	-1.009471	393.139238	0.018276	6.3
120	-0.499225	392.070924	0.011358	6.2
121	-0.000000	391.010316	0.000000	5.8
122	-0.491750	389.957325	0.011567	6.7
123	-0.000000	388.911862	0.000000	5.8
124	-1.011516	387.873839	0.029915	6.1
125	-0.709156	386.843173	0.008409	6.9
126	-0.505098	385.819777	0.015479	5.9
127	-0.802041	384.803569	0.013042	7.7
128	-0.833164	383.794468	0.004489	6.6
129	-0.952937	382.792393	0.015256	6.7
130	-0.074286	381.797264	0.005662	7.0
131	-1.114769	380.809005	0.010361	6.1
132	-0.000000	379.827537	0.000000	6.3
133	-0.957978	378.852786	0.013293	6.0
134	-0.814001	377.884678	0.006851	6.1
135	-0.220496	376.923138	0.002881	6.7
136	-0.535819	375.968095	0.003837	5.9
137	-0.050163	375.019479	0.002909	6.9
138	-0.472447	374.077218	0.006527	6.0
139	-0.758127	373.141244	0.007560	6.1
140	-0.000000	372.211489	0.000000	7.7
141	-0.004967	371.287887	0.001139	5.6
142	-0.204528	370.370370	0.006217	6.1
143	-1.205911	369.458876	0.012088	7.7
144	-0.110078	368.553338	0.002239	5.8
145	-0.453545	367.653696	0.009632	6.3
146	-0.068945	366.759885	0.001463	6.2
147	-0.641569	365.871846	0.007568	6.0
148	-0.975111	364.989518	0.004219	6.3
149	-0.412795	364.112841	0.008112	5.5
150	-0.769052	363.241757	0.015798	7.3
151	-1.080965	362.376208	0.008623	6.0
152	-0.000535	361.516137	0.000190	5.9
153	-0.792942	360.661488	0.007964	6.7
154	-0.843879	359.812206	0.017495	5.8
155	-0.062512	358.968236	0.001942	6.3
156	-0.644201	358.129524	0.013219	6.1
157	-0.511902	357.296018	0.011347	5.8
158	-0.213643	356.467665	0.004262	6.1
159	-0.117002	355.644414	0.004160	5.9
160	-0.149341	354.826213	0.003203	6.2
161	-1.139481	354.013012	0.014807	6.6
162	-0.000243	353.204763	0.000059	6.0
163	-0.000000	352.401415	0.000000	6.1
164	-1.255769	351.602922	0.013807	6.5
165	-1.090157	350.809235	0.020695	6.1
166	-0.176569	350.020308	0.005087	7.1
167	-0.947073	349.236095	0.014562	5.9
168	-0.017403	348.456550	0.001049	6.3
169	-0.979153	347.681627	0.017695	7.1
170	-0.000000	346.911283	0.000000	6.4
171	-0.870820	346.145474	0.016965	7.0
172	-0.916863	345.384157	0.007093	5.9
173	-0.393570	344.627288	0.002024	6.8
174	-0.892643	343.874826	0.019330	6.1
175	-1.081271	343.126729	0.019852	6.1
176	-0.946425	342.382957	0.004768	7.2
177	-1.196659	341.643469	0.016780	6.1
178	-0.629429	340.908224	0.006525	6.3
179	-0.615309	340.177184	0.008985	7.1
180	-0.151132	339.450309	0.004249	6.2
181	-0.243234	338.727561	0.004314	7.0
182	-1.135501	338.008902	0.018634	5.9
183	-0.739508	337.294295	0.003526	6.2
184	-1.028211	336.583703	0.006214	6.8
185	-1.103194	335.877089	0.026672	6.2
186	-0.905009	335.174416	0.005384	7.2
187	-0.072479	334.475651	0.001719	5.7
188	-0.365765	333.780756	0.010590	5.9
189	-0.853592	333.089698	0.044544	6.5
190	-0.986003	332.402443	0.006581	6.1
191	-0.000000	331.718955	0.000000	5.6
192	-1.032624	331.039203	0.023687	6.3
193	-0.000000	330.363153	0.000000	5.7
194	-0.243768	329.690771	0.003968	7.7
195	-0.475190	329.022027	0.011922	6.1
196	-1.109542	328.356888	0.014101	6.1
197	-0.001565	327.695322	0.000068	6.6
198	-0.249034	327.037299	0.006433	6.0
199	-1.027723	326.382787	0.010052	7.0
200	-0.491459	325.731758	0.009775	5.7
201	-0.033302	325.084179	0.002610	5.7
202	-0.074160	324.440023	0.002882	6.6
203	-0.000000	323.799258	0.000000	5.5
204	-1.144552	323.161858	0.019254	6.3
205	-0.041783	322.527792	0.004488	5.9
206	-0.526984	321.897034	0.004623	5.8
207	-0.000031	321.269554	0.000014	6.9
208	-1.087769	320.645325	0.025269	5.7
209	-0.523882	320.024320	0.010191	5.7
210	-1.205487	319.406512	0.038027	6.5
211	-1.281133	318.791875	0.012019	5.7
212	-1.119227	318.180381	0.037027	6.2
213	-1.042113	317.572005	0.009903	6.8
214	-0.000000	316.966721	0.000000	6.7
215	-0.058143	316.364504	0.003525	6.7
216	-0.000000	315.765329	0.000000	6.0
217	-0.209770	315.169170	0.004447	6.6
218	-0.009986	314.576003	0.000650	6.5
219	-0.000102	313.985804	0.000025	6.3
220	-1.130838	313.398548	0.022549	7.0
221	-0.493936	312.814213	0.010874	5.9
222	-0.414338	312.232773	0.003714	6.4
223	-1.054820	311.654207	0.028402	6.9
224	-0.152742	311.078491	0.009303	6.2
225	-0.000000	310.505602	0.000000	6.7
226	-0.767908	309.935518	0.013128	5.9
227	-0.000000	309.368217	0.000000	5.9
228	-1.082662	308.803676	0.021356	6.8
229	-0.447850	308.241874	0.010154	6.5
230	-0.101707	307.682789	0.003287	6.1
231	-0.000084	307.126400	0.000029	6.0
232	-0.047372	306.572687	0.004051	5.8
233	-0.925097	306.021627	0.021123	6.9
234	-0.309434	305.473201	0.004648	5.7
235	-0.803664	304.927388	0.011121	5.7
236	-1.128870	304.384168	0.020395	6.3
237	-0.185130	303.843521	0.004142	5.6
238	-0.482465	303.305427	0.010073	5.7
239	-0.394228	302.769867	0.005704	6.6
240	-0.016515	302.236821	0.001094	5.8
241	-0.791611	301.706270	0.013897	7.1
242	-0.873776	301.178196	0.021671	6.6
243	-0.546205	300.652580	0.007604	5.7
244	-0.387193	300.129402	0.005873	7.2
245	-0.788468	299.608645	0.036950	5.7
246	-0.838003	299.090291	0.015354	6.4
247	-1.154080	298.574321	0.014437	6.1
248	-0.000000	298.060718	0.000000	6.3
249	-0.000000	297.549465	0.000000	8.1
250	-0.063173	297.040543	0.002027	6.9
251	-0.642858	296.533936	0.013274	7.0
252	-0.248319	296.029626	0.007514	7.1
253	-0.781649	295.527597	0.005465	6.9
254	-0.000000	295.027832	0.000000	5.8
255	-0.546627	294.530315	0.009097	5.9
256	-0.737150	294.035028	0.009484	7.4
257	-0.659739	293.541956	0.008700	6.0
258	-1.155746	293.051083	0.013913	6.2
259	-1.076830	292.562393	0.013512	6.3
260	-0.000000	292.075870	0.000000	5.9
261	-0.931412	291.591498	0.021571	6.9
262	-0.797199	291.109263	0.008794	5.9
263	-0.100803	290.629149	0.001506	5.6
264	-0.034829	290.151140	0.002398	6.9
265	-0.788548	289.675222	0.010660	6.7
266	-0.911126	289.201380	0.011498	6.5
267	-0.556458	288.729600	0.009874	6.0
268	-0.061484	288.259866	0.004265	6.1
269	-1.166356	287.792165	0.025144	6.9
270	-0.576381	287.326481	0.009963	5.9
271	-0.852449	286.862802	0.003717	6.2
272	-0.314826	286.401113	0.004642	7.0
273	-0.730918	285.941400	0.016437	6.1
274	-0.801687	285.483649	0.012660	6.5
275	-0.000796	285.027847	0.000193	5.7
276	-1.138871	284.573981	0.032257	6.0
277	-0.856055	284.122037	0.015004	7.1
278	-0.332876	283.672002	0.006000	5.7
279	-0.000000	283.223863	0.000000	6.3
280	-0.975986	282.777607	0.024613	7.2
281	-0.000000	282.333221	0.000000	6.2
282	-0.251519	281.890692	0.003887	6.9
283	-0.000000	281.450008	0.000000	5.4
284	-0.633117	281.011157	0.007996	7.3
285	-0.413496	280.574125	0.004782	5.8
286	-0.742143	280.138901	0.012477	5.8
287	-0.655232	279.705473	0.014683	6.9
288	-1.220065	279.273829	0.011766	5.9
289	-0.645403	278.843956	0.008638	6.1
290	-0.228266	278.415844	0.004419	6.4
291	0.000000	277.989479	0.000000	5.9
292	-0.927649	277.564851	0.012176	6.6
293	-0.986296	277.141949	0.019059	5.8
294	-1.059997	276.720761	0.019196	5.6
295	-1.217836	276.301275	0.031300	7.3
296	0.000000	275.883480	0.000000	5.7
297	-0.506515	275.467366	0.017821	6.2
298	-0.784636	275.052922	0.007089	6.3
299	-0.969531	274.640136	0.011997	5.8
300	-0.120375	274.228998	0.003377	6.8
301	-1.123489	273.819497	0.024794	6.0
302	-0.623471	273.411623	0.012183	6.0
303	-0.000000	273.005365	0.000000	7.1
304	-0.316685	272.600712	0.006582	5.9
305	-0.000000	272.197655	0.000000	7.0
306	-0.000000	271.796184	0.000000	5.8
307	-0.000104	271.396287	0.000032	6.0
308	-0.002598	270.997956	0.000175	7.0
309	-0.000000	270.601180	0.000000	5.9
310	-0.000000	270.205949	0.000000	5.6
311	-0.596521	269.812254	0.008026	6.7
312	-0.662499	269.420085	0.008581	6.1
313	-0.810954	269.029432	0.011330	7.0
314	-0.000000	268.640287	0.000000	6.2
315	-0.674496	268.252638	0.007245	6.2
316	-0.342916	267.866478	0.006102	6.5
317	-0.124395	267.481796	0.006385	5.9
318	-1.021472	267.098584	0.006870	6.9
319	-0.963141	266.716833	0.016023	6.0
320	-0.322743	266.336533	0.007469	6.0
321	-0.000000	265.957676	0.000000	6.9
322	-1.124225	265.580253	0.016859	5.9
323	-0.248970	265.204254	0.002173	6.4
324	-0.768669	264.829672	0.012244	6.1
325	-0.580946	264.456497	0.006236	6.1
326	-1.186974	264.084721	0.021953	6.6
327	-0.570521	263.714335	0.005908	5.6
328	-0.000000	263.345332	0.000000	5.9
329	-0.000228	262.977702	0.000071	6.6
330	-1.084473	262.611438	0.043213	6.0
331	-0.396335	262.246531	0.003887	6.1
332	-0.531133	261.882973	0.011725	6.7
333	-0.471521	261.520756	0.012363	5.9
334	-0.812795	261.159871	0.013890	6.3
335	-0.239033	260.800312	0.004926	6.2
336	-1.241641	260.442070	0.013493	5.6
337	-0.565140	260.085137	0.005344	7.0
338	-0.275570	259.729505	0.010710	5.8
339	-0.086960	259.375167	0.001811	6.4
340	-0.000000	259.022116	0.000000	5.8
341	-0.000000	258.670343	0.000000	5.4
342	-1.211672	258.319841	0.016049	6.9
343	-1.032779	257.970602	0.006457	5.8
344	-1.149765	257.622620	0.030408	5.7
345	-1.248281	257.275887	0.016687	7.1
346	-0.936907	256.930396	0.006267	5.8
347	-1.103613	256.586139	0.027468	6.2
348	-0.000000	256.243109	0.000000	6.4
349	-0.606948	255.901300	0.011159	6.4
350	-0.060236	255.560703	0.003595	6.4
351	-1.112562	255.221313	0.050620	6.0
352	-0.789524	254.883122	0.020239	6.5
353	-0.832960	254.546124	0.023602	6.3
354	-0.000114	254.210311	0.000042	6.0
355	-0.834097	253.875677	0.038840	7.2
356	-0.632890	253.542215	0.013315	5.9
357	-1.142244	253.209918	0.012393	6.0
358	-0.000000	252.878781	0.000000	7.7
359	-0.181917	252.548795	0.005718	5.9
360	-0.000430	252.219956	0.000078	7.4
361	-0.051208	251.892255	0.001837	5.7
362	-0.990279	251.565688	0.009410	5.9
363	-1.115182	251.240247	0.038257	6.9
364	-1.099397	250.915926	0.015866	6.7
365	-0.940499	250.592720	0.011023	6.8
366	-0.036247	250.270621	0.000561	5.9
367	-0.497833	249.949624	0.007918	6.3
368	-0.018555	249.629723	0.001247	6.7
369	-0.115913	249.310911	0.006527	5.7
370	-0.759116	248.993182	0.039018	6.1
371	-0.888454	248.676531	0.016757	6.2
372	-0.000000	248.360952	0.000000	5.9
373	-1.030604	248.046438	0.018897	6.9
374	-0.000007	247.732984	0.000003	5.6
375	-0.000196	247.420584	0.000064	5.8
376	-1.061946	247.109233	0.025587	7.6
377	-1.105767	246.798924	0.008562	5.8
378	-0.000000	246.489652	0.000000	6.7
379	-0.011685	246.181412	0.001270	5.7
380	-0.000000	245.874197	0.000000	5.4
381	-1.172048	245.568002	0.010550	6.6
382	-0.946056	245.262822	0.016496	6.4
383	-0.009219	244.958652	0.000895	5.8
384	-0.971716	244.655485	0.009877	6.8
385	-0.000000	244.353317	0.000000	5.7
386	-0.662167	244.052142	0.011860	6.4
387	-0.280470	243.751955	0.005140	6.2
388	-0.142561	243.452750	0.008485	5.7
389	-0.139989	243.154523	0.002114	6.4
390	-0.908078	242.857268	0.022209	5.8
391	-1.213553	242.560980	0.040156	5.9
392	-0.267120	242.265654	0.004106	6.6
393	-0.223055	241.971285	0.003322	5.7
394	-0.041664	241.677868	0.002696	6.1
395	-0.808170	241.385397	0.009114	6.0
396	-1.309052	241.093869	0.018025	5.7
397	-0.138606	240.803278	0.006694	7.0
398	-0.419959	240.513619	0.008363	6.7
399	-0.844543	240.224887	0.008364	7.0
400	-0.942390	239.937077	0.012067	6.1
401	-0.797335	239.650186	0.011123	6.0
402	-0.845965	239.364207	0.012144	7.3
403	-0.035327	239.079136	0.002430	5.9
404	-1.095374	238.794969	0.021440	6.3
405	-0.951365	238.511701	0.020303	8.3
406	-0.128902	238.229327	0.004318	6.0
407	-0.017966	237.947843	0.000954	7.0
408	-0.000000	237.667244	0.000000	5.8
409	-0.492991	237.387526	0.013104	6.2
410	-0.821106	237.108684	0.005088	6.5
411	-0.469558	236.830714	0.011228	6.1
412	-0.353538	236.553610	0.004000	7.5
413	-1.010544	236.277370	0.012457	5.9
414	-1.068944	236.001989	0.019284	6.0
415	-0.674345	235.727461	0.014690	6.5
416	-1.100075	235.453784	0.019396	6.1
417	-0.666802	235.180952	0.008692	6.9
418	-0.049909	234.908962	0.000476	6.1
419	-0.908500	234.637809	0.009674	6.3
420	-0.409592	234.367488	0.012848	6.5
421	-1.171297	234.097997	0.038309	6.0
422	-0.304916	233.829331	0.004535	6.5
423	-0.000000	233.561485	0.000000	5.9
424	-0.846050	233.294456	0.008125	5.8
425	-0.888494	233.028239	0.025120	6.5
426	-0.017137	232.762831	0.000768	6.1
427	-1.116685	232.498228	0.017515	5.8
428	-0.466513	232.234425	0.006875	6.5
429	-1.112283	231.971419	0.011930	5.7
430	-0.965449	231.709205	0.021695	6.3
431	-0.125082	231.447781	0.005600	6.3
432	-0.917834	231.187141	0.010865	6.3
433	-0.265587	230.927283	0.006057	6.7
434	-1.214551	230.668202	0.017749	6.6
435	-0.773030	230.409895	0.009071	5.9
436	-0.839563	230.152358	0.014202	6.1
437	-0.016393	229.895587	0.002822	5.7
438	-1.155341	229.639578	0.016498	7.9
439	-0.180975	229.384329	0.004769	5.8
440	-0.058068	229.129834	0.001730	6.4
441	-0.009059	228.876091	0.001084	6.5
442	-0.022091	228.623096	0.001171	5.7
443	-0.349870	228.370846	0.001400	7.1
444	-0.580594	228.119336	0.010619	5.7
445	-1.026724	227.868563	0.010350	5.8
446	-1.263573	227.618525	0.026738	7.2
447	-0.000048	227.369216	0.000021	5.9
448	-0.186759	227.120635	0.004163	6.4
449	-0.000000	226.872777	0.000000	7.5
450	-0.004963	226.625638	0.000314	5.8
451	-1.250850	226.379217	0.037498	6.7
452	-0.476950	226.133509	0.003121	6.0
453	-0.000000	225.888510	0.000000	6.6
454	-0.243891	225.644218	0.004923	6.3
455	-0.948145	225.400630	0.014127	6.0
456	-0.000000	225.157741	0.000000	7.1
457	-1.074372	224.915549	0.042199	5.9
458	-0.902946	224.674051	0.010923	5.8
459	-0.000000	224.433242	0.000000	6.8
460	-0.128685	224.193121	0.003401	6.1
461	-1.067295	223.953684	0.027937	7.1
462	-0.890168	223.714927	0.015829	6.1
463	-0.342743	223.476848	0.005226	6.1
464	-0.000000	223.239444	0.000000	6.9
465	-1.211688	223.002710	0.010269	7.5
466	-0.000000	222.766645	0.000000	8.3
467	-0.082780	222.531245	0.004939	6.7
468	-0.679471	222.296508	0.021461	6.9
469	-1.107106	222.062429	0.041330	6.4
470	-0.434357	221.829007	0.007527	6.2
471	-0.507966	221.596238	0.010501	6.4
472	-0.964704	221.364119	0.012442	5.9
473	-0.821698	221.132647	0.018217	6.2
474	-0.815140	220.901820	0.011646	6.0
475	-1.168150	220.671634	0.017485	5.7
476	-1.237162	220.442086	0.028085	6.8
477	-0.000000	220.213174	0.000000	5.4
478	-0.118614	219.984895	0.001966	6.0
479	-0.131726	219.757246	0.005525	8.0
480	-1.004009	219.530224	0.014212	5.5
481	-0.000000	219.303826	0.000000	6.0
482	-0.000000	219.078050	0.000000	7.1
483	-0.000008	218.852893	0.000004	6.0
484	-0.564813	218.628352	0.004041	6.8
485	-0.756848	218.404424	0.021673	5.7
486	-0.000000	218.181106	0.000000	6.0
487	-1.044914	217.958397	0.012341	6.0
488	-0.973489	217.736292	0.019208	6.2
489	-0.000000	217.514790	0.000000	6.8
490	-0.000000	217.293888	0.000000	5.8
491	-0.374805	217.073584	0.004016	5.7
492	-0.056919	216.853873	0.002061	6.5
493	-1.125181	216.634755	0.019419	5.9
494	-0.000000	216.416227	0.000000	6.1
495	-1.260819	216.198285	0.009937	7.0
496	-0.439643	215.980927	0.015199	6.2
497	-0.830578	215.764151	0.010653	6.9
498	-0.370483	215.547955	0.009177	6.5
499	-1.013447	215.332335	0.028928	6.1
500	-0.255032	215.117289	0.006372	7.1
501	-0.226503	214.902815	0.005703	6.0
502	-0.000000	214.688911	0.000000	6.8
503	-0.819668	214.475573	0.006790	5.7
504	-0.339957	214.262800	0.007301	5.9
505	-0.831462	214.050588	0.025100	6.7
506	-0.452323	213.838936	0.007729	5.9
507	-0.908979	213.627842	0.015989	7.6
508	-0.017656	213.417302	0.001608	6.1
509	-0.661953	213.207314	0.014149	6.1
510	-0.987404	212.997877	0.015586	7.0
511	-0.000222	212.788987	0.000061	5.7
512	-0.541354	212.580642	0.007587	6.1
513	-1.148903	212.372841	0.017731	5.9
514	-0.000000	212.165581	0.000000	5.7
515	-0.849845	211.958859	0.012779	6.6
516	-0.487617	211.752673	0.010344	5.8
517	-0.946175	211.547021	0.009528	6.6
518	-0.843050	211.341902	0.012355	6.1
519	-0.687620	211.137311	0.007560	5.8
520	-0.174403	210.933248	0.001577	6.3
521	-0.046269	210.729710	0.002530	6.4
522	-0.934787	210.526695	0.010812	5.9
523	-0.491131	210.324200	0.010674	6.8
524	-1.141507	210.122224	0.015060	5.7
525	-0.022612	209.920765	0.001781	5.9
526	-0.000000	209.719820	0.000000	6.2
527	-0.844415	209.519387	0.006773	5.8
528	-1.054182	209.319463	0.012988	6.2
529	-0.364721	209.120048	0.003979	5.9
530	-1.015972	208.921139	0.009455	6.0
531	-0.000537	208.722733	0.000157	6.5
532	-0.219276	208.524829	0.005077	6.7
533	-0.658024	208.327425	0.006733	5.9
534	-0.617670	208.130518	0.003816	6.4
535	-0.137833	207.934107	0.004770	6.1
536	-0.906800	207.738189	0.010510	6.9
537	-0.000000	207.542762	0.000000	6.3
538	-0.763903	207.347825	0.014691	6.0
539	-1.073268	207.153376	0.005704	6.9
540	-0.168038	206.959412	0.007366	5.8
541	-0.605238	206.765932	0.004287	6.3
542	-0.000000	206.572933	0.000000	6.2
543	-0.161345	206.380414	0.005797	5.9
544	-0.000000	206.188373	0.000000	6.6
545	-0.184740	205.996807	0.004280	5.9
546	-0.757501	205.805716	0.026297	6.3
547	-0.946297	205.615096	0.013494	7.2
548	-0.880334	205.424946	0.010855	6.5
549	-0.236178	205.235265	0.002617	6.8
550	-0.743997	205.046050	0.021501	5.9
551	-0.984335	204.857299	0.006637	6.0
552	-0.776225	204.669011	0.008287	7.0
553	-0.988978	204.481184	0.006480	6.1
554	-0.826429	204.293816	0.013621	7.0
555	-0.546775	204.106905	0.008934	6.0
556	-0.768130	203.920449	0.006107	5.7
557	-0.788476	203.734447	0.014552	6.5
558	-1.175381	203.548896	0.015976	5.8
559	-0.948848	203.363795	0.014817	5.8
560	-0.152318	203.179143	0.004778	6.9
561	-1.052717	202.994937	0.017326	5.7
562	-0.245453	202.811176	0.006048	6.8
563	-0.936946	202.627857	0.009230	5.7
564	-0.000792	202.444980	0.000219	5.9
565	-1.130984	202.262543	0.006420	6.3
566	-0.563678	202.080543	0.009296	6.2
567	-1.052425	201.898979	0.012626	5.9
568	-0.000460	201.717849	0.000094	7.2
569	-0.113740	201.537153	0.003003	5.9
570	-0.519877	201.356887	0.007885	7.0
571	-0.012439	201.177050	0.001027	5.6
572	-1.212390	200.997642	0.012712	5.8
573	0.000000	200.818659	0.000000	7.1
574	-1.303502	200.640100	0.022154	5.7
575	-0.536505	200.461965	0.006124	6.3
576	-0.872492	200.284250	0.013973	6.0
577	-0.000000	200.106955	0.000000	5.1
578	-1.315771	199.930078	0.029277	7.1
579	-0.000000	199.753617	0.000000	5.3
580	-0.667698	199.577571	0.003642	5.8
581	-0.000000	199.401938	0.000000	7.3
582	-0.000000	199.226717	0.000000	5.9
583	-0.893162	199.051905	0.010568	7.3
584	-0.909863	198.877502	0.007611	5.8
585	-0.863098	198.703506	0.008245	6.3
586	-0.950224	198.529916	0.012145	7.1
587	-0.000001	198.356729	0.000000	5.9
588	-0.695519	198.183944	0.004877	6.7
589	-0.451385	198.011560	0.007071	6.1
590	-1.051288	197.839576	0.013819	5.9
591	-0.000000	197.667989	0.000000	6.6
592	-0.302316	197.496798	0.007707	5.9
593	-0.000047	197.326002	0.000014	6.1
594	-1.251875	197.155600	0.019008	7.7
595	-0.000000	196.985589	0.000000	6.2
596	-0.012529	196.815969	0.001277	6.6
597	-0.544530	196.646738	0.006421	6.3
598	-0.592572	196.477894	0.009873	6.4
599	-0.000075	196.309436	0.000015	6.4
600	-0.792736	196.141363	0.009388	6.0
601	-1.117073	195.973673	0.012769	7.3
602	-0.257259	195.806365	0.004117	5.9
603	-0.492610	195.639437	0.007672	6.0
604	-0.986966	195.472888	0.005026	6.7
605	-0.736272	195.306717	0.016179	6.2
606	-0.686955	195.140922	0.008036	6.9
607	-0.651320	194.975501	0.008097	6.0
608	-0.688937	194.810454	0.008283	6.0
609	-0.000000	194.645779	0.000000	6.5
610	-0.727417	194.481475	0.012268	5.7
611	-0.542990	194.317540	0.007065	5.7
612	-0.000000	194.153973	0.000000	6.5
613	-0.855247	193.990773	0.011658	6.0
614	-0.993758	193.827938	0.017870	6.3
615	-1.005519	193.665467	0.033821	7.2
616	-0.029959	193.503358	0.002707	5.9
617	-0.744456	193.341611	0.020336	6.4
618	-0.000000	193.180224	0.000000	5.7
619	-1.016284	193.019196	0.011834	6.2
620	-0.582177	192.858525	0.008595	5.9
621	-0.962224	192.698210	0.024557	6.1
622	-1.170679	192.538251	0.008761	6.8
623	-1.140370	192.378644	0.020982	5.8
624	-1.076344	192.219391	0.009327	5.8
625	-0.551537	192.060488	0.005420	6.8
626	-0.627274	191.901935	0.017653	5.9
627	-0.000000	191.743730	0.000000	5.4
628	-0.742923	191.585873	0.016078	6.3
629	-0.000000	191.428362	0.000000	5.7
630	-0.251224	191.271196	0.003148	7.0
631	-0.000000	191.114374	0.000000	7.0
632	-0.960708	190.957893	0.010700	5.8
633	-1.210056	190.801755	0.028368	6.8
634	-1.186278	190.645956	0.008607	6.4
635	-0.472362	190.490495	0.009842	7.0
636	-1.096483	190.335373	0.005898	5.9
637	-1.099011	190.180587	0.007232	6.2
638	-0.000019	190.026136	0.000006	6.8
639	-0.163094	189.872019	0.005119	5.9
640	-0.978732	189.718235	0.017036	7.4
641	-0.906290	189.564782	0.012901	6.0
642	-0.121606	189.411661	0.004154	6.0
643	-0.783177	189.258868	0.011864	6.8
644	-1.053724	189.106404	0.022698	6.0
645	-0.846214	188.954267	0.019739	7.2
646	-0.000000	188.802456	0.000000	6.0
647	-1.292787	188.650969	0.023328	6.3
648	-0.604557	188.499807	0.004796	6.9
649	-0.874223	188.348967	0.009457	6.0
650	-0.000000	188.198448	0.000000	6.5
651	-0.856240	188.048250	0.016065	6.6
652	-1.174807	187.898371	0.033487	6.2
653	-0.000000	187.748810	0.000000	6.3
654	-0.842106	187.599566	0.012597	5.7
655	-0.926803	187.450638	0.010924	5.7
656	-0.233426	187.302025	0.006945	6.2
657	-0.000000	187.153725	0.000000	5.7
658	-0.000327	187.005739	0.000135	6.2
659	-0.822061	186.858064	0.010561	6.3
660	-1.047377	186.710699	0.013991	6.1
661	-1.122669	186.563645	0.014581	6.9
662	-0.855575	186.416898	0.006368	5.9
663	-0.000001	186.270459	0.000001	5.7
664	-0.000000	186.124326	0.000000	6.5
665	-0.794322	185.978499	0.008155	5.9
666	-1.085409	185.832976	0.021867	6.1
667	-0.532559	185.687756	0.006132	6.7
668	-1.230198	185.542838	0.006945	5.9
669	-0.984765	185.398222	0.009829	6.5
670	-1.028539	185.253906	0.015082	5.9
671	-0.876737	185.109889	0.013498	5.8
672	-1.238816	184.966170	0.007897	6.2
673	-0.000000	184.822748	0.000000	6.3
674	-0.562419	184.679623	0.011475	6.3
675	-0.262743	184.536792	0.002988	6.1
676	-0.000000	184.394256	0.000000	5.9
677	-0.028099	184.252013	0.001239	6.2
678	-0.904041	184.110062	0.014797	5.9
679	-0.737258	183.968403	0.008956	5.7
680	-0.902264	183.827034	0.007443	6.4
681	-1.066258	183.685954	0.033352	6.3
682	-0.197295	183.545163	0.003918	5.7
683	-0.346379	183.404658	0.007958	6.3
684	-0.958082	183.264441	0.006231	6.0
685	-0.978692	183.124509	0.003512	6.5
686	-1.151415	182.984861	0.004876	6.1
687	-0.000161	182.845497	0.000050	5.8
688	-1.033513	182.706416	0.025091	7.0
689	-0.805287	182.567616	0.037782	6.4
690	-0.679634	182.429098	0.006924	6.2
691	-0.825154	182.290859	0.012193	6.5
692	-1.017404	182.152899	0.015149	6.0
693	-0.000000	182.015217	0.000000	7.0
694	-0.176958	181.877813	0.006976	5.9
695	-0.000057	181.740684	0.000023	6.6
696	-0.000000	181.603832	0.000000	7.1
697	-0.744891	181.467253	0.006481	6.0
698	-0.000000	181.330948	0.000000	6.9
699	-0.550284	181.194916	0.009480	5.9
700	-0.000000	181.059155	0.000000	6.6
701	-0.361578	180.923666	0.006618	7.0
702	-0.000000	180.788446	0.000000	6.2
703	-0.914732	180.653496	0.024271	6.4
704	-0.576440	180.518814	0.006492	5.8
705	-0.984148	180.384399	0.007612	6.3
706	-1.078645	180.250251	0.037209	6.3
707	-0.000000	180.116369	0.000000	5.6
708	-0.000000	179.982752	0.000000	6.4
709	-1.109966	179.849398	0.003128	6.4
710	-0.058719	179.716308	0.003407	5.9
711	-0.220756	179.583480	0.006611	6.6
712	-0.863353	179.450913	0.008847	6.2
713	-0.352656	179.318607	0.003133	6.5
714	-0.000000	179.186561	0.000000	6.0
715	-1.164199	179.054774	0.009533	5.9
716	-0.990785	178.923245	0.012405	6.5
717	-0.000091	178.791973	0.000021	5.7
718	-0.069209	178.660958	0.002432	5.9
719	-1.164814	178.530199	0.027448	6.4
720	-0.868210	178.399694	0.023158	5.9
721	-1.046670	178.269444	0.011305	5.8
722	-0.985463	178.139447	0.010559	6.2
723	-0.102899	178.009702	0.002567	5.7
724	-0.879214	177.880209	0.026818	6.8
725	-0.869102	177.750967	0.008680	5.8
726	-0.477773	177.621975	0.009193	5.6
727	-0.785475	177.493232	0.008707	6.5
728	-1.153117	177.364738	0.015268	6.3
729	-0.628225	177.236492	0.005626	6.5
730	-1.166850	177.108492	0.029946	6.5
731	-0.017821	176.980739	0.001199	6.2
732	-0.695203	176.853231	0.006246	7.4
733	-0.000000	176.725968	0.000000	6.2
734	-0.815880	176.598949	0.008982	6.0
735	-1.068334	176.472173	0.007762	6.4
736	-1.164513	176.345639	0.007362	6.9
737	-0.000000	176.219348	0.000000	7.1
738	-0.000110	176.093296	0.000039	6.1
739	-0.000000	175.967486	0.000000	6.1
740	-1.281623	175.841914	0.009387	6.5
741	-0.272808	175.716581	0.004241	6.2
742	-1.236388	175.591486	0.007418	6.4
743	-1.085099	175.466629	0.020581	6.1
744	-1.162286	175.342008	0.008229	6.0
745	-0.001329	175.217622	0.000138	7.2
746	-0.000241	175.093472	0.000053	5.9
747	-1.007425	174.969556	0.018708	6.0
748	-1.261495	174.845873	0.012610	6.1
749	-0.732480	174.722423	0.012482	6.3
750	-1.209768	174.599206	0.009504	6.1
751	-0.975051	174.476220	0.008214	5.8
752	-0.370280	174.353464	0.009466	6.4
753	-0.826848	174.230939	0.016823	6.8
754	-0.703349	174.108643	0.007898	5.7
755	-0.499993	173.986576	0.003758	6.2
756	-0.004876	173.864737	0.000656	5.9
757	-0.498116	173.743124	0.015141	5.9
758	-0.000084	173.621739	0.000039	7.1
759	-0.135855	173.500579	0.003811	5.8
760	-0.000334	173.379645	0.000132	5.9
761	-0.887275	173.258935	0.010971	6.6
762	-0.854252	173.138449	0.009960	5.6
763	-0.486724	173.018186	0.009199	6.4
764	-0.977746	172.898146	0.007325	5.9
765	-0.002826	172.778327	0.000235	6.1
766	-0.003479	172.658730	0.000651	7.5
767	-0.917967	172.539353	0.007324	6.0
768	-0.251693	172.420196	0.007218	7.1
769	-0.935382	172.301258	0.010201	6.1
770	-0.658713	172.182539	0.013627	6.0
771	-0.952310	172.064037	0.019182	6.7
772	-1.057974	171.945753	0.012626	6.2
773	-0.992286	171.827686	0.006069	6.4
774	-0.636328	171.709834	0.010476	6.5
775	-0.846248	171.592198	0.006885	6.2
776	-0.688200	171.474776	0.015685	6.9
777	-0.920462	171.357568	0.026196	6.0
778	-0.633542	171.240574	0.005342	6.4
779	-0.000000	171.123793	0.000000	6.5
780	-0.225294	171.007223	0.005566	6.0
781	-0.949946	170.890865	0.010305	6.9
782	-0.644667	170.774718	0.006844	6.1
783	-0.193116	170.658782	0.004486	6.2
784	-0.421110	170.543055	0.004482	6.8
785	-1.060743	170.427537	0.014602	6.2
786	-0.469594	170.312227	0.006746	6.8
787	-1.252115	170.197125	0.021901	5.8
788	-0.771980	170.082231	0.005086	5.9
789	-0.005196	169.967543	0.000773	6.4
790	-0.336984	169.853061	0.007410	5.7
791	-1.154625	169.738784	0.007327	5.9
792	-0.000000	169.624713	0.000000	6.6
793	-0.127761	169.510845	0.004483	6.5
794	-1.204895	169.397181	0.006956	6.9
795	-0.439302	169.283720	0.004480	5.9
796	-1.072990	169.170462	0.010176	5.9
797	-0.069069	169.057405	0.001942	6.3
798	-0.305369	168.944549	0.004833	5.6
799	-0.714436	168.831895	0.008421	5.9
800	-0.952404	168.719440	0.008535	6.2
801	-1.125139	168.607185	0.016593	5.8
802	-0.380522	168.495129	0.008241	6.7
803	-0.531960	168.383271	0.007737	5.9
804	-0.000000	168.271611	0.000000	5.8
805	-0.843000	168.160148	0.008517	6.6
806	-0.154543	168.048882	0.007326	5.9
807	-1.007228	167.937812	0.013089	6.2
808	-0.037193	167.826938	0.002124	6.8
809	-0.961480	167.716258	0.013825	5.7
810	-0.000000	167.605773	0.000000	6.6
811	-1.231115	167.495482	0.015096	6.8
812	-0.446695	167.385384	0.006883	5.7
813	-0.806715	167.275479	0.010974	6.3
814	-0.758831	167.165766	0.005072	5.7
815	-0.000000	167.056245	0.000000	5.3
816	-0.234876	166.946915	0.006197	6.4
817	-0.000000	166.837776	0.000000	5.8
818	-0.002575	166.728826	0.000211	6.8
819	-0.968288	166.620067	0.018085	6.1
820	-0.928126	166.511496	0.013076	6.2
821	-0.000000	166.403113	0.000000	6.7
822	-0.000000	166.294919	0.000000	6.0
823	-0.521336	166.186912	0.006777	6.3
824	-1.179223	166.079091	0.019483	6.2
825	-0.723212	165.971458	0.008797	6.2
826	-0.912997	165.864009	0.006933	6.5
827	-0.693505	165.756747	0.013817	6.4
828	-0.953681	165.649669	0.023059	6.3
829	-0.698184	165.542775	0.006924	7.6
830	-0.001041	165.436065	0.000239	5.8
831	-0.664679	165.329538	0.012894	7.3
832	-0.925376	165.223194	0.010463	6.1
833	-1.235676	165.117032	0.016300	6.7
834	-0.788464	165.011052	0.022009	6.0
835	-0.006407	164.905253	0.001296	6.1
836	-0.660816	164.799635	0.006562	6.2
837	-0.618557	164.694197	0.007452	6.0
838	-0.000763	164.588939	0.000185	6.0
839	-0.515066	164.483859	0.016318	6.8
840	-0.702400	164.378959	0.006934	5.8
841	-1.223257	164.274237	0.019907	6.0
842	-0.077521	164.169692	0.001246	6.1
843	-0.903547	164.065325	0.008448	5.6
844	-0.000000	163.961135	0.000000	7.0
845	-1.008141	163.857120	0.029828	6.8
846	-1.327388	163.753282	0.016696	7.3
847	-1.238538	163.649619	0.014772	5.9
848	-0.190744	163.546130	0.003743	6.8
849	-1.214842	163.442816	0.012645	6.9
850	-0.004994	163.339676	0.000644	6.0
851	-0.781081	163.236709	0.017120	6.8
852	-0.946650	163.133915	0.009340	6.3
853	-0.126684	163.031294	0.004321	6.6
854	-1.170639	162.928844	0.027447	6.7
855	-0.781854	162.826566	0.016010	6.5
856	-0.495186	162.724459	0.014247	7.0
857	-0.750362	162.622523	0.008817	6.5
858	-0.796130	162.520757	0.006077	6.2
859	-0.586079	162.419160	0.006150	7.3
860	-1.171099	162.317733	0.019084	6.1
861	-1.079797	162.216474	0.013010	6.9
862	-0.751849	162.115383	0.005412	6.6
863	-1.032399	162.014461	0.012216	6.6
864	-1.126798	161.913705	0.012509	7.2
865	-1.044436	161.813117	0.008902	6.2
866	-0.000000	161.712695	0.000000	7.5
867	-0.606460	161.612439	0.010118	7.2
868	-0.577127	161.512349	0.012282	5.8
869	-0.752361	161.412424	0.005628	7.2
870	-1.296620	161.312663	0.017132	6.2
871	-0.418957	161.213067	0.005472	7.6
872	-1.070350	161.113635	0.006054	6.6
873	-0.000000	161.014366	0.000000	6.5
874	-1.242575	160.915260	0.037042	7.1
875	-0.000000	160.816316	0.000000	6.2
876	-0.000000	160.717535	0.000000	8.4
877	-1.211000	160.618915	0.012896	6.7
878	-0.861608	160.520456	0.013134	6.8
879	-0.387870	160.422158	0.006650	6.8
880	-0.711982	160.324021	0.007290	8.0
881	-0.982987	160.226043	0.012313	6.3
882	-1.020737	160.128225	0.021360	6.6
883	-0.982425	160.030566	0.015940	7.3
884	-0.000000	159.933066	0.000000	5.8
885	-1.071317	159.835723	0.005236	6.8
886	-0.812419	159.738539	0.010054	6.1
887	-1.049073	159.641512	0.009169	6.0
888	-0.818522	159.544642	0.034173	7.0
889	-0.021306	159.447929	0.001182	6.1
890	-0.639839	159.351372	0.008017	6.9
891	-0.022706	159.254971	0.000763	6.3
892	-0.757428	159.158725	0.012425	5.9
893	-0.796816	159.062634	0.014851	6.5
894	-0.688785	158.966697	0.017550	6.0
895	-0.729885	158.870915	0.010344	6.2
896	-0.813961	158.775286	0.006817	6.7
897	-0.000000	158.679811	0.000000	5.6
898	-1.107881	158.584489	0.020168	6.6
899	-0.453785	158.489319	0.012150	5.9
900	-0.000000	158.394302	0.000000	5.9
901	-0.901486	158.299436	0.008321	6.2
902	-0.316753	158.204721	0.002620	5.7
903	-0.399325	158.110158	0.003070	5.9
904	-0.000000	158.015745	0.000000	7.9
905	-0.537637	157.921482	0.006816	6.0
906	-1.017277	157.827369	0.008449	6.3
907	-0.573319	157.733406	0.011134	5.9
908	-1.047588	157.639591	0.013314	5.9
909	-0.776675	157.545925	0.020049	6.4
910	-0.000001	157.452408	0.000000	5.8
911	-0.751928	157.359038	0.010629	6.8
912	-0.000000	157.265816	0.000000	5.4
913	-0.982515	157.172741	0.006384	5.9
914	-0.554001	157.079813	0.007694	6.7
915	-0.305354	156.987031	0.006454	5.8
916	-0.411988	156.894395	0.008084	5.8
917	-0.186519	156.801904	0.002710	6.2
918	-1.148434	156.709559	0.006496	5.7
919	-1.233607	156.617359	0.019921	6.6
920	-0.243930	156.525304	0.007202	6.2
921	-0.684025	156.433392	0.008958	5.8
922	-0.478011	156.341624	0.008652	6.7
923	-0.977994	156.250000	0.006772	6.4
924	-1.096003	156.158519	0.016840	6.0
925	-0.000000	156.067180	0.000000	6.4
926	-1.194510	155.975984	0.020242	6.0
927	-0.031338	155.884930	0.001166	7.1
928	-1.118580	155.794017	0.025582	6.0
929	-0.453148	155.703246	0.012032	5.9
930	-0.661754	155.612615	0.009737	6.5
931	-0.364121	155.522125	0.009800	5.9
932	-0.912244	155.431775	0.017971	6.2
933	-0.428433	155.341565	0.004805	6.5
934	-1.196867	155.251495	0.010980	6.2
935	-1.094290	155.161563	0.012675	7.1
936	-1.005067	155.071771	0.010255	6.2
937	-0.568991	154.982117	0.006219	6.1
938	-0.910105	154.892601	0.008140	6.9
939	-0.378053	154.803222	0.007532	6.1
940	-0.786872	154.713981	0.008384	7.0
941	-0.444435	154.624878	0.004904	6.5
942	-0.000000	154.535910	0.000000	5.9
943	-0.860568	154.447080	0.021017	6.2
944	-0.000000	154.358385	0.000000	6.0
945	-0.807037	154.269826	0.009552	6.5
946	-0.885671	154.181402	0.005035	6.2
947	-0.948881	154.093114	0.013928	5.8
948	-0.738265	154.004960	0.011605	6.7
949	-1.043263	153.916940	0.011369	5.7
950	-0.826041	153.829054	0.010160	6.0
951	-0.958717	153.741303	0.006237	6.1
952	-0.398267	153.653684	0.008575	5.6
953	-0.848642	153.566198	0.013165	6.1
954	-0.126483	153.478846	0.004626	6.2
955	-0.867151	153.391625	0.005696	5.7
956	-1.116124	153.304537	0.021084	6.9
957	-1.192977	153.217580	0.030573	6.1
958	-0.007446	153.130755	0.000929	5.8
959	-0.480580	153.044061	0.004535	6.6
960	-1.266077	152.957498	0.019218	5.7
961	-0.616250	152.871065	0.011664	6.5
962	-0.080777	152.784762	0.003589	5.8
963	-0.776339	152.698589	0.015176	5.8
964	-0.953113	152.612545	0.013350	7.6
965	-0.924619	152.526631	0.020830	5.8
966	-0.000000	152.440845	0.000000	6.1
967	-0.000000	152.355188	0.000000	6.4
968	-1.211160	152.269660	0.009900	5.7
969	-0.648172	152.184259	0.010329	6.7
970	-1.036649	152.098986	0.015633	6.1
971	-0.678875	152.013840	0.011283	5.7
972	-0.885978	151.928821	0.011759	6.7
973	-1.212155	151.843928	0.012336	5.9
974	-0.000000	151.759163	0.000000	6.0
975	-0.313537	151.674523	0.006387	8.0
976	-1.161135	151.590009	0.009153	5.8
977	-0.899181	151.505620	0.016622	6.3
978	-0.733243	151.421357	0.007027	6.2
979	-0.948919	151.337218	0.008147	6.3
980	-0.000000	151.253204	0.000000	6.9
981	-0.982702	151.169314	0.007432	6.3
982	-0.843236	151.085549	0.014323	7.4
983	-0.518836	151.001907	0.010571	5.8
984	-0.000000	150.918388	0.000000	5.9
985	-0.882471	150.834992	0.012165	6.8
986	-0.000000	150.751719	0.000000	5.7
987	-0.390414	150.668569	0.007962	6.9
988	-0.026299	150.585541	0.002521	6.1
989	-0.148162	150.502634	0.003953	6.0
990	-1.140978	150.419849	0.009081	6.9
991	-0.000013	150.337186	0.000007	6.0
992	-0.677402	150.254644	0.007011	6.3
993	-0.190848	150.172222	0.003593	6.4
994	-1.275660	150.089921	0.012258	5.6
995	-1.243586	150.007740	0.022252	6.8
996	-0.868436	149.925679	0.030844	6.4
997	-1.156915	149.843737	0.029040	6.0
998	-0.008776	149.761915	0.000640	6.8
999	-0.708872	149.680212	0.003336	5.8
1000	-1.118931	149.598627	0.019405	7.3
1001	-1.218583	149.517161	0.006997	5.7
1002	-1.015805	149.435814	0.007871	5.8
1003	-0.817356	149.354584	0.009775	6.9
1004	-1.074070	149.273472	0.012755	5.8
1005	-0.000000	149.192477	0.000000	6.8
1006	-1.195881	149.111599	0.015435	6.7
1007	-0.000000	149.030838	0.000000	5.3
1008	-0.947985	148.950194	0.006445	6.5
1009	-1.214539	148.869666	0.009144	5.9
1010	-0.000000	148.789253	0.000000	5.4
1011	-0.772263	148.708957	0.008242	6.7
1012	-0.669941	148.628776	0.010198	5.8
1013	-0.895130	148.548710	0.008907	6.1
1014	-0.822641	148.468759	0.009846	6.3
1015	-0.000000	148.388923	0.000000	5.9
1016	-0.797430	148.309201	0.017982	6.6
1017	-0.799264	148.229594	0.015631	5.7
1018	-0.595870	148.150100	0.003464	5.8
1019	-1.256721	148.070719	0.022239	7.0
1020	-0.748432	147.991452	0.013179	5.7
1021	-0.993295	147.912298	0.010190	6.1
1022	-0.891078	147.833257	0.011538	6.0
1023	-0.000000	147.754329	0.000000	5.7
1024	-0.967113	147.675512	0.026374	6.6
1025	-0.000000	147.596808	0.000000	6.6
1026	-0.089979	147.518216	0.003324	5.8
1027	-0.624224	147.439735	0.008208	6.3
1028	-0.872261	147.361365	0.007881	6.0
1029	-1.006729	147.283106	0.027307	6.3
1030	-0.756882	147.204958	0.010902	6.3
1031	-0.918206	147.126920	0.005299	6.3
1032	-1.213045	147.048993	0.029128	6.4
1033	-0.836667	146.971175	0.011251	6.1
1034	-0.892506	146.893468	0.009656	6.0
1035	-1.140128	146.815869	0.008839	6.9
1036	-0.541386	146.738380	0.014608	6.3
1037	-1.102768	146.661000	0.047499	7.1
1038	-0.000000	146.583729	0.000000	6.1
1039	-0.000000	146.506566	0.000000	6.1
1040	-0.893879	146.429511	0.007946	7.0
1041	-0.262789	146.352565	0.004367	6.3
1042	-0.688419	146.275726	0.016947	6.9
1043	-0.311793	146.198994	0.006649	6.9
1044	-0.000000	146.122370	0.000000	6.3
1045	-1.286774	146.045853	0.051615	6.5
1046	-0.545588	145.969442	0.009710	6.2
1047	-0.873990	145.893139	0.008953	6.9
1048	-0.000000	145.816941	0.000000	5.8
1049	-0.000000	145.740849	0.000000	5.9
1050	-0.037555	145.664863	0.002834	6.4
1051	-0.709358	145.588983	0.005479	5.7
1052	-0.895151	145.513208	0.004638	6.7
1053	-0.000000	145.437538	0.000000	5.9
1054	-0.000000	145.361973	0.000000	5.1
1055	-1.110678	145.286513	0.010662	6.8
1056	-1.286841	145.211157	0.005591	5.7
1057	-0.939908	145.135905	0.006627	5.8
1058	-0.778980	145.060757	0.011499	7.2
1059	-0.037663	144.985712	0.002459	6.2
1060	-0.933388	144.910771	0.009209	6.8
1061	-1.150568	144.835934	0.013659	5.9
1062	-1.047389	144.761199	0.010043	6.8
1063	-1.056490	144.686567	0.009900	7.2
1064	-0.453194	144.612037	0.004363	5.7
1065	-0.280947	144.537610	0.004984	6.7
1066	-0.035143	144.463285	0.001648	5.6
1067	-0.000000	144.389062	0.000000	5.6
1068	-0.618239	144.314940	0.006803	7.1
1069	-0.189223	144.240920	0.003685	5.4
1070	-0.506092	144.167001	0.008298	6.2
1071	-0.977333	144.093182	0.014139	6.8
1072	-0.000000	144.019465	0.000000	5.7
1073	-0.956236	143.945848	0.008215	7.1
1074	-0.370863	143.872331	0.008214	6.1
1075	-0.061834	143.798914	0.001910	5.9
1076	-0.000952	143.725597	0.000206	7.0
1077	-1.173815	143.652380	0.014560	5.9
1078	-0.993040	143.579262	0.009698	6.4
1079	-0.932911	143.506243	0.006772	6.3
1080	-0.041742	143.433323	0.001970	6.0
1081	-0.750009	143.360502	0.007475	6.7
1082	-1.188364	143.287780	0.012497	6.1
1083	-1.171192	143.215155	0.011316	6.1
1084	-1.211531	143.142629	0.006845	6.7
1085	-1.192239	143.070201	0.009579	6.1
1086	-0.008856	142.997870	0.000184	7.5
1087	-0.681962	142.925637	0.006650	5.9
1088	-0.066583	142.853501	0.003688	6.0
1089	-1.207523	142.781462	0.010393	7.4
1090	-1.102307	142.709519	0.004952	6.0
1091	-0.000000	142.637674	0.000000	6.6
1092	-0.630121	142.565924	0.015547	6.0
1093	-0.683491	142.494271	0.009821	6.1
1094	-1.248003	142.422714	0.011036	6.5
1095	-1.154535	142.351252	0.011289	5.9
1096	-1.229814	142.279886	0.019127	6.4
1097	-1.214254	142.208616	0.020836	6.5
1098	-0.810627	142.137440	0.008423	6.1
1099	-0.497314	142.066360	0.006440	6.7
1100	-0.000000	141.995374	0.000000	5.9
1101	-1.075959	141.924483	0.012499	6.0
1102	-1.086689	141.853685	0.006861	6.7
1103	-0.000000	141.782983	0.000000	5.5
1104	-1.000906	141.712373	0.009568	5.7
1105	-0.038132	141.641858	0.002187	6.0
1106	-1.197072	141.571436	0.024229	5.8
1107	-0.481249	141.501108	0.009068	7.2
1108	-0.710583	141.430872	0.011139	6.1
1109	-1.217986	141.360730	0.024750	5.7
1110	-1.268189	141.290680	0.012713	6.9
1111	-0.609118	141.220722	0.013394	5.8
1112	-0.000000	141.150857	0.000000	6.5
1113	-0.929729	141.081084	0.011150	5.6
1114	-0.437433	141.011403	0.005251	5.8
1115	-0.732945	140.941813	0.012302	6.9
1116	-0.081595	140.872315	0.002397	5.7
1117	-0.454846	140.802909	0.005588	6.3
1118	-0.160027	140.733593	0.003990	6.8
1119	-1.270892	140.664369	0.014670	6.0
1120	-0.027137	140.595235	0.001670	7.1
1121	-1.143821	140.526192	0.014224	5.9
1122	-0.781317	140.457239	0.006632	6.0
1123	-0.983004	140.388376	0.010123	8.0
1124	-1.014076	140.319603	0.019058	5.9
1125	-0.671869	140.250920	0.008361	6.8
1126	-0.004621	140.182326	0.000789	5.9
1127	-1.117974	140.113822	0.010810	6.4
1128	-0.837857	140.045407	0.016959	7.2
1129	-0.870621	139.977081	0.008026	5.9
1130	-0.000000	139.908844	0.000000	6.9
1131	-1.211125	139.840696	0.013894	6.0
1132	-0.000000	139.772635	0.000000	6.0
1133	-0.000000	139.704664	0.000000	7.0
1134	-1.138538	139.636780	0.026247	5.9
1135	-0.000000	139.568984	0.000000	6.5
1136	-1.143641	139.501276	0.005775	5.9
1137	-1.204166	139.433655	0.015658	5.9
1138	-0.709897	139.366122	0.009594	7.2
1139	-1.082379	139.298676	0.008001	6.1
1140	-0.957781	139.231317	0.013425	5.9
1141	-0.000000	139.164045	0.000000	5.9
1142	-0.000000	139.096859	0.000000	6.0
1143	-0.069030	139.029760	0.001613	6.4
1144	-1.166274	138.962747	0.017928	6.1
1145	-1.325313	138.895820	0.027480	5.8
1146	-1.179865	138.828978	0.009913	6.9
1147	-0.000000	138.762223	0.000000	5.2
1148	-0.000000	138.695553	0.000000	5.5
1149	-0.000000	138.628969	0.000000	6.1
1150	-0.020555	138.562469	0.001291	5.7
1151	-0.107357	138.496055	0.003344	5.9
1152	-0.059295	138.429725	0.000393	6.9
1153	-0.172894	138.363481	0.005978	6.0
1154	-0.847764	138.297320	0.005626	7.0
1155	-0.000038	138.231244	0.000018	6.6
1156	-0.306833	138.165252	0.003742	5.6
1157	-0.829127	138.099344	0.026856	6.3
1158	-0.152109	138.033520	0.004530	5.8
1159	-0.803659	137.967779	0.012215	6.1
1160	-0.420814	137.902122	0.004654	6.4
1161	-0.000000	137.836548	0.000000	5.7
1162	-0.887817	137.771057	0.011166	6.4
1163	-0.683229	137.705649	0.009459	5.8
1164	-0.738473	137.640324	0.016143	5.8
1165	-1.128386	137.575081	0.020317	6.6
1166	-0.000000	137.509921	0.000000	5.6
1167	-0.595473	137.444842	0.008993	6.0
1168	-0.662317	137.379846	0.010930	6.7
1169	-0.766910	137.314932	0.005083	6.3
1170	-0.000000	137.250100	0.000000	6.7
1171	-0.000000	137.185349	0.000000	5.9
1172	-0.079708	137.120680	0.001650	5.9
1173	-0.616436	137.056092	0.009626	7.1
1174	-1.191778	136.991585	0.023846	6.0
1175	-0.808802	136.927158	0.006312	6.6
1176	-0.798378	136.862813	0.016880	6.5
1177	-0.039388	136.798548	0.002381	6.0
1178	-0.328870	136.734363	0.003291	6.6
1179	-0.666137	136.670259	0.008958	6.1
1180	-0.216799	136.606235	0.005616	6.0
1181	-1.043219	136.542291	0.007428	6.8
1182	-0.082848	136.478426	0.003230	6.1
1183	-0.000000	136.414641	0.000000	7.6
1184	-1.151269	136.350936	0.014319	6.4
1185	-0.000000	136.287310	0.000000	5.5
1186	-1.209489	136.223763	0.039572	6.4
1187	-1.174726	136.160295	0.011467	5.7
1188	-0.573755	136.096905	0.010748	6.4
1189	-0.000000	136.033594	0.000000	6.4
1190	-1.199188	135.970362	0.013248	5.7
1191	-0.474485	135.907208	0.009588	6.6
1192	-0.785998	135.844133	0.007151	5.8
1193	-0.024111	135.781135	0.001513	5.9
1194	-0.935230	135.718215	0.008078	6.5
1195	-0.000142	135.655373	0.000040	5.8
1196	-0.215046	135.592608	0.002564	6.6
1197	-0.128607	135.529921	0.006788	5.9
1198	-0.000000	135.467311	0.000000	5.7
1199	-0.570353	135.404778	0.012771	6.4
1200	-0.490378	135.342322	0.005214	5.9
1201	-0.481262	135.279942	0.006217	5.7
1202	-0.541435	135.217640	0.009544	6.6
1203	-1.280875	135.155413	0.007630	5.7
1204	-0.814128	135.093263	0.009213	6.5
1205	-1.134716	135.031190	0.015556	5.9
1206	-0.693826	134.969192	0.006330	5.8
1207	-0.024099	134.907270	0.001420	7.5
1208	-1.138463	134.845424	0.007208	6.1
1209	-0.639109	134.783653	0.010637	5.8
1210	-1.010918	134.721958	0.017839	6.7
1211	-1.268660	134.660338	0.007810	5.9
1212	-0.000612	134.598793	0.000204	7.0
1213	-0.820228	134.537323	0.011441	6.1
1214	-0.518439	134.475927	0.006034	6.0
1215	-1.063911	134.414607	0.008729	6.9
1216	-0.001789	134.353361	0.000289	6.3
1217	-0.611059	134.292189	0.009579	6.8
1218	-1.175225	134.231092	0.013143	6.6
1219	-0.573006	134.170068	0.006454	6.3
1220	-1.270391	134.109119	0.014017	6.6
1221	-1.293272	134.048243	0.022143	5.9
1222	-0.983102	133.987441	0.006320	6.9
1223	-0.559184	133.926713	0.009022	6.5
1224	-0.713962	133.866057	0.004414	6.0
1225	-1.189604	133.805475	0.013015	6.4
1226	-0.365136	133.744966	0.004392	5.9
1227	-1.255811	133.684530	0.007013	6.4
1228	-0.853016	133.624167	0.006875	6.6
1229	-1.231847	133.563877	0.015030	6.2
1230	-0.000000	133.503658	0.000000	7.0
1231	-0.946643	133.443513	0.011056	5.8
1232	-0.982387	133.383439	0.007572	6.1
1233	-0.913065	133.323437	0.019798	6.8
1234	-0.490754	133.263508	0.006074	5.9
1235	-1.129238	133.203650	0.006710	6.7
1236	-0.000000	133.143864	0.000000	5.2
1237	-0.000000	133.084149	0.000000	5.7
1238	-1.245071	133.024506	0.024949	7.0
1239	-0.319187	132.964934	0.002222	6.0
1240	-0.000047	132.905433	0.000013	5.8
1241	-0.120906	132.846003	0.005188	6.3
1242	-1.242974	132.786643	0.009914	6.1
1243	-0.000000	132.727355	0.000000	6.7
1244	-0.604311	132.668137	0.008435	5.8
1245	-0.818317	132.608989	0.009291	5.8
1246	-1.262431	132.549912	0.017328	6.6
1247	-1.226436	132.490904	0.017688	5.8
1248	-0.000000	132.431967	0.000000	5.9
1249	-1.129004	132.373100	0.008114	6.8
1250	-0.000000	132.314302	0.000000	5.9
1251	-1.298024	132.255574	0.020260	6.7
1252	-0.925002	132.196916	0.011633	5.8
1253	-0.052145	132.138326	0.001190	5.8
1254	-0.000000	132.079806	0.000000	7.2
1255	-0.293664	132.021355	0.004252	6.0
1256	-0.944936	131.962973	0.011891	6.0
1257	-0.489070	131.904660	0.004177	6.3
1258	-1.114871	131.846415	0.015921	5.7
1259	-0.026535	131.788239	0.001575	6.7
1260	-0.896802	131.730131	0.015996	5.8
1261	-0.073766	131.672092	0.002453	5.8
1262	-0.170515	131.614121	0.003147	6.7
1263	-0.766074	131.556217	0.016783	6.0
1264	-0.000000	131.498382	0.000000	6.3
1265	-0.609509	131.440614	0.009165	6.0
1266	-0.000004	131.382914	0.000002	5.9
1267	-0.744193	131.325282	0.006258	7.1
1268	-0.597785	131.267717	0.016532	6.0
1269	-1.219451	131.210219	0.016823	6.4
1270	-0.836596	131.152788	0.009213	7.0
1271	-1.256500	131.095424	0.021351	6.2
1272	-0.001281	131.038127	0.000434	6.9
1273	-0.796202	130.980897	0.009290	5.8
1274	-0.040079	130.923733	0.001642	6.3
1275	-1.008317	130.866636	0.017935	6.7
1276	-0.785025	130.809605	0.007181	6.0
1277	-0.713523	130.752641	0.004889	7.0
1278	-0.865623	130.695742	0.008069	6.1
1279	-1.279618	130.638910	0.024725	6.1
1280	-0.481260	130.582143	0.005000	7.1
1281	-0.976695	130.525442	0.010689	6.0
1282	-1.127871	130.468807	0.011866	6.7
1283	-0.536187	130.412237	0.008582	6.1
1284	-0.626123	130.355733	0.006695	6.6
1285	-0.164276	130.299294	0.004192	7.0
1286	-0.601329	130.242920	0.006335	6.3
1287	-0.462653	130.186611	0.008770	6.5
1288	-0.966998	130.130366	0.007062	5.9
1289	-0.671718	130.074187	0.012521	6.0
1290	-1.076510	130.018072	0.002898	7.0
1291	-0.128493	129.962022	0.005636	5.9
1292	-0.148067	129.906036	0.004115	6.0
1293	-0.000000	129.850114	0.000000	6.5
1294	-1.103363	129.794257	0.005695	5.8
1295	-1.075387	129.738463	0.012017	6.6
1296	-1.138481	129.682734	0.020049	5.9
1297	-0.106232	129.627068	0.001453	6.0
1298	-1.115663	129.571466	0.015402	6.6
1299	-0.951174	129.515927	0.016732	5.7
1300	-0.011191	129.460452	0.001064	5.9
1301	-0.418758	129.405040	0.009242	6.4
1302	-0.662598	129.349692	0.011710	6.1
1303	-0.431696	129.294406	0.002639	6.8
1304	-0.319268	129.239183	0.006531	6.7
1305	-0.401621	129.184024	0.005070	5.8
1306	-0.029302	129.128927	0.002109	6.8
1307	-0.336977	129.073892	0.005540	5.5
1308	-1.049420	129.018921	0.006765	6.4
1309	-0.853394	128.964011	0.006846	6.1
1310	-1.284720	128.909164	0.014333	5.8
1311	-0.611927	128.854379	0.007791	7.4
1312	-1.186324	128.799656	0.031482	6.0
1313	-1.229434	128.744995	0.008653	5.9
1314	-1.242193	128.690396	0.040759	6.5
1315	-0.654787	128.635858	0.009454	5.5
1316	-1.185508	128.581382	0.009094	6.5
1317	-0.547084	128.526968	0.008602	5.7
1318	-0.377225	128.472615	0.004235	5.7
1319	-1.024700	128.418323	0.004919	7.9
1320	-0.000035	128.364092	0.000014	5.9
1321	-1.373809	128.309922	0.021728	5.9
1322	-0.000000	128.255814	0.000000	6.3
1323	-1.132507	128.201766	0.022112	6.2
1324	-0.366625	128.147778	0.002634	7.4
1325	-0.421460	128.093852	0.003737	6.0
1326	-1.254127	128.039985	0.021321	6.1
1327	-0.686042	127.986180	0.007020	7.3
1328	-0.077880	127.932434	0.004028	6.0
1329	-0.136768	127.878749	0.004991	7.2
1330	-0.275261	127.825123	0.001783	6.3
1331	-0.295198	127.771558	0.006251	6.1
1332	-0.739978	127.718052	0.008317	6.8
1333	-0.000000	127.664606	0.000000	5.6
1334	-1.100579	127.611220	0.010195	7.8
1335	-0.000000	127.557893	0.000000	6.4
1336	-0.000000	127.504625	0.000000	6.1
1337	-0.000000	127.451417	0.000000	6.7
1338	-0.093348	127.398268	0.002097	6.0
1339	-0.756956	127.345178	0.014027	6.7
1340	-0.119083	127.292147	0.001295	6.0
1341	-0.062061	127.239175	0.001615	6.3
1342	-1.180849	127.186261	0.032189	7.6
1343	-0.131241	127.133407	0.005096	6.3
1344	-1.072318	127.080610	0.051538	6.8
1345	-0.935947	127.027872	0.010433	5.8
1346	-0.609053	126.975193	0.006357	5.7
1347	-0.219113	126.922572	0.003508	6.3
1348	-0.743677	126.870008	0.009252	5.7
1349	-0.000000	126.817503	0.000000	5.9
1350	-0.000000	126.765056	0.000000	7.3
1351	-1.008954	126.712667	0.012114	7.2
1352	-0.465094	126.660335	0.013933	7.4
1353	-0.688112	126.608061	0.006497	6.0
1354	-0.836562	126.555844	0.011181	7.0
1355	-0.433854	126.503685	0.006376	6.5
1356	-0.291841	126.451583	0.006503	6.3
1357	-1.219199	126.399538	0.022903	6.7
1358	-0.895791	126.347550	0.012469	5.9
1359	-0.752648	126.295619	0.006435	6.3
1360	-0.966458	126.243745	0.004224	6.3
1361	-0.199102	126.191928	0.003389	6.1
1362	-0.475716	126.140168	0.006199	6.9
1363	-0.017551	126.088464	0.000778	6.2
1364	-0.004427	126.036817	0.000568	6.2
1365	-0.640935	125.985226	0.011910	6.6
1366	-1.276141	125.933691	0.010438	6.0
1367	-0.815974	125.882212	0.007001	7.6
1368	-1.186346	125.830790	0.018911	6.3
1369	-0.331183	125.779423	0.005787	5.9
1370	-0.000000	125.728113	0.000000	6.4
1371	-0.196970	125.676858	0.005941	6.5
1372	-1.007993	125.625659	0.008202	7.6
1373	-1.153622	125.574515	0.012710	6.7
1374	-1.207105	125.523427	0.012489	6.6
1375	-0.117707	125.472394	0.002150	6.9
1376	-0.000000	125.421417	0.000000	5.6
1377	-1.206661	125.370495	0.010455	6.9
1378	-0.990760	125.319628	0.007077	6.2
1379	-0.000000	125.268815	0.000000	6.4
1380	-1.201891	125.218058	0.008390	6.5
1381	-0.575546	125.167356	0.010977	5.8
1382	-1.057615	125.116708	0.032323	7.1
1383	-0.957637	125.066115	0.011443	6.2
1384	-1.311954	125.015576	0.011844	6.1
1385	-0.011081	124.965092	0.001660	6.6
1386	-0.544507	124.914662	0.006441	5.7
1387	-0.910531	124.864287	0.009978	6.9
1388	-0.934406	124.813965	0.004504	6.3
1389	-0.771333	124.763698	0.003264	6.0
1390	-0.003405	124.713485	0.000479	6.3
1391	-0.722008	124.663325	0.011387	5.5
1392	-1.155486	124.613219	0.010440	5.9
1393	-1.305431	124.563167	0.018155	6.5
1394	-0.384835	124.513168	0.004107	6.0
1395	-0.374383	124.463223	0.007958	6.4
1396	-0.898029	124.413332	0.015964	5.8
1397	-0.000003	124.363493	0.000002	5.6
1398	-0.530765	124.313708	0.010106	6.6
1399	-0.197635	124.263976	0.006704	6.1
1400	-0.993449	124.214297	0.012035	6.0
1401	-0.780532	124.164671	0.004006	6.8
1402	-0.093483	124.115097	0.002198	6.2
1403	-0.992669	124.065577	0.015954	6.5
1404	-0.893761	124.016109	0.009475	5.9
1405	-0.570271	123.966693	0.010932	6.0
1406	-0.000000	123.917330	0.000000	6.3
1407	-0.916175	123.868020	0.010026	5.8
1408	-0.398172	123.818762	0.004760	6.1
1409	-0.227016	123.769556	0.002875	6.4
1410	-0.706199	123.720402	0.017203	5.9
1411	-0.000254	123.671300	0.000099	6.6
1412	-1.213375	123.622250	0.011536	6.1
1413	-1.135648	123.573252	0.013200	6.0
1414	-0.000000	123.524305	0.000000	7.3
1415	-0.867598	123.475411	0.011731	6.0
1416	-0.000000	123.426568	0.000000	6.3
1417	-0.620531	123.377776	0.010902	6.6
1418	-1.381683	123.329036	0.006796	6.1
1419	-1.267955	123.280347	0.009177	6.9
1420	-0.014631	123.231709	0.001869	6.0
1421	-1.298006	123.183122	0.026844	6.5
1422	-1.228347	123.134587	0.027777	6.1
1423	-0.000000	123.086102	0.000000	5.3
1424	-0.788112	123.037669	0.013126	6.9
1425	-0.829082	122.989286	0.007758	5.9
1426	-0.192559	122.940954	0.006726	6.4
1427	-0.695467	122.892672	0.010448	6.8
1428	-0.496800	122.844441	0.007450	6.1
1429	-0.000000	122.796261	0.000000	6.4
1430	-0.000000	122.748130	0.000000	5.6
1431	-0.883057	122.700050	0.008405	5.9
1432	-0.000000	122.652021	0.000000	6.9
1433	-0.451985	122.604041	0.009642	6.3
1434	-0.831665	122.556111	0.013240	5.7
1435	-0.984572	122.508232	0.010245	6.6
1436	-1.219235	122.460402	0.006519	5.7
1437	-1.210982	122.412622	0.009951	6.2
1438	-0.796554	122.364891	0.008066	5.8
1439	-0.000000	122.317210	0.000000	5.7
1440	-1.263057	122.269579	0.026949	7.3
1441	-0.637642	122.221997	0.006878	5.9
1442	-0.000000	122.174465	0.000000	5.6
1443	-1.136664	122.126981	0.004795	6.5
1444	-0.825108	122.079547	0.009093	5.9
1445	-1.229226	122.032162	0.028711	6.7
1446	-0.000000	121.984826	0.000000	5.8
1447	-0.000000	121.937539	0.000000	5.9
1448	-1.021294	121.890301	0.006561	7.0
1449	-0.000001	121.843112	0.000000	6.4
1450	-0.000000	121.795971	0.000000	5.8
1451	-1.038801	121.748879	0.012705	5.8
1452	-0.000000	121.701835	0.000000	5.9
1453	-0.463986	121.654840	0.009967	6.7
1454	-0.956507	121.607893	0.016384	5.8
1455	-0.323340	121.560994	0.009486	5.7
1456	-0.911875	121.514144	0.014762	6.4
1457	-0.253798	121.467342	0.005375	5.7
1458	-0.474518	121.420588	0.008556	6.5
1459	-0.410100	121.373882	0.006375	6.7
1460	-0.000000	121.327223	0.000000	5.9
1461	-1.060447	121.280613	0.009764	7.1
1462	-0.400044	121.234050	0.005735	6.3
1463	-0.000000	121.187535	0.000000	5.7
1464	-1.228660	121.141067	0.017624	7.0
1465	-0.076612	121.094647	0.006013	6.2
1466	-0.323858	121.048274	0.005074	7.0
1467	-0.954900	121.001949	0.005814	6.0
1468	-0.953222	120.955671	0.018699	6.3
1469	-0.958995	120.909440	0.009255	6.9
1470	-0.617473	120.863256	0.005856	5.9
1471	-0.839244	120.817119	0.013834	6.9
1472	-0.860483	120.771029	0.011250	6.1
1473	-1.089276	120.724986	0.010388	6.2
1474	-1.134769	120.678990	0.008596	6.7
1475	-1.158585	120.633040	0.013031	6.0
1476	-1.137321	120.587137	0.012627	6.4
1477	-1.200399	120.541281	0.014135	6.2
1478	-0.361089	120.495471	0.008736	5.9
1479	-0.027180	120.449707	0.003240	7.0
1480	-0.646909	120.403990	0.007300	5.8
1481	-0.792695	120.358319	0.014455	5.8
1482	-1.129424	120.312694	0.014738	6.8
1483	-0.280628	120.267115	0.004862	6.0
1484	-0.640149	120.221582	0.010507	6.4
1485	-1.225132	120.176096	0.005097	5.7
1486	-0.464429	120.130655	0.006870	5.5
1487	-0.873405	120.085260	0.020254	7.1
1488	-1.265709	120.039910	0.024159	5.7
1489	-0.007586	119.994606	0.000798	5.9
1490	-0.859819	119.949348	0.012147	6.6
1491	-1.064033	119.904135	0.007136	5.7
1492	-1.158430	119.858968	0.005905	6.7
1493	-0.778089	119.813846	0.008331	5.9
1494	-0.627516	119.768769	0.011893	5.7
1495	-0.721384	119.723738	0.010396	6.4
1496	-0.160892	119.678752	0.006897	6.0
1497	-0.002805	119.633810	0.000507	5.7
1498	-0.028989	119.588914	0.000930	6.4
1499	-0.449100	119.544062	0.007821	6.0
1500	-0.335244	119.499256	0.004600	6.4
1501	-1.222318	119.454494	0.036768	6.2
1502	-1.197525	119.409777	0.013380	6.0
1503	-0.544916	119.365104	0.003959	6.9
1504	-0.640328	119.320476	0.006736	6.1
1505	-0.000000	119.275893	0.000000	6.2
1506	-0.000000	119.231353	0.000000	6.5
1507	-0.485813	119.186859	0.009243	6.2
1508	-0.000000	119.142408	0.000000	7.0
1509	-1.067858	119.098002	0.019185	6.0
1510	-1.127291	119.053639	0.013843	6.0
1511	-0.000000	119.009321	0.000000	6.9
1512	-0.669877	118.965047	0.005664	5.9
1513	-0.925405	118.920816	0.010482	7.6
1514	-0.000000	118.876630	0.000000	5.9
1515	-0.000000	118.832487	0.000000	5.9
1516	-0.004321	118.788388	0.000766	7.8
1517	-1.156622	118.744332	0.006655	5.8
1518	-0.520968	118.700320	0.012518	7.1
1519	-0.000000	118.656352	0.000000	5.7
1520	-0.504768	118.612427	0.004061	5.8
1521	-0.933055	118.568545	0.043732	6.4
1522	-1.124369	118.524706	0.021227	5.7
1523	-0.591161	118.480911	0.008805	5.9
1524	0.000000	118.437159	0.000000	5.9
1525	-0.000000	118.393450	0.000000	5.6
1526	-0.725855	118.349784	0.018483	6.8
1527	-0.716085	118.306160	0.007901	6.2
1528	-0.453557	118.262580	0.007907	5.9
1529	-0.893901	118.219042	0.008004	6.7
1530	-1.091961	118.175548	0.020382	6.7
1531	-1.176605	118.132095	0.019280	6.3
1532	-0.000000	118.088686	0.000000	6.4
1533	-0.021118	118.045319	0.001926	5.8
1534	-0.670812	118.001994	0.013597	6.8
1535	-1.171999	117.958712	0.015569	5.7
1536	-0.678878	117.915472	0.009960	5.8
1537	-0.804559	117.872274	0.006058	6.6
1538	-0.000000	117.829118	0.000000	5.7
1539	-0.000000	117.786005	0.000000	5.5
1540	-1.046109	117.742933	0.005046	6.7
1541	-0.000000	117.699904	0.000000	6.0
1542	-0.000002	117.656916	0.000001	7.1
1543	-0.822896	117.613971	0.009429	5.9
1544	-0.534165	117.571067	0.014214	6.1
1545	-0.627117	117.528205	0.009609	7.1
1546	-0.222653	117.485384	0.004652	6.1
1547	-0.596536	117.442605	0.011790	7.2
1548	-0.031610	117.399867	0.001906	6.2
1549	-0.000000	117.357171	0.000000	5.9
1550	-1.153704	117.314517	0.015494	7.8
1551	-1.090236	117.271903	0.004282	6.0
1552	-1.132215	117.229331	0.010538	6.8
1553	-0.055944	117.186800	0.001298	6.3
1554	-0.000057	117.144311	0.000009	6.2
1555	-1.149235	117.101862	0.010638	6.6
1556	-0.739788	117.059454	0.009757	6.0
1557	-0.419188	117.017087	0.007789	6.7
1558	-0.673152	116.974762	0.008342	6.3
1559	-1.188243	116.932476	0.015008	5.9
1560	-0.533520	116.890232	0.003301	6.6
1561	-0.997735	116.848028	0.011147	5.8
1562	-1.209064	116.805865	0.011477	6.2
1563	-0.540442	116.763743	0.008654	6.4
1564	-1.274700	116.721661	0.024140	5.8
1565	-0.833379	116.679619	0.007607	7.5
1566	-0.000000	116.637618	0.000000	5.9
1567	-1.072804	116.595657	0.012167	6.2
1568	-0.976949	116.553736	0.004437	6.5
1569	-1.008090	116.511855	0.007639	5.7
1570	-1.280278	116.470015	0.012724	6.6
1571	-0.000000	116.428214	0.000000	5.9
1572	-1.238925	116.386454	0.010924	5.8
1573	-0.073124	116.344733	0.002771	7.1
1574	-0.952822	116.303052	0.007406	5.6
1575	-0.194765	116.261412	0.003367	5.9
1576	-0.000000	116.219810	0.000000	6.3
1577	-0.207191	116.178249	0.005536	6.0
1578	-1.307570	116.136727	0.012237	6.5
1579	-0.128783	116.095245	0.003175	6.0
1580	-0.838556	116.053802	0.004535	6.0
1581	-0.947101	116.012398	0.011547	7.2
1582	-1.116350	115.971034	0.005884	6.0
1583	-0.967813	115.929710	0.013453	5.6
1584	-1.134676	115.888424	0.014434	6.8
1585	-0.807234	115.847178	0.008953	5.7
1586	-0.245609	115.805970	0.005605	7.3
1587	-0.831740	115.764802	0.009306	6.2
1588	-0.508226	115.723673	0.006269	6.0
1589	-0.646595	115.682583	0.009426	7.1
1590	-0.835329	115.641532	0.005408	6.1
1591	-0.000147	115.600519	0.000062	6.9
1592	-0.722229	115.559546	0.005055	6.1
1593	-0.000000	115.518610	0.000000	6.0
1594	-0.592618	115.477714	0.008766	6.6
1595	-0.698299	115.436856	0.012230	5.9
1596	-0.000000	115.396037	0.000000	6.8
1597	-1.041405	115.355256	0.020513	6.1
1598	-0.041131	115.314514	0.001649	6.2
1599	-0.059796	115.273810	0.003985	7.6
1600	-1.041397	115.233144	0.016073	6.0
1601	-0.518633	115.192517	0.012094	7.2
1602	-0.850939	115.151927	0.007721	6.3
1603	-0.549923	115.111376	0.008845	6.0
1604	-0.930137	115.070863	0.007941	6.3
1605	-0.617756	115.030388	0.005562	5.9
1606	-0.717925	114.989951	0.008571	6.3
1607	-0.000025	114.949551	0.000009	6.6
1608	-0.000543	114.909190	0.000185	5.7
1609	-0.725707	114.868866	0.005259	6.7
1610	-0.000000	114.828580	0.000000	5.5
1611	-0.424465	114.788332	0.006184	6.1
1612	-0.026919	114.748121	0.003822	6.8
1613	-0.250024	114.707948	0.004785	5.7
1614	-0.000185	114.667812	0.000063	6.2
1615	-0.837424	114.627714	0.041100	6.6
1616	-1.267903	114.587653	0.012328	5.7
1617	-0.775329	114.547629	0.010656	6.6
1618	-0.900644	114.507643	0.012337	5.9
1619	-1.065048	114.467693	0.009705	5.7
1620	-0.404731	114.427781	0.005707	6.8
1621	-0.497042	114.387907	0.008938	5.7
1622	-1.201723	114.348069	0.007207	5.9
1623	-0.860848	114.308268	0.006047	6.3
1624	-1.151318	114.268504	0.011854	5.8
1625	-0.641079	114.228777	0.011482	6.8
1626	-0.733323	114.189086	0.011576	5.8
1627	-0.287450	114.149433	0.003477	5.7
1628	-0.000000	114.109816	0.000000	6.7
1629	-0.000592	114.070235	0.000231	6.1
1630	-0.363416	114.030692	0.009342	6.7
1631	-0.908656	113.991185	0.006983	6.3
1632	-1.096972	113.951714	0.010451	5.8
1633	-1.255348	113.912280	0.006555	6.2
1634	-0.000000	113.872882	0.000000	6.0
1635	-1.042608	113.833521	0.008029	6.2
1636	-0.741171	113.794195	0.012927	6.8
1637	-0.000000	113.754906	0.000000	5.9
1638	-0.557253	113.715653	0.006942	7.0
1639	-1.138618	113.676437	0.009910	6.2
1640	-0.000000	113.637256	0.000000	6.0
1641	-0.000002	113.598111	0.000001	6.8
1642	-0.000000	113.559002	0.000000	5.9
1643	-1.304901	113.519929	0.027106	7.1
1644	-0.524176	113.480892	0.005765	6.0
1645	-0.000000	113.441891	0.000000	5.6
1646	-1.034555	113.402925	0.008691	7.0
1647	-0.719599	113.363995	0.010222	6.2
1648	-1.017230	113.325101	0.011760	6.4
1649	-0.643160	113.286242	0.008534	6.9
1650	-0.000000	113.247419	0.000000	6.2
1651	-0.187585	113.208631	0.004468	6.6
1652	-0.777711	113.169879	0.017399	6.4
1653	-0.002738	113.131162	0.000368	6.1
1654	-0.216667	113.092480	0.003371	6.3
1655	-0.000000	113.053833	0.000000	5.9
1656	-0.824265	113.015222	0.006617	6.9
1657	-1.090050	112.976646	0.007530	6.0
1658	-1.116260	112.938105	0.003617	6.3
1659	-0.684214	112.899599	0.010022	6.8
1660	-0.322536	112.861128	0.008040	5.9
1661	-1.029721	112.822692	0.012434	6.6
1662	-0.831941	112.784291	0.010903	5.7
1663	-0.000000	112.745924	0.000000	5.8
1664	-0.546811	112.707593	0.008960	6.9
1665	-0.082516	112.669296	0.001706	6.4
1666	-0.987037	112.631034	0.016919	5.5
1667	-0.000000	112.592806	0.000000	6.5
1668	-0.000000	112.554613	0.000000	5.7
1669	-1.071185	112.516455	0.008641	6.7
1670	-0.544827	112.478331	0.009511	6.1
1671	-0.000000	112.440241	0.000000	5.6
1672	-0.677417	112.402186	0.013473	6.4
1673	-0.000004	112.364165	0.000002	5.7
1674	-0.000127	112.326179	0.000035	5.7
1675	-0.762919	112.288227	0.011002	6.2
1676	-0.789288	112.250309	0.009978	5.9
1677	-1.213035	112.212425	0.012688	6.3
1678	-0.715371	112.174575	0.004342	5.9
1679	-0.000000	112.136759	0.000000	5.8
1680	-0.760194	112.098977	0.005444	7.1
1681	-0.059086	112.061229	0.001729	6.2
1682	-1.245066	112.023515	0.012756	6.4
1683	-1.099389	111.985834	0.008071	6.8
1684	-0.512594	111.948188	0.008740	6.2
1685	-0.714675	111.910575	0.011593	7.0
1686	-0.000000	111.872996	0.000000	6.6
1687	-0.032083	111.835450	0.001576	7.0
1688	-0.381042	111.797939	0.011130	6.4
1689	-0.000000	111.760460	0.000000	6.0
1690	-1.280559	111.723015	0.016214	7.1
1691	-0.000000	111.685604	0.000000	5.9
1692	-0.272845	111.648226	0.004221	6.1
1693	-1.193959	111.610881	0.003907	6.7
1694	-0.000000	111.573570	0.000000	6.0
1695	-0.816398	111.536292	0.012797	7.8
1696	-0.000000	111.499047	0.000000	6.1
1697	-0.000000	111.461835	0.000000	6.5
1698	-0.000000	111.424656	0.000000	7.5
1699	-0.000000	111.387510	0.000000	6.0
1700	-0.000000	111.350398	0.000000	6.5
1701	-0.822997	111.313318	0.007585	5.9
1702	-0.361043	111.276271	0.006079	6.2
1703	-0.002331	111.239257	0.000484	6.7
1704	-0.565094	111.202276	0.005213	5.8
1705	-0.917163	111.165328	0.005291	6.6
1706	-0.744905	111.128412	0.004100	6.0
1707	-1.195204	111.091529	0.021957	5.8
1708	-0.074470	111.054679	0.003461	6.8
1709	-0.000000	111.017861	0.000000	5.3
1710	-0.362587	110.981076	0.005085	6.1
1711	-0.138377	110.944323	0.004602	6.5
1712	-0.760453	110.907603	0.008217	5.8
1713	-0.000000	110.870915	0.000000	6.7
1714	-1.285667	110.834259	0.022446	6.2
1715	-0.452166	110.797636	0.007662	5.8
1716	-0.929950	110.761045	0.007419	6.8
1717	-0.061512	110.724486	0.001363	5.5
1718	-1.181636	110.687959	0.011368	5.8
1719	-0.585286	110.651465	0.006332	6.8
1720	-1.198808	110.615002	0.014506	5.7
1721	-0.737581	110.578572	0.006721	6.3
1722	-0.000000	110.542173	0.000000	5.8
1723	-0.695668	110.505807	0.009359	5.8
1724	-0.010818	110.469472	0.000588	6.8
1725	-0.822141	110.433169	0.029442	6.0
1726	-0.885732	110.396898	0.005770	5.7
1727	-0.000000	110.360659	0.000000	6.2
1728	-0.000000	110.324451	0.000000	5.7
1729	-1.139819	110.288276	0.013198	6.3
1730	-0.735127	110.252131	0.012940	6.0
1731	-0.550179	110.216019	0.005376	5.9
1732	-0.832205	110.179937	0.004742	7.3
1733	-0.910772	110.143888	0.014276	6.2
1734	-0.460595	110.107869	0.004009	6.0
1735	-0.969759	110.071882	0.017495	6.4
1736	-0.668823	110.035927	0.009280	6.2
1737	-0.692221	110.000003	0.013185	6.8
1738	-0.982722	109.964110	0.007032	6.2
1739	-1.007248	109.928248	0.009539	6.4
1740	-0.681115	109.892417	0.006007	6.6
1741	-0.753657	109.856618	0.019473	6.1
1742	-0.566417	109.820850	0.005557	7.2
1743	-0.000000	109.785112	0.000000	5.7
1744	-0.453325	109.749406	0.009971	6.2
1745	-1.066222	109.713730	0.014343	7.0
1746	-0.846286	109.678086	0.005282	5.9
1747	-0.440155	109.642472	0.004580	6.5
1748	-0.897707	109.606890	0.007609	7.0
1749	-0.000000	109.571337	0.000000	6.8
1750	-0.552832	109.535816	0.011383	6.5
1751	-0.689504	109.500326	0.004837	5.9
1752	-0.605741	109.464866	0.004551	7.1
1753	-1.159293	109.429436	0.014377	6.4
1754	-0.113829	109.394038	0.005179	5.8
1755	-0.932975	109.358669	0.009412	6.4
1756	-0.033950	109.323331	0.001564	6.1
1757	-0.305287	109.288024	0.005753	6.1
1758	-1.074984	109.252747	0.008305	6.3
1759	-1.056260	109.217501	0.009512	5.8
1760	-0.000000	109.182284	0.000000	6.3
1761	-0.724338	109.147098	0.011139	6.2
1762	-1.114215	109.111942	0.014024	5.8
1763	-1.170850	109.076817	0.015587	6.9
1764	-0.534600	109.041721	0.003770	5.8
1765	-0.000000	109.006656	0.000000	6.6
1766	-1.234964	108.971620	0.011641	6.0
1767	-0.668585	108.936615	0.002839	5.7
1768	-0.570171	108.901640	0.008344	7.4
1769	-0.000040	108.866694	0.000013	5.6
1770	-0.465775	108.831779	0.005744	5.7
1771	-0.982521	108.796893	0.017623	6.5
1772	-0.000000	108.762037	0.000000	5.9
1773	-0.902292	108.727211	0.017761	6.0
1774	-0.908541	108.692415	0.012369	6.1
1775	-0.000000	108.657648	0.000000	6.1
1776	-0.673409	108.622911	0.007855	6.9
1777	-0.015250	108.588203	0.000990	6.0
1778	-0.988967	108.553525	0.007000	5.8
1779	-0.000000	108.518877	0.000000	6.7
1780	-0.140954	108.484258	0.003482	6.0
1781	-0.669315	108.449668	0.008935	6.2
1782	-1.030581	108.415108	0.006584	6.0
1783	-0.659817	108.380578	0.006480	5.8
1784	-0.998718	108.346076	0.008599	6.7
1785	-1.067252	108.311604	0.013094	5.8
1786	-0.117545	108.277161	0.004660	6.0
1787	-1.011036	108.242747	0.012448	6.6
1788	-0.505807	108.208363	0.005593	5.9
1789	-0.628783	108.174007	0.013112	6.8
1790	-1.251655	108.139681	0.007029	6.1
1791	-0.616824	108.105383	0.008519	6.0
1792	-0.997941	108.071115	0.006457	7.2
1793	-1.093440	108.036875	0.014316	6.1
1794	-0.619580	108.002665	0.011997	6.6
1795	-0.110099	107.968483	0.004723	6.1
1796	-0.640441	107.934330	0.010590	6.2
1797	-1.163225	107.900206	0.009460	7.2
1798	-0.797383	107.866111	0.009808	6.0
1799	-0.907586	107.832044	0.013121	6.6
1800	-0.797367	107.798007	0.013744	6.3
1801	-0.796902	107.763997	0.011835	6.3
1802	-0.000000	107.730017	0.000000	6.9
1803	-0.807190	107.696065	0.007328	5.9
1804	-0.846957	107.662141	0.005043	6.0
1805	-0.740783	107.628246	0.007750	6.3
1806	-0.643085	107.594379	0.011433	5.8
1807	-1.371519	107.560541	0.021869	6.5
1808	-0.697762	107.526731	0.010357	6.2
1809	-0.396100	107.492949	0.002511	6.0
1810	-0.000000	107.459196	0.000000	6.9
1811	-0.798656	107.425471	0.010918	6.1
1812	-0.138104	107.391774	0.003238	5.7
1813	-0.001033	107.358106	0.000209	6.1
1814	-0.496120	107.324465	0.005988	5.7
1815	-0.017166	107.290853	0.001373	6.6
1816	-0.934880	107.257268	0.013450	5.6
1817	-1.244315	107.223712	0.009397	5.8
1818	-1.208781	107.190184	0.018560	6.7
1819	-0.646538	107.156683	0.012370	5.7
1820	-1.228890	107.123211	0.018219	6.4
1821	-0.000000	107.089766	0.000000	6.2
1822	-0.000000	107.056349	0.000000	5.6
1823	-1.195183	107.022960	0.007451	6.9
1824	-0.349071	106.989599	0.004101	5.9
1825	-0.209020	106.956265	0.003913	5.8
1826	-0.464518	106.922960	0.005081	7.0
1827	-0.509715	106.889681	0.006997	5.8
1828	-0.025466	106.856431	0.001233	6.0
1829	-0.168764	106.823208	0.003033	6.9
1830	-0.890708	106.790012	0.011214	6.2
1831	-1.192294	106.756844	0.018099	6.8
1832	-0.000000	106.723703	0.000000	5.9
1833	-0.000043	106.690590	0.000010	6.1
1834	-0.013359	106.657505	0.001678	6.6
1835	-0.911137	106.624446	0.006169	5.9
1836	-0.007829	106.591415	0.001729	7.0
1837	-0.914460	106.558411	0.012809	6.0
1838	-0.806699	106.525435	0.019984	6.1
1839	-0.896831	106.492485	0.009732	6.8
1840	-0.644841	106.459563	0.009024	6.2
1841	-0.056049	106.426668	0.001679	6.8
1842	-0.829716	106.393800	0.005727	6.7
1843	-1.187032	106.360959	0.016760	6.3
1844	-1.054470	106.328145	0.007859	8.0
1845	-0.000000	106.295358	0.000000	6.2
1846	-0.768530	106.262598	0.008919	6.9
1847	-0.121486	106.229865	0.005423	6.0
1848	-0.563037	106.197158	0.007825	6.0
1849	-0.436084	106.164479	0.006900	6.6
1850	-1.062904	106.131826	0.020203	5.8
1851	-0.552340	106.099201	0.008480	6.2
1852	-0.114613	106.066602	0.001517	6.4
1853	-0.044788	106.034029	0.002104	6.0
1854	-0.924390	106.001483	0.007241	6.6
1855	-0.000000	105.968964	0.000000	6.1
1856	-1.198386	105.936472	0.011422	6.1
1857	-0.174824	105.904006	0.003696	7.4
1858	-1.124536	105.871566	0.011939	5.7
1859	-0.000000	105.839153	0.000000	5.9
1860	-0.965804	105.806767	0.004741	6.0
1861	-0.000102	105.774407	0.000029	6.0
1862	-0.656239	105.742073	0.014911	7.0
1863	-0.986670	105.709766	0.018386	6.4
1864	-1.087436	105.677485	0.023437	6.1
1865	-0.931161	105.645230	0.022742	6.3
1866	-0.008203	105.613001	0.000537	6.0
1867	-0.000000	105.580799	0.000000	6.8
1868	-0.384928	105.548623	0.004791	6.0
1869	-0.659813	105.516473	0.003981	6.1
1870	-0.481358	105.484349	0.006814	6.7
1871	-0.166514	105.452251	0.003103	5.8
1872	-0.890689	105.420179	0.008663	6.3
1873	-0.000008	105.388133	0.000005	5.9
1874	-0.000102	105.356113	0.000033	5.8
1875	-1.040492	105.324119	0.005631	6.9
1876	-0.000000	105.292151	0.000000	5.3
1877	-0.911165	105.260209	0.010758	5.8
1878	-0.000000	105.228293	0.000000	6.7
1879	-0.541938	105.196402	0.007847	6.1
1880	-0.000000	105.164537	0.000000	6.4
1881	-0.668285	105.132698	0.009504	5.7
1882	-0.029361	105.100885	0.001315	5.8
1883	-0.865110	105.069097	0.005505	6.9
1884	-0.000000	105.037335	0.000000	5.8
1885	-0.474745	105.005598	0.010337	6.0
1886	-0.000000	104.973887	0.000000	7.0
1887	-0.590345	104.942202	0.010243	6.0
1888	-0.000010	104.910542	0.000005	7.1
1889	-0.968073	104.878907	0.008384	5.8
1890	-0.837368	104.847298	0.008960	5.9
1891	-1.224705	104.815715	0.012539	6.8
1892	-0.000000	104.784156	0.000000	6.2
1893	-0.903988	104.752623	0.008926	6.2
1894	-0.000000	104.721116	0.000000	6.3
1895	-0.969746	104.689633	0.010751	6.2
1896	-0.004205	104.658176	0.000138	6.4
1897	-0.503066	104.626744	0.011007	5.7
1898	-0.000000	104.595337	0.000000	6.0
1899	-0.652197	104.563955	0.007019	7.2
1900	-0.000000	104.532599	0.000000	5.7
1901	-0.523843	104.501267	0.007509	6.7
1902	-1.251439	104.469960	0.009175	6.3
1903	-0.978912	104.438679	0.012179	6.8
1904	-0.867679	104.407422	0.015352	6.8
1905	-0.611698	104.376191	0.013617	5.8
1906	-0.000000	104.344984	0.000000	7.4
1907	-1.014560	104.313802	0.006231	6.7
1908	-0.909257	104.282645	0.003365	6.4
1909	-0.935911	104.251513	0.005868	7.0
1910	-0.403607	104.220405	0.004092	6.3
1911	-0.490277	104.189323	0.008732	6.6
1912	-0.000000	104.158265	0.000000	6.6
1913	-0.864920	104.127231	0.007423	6.6
1914	-0.000000	104.096222	0.000000	7.6
1915	-1.130525	104.065238	0.017297	6.4
1916	-0.430945	104.034279	0.002312	6.7
1917	-1.000388	104.003344	0.005945	6.0
1918	-0.576027	103.972433	0.006619	6.1
1919	-0.113858	103.941547	0.002159	7.2
1920	-0.603001	103.910686	0.008507	6.1
1921	-1.066122	103.879849	0.009825	7.3
1922	-1.074198	103.849036	0.010254	6.0
1923	-0.000000	103.818248	0.000000	6.0
1924	-0.463115	103.787484	0.008115	6.6
1925	-0.067415	103.756744	0.003344	5.9
1926	-0.000000	103.726029	0.000000	7.7
1927	-0.922395	103.695338	0.007394	6.6
1928	-1.081342	103.664671	0.006959	6.1
1929	-1.225245	103.634028	0.023919	6.4
1930	-0.000000	103.603409	0.000000	6.0
1931	-1.066522	103.572814	0.008426	6.8
1932	-0.649614	103.542244	0.008833	6.2
1933	-0.000000	103.511698	0.000000	6.2
1934	-1.069765	103.481175	0.010657	6.9
1935	-0.000000	103.450677	0.000000	6.0
1936	-0.023231	103.420202	0.000480	6.9
1937	-1.074752	103.389752	0.009574	6.1
1938	-0.000000	103.359325	0.000000	5.6
1939	-0.000000	103.328922	0.000000	7.2
1940	-0.466774	103.298543	0.006221	6.0
1941	-0.647107	103.268188	0.007107	6.3
1942	-0.439092	103.237857	0.011839	6.9
1943	-0.000000	103.207549	0.000000	5.9
1944	-0.000000	103.177265	0.000000	6.2
1945	-0.482078	103.147005	0.006998	5.9
1946	-0.155726	103.116768	0.005137	5.7
1947	-0.836658	103.086556	0.007806	6.4
1948	-0.603447	103.056366	0.007397	5.9
1949	-0.608535	103.026200	0.005496	6.4
1950	-0.000000	102.996058	0.000000	6.0
1951	-0.071789	102.965939	0.001156	5.9
1952	-1.259064	102.935844	0.009645	6.7
1953	-0.000000	102.905772	0.000000	6.0
1954	-0.762725	102.875724	0.008853	5.9
1955	-0.887865	102.845699	0.009290	6.7
1956	-0.413420	102.815697	0.010156	5.6
1957	-0.867701	102.785719	0.016796	6.3
1958	-0.298485	102.755764	0.007978	6.4
1959	-0.746098	102.725832	0.008749	5.7
1960	-0.887017	102.695924	0.005423	6.5
1961	-1.010798	102.666038	0.004505	6.5
1962	-0.789458	102.636176	0.015293	6.1
1963	-1.256626	102.606337	0.008053	6.5
1964	-0.211922	102.576521	0.003388	6.8
1965	-0.389880	102.546728	0.009673	7.0
1966	-0.438433	102.516959	0.010088	6.2
1967	-1.138258	102.487212	0.018384	6.2
1968	-1.071723	102.457488	0.014148	6.8
1969	-1.217669	102.427788	0.011513	6.0
1970	-0.681810	102.398110	0.007960	7.5
1971	-1.298728	102.368455	0.030366	6.0
1972	-0.716172	102.338823	0.013689	6.1
1973	-1.206133	102.309214	0.015459	6.8
1974	-0.195374	102.279628	0.003174	5.9
1975	-0.000000	102.250064	0.000000	6.5
1976	-0.810059	102.220524	0.009806	7.0
1977	-0.514480	102.191006	0.007928	6.0
1978	-0.416632	102.161511	0.006297	7.1
1979	-1.200361	102.132038	0.009622	6.3
1980	-1.284659	102.102588	0.009883	6.7
1981	-0.000000	102.073161	0.000000	5.5
1982	-0.000000	102.043757	0.000000	6.1
1983	-0.814111	102.014375	0.010157	6.7
1984	-1.187044	101.985015	0.022978	5.9
1985	-0.944234	101.955678	0.011276	5.9
1986	-0.000000	101.926364	0.000000	6.4
1987	-1.067095	101.897072	0.019796	5.8
1988	-1.115447	101.867802	0.012448	6.9
1989	-0.338031	101.838555	0.007267	5.8
1990	-0.940557	101.809330	0.008808	5.8
1991	-0.776154	101.780128	0.008844	6.7
1992	-0.000000	101.750948	0.000000	5.9
1993	-1.067875	101.721790	0.008565	5.7
1994	-1.304404	101.692654	0.008956	6.3
1995	-0.766110	101.663541	0.010574	6.1
1996	-0.442045	101.634450	0.006790	6.9
1997	-0.570993	101.605381	0.013042	5.6
1998	-0.002181	101.576335	0.000662	6.3
1999	-0.255155	101.547310	0.003909	6.9
