1:ItNr	2:Metric	3:StepSize	4:||Gradient||	Time[ms]
0	-0.000000	627.201626	0.000000	1015.8
1	-0.981241	623.504937	0.007229	45.4
2	-0.793931	619.865785	0.006141	52.7
3	-0.326811	616.282728	0.004900	38.5
4	-0.419474	612.754375	0.006083	41.2
5	-0.000000	609.279381	0.000000	38.9
6	-0.000000	605.856447	0.000000	38.1
7	-0.665609	602.484317	0.003985	37.9
8	-0.564425	599.161779	0.004441	36.3
9	-0.000148	595.887656	0.000017	35.4
10	-0.825446	592.660813	0.008921	39.7
11	-0.000000	589.480151	0.000000	40.6
12	-0.449463	586.344606	0.006044	37.6
13	-0.000000	583.253145	0.000000	45.4
14	-0.650567	580.204771	0.006462	43.5
15	-0.277717	577.198517	0.004869	41.0
16	-0.327884	574.233444	0.003897	43.5
17	-0.471715	571.308645	0.006704	42.5
18	-0.001379	568.423237	0.000043	43.0
19	-0.632549	565.576365	0.008894	46.0
20	-0.000000	562.767201	0.000000	45.0
21	-0.820193	559.994938	0.006935	40.4
22	-0.745694	557.258797	0.006693	40.8
23	-0.851875	554.558018	0.006599	38.7
24	-0.627466	551.891865	0.004695	39.9
25	-0.819351	549.259621	0.007891	38.5
26	-0.497132	546.660592	0.006895	39.9
27	-0.000000	544.094102	0.000000	49.3
28	-0.380051	541.559494	0.006156	46.1
29	-0.144408	539.056129	0.002135	45.3
30	-0.259169	536.583387	0.005385	58.7
31	-0.590208	534.140663	0.006850	48.6
32	-0.030563	531.727370	0.000735	61.6
33	-0.054327	529.342935	0.001124	60.7
34	-0.465367	526.986802	0.005696	50.7
35	-0.715181	524.658430	0.005815	44.1
36	-0.004112	522.357290	0.000079	57.9
37	-0.515830	520.082868	0.006913	42.4
38	-0.409442	517.834665	0.005287	41.0
39	-1.072709	515.612193	0.012861	45.7
40	-0.946794	513.414976	0.008664	40.6
41	-0.427526	511.242551	0.006985	39.6
42	-0.429070	509.094468	0.005160	37.6
43	-0.000445	506.970285	0.000013	38.5
44	-0.666567	504.869574	0.006363	42.4
45	-0.603789	502.791916	0.006328	37.9
46	-0.695042	500.736903	0.005046	37.1
47	-0.000000	498.704137	0.000000	36.6
48	-0.570922	496.693228	0.006145	36.3
49	-0.517907	494.703798	0.005323	37.8
50	-0.000000	492.735476	0.000000	37.8
51	-0.000779	490.787900	0.000030	38.6
52	-0.088362	488.860718	0.001907	35.8
53	-0.412790	486.953585	0.005255	39.2
54	-0.765252	485.066164	0.008012	43.0
55	-0.693109	483.198126	0.005709	38.3
56	-0.000000	481.349149	0.000000	38.7
57	-0.000000	479.518920	0.000000	38.1
58	-0.000000	477.707132	0.000000	35.9
59	-0.333857	475.913485	0.004448	38.3
60	-0.000000	474.137684	0.000000	37.7
61	-0.000000	472.379445	0.000000	37.0
62	-0.464366	470.638485	0.006409	38.6
63	-0.000000	468.914531	0.000000	35.0
64	-0.525203	467.207315	0.005017	38.8
65	-0.896685	465.516573	0.007928	35.8
66	-0.673103	463.842050	0.007036	33.3
67	-0.741037	462.183494	0.009988	33.9
68	-0.859843	460.540658	0.006391	33.6
69	-0.006516	458.913303	0.000128	39.0
70	-0.555256	457.301192	0.004315	36.3
71	-0.676257	455.704096	0.006275	34.6
72	-0.849414	454.121787	0.012346	35.8
73	-0.154802	452.554045	0.002721	32.4
74	-0.631804	451.000653	0.006525	33.7
75	-0.601533	449.461399	0.006205	35.9
76	-0.132902	447.936075	0.001711	36.3
77	-0.000000	446.424477	0.000000	38.6
78	-0.105540	444.926406	0.001136	35.5
79	-0.025089	443.441666	0.000961	37.1
80	-0.000000	441.970065	0.000000	37.8
81	-0.000000	440.511415	0.000000	39.7
82	-0.191584	439.065533	0.002970	36.9
83	-0.347310	437.632238	0.005285	36.6
84	-0.774042	436.211351	0.005325	37.9
85	-0.000000	434.802701	0.000000	35.1
86	-0.184183	433.406117	0.002918	37.2
87	-0.404097	432.021430	0.005504	39.5
88	-0.000000	430.648479	0.000000	50.4
89	-0.018409	429.287101	0.000831	41.1
90	-0.441558	427.937140	0.006269	39.8
91	-0.835153	426.598440	0.007715	40.6
92	-0.748242	425.270849	0.005428	36.4
93	-0.000000	423.954220	0.000000	47.1
94	-0.000000	422.648404	0.000000	57.3
95	-0.632394	421.353259	0.008191	56.8
96	-0.329077	420.068643	0.002911	46.4
97	-0.052445	418.794419	0.001095	36.8
98	-0.339397	417.530451	0.004811	41.2
99	-0.055228	416.276604	0.001545	39.1
100	-0.000020	415.032748	0.000005	47.8
101	-0.542251	413.798754	0.006484	38.3
102	-0.457482	412.574495	0.007104	33.9
103	-0.835461	411.359849	0.007436	34.9
104	-0.481306	410.154691	0.005746	37.7
105	-0.827792	408.958904	0.006266	37.2
106	-0.028083	407.772368	0.001594	41.2
107	-0.789004	406.594968	0.006792	37.3
108	-0.559722	405.426590	0.004969	37.5
109	-0.000000	404.267122	0.000000	36.9
110	-0.000000	403.116456	0.000000	36.9
111	-0.450221	401.974481	0.006022	35.4
112	-0.324446	400.841093	0.004185	47.7
113	-0.634833	399.716187	0.004743	45.9
114	-0.322880	398.599660	0.004195	56.0
115	-0.901465	397.491411	0.009600	45.8
116	-0.239651	396.391342	0.003959	43.5
117	-0.000000	395.299353	0.000000	45.2
118	-0.000000	394.215350	0.000000	43.6
119	-0.196098	393.139238	0.003734	50.2
120	-0.743770	392.070924	0.005097	53.9
121	-0.114747	391.010316	0.003114	49.7
122	-0.842557	389.957325	0.008260	42.3
123	-0.000000	388.911862	0.000000	35.9
124	-0.000000	387.873839	0.000000	33.9
125	-0.000000	386.843173	0.000000	32.9
126	-0.000000	385.819777	0.000000	33.8
127	-0.186952	384.803569	0.003154	42.0
128	-0.666912	383.794468	0.007705	38.0
129	-0.725928	382.792393	0.005571	35.6
130	-0.015228	381.797264	0.000634	31.8
131	-0.000000	380.809005	0.000000	35.2
132	-0.000000	379.827537	0.000000	32.3
133	-0.845055	378.852786	0.006532	33.8
134	-0.801990	377.884678	0.006305	32.4
135	-0.054586	376.923138	0.001590	31.7
136	-0.944129	375.968095	0.009792	33.0
137	-0.573579	375.019479	0.008118	32.9
138	-0.734252	374.077218	0.004569	34.0
139	-0.208675	373.141244	0.005476	33.0
140	-0.596578	372.211489	0.006918	33.3
141	-0.028023	371.287887	0.000485	33.4
142	-0.927119	370.370370	0.008242	33.9
143	-0.829072	369.458876	0.006169	34.0
144	-0.010396	368.553338	0.000337	33.8
145	-0.450322	367.653696	0.007168	33.5
146	-0.487247	366.759885	0.010160	33.5
147	-0.039954	365.871846	0.000783	34.7
148	-0.832787	364.989518	0.007183	32.6
149	-0.421525	364.112841	0.006141	31.8
150	-0.372099	363.241757	0.004328	34.6
151	-0.000000	362.376208	0.000000	33.5
152	-0.525428	361.516137	0.005793	36.2
153	-0.237705	360.661488	0.003960	36.1
154	-0.000000	359.812206	0.000000	37.9
155	-0.000022	358.968236	0.000002	36.0
156	-0.393260	358.129524	0.006128	34.1
157	-0.651121	357.296018	0.004721	36.2
158	-0.663095	356.467665	0.006315	43.1
159	-0.430963	355.644414	0.003862	36.8
160	-0.560620	354.826213	0.005930	36.7
161	-0.000000	354.013012	0.000000	37.1
162	-0.000007	353.204763	0.000011	42.0
163	-0.000000	352.401415	0.000000	44.8
164	-0.000000	351.602922	0.000000	35.3
165	-0.863949	350.809235	0.008562	37.5
166	-0.758813	350.020308	0.006470	39.0
167	-0.000000	349.236095	0.000000	34.8
168	-0.000000	348.456550	0.000000	37.5
169	-0.630107	347.681627	0.007199	35.4
170	-0.965867	346.911283	0.009463	35.6
171	-0.000000	346.145474	0.000000	35.7
172	-0.873422	345.384157	0.007595	34.8
173	-0.000000	344.627288	0.000000	38.5
174	-0.522652	343.874826	0.006806	35.2
175	-0.766847	343.126729	0.006265	34.2
176	-0.499274	342.382957	0.005238	35.4
177	-0.592224	341.643469	0.003773	34.4
178	-0.064610	340.908224	0.002824	37.2
179	-0.000000	340.177184	0.000000	41.8
180	-0.915278	339.450309	0.010664	39.7
181	-0.534525	338.727561	0.006854	37.6
182	-0.512437	338.008902	0.006114	35.9
183	-0.574727	337.294295	0.006613	35.3
184	-0.793557	336.583703	0.006100	34.6
185	-0.289166	335.877089	0.003366	36.7
186	-0.671214	335.174416	0.004912	35.8
187	-0.385339	334.475651	0.004584	34.2
188	-0.000000	333.780756	0.000000	33.2
189	-0.603773	333.089698	0.006922	37.3
190	-0.000000	332.402443	0.000000	33.8
191	-0.944864	331.718955	0.008087	36.5
192	-0.666932	331.039203	0.006740	36.3
193	-0.814587	330.363153	0.005482	34.3
194	-0.000000	329.690771	0.000000	39.3
195	-0.864516	329.022027	0.006882	39.2
196	-0.000000	328.356888	0.000000	36.9
197	-0.410774	327.695322	0.006647	35.4
198	-0.780467	327.037299	0.005671	35.0
199	-0.548937	326.382787	0.006639	34.7
200	-0.720119	325.731758	0.011492	36.2
201	-0.055840	325.084179	0.001270	37.2
202	-0.779383	324.440023	0.004313	36.6
203	-0.909230	323.799258	0.010284	36.6
204	-0.124185	323.161858	0.002389	38.8
205	-0.886004	322.527792	0.007554	36.7
206	-0.983436	321.897034	0.011952	41.0
207	-0.685528	321.269554	0.007517	39.8
208	-0.705158	320.645325	0.010218	38.5
209	-0.471308	320.024320	0.004994	39.0
210	-0.476317	319.406512	0.005519	33.4
211	-0.154937	318.791875	0.001485	37.3
212	-0.217255	318.180381	0.004641	43.0
213	-0.021840	317.572005	0.000275	35.4
214	-0.000000	316.966721	0.000000	35.0
215	-0.860717	316.364504	0.008281	35.7
216	-0.424481	315.765329	0.006434	38.2
217	-0.670568	315.169170	0.005174	33.2
218	-0.581839	314.576003	0.006936	34.6
219	-0.541607	313.985804	0.007992	34.4
220	-0.766106	313.398548	0.009478	35.8
221	-1.162332	312.814213	0.010272	35.1
222	-0.142480	312.232773	0.002748	35.4
223	-0.000397	311.654207	0.000025	37.0
224	-0.000000	311.078491	0.000000	34.5
225	-0.000000	310.505602	0.000000	34.8
226	-0.298859	309.935518	0.003366	35.9
227	-0.000000	309.368217	0.000000	36.7
228	-0.060718	308.803676	0.001817	36.6
229	-0.000000	308.241874	0.000000	36.2
230	-0.203533	307.682789	0.004700	35.7
231	-0.962187	307.126400	0.007800	35.3
232	-0.849083	306.572687	0.008089	37.0
233	-0.943351	306.021627	0.008340	33.2
234	-0.368478	305.473201	0.006380	36.8
235	-0.836920	304.927388	0.008082	34.7
236	-0.777278	304.384168	0.009192	34.0
237	-0.478530	303.843521	0.004779	35.9
238	-0.914033	303.305427	0.008491	36.2
239	-0.451135	302.769867	0.006481	36.3
240	-0.164373	302.236821	0.003121	36.1
241	-0.244658	301.706270	0.004000	35.1
242	-0.970039	301.178196	0.009371	34.3
243	-0.666997	300.652580	0.005304	36.9
244	-0.000000	300.129402	0.000000	36.7
245	-0.601763	299.608645	0.005252	35.4
246	-0.446539	299.090291	0.003378	37.0
247	-0.458958	298.574321	0.006517	33.2
248	-0.422772	298.060718	0.005556	33.5
249	-0.012730	297.549465	0.000162	37.5
250	-0.959257	297.040543	0.009367	37.9
251	-0.771125	296.533936	0.006996	36.4
252	-0.698644	296.029626	0.009333	39.2
253	-0.061796	295.527597	0.002506	34.3
254	-0.756785	295.027832	0.008063	34.6
255	-0.000000	294.530315	0.000000	32.6
256	-0.000000	294.035028	0.000000	36.3
257	-0.000000	293.541956	0.000000	34.8
258	-0.000000	293.051083	0.000000	35.7
259	-0.202685	292.562393	0.002957	39.7
260	-0.420526	292.075870	0.004619	76.2
261	-0.569264	291.591498	0.006660	45.4
262	-0.948429	291.109263	0.008397	43.9
263	-0.970756	290.629149	0.009655	39.7
264	-0.509973	290.151140	0.004357	38.1
265	-0.000583	289.675222	0.000263	42.2
266	-0.213077	289.201380	0.003627	37.9
267	-0.815144	288.729600	0.007289	37.2
268	-0.634839	288.259866	0.007286	35.3
269	-0.836709	287.792165	0.006046	34.6
270	-0.000000	287.326481	0.000000	34.7
271	-0.000000	286.862802	0.000000	32.9
272	-0.334700	286.401113	0.005078	36.6
273	-1.082408	285.941400	0.008867	36.3
274	-0.000000	285.483649	0.000000	34.2
275	-0.000000	285.027847	0.000000	34.2
276	-0.511343	284.573981	0.004107	37.8
277	-0.228767	284.122037	0.003313	36.0
278	-0.000000	283.672002	0.000000	37.0
279	-1.017906	283.223863	0.008326	36.1
280	-0.939013	282.777607	0.006989	38.4
281	-0.343220	282.333221	0.003667	36.9
282	-0.882871	281.890692	0.008014	40.2
283	-0.671516	281.450008	0.006069	37.8
284	-0.429378	281.011157	0.003109	41.2
285	-0.724033	280.574125	0.007256	37.8
286	-0.050045	280.138901	0.001695	35.8
287	-0.025787	279.705473	0.000704	41.3
288	-0.737858	279.273829	0.005895	37.3
289	-0.000000	278.843956	0.000000	39.8
290	-0.066049	278.415844	0.001107	43.7
291	-0.518568	277.989479	0.006319	34.9
292	-1.035572	277.564851	0.009062	42.0
293	-0.656108	277.141949	0.006922	38.2
294	-0.000000	276.720761	0.000000	35.5
295	-0.000000	276.301275	0.000000	37.4
296	-0.467270	275.883480	0.005409	32.2
297	-0.694573	275.467366	0.004377	36.2
298	-0.428212	275.052922	0.005515	36.1
299	-0.683091	274.640136	0.005776	34.2
300	-0.362286	274.228998	0.002652	35.0
301	-0.061480	273.819497	0.003113	35.1
302	-0.035898	273.411623	0.001319	32.7
303	-0.623162	273.005365	0.006991	31.4
304	-0.581264	272.600712	0.006869	31.6
305	-0.253003	272.197655	0.004151	33.1
306	-0.724899	271.796184	0.007804	32.4
307	-0.799952	271.396287	0.005741	33.2
308	-0.195766	270.997956	0.003072	33.1
309	-0.872341	270.601180	0.007455	31.9
310	-0.326350	270.205949	0.003496	32.1
311	-0.558161	269.812254	0.007366	33.9
312	-0.141915	269.420085	0.002214	32.9
313	-0.636227	269.029432	0.003648	32.3
314	-0.972166	268.640287	0.007438	34.4
315	-0.704295	268.252638	0.005879	32.9
316	-0.857473	267.866478	0.007388	33.8
317	-0.000000	267.481796	0.000000	33.2
318	-0.274031	267.098584	0.004206	33.4
319	-0.782495	266.716833	0.005089	33.4
320	-0.632580	266.336533	0.010539	32.1
321	-0.901603	265.957676	0.008669	34.7
322	-0.472854	265.580253	0.008084	33.9
323	-0.577679	265.204254	0.006456	36.2
324	-0.242702	264.829672	0.003640	32.6
325	-0.000000	264.456497	0.000000	33.3
326	-0.000000	264.084721	0.000000	34.4
327	-0.295097	263.714335	0.003379	33.5
328	-0.932675	263.345332	0.007873	32.9
329	-0.592605	262.977702	0.007526	31.7
330	-0.514731	262.611438	0.004342	33.5
331	-0.813259	262.246531	0.005760	32.6
332	-0.000000	261.882973	0.000000	32.7
333	-0.435449	261.520756	0.004977	32.7
334	-1.146818	261.159871	0.011139	32.8
335	-0.566468	260.800312	0.004645	30.7
336	-0.468072	260.442070	0.005124	32.8
337	-0.686126	260.085137	0.006047	32.2
338	-0.831511	259.729505	0.009638	30.5
339	-0.679798	259.375167	0.006231	31.3
340	-0.675708	259.022116	0.007078	30.8
341	-0.001895	258.670343	0.000095	42.7
342	-0.538005	258.319841	0.004757	52.8
343	-0.618617	257.970602	0.008248	38.1
344	-0.706968	257.622620	0.006439	32.9
345	-0.004993	257.275887	0.000105	31.5
346	-0.922101	256.930396	0.012026	32.1
347	-0.229223	256.586139	0.002881	30.4
348	-0.483107	256.243109	0.005195	31.2
349	-0.693317	255.901300	0.006701	30.7
350	-0.606627	255.560703	0.005201	32.8
351	-0.031424	255.221313	0.000821	34.3
352	-0.000000	254.883122	0.000000	34.3
353	-0.086753	254.546124	0.001431	32.9
354	-0.201772	254.210311	0.003320	35.2
355	-0.008771	253.875677	0.000250	33.0
356	-0.403478	253.542215	0.005031	32.2
357	-0.681261	253.209918	0.007996	31.1
358	-0.828128	252.878781	0.004722	30.8
359	-0.679937	252.548795	0.006570	32.4
360	-0.160794	252.219956	0.003030	31.4
361	-0.689703	251.892255	0.007421	32.5
362	-0.264911	251.565688	0.003738	32.7
363	-0.048703	251.240247	0.002395	32.6
364	-0.362561	250.915926	0.004879	33.2
365	-0.643216	250.592720	0.009679	32.5
366	-0.003428	250.270621	0.000327	33.1
367	-0.871576	249.949624	0.008030	33.9
368	-0.400401	249.629723	0.004510	33.3
369	-0.219437	249.310911	0.004101	31.8
370	-0.800413	248.993182	0.007852	32.0
371	-0.357869	248.676531	0.002674	31.7
372	-0.916024	248.360952	0.007070	31.5
373	-0.445843	248.046438	0.004918	31.8
374	-0.847471	247.732984	0.007935	34.6
375	-1.023621	247.420584	0.009279	35.4
376	-0.772474	247.109233	0.007411	35.2
377	-0.000000	246.798924	0.000000	35.3
378	-0.598104	246.489652	0.006911	33.1
379	-0.000000	246.181412	0.000000	34.4
380	-0.588663	245.874197	0.008384	32.7
381	-0.723323	245.568002	0.004595	32.5
382	-0.000000	245.262822	0.000000	32.7
383	-0.463548	244.958652	0.004813	32.7
384	-0.619903	244.655485	0.005547	32.0
385	-0.790033	244.353317	0.005930	32.5
386	-0.270987	244.052142	0.004836	32.7
387	-0.514726	243.751955	0.005133	32.7
388	-0.835372	243.452750	0.009638	33.2
389	-0.000000	243.154523	0.000000	34.8
390	-0.723460	242.857268	0.007499	31.5
391	-0.513744	242.560980	0.005473	32.3
392	-0.114776	242.265654	0.002447	32.6
393	-0.849374	241.971285	0.005693	34.1
394	-0.721274	241.677868	0.007806	32.0
395	-0.505915	241.385397	0.005090	34.0
396	-0.335031	241.093869	0.003558	31.5
397	-0.000000	240.803278	0.000000	31.8
398	-0.590738	240.513619	0.005315	31.7
399	-0.559000	240.224887	0.006900	32.5
400	-0.026134	239.937077	0.000670	35.2
401	-0.843362	239.650186	0.006706	33.6
402	-0.895669	239.364207	0.006907	33.8
403	-0.005527	239.079136	0.001693	33.5
404	-0.000000	238.794969	0.000000	32.2
405	-0.000000	238.511701	0.000000	34.2
406	-0.000000	238.229327	0.000000	34.8
407	-0.761529	237.947843	0.006678	33.4
408	-0.000000	237.667244	0.000000	33.9
409	-0.012956	237.387526	0.002058	32.6
410	-0.000000	237.108684	0.000000	33.2
411	-0.000000	236.830714	0.000000	37.7
412	-0.000000	236.553610	0.000000	32.2
413	-0.810166	236.277370	0.006514	33.3
414	-0.013665	236.001989	0.001023	32.9
415	-0.897872	235.727461	0.007797	32.0
416	-0.642242	235.453784	0.005767	33.6
417	-0.000000	235.180952	0.000000	33.3
418	-0.791500	234.908962	0.007967	33.1
419	-0.552630	234.637809	0.006847	33.6
420	-0.008592	234.367488	0.000000	33.1
421	-0.895519	234.097997	0.006746	33.5
422	-0.000000	233.829331	0.000000	31.7
423	-0.000000	233.561485	0.000000	32.4
424	-0.831523	233.294456	0.005873	32.5
425	-0.434848	233.028239	0.004901	35.2
426	-0.917132	232.762831	0.009816	31.7
427	-0.555734	232.498228	0.006652	31.7
428	-0.000000	232.234425	0.000000	31.7
429	-0.400068	231.971419	0.007312	33.9
430	-0.037138	231.709205	0.001119	34.3
431	-0.859087	231.447781	0.007600	34.4
432	-0.000000	231.187141	0.000000	33.9
433	-0.000000	230.927283	0.000000	32.5
434	-0.844113	230.668202	0.007507	33.9
435	-0.776144	230.409895	0.010392	32.7
436	-0.570561	230.152358	0.005722	34.3
437	-0.891655	229.895587	0.009224	33.1
438	-0.422348	229.639578	0.005982	32.2
439	-0.897562	229.384329	0.007407	30.3
440	-0.519705	229.129834	0.006335	31.4
441	-0.660791	228.876091	0.005958	33.8
442	-0.858831	228.623096	0.005307	30.4
443	-0.044990	228.370846	0.001272	35.6
444	-0.368099	228.119336	0.003605	31.9
445	-0.237022	227.868563	0.002207	31.8
446	-0.587244	227.618525	0.004785	33.1
447	-0.000194	227.369216	0.000010	31.9
448	-0.738373	227.120635	0.006589	32.5
449	-0.762081	226.872777	0.005881	31.4
450	-0.552771	226.625638	0.005922	31.0
451	-0.067487	226.379217	0.001195	31.4
452	-0.330181	226.133509	0.007229	31.5
453	-0.000000	225.888510	0.000000	31.6
454	-0.321037	225.644218	0.004220	33.2
455	-0.901094	225.400630	0.009137	31.3
456	-0.450700	225.157741	0.006254	31.8
457	-0.622331	224.915549	0.004950	34.0
458	-0.000000	224.674051	0.000000	34.4
459	-0.817482	224.433242	0.005771	34.3
460	-0.349904	224.193121	0.006122	32.2
461	-0.000000	223.953684	0.000000	34.5
462	-0.000000	223.714927	0.000000	32.5
463	-0.000000	223.476848	0.000000	32.8
464	-0.781121	223.239444	0.008254	31.9
465	-0.711986	223.002710	0.006544	31.5
466	-0.487032	222.766645	0.006816	31.3
467	-0.656595	222.531245	0.006702	32.8
468	-0.682033	222.296508	0.005050	31.1
469	-0.616528	222.062429	0.004666	31.9
470	-0.274934	221.829007	0.003271	31.3
471	-0.520276	221.596238	0.005671	32.4
472	-0.797889	221.364119	0.006554	33.4
473	-0.469157	221.132647	0.006115	28.6
474	-0.000000	220.901820	0.000000	31.7
475	-0.050382	220.671634	0.001351	30.5
476	-0.666207	220.442086	0.006621	30.7
477	-0.436903	220.213174	0.005540	30.0
478	-0.338219	219.984895	0.004848	31.6
479	-0.724025	219.757246	0.004622	31.7
480	-0.660781	219.530224	0.007037	30.9
481	-0.595819	219.303826	0.007868	31.5
482	-0.677725	219.078050	0.004431	32.1
483	-0.000000	218.852893	0.000000	31.3
484	-0.007756	218.628352	0.000041	31.6
485	-0.131294	218.404424	0.001778	29.6
486	-0.693738	218.181106	0.007543	30.0
487	-0.000000	217.958397	0.000000	30.5
488	-0.726537	217.736292	0.006252	31.9
489	-0.292394	217.514790	0.004390	30.8
490	-0.039957	217.293888	0.001971	30.6
491	-0.000028	217.073584	0.000004	31.4
492	-0.527675	216.853873	0.005778	30.7
493	-0.203441	216.634755	0.003880	31.6
494	-0.154435	216.416227	0.002289	30.4
495	-0.000000	216.198285	0.000000	32.5
496	-0.121290	215.980927	0.001606	30.8
497	-0.905050	215.764151	0.007101	30.9
498	-0.238716	215.547955	0.003209	29.7
499	-0.720357	215.332335	0.007030	30.2
500	-0.601737	215.117289	0.005743	30.0
501	-0.682018	214.902815	0.006810	31.5
502	-0.097941	214.688911	0.002705	31.9
503	-0.936615	214.475573	0.005141	32.3
504	-0.856524	214.262800	0.005731	33.0
505	-0.000000	214.050588	0.000000	31.4
506	-0.084530	213.838936	0.001444	32.8
507	-0.167255	213.627842	0.003666	31.3
508	-0.712584	213.417302	0.006391	32.9
509	-0.540899	213.207314	0.005780	31.5
510	-0.707228	212.997877	0.006070	31.9
511	-0.753857	212.788987	0.009303	32.6
512	-0.357017	212.580642	0.004842	32.9
513	-0.041738	212.372841	0.001272	30.9
514	-0.000000	212.165581	0.000000	33.4
515	-0.791773	211.958859	0.005642	33.2
516	-0.964985	211.752673	0.006930	33.1
517	-0.356008	211.547021	0.006732	32.3
518	-0.053675	211.341902	0.003281	31.3
519	-0.000925	211.137311	0.000022	30.3
520	-0.000000	210.933248	0.000000	32.9
521	-0.826027	210.729710	0.006321	31.2
522	-1.078273	210.526695	0.007351	31.3
523	-0.325836	210.324200	0.004596	32.0
524	-0.181143	210.122224	0.002705	31.4
525	-0.246302	209.920765	0.002974	32.2
526	-0.861993	209.719820	0.007822	30.5
527	-0.000003	209.519387	0.000003	30.8
528	-0.197939	209.319463	0.003026	30.3
529	-0.130413	209.120048	0.002041	32.3
530	-0.181324	208.921139	0.003808	30.4
531	-0.669265	208.722733	0.004308	30.3
532	-0.732840	208.524829	0.006475	31.4
533	-0.000000	208.327425	0.000000	31.3
534	-0.721429	208.130518	0.005914	31.2
535	-0.700652	207.934107	0.006903	33.5
536	-0.000000	207.738189	0.000000	32.5
537	-0.000000	207.542762	0.000000	31.2
538	-0.001009	207.347825	0.000096	32.6
539	-0.000000	207.153376	0.000000	32.0
540	-0.629462	206.959412	0.006352	32.8
541	-0.000000	206.765932	0.000000	29.7
542	-0.485454	206.572933	0.003679	32.9
543	-0.869387	206.380414	0.005111	32.5
544	-0.022705	206.188373	0.000260	32.7
545	-0.440482	205.996807	0.004808	32.6
546	-0.595382	205.805716	0.006564	32.7
547	-0.533569	205.615096	0.006044	32.2
548	-0.000000	205.424946	0.000000	32.1
549	-0.531039	205.235265	0.005142	30.4
550	-0.771518	205.046050	0.007169	31.0
551	-0.777203	204.857299	0.005839	31.2
552	-0.627879	204.669011	0.006081	29.0
553	-0.888301	204.481184	0.008587	31.2
554	-0.480589	204.293816	0.007991	30.2
555	-0.875531	204.106905	0.008508	29.7
556	-0.929751	203.920449	0.007224	29.6
557	-0.453612	203.734447	0.005587	29.6
558	-0.000000	203.548896	0.000000	30.2
559	-0.786236	203.363795	0.006371	30.0
560	-0.952922	203.179143	0.006732	30.7
561	-0.693308	202.994937	0.007562	31.4
562	-0.000000	202.811176	0.000000	31.2
563	-0.642056	202.627857	0.005212	31.4
564	-0.265302	202.444980	0.004232	31.2
565	-0.895851	202.262543	0.007048	30.6
566	-0.111565	202.080543	0.002386	30.3
567	-0.765729	201.898979	0.006285	30.8
568	-0.399115	201.717849	0.003741	32.3
569	-0.681989	201.537153	0.004176	30.0
570	-0.464131	201.356887	0.005501	28.7
571	-0.006700	201.177050	0.001095	30.4
572	-0.000000	200.997642	0.000000	29.3
573	-0.897057	200.818659	0.005138	30.3
574	-0.523091	200.640100	0.007411	29.3
575	-0.436187	200.461965	0.006841	28.9
576	-0.000000	200.284250	0.000000	30.3
577	-0.643071	200.106955	0.006534	31.2
578	-0.835289	199.930078	0.006029	30.2
579	-0.000721	199.753617	0.000059	30.8
580	-0.009673	199.577571	0.000249	28.8
581	-0.004928	199.401938	0.000330	29.6
582	-0.728916	199.226717	0.004842	29.6
583	-0.851695	199.051905	0.006097	29.5
584	-0.252986	198.877502	0.004783	29.6
585	-0.000000	198.703506	0.000000	29.2
586	-0.432542	198.529916	0.006628	30.5
587	-0.522633	198.356729	0.006591	30.0
588	-0.451278	198.183944	0.007033	29.3
589	-0.229687	198.011560	0.002336	29.4
590	-0.436258	197.839576	0.006873	32.1
591	-0.154776	197.667989	0.002437	29.8
592	-0.000000	197.496798	0.000000	30.2
593	-0.709952	197.326002	0.008559	30.3
594	-0.000214	197.155600	0.000057	29.9
595	-0.527539	196.985589	0.005595	29.1
596	-0.208930	196.815969	0.002830	29.3
597	-0.478082	196.646738	0.006877	29.9
598	-0.729020	196.477894	0.004604	29.3
599	-0.000000	196.309436	0.000000	29.8
600	-0.001966	196.141363	0.000047	29.1
601	-0.909760	195.973673	0.007482	31.5
602	-0.976266	195.806365	0.008253	31.4
603	-0.000000	195.639437	0.000000	30.2
604	-0.329866	195.472888	0.004265	30.8
605	-0.908094	195.306717	0.009300	30.2
606	-0.036086	195.140922	0.000746	30.3
607	-0.000000	194.975501	0.000000	29.6
608	-0.000000	194.810454	0.000000	30.2
609	-0.788996	194.645779	0.004786	29.2
610	-0.974368	194.481475	0.008433	29.2
611	-0.570351	194.317540	0.005738	29.5
612	-0.579844	194.153973	0.004508	30.5
613	-0.153842	193.990773	0.003004	29.9
614	-0.000000	193.827938	0.000000	29.4
615	-0.000000	193.665467	0.000000	30.1
616	-0.000000	193.503358	0.000000	29.1
617	-0.861274	193.341611	0.007040	29.6
618	-0.073180	193.180224	0.002419	29.3
619	-0.281624	193.019196	0.005401	28.9
620	-0.298418	192.858525	0.002756	29.7
621	-0.300905	192.698210	0.003252	29.2
622	-0.844304	192.538251	0.007110	30.6
623	-0.004341	192.378644	0.000088	29.7
624	-0.615535	192.219391	0.005489	29.3
625	-0.792317	192.060488	0.007925	28.7
626	-0.611329	191.901935	0.008502	29.9
627	-0.473747	191.743730	0.005634	30.2
628	-0.127627	191.585873	0.002735	30.9
629	-0.663497	191.428362	0.006336	30.4
630	-0.712508	191.271196	0.005440	30.6
631	-0.000000	191.114374	0.000000	30.3
632	-0.977086	190.957893	0.007981	28.6
633	-0.734822	190.801755	0.008081	29.4
634	-0.404415	190.645956	0.005848	29.4
635	-0.950884	190.490495	0.007307	31.1
636	-0.028312	190.335373	0.000224	28.9
637	-0.640940	190.180587	0.006234	30.6
638	-0.583500	190.026136	0.006026	29.2
639	-0.000000	189.872019	0.000000	29.3
640	-0.000000	189.718235	0.000000	29.6
641	-0.716058	189.564782	0.006089	30.2
642	-0.041732	189.411661	0.000805	29.3
643	-0.667282	189.258868	0.008213	29.4
644	-0.400410	189.106404	0.003384	29.7
645	-0.148414	188.954267	0.002515	30.3
646	-0.854373	188.802456	0.006137	29.9
647	-0.767701	188.650969	0.004951	30.1
648	-0.796655	188.499807	0.006976	28.8
649	-0.000000	188.348967	0.000000	31.8
650	-0.253488	188.198448	0.003990	28.0
651	-0.261332	188.048250	0.004253	30.4
652	-0.739857	187.898371	0.005800	29.9
653	-0.067272	187.748810	0.002600	30.0
654	-0.557156	187.599566	0.006503	29.9
655	-0.000000	187.450638	0.000000	30.0
656	-0.637107	187.302025	0.005480	30.1
657	-0.000000	187.153725	0.000000	29.6
658	-0.815856	187.005739	0.008321	29.1
659	-0.693037	186.858064	0.008064	28.8
660	-0.850883	186.710699	0.006811	30.6
661	-0.355480	186.563645	0.003717	29.9
662	-0.000000	186.416898	0.000000	29.8
663	-0.000000	186.270459	0.000000	34.7
664	-0.725539	186.124326	0.004612	30.4
665	-0.521821	185.978499	0.005910	33.1
666	-0.948884	185.832976	0.006441	33.8
667	-0.638178	185.687756	0.007245	34.1
668	-0.838255	185.542838	0.006687	33.5
669	-0.844846	185.398222	0.005471	34.6
670	-0.987701	185.253906	0.009504	32.1
671	-0.000000	185.109889	0.000000	32.0
672	-0.694301	184.966170	0.005008	30.9
673	-0.000000	184.822748	0.000000	30.6
674	-0.000000	184.679623	0.000000	29.6
675	-0.338413	184.536792	0.006176	30.1
676	-0.573027	184.394256	0.006450	30.2
677	-0.343452	184.252013	0.002946	31.2
678	-0.000000	184.110062	0.000000	32.6
679	-0.727889	183.968403	0.005328	31.2
680	-0.907935	183.827034	0.008338	31.3
681	-0.377460	183.685954	0.004400	30.4
682	-0.485583	183.545163	0.004167	30.3
683	-0.023589	183.404658	0.000803	31.1
684	-0.126327	183.264441	0.002488	30.0
685	-0.567145	183.124509	0.005905	29.4
686	-0.415921	182.984861	0.006668	31.2
687	-0.689704	182.845497	0.007936	30.7
688	-0.000000	182.706416	0.000000	29.9
689	-0.000000	182.567616	0.000000	30.2
690	-0.000000	182.429098	0.000000	28.7
691	-0.480610	182.290859	0.004925	30.6
692	-0.355222	182.152899	0.003734	29.5
693	-0.645567	182.015217	0.008730	30.9
694	-0.478908	181.877813	0.005018	30.5
695	-0.000000	181.740684	0.000000	34.0
696	-0.422238	181.603832	0.004506	31.3
697	-0.000000	181.467253	0.000000	30.2
698	-0.258776	181.330948	0.003120	30.0
699	-0.257998	181.194916	0.002441	30.0
700	-0.683844	181.059155	0.008833	29.7
701	-0.000000	180.923666	0.000000	29.9
702	-1.009951	180.788446	0.008092	29.7
703	-0.000000	180.653496	0.000000	29.7
704	-0.821616	180.518814	0.006940	30.8
705	-0.209171	180.384399	0.003884	30.7
706	-0.166442	180.250251	0.002845	30.2
707	-0.887188	180.116369	0.008358	30.9
708	-0.882984	179.982752	0.005929	31.8
709	-0.499720	179.849398	0.006617	30.0
710	-0.655796	179.716308	0.006427	30.2
711	-0.696432	179.583480	0.007434	29.7
712	-0.712307	179.450913	0.008326	30.7
713	-0.613739	179.318607	0.005619	29.7
714	-0.644139	179.186561	0.008557	29.1
715	-0.517238	179.054774	0.003743	29.7
716	-0.839030	178.923245	0.005995	29.2
717	-0.148772	178.791973	0.003894	30.3
718	-0.679834	178.660958	0.008415	29.6
719	-0.575070	178.530199	0.005874	28.7
720	-0.958987	178.399694	0.007968	30.0
721	-0.000000	178.269444	0.000000	29.4
722	-0.474553	178.139447	0.006242	30.2
723	-0.475991	178.009702	0.006347	29.4
724	-0.047201	177.880209	0.000837	31.2
725	-0.343146	177.750967	0.004755	31.1
726	-0.561632	177.621975	0.006407	30.5
727	-0.619737	177.493232	0.004130	31.6
728	-0.218661	177.364738	0.003272	30.2
729	-0.679727	177.236492	0.008778	28.9
730	-0.931556	177.108492	0.005868	29.8
731	-0.846405	176.980739	0.007781	30.7
732	-0.053923	176.853231	0.001887	29.8
733	-0.691466	176.725968	0.006823	29.4
734	-0.456507	176.598949	0.005459	30.0
735	-0.102414	176.472173	0.002858	29.9
736	-0.627369	176.345639	0.006655	30.5
737	-0.249260	176.219348	0.002969	29.7
738	-0.000000	176.093296	0.000000	30.1
739	-0.417179	175.967486	0.005143	29.7
740	-0.208967	175.841914	0.002837	29.8
741	-0.713200	175.716581	0.006580	29.3
742	-0.000000	175.591486	0.000000	28.9
743	-0.412856	175.466629	0.005143	29.7
744	-0.763806	175.342008	0.005704	28.8
745	-0.000000	175.217622	0.000000	30.3
746	-0.703390	175.093472	0.008306	29.1
747	-0.304305	174.969556	0.003761	29.2
748	-0.866577	174.845873	0.006875	31.0
749	-0.962125	174.722423	0.008507	29.6
750	-0.881301	174.599206	0.005446	30.5
751	-0.014177	174.476220	0.000605	29.2
752	-0.650331	174.353464	0.006612	29.4
753	-0.069517	174.230939	0.001077	29.7
754	-0.460494	174.108643	0.003186	29.4
755	-0.144396	173.986576	0.003000	28.9
756	-0.840580	173.864737	0.006325	29.9
757	-0.075097	173.743124	0.002443	29.7
758	-0.318830	173.621739	0.004513	29.8
759	-0.000000	173.500579	0.000000	29.3
760	-0.233034	173.379645	0.004215	30.8
761	-0.000000	173.258935	0.000000	29.4
762	-0.875761	173.138449	0.007660	30.2
763	-0.048627	173.018186	0.000992	29.9
764	-0.501660	172.898146	0.007271	32.4
765	-0.435700	172.778327	0.004255	34.7
766	-0.832907	172.658730	0.008630	29.8
767	-0.048741	172.539353	0.000551	31.2
768	-0.572369	172.420196	0.006060	30.4
769	-0.000000	172.301258	0.000000	31.1
770	-0.574870	172.182539	0.006031	30.2
771	-0.328760	172.064037	0.002987	29.4
772	-0.412951	171.945753	0.005439	29.2
773	-0.799231	171.827686	0.007708	29.6
774	-0.645358	171.709834	0.006905	30.7
775	-0.000000	171.592198	0.000000	29.6
776	-0.778744	171.474776	0.005485	28.8
777	-0.074293	171.357568	0.003080	30.1
778	-0.369991	171.240574	0.005054	29.7
779	-0.000000	171.123793	0.000000	30.2
780	-0.728457	171.007223	0.007204	29.4
781	-0.666880	170.890865	0.008684	30.1
782	-0.005982	170.774718	0.000089	29.8
783	-0.000000	170.658782	0.000000	29.8
784	-0.421067	170.543055	0.007446	29.3
785	-0.016373	170.427537	0.001685	30.1
786	-0.026726	170.312227	0.000913	30.1
787	-0.807781	170.197125	0.007002	28.8
788	-0.071546	170.082231	0.002627	29.6
789	-0.771308	169.967543	0.005589	30.0
790	-0.862852	169.853061	0.007856	30.2
791	-0.132589	169.738784	0.003935	30.1
792	-0.865695	169.624713	0.007302	29.8
793	-0.000000	169.510845	0.000000	30.1
794	-0.269048	169.397181	0.003291	31.0
795	-0.388194	169.283720	0.003847	29.6
796	-0.547242	169.170462	0.004425	30.2
797	-0.000000	169.057405	0.000000	29.8
798	-0.779358	168.944549	0.004424	29.2
799	-0.000000	168.831895	0.000000	32.5
800	-0.779599	168.719440	0.005503	31.4
801	-0.000000	168.607185	0.000000	30.4
802	-0.025452	168.495129	0.000240	30.6
803	-0.391649	168.383271	0.005129	29.5
804	-0.008214	168.271611	0.000767	30.7
805	-0.831622	168.160148	0.006105	29.5
806	-0.600544	168.048882	0.006413	30.2
807	-0.672071	167.937812	0.005230	30.0
808	-0.900546	167.826938	0.006800	30.9
809	-0.646408	167.716258	0.006022	28.9
810	-0.346556	167.605773	0.004272	29.3
811	-0.756099	167.495482	0.007517	30.3
812	-0.664768	167.385384	0.006214	29.8
813	-0.051812	167.275479	0.001137	29.6
814	-0.636293	167.165766	0.005019	29.8
815	-0.832538	167.056245	0.007455	31.1
816	-0.116097	166.946915	0.001410	29.7
817	-0.000000	166.837776	0.000000	31.2
818	-0.927431	166.728826	0.007842	30.0
819	-0.000000	166.620067	0.000000	29.3
820	-0.873133	166.511496	0.005929	28.9
821	-0.000000	166.403113	0.000000	30.3
822	-0.000000	166.294919	0.000000	29.5
823	-0.633837	166.186912	0.005570	30.1
824	-0.883736	166.079091	0.006692	30.2
825	-0.464304	165.971458	0.004818	30.3
826	-0.468216	165.864009	0.005238	32.1
827	-0.026208	165.756747	0.000250	31.9
828	-0.816717	165.649669	0.004831	31.2
829	-0.172819	165.542775	0.002669	30.9
830	-0.000000	165.436065	0.000000	30.4
831	-0.386939	165.329538	0.006799	30.7
832	-0.985242	165.223194	0.007482	29.0
833	-0.005658	165.117032	0.000146	30.3
834	-0.637191	165.011052	0.007957	29.9
835	-0.951679	164.905253	0.008377	29.6
836	-0.000000	164.799635	0.000000	29.0
837	-0.852811	164.694197	0.007801	30.0
838	-0.831430	164.588939	0.006986	29.2
839	-0.208567	164.483859	0.003344	29.9
840	-0.001736	164.378959	0.000038	29.4
841	-0.788003	164.274237	0.006103	29.4
842	-0.041692	164.169692	0.001859	28.4
843	-0.397162	164.065325	0.005445	28.3
844	-0.610977	163.961135	0.006954	30.4
845	-0.657204	163.857120	0.006382	30.4
846	-0.756493	163.753282	0.007851	29.8
847	-0.185871	163.649619	0.002121	30.1
848	-0.000045	163.546130	0.000003	30.4
849	-0.779862	163.442816	0.004612	29.2
850	-0.280281	163.339676	0.003953	29.9
851	-0.790680	163.236709	0.005583	28.7
852	-0.646850	163.133915	0.006469	30.0
853	-0.000000	163.031294	0.000000	31.5
854	-0.000000	162.928844	0.000000	29.5
855	-0.000000	162.826566	0.000000	30.6
856	-0.000000	162.724459	0.000000	30.9
857	-0.000000	162.622523	0.000000	29.8
858	-0.888847	162.520757	0.005529	32.3
859	-0.348657	162.419160	0.005705	31.1
860	-0.691888	162.317733	0.010361	29.9
861	-0.892304	162.216474	0.006277	29.0
862	-0.000000	162.115383	0.000000	30.2
863	-0.690141	162.014461	0.005059	29.7
864	-0.000000	161.913705	0.000000	30.0
865	-0.000000	161.813117	0.000000	31.2
866	-0.000000	161.712695	0.000000	31.0
867	-0.475269	161.612439	0.006960	29.4
868	-0.870052	161.512349	0.007080	29.1
869	-0.756502	161.412424	0.007144	31.3
870	-0.000000	161.312663	0.000000	30.1
871	-0.000089	161.213067	0.000034	28.9
872	-0.297571	161.113635	0.004950	29.1
873	-0.547646	161.014366	0.006149	31.4
874	-0.645320	160.915260	0.004687	28.5
875	-0.000000	160.816316	0.000000	31.4
876	-0.924848	160.717535	0.007310	30.1
877	-0.701719	160.618915	0.005805	29.1
878	-0.801812	160.520456	0.007223	29.3
879	-0.522666	160.422158	0.004761	28.6
880	-0.559790	160.324021	0.006772	30.0
881	-1.048158	160.226043	0.007815	29.5
882	-0.879452	160.128225	0.006209	29.2
883	-0.013553	160.030566	0.000166	29.2
884	-0.016656	159.933066	0.001731	30.6
885	-0.176473	159.835723	0.004056	29.7
886	-0.537314	159.738539	0.007128	29.0
887	-0.584130	159.641512	0.007098	29.1
888	-0.739924	159.544642	0.005146	30.2
889	-0.813392	159.447929	0.004689	29.6
890	-0.748640	159.351372	0.004626	28.6
891	-0.380307	159.254971	0.005406	30.5
892	-0.143425	159.158725	0.003550	30.6
893	-0.270980	159.062634	0.003048	28.9
894	-0.371724	158.966697	0.004773	31.1
895	-0.000002	158.870915	0.000004	29.2
896	-0.421377	158.775286	0.004919	30.0
897	-0.711986	158.679811	0.005652	29.3
898	-0.000000	158.584489	0.000000	31.0
899	-0.004026	158.489319	0.000154	30.0
900	-0.860192	158.394302	0.007077	28.8
901	-0.000000	158.299436	0.000000	29.8
902	-0.551299	158.204721	0.005917	29.9
903	-0.829565	158.110158	0.010267	29.7
904	-0.937658	158.015745	0.007136	29.7
905	-0.701266	157.921482	0.007280	29.7
906	-0.135631	157.827369	0.002076	29.9
907	-0.409217	157.733406	0.003692	30.0
908	-0.190962	157.639591	0.002504	30.7
909	-0.579489	157.545925	0.006840	30.1
910	-0.317555	157.452408	0.004718	29.4
911	-0.704214	157.359038	0.007505	29.5
912	-0.657787	157.265816	0.007671	28.5
913	-0.812837	157.172741	0.005841	29.7
914	-0.379810	157.079813	0.004336	29.5
915	-0.000002	156.987031	0.000000	29.6
916	-0.499836	156.894395	0.004900	29.1
917	-0.451692	156.801904	0.004515	29.9
918	-0.310366	156.709559	0.004847	29.1
919	-0.029318	156.617359	0.000268	28.9
920	-0.741754	156.525304	0.005242	29.3
921	-0.808951	156.433392	0.006722	31.5
922	-0.205754	156.341624	0.003900	30.5
923	-0.526062	156.250000	0.004632	30.5
924	-0.334609	156.158519	0.003433	30.2
925	-0.440339	156.067180	0.004626	29.2
926	-0.020711	155.975984	0.001954	28.2
927	-0.000000	155.884930	0.000000	29.6
928	-0.712934	155.794017	0.004508	30.3
929	-0.944757	155.703246	0.006721	29.1
930	-0.431018	155.612615	0.005063	29.7
931	-0.525064	155.522125	0.004917	29.6
932	-0.857135	155.431775	0.008272	31.0
933	-0.833816	155.341565	0.006666	30.3
934	-0.797202	155.251495	0.004747	29.7
935	-0.550103	155.161563	0.005618	30.3
936	-0.995952	155.071771	0.008682	30.1
937	-0.721908	154.982117	0.007799	30.9
938	-0.643853	154.892601	0.006355	30.7
939	-0.846353	154.803222	0.005252	31.0
940	-0.350455	154.713981	0.004609	30.1
941	-0.000000	154.624878	0.000000	29.9
942	-0.871764	154.535910	0.005532	29.4
943	-0.000082	154.447080	0.000030	30.0
944	-0.314205	154.358385	0.003987	30.3
945	-0.473691	154.269826	0.007055	29.4
946	-0.137089	154.181402	0.001986	29.7
947	-0.509070	154.093114	0.005035	30.5
948	-0.707370	154.004960	0.006193	30.0
949	-0.271625	153.916940	0.003380	30.8
950	-0.000000	153.829054	0.000000	30.4
951	-0.000000	153.741303	0.000000	29.4
952	-0.278838	153.653684	0.004252	26.9
953	-0.834267	153.566198	0.005177	30.6
954	-0.057949	153.478846	0.002710	30.0
955	-0.833666	153.391625	0.006596	30.2
956	-0.000000	153.304537	0.000000	30.0
957	-0.687302	153.217580	0.005469	30.1
958	-0.000000	153.130755	0.000000	31.1
959	-0.669739	153.044061	0.004544	30.1
960	-0.000000	152.957498	0.000000	31.1
961	-0.885589	152.871065	0.006656	29.6
962	-0.550105	152.784762	0.007092	28.7
963	-0.783550	152.698589	0.005512	29.7
964	-0.535667	152.612545	0.005990	29.8
965	-0.665295	152.526631	0.006937	31.1
966	-0.795291	152.440845	0.008916	29.7
967	-0.000000	152.355188	0.000000	29.3
968	-0.472690	152.269660	0.004361	29.5
969	-0.400630	152.184259	0.004711	30.8
970	-0.296231	152.098986	0.004469	31.3
971	-0.000000	152.013840	0.000000	30.3
972	-0.555873	151.928821	0.005937	29.8
973	-1.075133	151.843928	0.007747	29.7
974	-0.729039	151.759163	0.007717	29.3
975	-0.000000	151.674523	0.000000	30.6
976	-0.605056	151.590009	0.005799	29.4
977	-0.807689	151.505620	0.007050	28.7
978	-0.023173	151.421357	0.001242	29.1
979	-0.768150	151.337218	0.005034	29.8
980	-0.000000	151.253204	0.000000	29.8
981	-0.311662	151.169314	0.005176	29.3
982	-0.000000	151.085549	0.000000	28.8
983	-0.257804	151.001907	0.004479	30.8
984	-0.656522	150.918388	0.006421	30.4
985	-0.759431	150.834992	0.005984	30.2
986	-0.000000	150.751719	0.000000	30.4
987	-0.668802	150.668569	0.006700	29.5
988	-0.771173	150.585541	0.008002	28.8
989	-0.611934	150.502634	0.005902	28.2
990	-0.577638	150.419849	0.006441	29.2
991	-0.000000	150.337186	0.000000	29.7
992	-0.000000	150.254644	0.000000	29.7
993	-0.000000	150.172222	0.000000	30.4
994	-0.739109	150.089921	0.007008	30.1
995	-0.312589	150.007740	0.002638	29.4
996	-0.327833	149.925679	0.003329	28.5
997	-0.717822	149.843737	0.005634	30.5
998	-0.148858	149.761915	0.002800	31.3
999	-0.000953	149.680212	0.000033	30.0
1000	-0.736588	149.598627	0.006349	30.7
1001	-0.899785	149.517161	0.006917	30.5
1002	-0.000000	149.435814	0.000000	29.2
1003	-0.000000	149.354584	0.000000	29.7
1004	-0.328464	149.273472	0.005106	30.4
1005	-0.882130	149.192477	0.005970	29.5
1006	-0.733210	149.111599	0.006622	29.2
1007	-0.884682	149.030838	0.006529	28.9
1008	-0.574871	148.950194	0.007835	30.4
1009	-0.893357	148.869666	0.006223	29.6
1010	-0.000000	148.789253	0.000000	29.2
1011	-0.721386	148.708957	0.007554	29.7
1012	-0.209122	148.628776	0.003577	30.1
1013	-0.000000	148.548710	0.000000	29.7
1014	-0.819841	148.468759	0.004899	30.0
1015	-0.825729	148.388923	0.005610	29.2
1016	-0.000000	148.309201	0.000000	31.8
1017	-0.615243	148.229594	0.006024	30.0
1018	-0.819914	148.150100	0.005170	30.9
1019	-0.000000	148.070719	0.000000	30.6
1020	-0.046742	147.991452	0.000535	29.5
1021	-0.058411	147.912298	0.000312	29.5
1022	-0.309380	147.833257	0.005086	29.2
1023	-0.677801	147.754329	0.004011	30.3
1024	-0.803949	147.675512	0.005261	30.0
1025	-0.006788	147.596808	0.000110	29.4
1026	-0.607199	147.518216	0.006259	29.7
1027	-0.902630	147.439735	0.008268	29.4
1028	-0.694823	147.361365	0.005453	29.2
1029	-0.908296	147.283106	0.007771	29.2
1030	-0.859263	147.204958	0.007560	29.2
1031	-0.000170	147.126920	0.000018	30.8
1032	-0.000000	147.048993	0.000000	31.6
1033	-0.001873	146.971175	0.000064	30.7
1034	-0.199442	146.893468	0.003320	30.6
1035	-0.000000	146.815869	0.000000	30.7
1036	-0.849358	146.738380	0.005745	29.7
1037	-0.878479	146.661000	0.006471	30.1
1038	-0.343678	146.583729	0.002535	30.3
1039	-0.788810	146.506566	0.005054	30.4
1040	-0.007902	146.429511	0.000071	30.4
1041	-0.529003	146.352565	0.006857	29.6
1042	-0.463258	146.275726	0.005006	29.2
1043	-0.465881	146.198994	0.006667	29.1
1044	-0.829661	146.122370	0.008526	30.6
1045	-0.000000	146.045853	0.000000	30.2
1046	-0.941027	145.969442	0.006584	30.3
1047	-0.548558	145.893139	0.005488	29.6
1048	-0.000000	145.816941	0.000000	29.7
1049	-0.678691	145.740849	0.004347	29.9
1050	-0.219429	145.664863	0.004667	29.8
1051	-0.307738	145.588983	0.004164	29.3
1052	-0.989601	145.513208	0.008753	29.6
1053	-0.980124	145.437538	0.005888	29.5
1054	-0.000000	145.361973	0.000000	30.7
1055	-0.006205	145.286513	0.000146	29.2
1056	-0.000000	145.211157	0.000000	29.6
1057	-0.691674	145.135905	0.007695	29.0
1058	-0.687573	145.060757	0.005672	29.4
1059	-0.000000	144.985712	0.000000	30.7
1060	-0.467847	144.910771	0.004055	30.6
1061	-0.298969	144.835934	0.004237	30.1
1062	-0.027482	144.761199	0.003297	31.1
1063	-0.377245	144.686567	0.002580	28.2
1064	-0.532864	144.612037	0.005664	32.2
1065	-0.745492	144.537610	0.007965	32.5
1066	-0.000000	144.463285	0.000000	29.9
1067	-0.271011	144.389062	0.003504	29.7
1068	-0.642376	144.314940	0.005200	30.1
1069	-0.627665	144.240920	0.008503	29.4
1070	-0.218147	144.167001	0.003054	30.5
1071	-0.000000	144.093182	0.000000	32.0
1072	-0.682459	144.019465	0.009385	30.5
1073	-0.402664	143.945848	0.005435	30.2
1074	-0.000000	143.872331	0.000000	30.5
1075	-0.513679	143.798914	0.006641	29.5
1076	-0.042186	143.725597	0.000831	30.5
1077	-0.802128	143.652380	0.005448	30.4
1078	-0.506527	143.579262	0.005232	29.8
1079	-0.556867	143.506243	0.006703	29.7
1080	-0.896842	143.433323	0.007051	29.6
1081	-0.000000	143.360502	0.000000	29.6
1082	-0.091313	143.287780	0.002165	30.1
1083	-0.378115	143.215155	0.005216	30.0
1084	-0.801889	143.142629	0.007037	29.6
1085	-0.741601	143.070201	0.004707	30.2
1086	-0.483945	142.997870	0.005595	30.2
1087	-0.000000	142.925637	0.000000	30.2
1088	-0.578589	142.853501	0.009057	30.6
1089	-0.712472	142.781462	0.004972	29.7
1090	-0.354229	142.709519	0.003326	28.9
1091	-0.323079	142.637674	0.005319	29.8
1092	-0.000000	142.565924	0.000000	30.2
1093	-0.000000	142.494271	0.000000	30.6
1094	-0.000000	142.422714	0.000000	29.6
1095	-0.234003	142.351252	0.002514	29.9
1096	-0.228007	142.279886	0.003829	29.1
1097	-0.000109	142.208616	0.000007	30.9
1098	-0.837200	142.137440	0.008673	31.3
1099	-1.081820	142.066360	0.008736	31.6
1100	-1.072131	141.995374	0.010964	30.9
1101	-0.615328	141.924483	0.005228	30.6
1102	-0.719928	141.853685	0.005468	30.8
1103	-0.020850	141.782983	0.001276	30.0
1104	-0.931453	141.712373	0.008116	32.3
1105	-0.000000	141.641858	0.000000	32.2
1106	-0.389963	141.571436	0.005045	31.2
1107	-0.000000	141.501108	0.000000	31.0
1108	-0.008219	141.430872	0.000631	30.9
1109	-0.087125	141.360730	0.002904	32.2
1110	-0.000964	141.290680	0.000023	30.8
1111	-0.340412	141.220722	0.004537	31.1
1112	-0.034097	141.150857	0.000948	30.7
1113	-0.835498	141.081084	0.006520	31.9
1114	-0.622301	141.011403	0.006285	30.5
1115	-0.000000	140.941813	0.000000	30.8
1116	-0.000000	140.872315	0.000000	31.2
1117	-0.935949	140.802909	0.007531	31.5
1118	-1.115315	140.733593	0.008325	31.3
1119	-0.131362	140.664369	0.002389	31.4
1120	-0.000000	140.595235	0.000000	31.0
1121	-0.000000	140.526192	0.000000	31.1
1122	-0.000000	140.457239	0.000000	31.7
1123	-0.000000	140.388376	0.000000	31.3
1124	-0.772465	140.319603	0.006242	31.6
1125	-0.463468	140.250920	0.006378	31.6
1126	-0.849946	140.182326	0.007018	31.5
1127	-0.000000	140.113822	0.000000	31.6
1128	-0.000000	140.045407	0.000000	29.8
1129	-0.420704	139.977081	0.005294	31.2
1130	-0.000000	139.908844	0.000000	32.4
1131	-0.576573	139.840696	0.003514	31.7
1132	-0.000000	139.772635	0.000000	30.4
1133	-0.674907	139.704664	0.007497	30.7
1134	-0.000000	139.636780	0.000000	30.6
1135	-0.776023	139.568984	0.006112	29.9
1136	-0.728615	139.501276	0.008494	30.4
1137	-0.491410	139.433655	0.007905	30.8
1138	-0.955253	139.366122	0.010108	32.0
1139	-0.000000	139.298676	0.000000	31.1
1140	-0.601325	139.231317	0.007442	32.1
1141	-0.772398	139.164045	0.006898	33.1
1142	-0.726534	139.096859	0.006867	31.9
1143	-0.623902	139.029760	0.006567	30.1
1144	-0.000000	138.962747	0.000000	30.6
1145	-0.258239	138.895820	0.001762	29.7
1146	-0.886380	138.828978	0.006188	31.1
1147	-0.064492	138.762223	0.001445	32.3
1148	-0.000000	138.695553	0.000000	31.4
1149	-0.000000	138.628969	0.000000	30.7
1150	-0.769124	138.562469	0.007976	31.8
1151	-0.640134	138.496055	0.004402	29.8
1152	-0.818987	138.429725	0.007940	30.7
1153	-0.719262	138.363481	0.007531	30.8
1154	-0.914149	138.297320	0.007611	31.5
1155	-0.895180	138.231244	0.005979	30.6
1156	-0.758403	138.165252	0.006416	31.0
1157	-0.990207	138.099344	0.008519	31.8
1158	-0.553847	138.033520	0.008037	30.6
1159	-0.668255	137.967779	0.006368	30.4
1160	-0.000000	137.902122	0.000000	30.0
1161	-0.430934	137.836548	0.004236	29.9
1162	-0.942144	137.771057	0.006276	30.2
1163	-0.756818	137.705649	0.005074	30.2
1164	-0.495496	137.640324	0.005972	29.5
1165	-0.362990	137.575081	0.003506	28.8
1166	-0.360776	137.509921	0.004859	30.9
1167	-0.000000	137.444842	0.000000	29.5
1168	-0.790322	137.379846	0.004169	29.4
1169	-0.479233	137.314932	0.006808	29.8
1170	-0.555069	137.250100	0.007368	30.8
1171	-0.456903	137.185349	0.003987	30.0
1172	-0.882781	137.120680	0.005902	29.6
1173	-0.000000	137.056092	0.000000	29.5
1174	-0.490624	136.991585	0.004263	29.1
1175	-0.446144	136.927158	0.004558	29.0
1176	-0.306496	136.862813	0.004305	29.4
1177	-0.535276	136.798548	0.004248	31.3
1178	-0.619336	136.734363	0.004486	29.4
1179	-1.003334	136.670259	0.006879	29.2
1180	-0.089946	136.606235	0.001804	29.1
1181	-0.784921	136.542291	0.007906	30.5
1182	-0.057855	136.478426	0.002250	30.8
1183	-0.001005	136.414641	0.000314	29.9
1184	-0.672356	136.350936	0.003549	29.8
1185	-0.801665	136.287310	0.006011	30.1
1186	-0.323789	136.223763	0.002602	30.0
1187	-0.583786	136.160295	0.005846	29.5
1188	-0.218226	136.096905	0.002313	30.2
1189	-0.593745	136.033594	0.003923	29.8
1190	-0.000000	135.970362	0.000000	29.9
1191	-0.740539	135.907208	0.007908	32.0
1192	-0.670211	135.844133	0.004453	29.6
1193	-1.009290	135.781135	0.007549	29.0
1194	-0.557284	135.718215	0.005376	30.0
1195	-0.123672	135.655373	0.004235	29.8
1196	-0.373044	135.592608	0.005098	31.0
1197	-0.061980	135.529921	0.001356	30.0
1198	-0.000000	135.467311	0.000000	29.9
1199	-0.000893	135.404778	0.000025	30.8
1200	-0.794274	135.342322	0.005217	31.3
1201	-0.532293	135.279942	0.004949	30.1
1202	-0.015035	135.217640	0.000305	30.0
1203	-0.325957	135.155413	0.003211	30.5
1204	-0.018637	135.093263	0.000990	30.4
1205	-0.119327	135.031190	0.002129	29.3
1206	-0.732427	134.969192	0.007422	29.0
1207	-0.905312	134.907270	0.006748	30.5
1208	-0.618241	134.845424	0.006991	30.9
1209	-0.122722	134.783653	0.001643	29.6
1210	-0.903214	134.721958	0.005918	30.0
1211	-0.075392	134.660338	0.002120	30.4
1212	-0.832040	134.598793	0.006636	30.2
1213	-0.969356	134.537323	0.007053	31.5
1214	-0.776925	134.475927	0.006522	29.9
1215	-0.588485	134.414607	0.006169	30.6
1216	-0.741556	134.353361	0.008581	29.4
1217	-0.833856	134.292189	0.007569	29.8
1218	-0.830828	134.231092	0.005491	29.7
1219	-0.236454	134.170068	0.001665	30.2
1220	-0.879698	134.109119	0.007263	30.1
1221	-0.821925	134.048243	0.005566	29.9
1222	-0.477080	133.987441	0.005178	29.2
1223	-0.878363	133.926713	0.006952	30.3
1224	-0.391531	133.866057	0.004981	30.8
1225	-0.000740	133.805475	0.000033	30.1
1226	-0.250134	133.744966	0.004035	29.5
1227	-0.000000	133.684530	0.000000	31.6
1228	-0.901102	133.624167	0.006313	30.1
1229	-0.000000	133.563877	0.000000	30.7
1230	-0.563240	133.503658	0.006557	29.9
1231	-0.339710	133.443513	0.005868	30.7
1232	-0.743281	133.383439	0.006813	31.6
1233	-0.661948	133.323437	0.006038	29.3
1234	-0.881321	133.263508	0.007093	29.8
1235	-0.000000	133.203650	0.000000	30.0
1236	-0.701151	133.143864	0.004827	29.3
1237	-0.766313	133.084149	0.006048	29.4
1238	-0.000000	133.024506	0.000000	29.6
1239	-0.735897	132.964934	0.005810	30.4
1240	-0.818250	132.905433	0.006886	30.4
1241	-0.770964	132.846003	0.005271	31.0
1242	-0.000000	132.786643	0.000000	31.9
1243	-0.830038	132.727355	0.005399	32.0
1244	-0.632385	132.668137	0.005192	32.7
1245	-0.185551	132.608989	0.003386	31.4
1246	-0.574129	132.549912	0.005833	29.0
1247	-0.442230	132.490904	0.004816	30.1
1248	-0.618860	132.431967	0.007541	30.7
1249	-0.000000	132.373100	0.000000	29.4
1250	-0.891150	132.314302	0.008685	30.0
1251	-0.555753	132.255574	0.006723	29.4
1252	-0.694652	132.196916	0.007212	30.4
1253	-0.604804	132.138326	0.005809	29.8
1254	-0.666124	132.079806	0.006595	30.2
1255	-0.000000	132.021355	0.000000	30.8
1256	-0.703084	131.962973	0.006487	30.6
1257	-0.543905	131.904660	0.006031	30.4
1258	-0.351616	131.846415	0.005434	29.8
1259	-0.787778	131.788239	0.007347	29.7
1260	-0.660078	131.730131	0.007277	30.0
1261	-0.000546	131.672092	0.000026	30.7
1262	-0.639828	131.614121	0.006999	32.3
1263	-0.938875	131.556217	0.007178	32.2
1264	-0.357806	131.498382	0.003263	30.6
1265	-0.323616	131.440614	0.006186	31.4
1266	-0.835340	131.382914	0.006698	32.3
1267	-0.800516	131.325282	0.005809	31.4
1268	-0.000000	131.267717	0.000000	32.3
1269	-0.758505	131.210219	0.006308	31.3
1270	-0.553516	131.152788	0.007262	32.4
1271	-0.000062	131.095424	0.000003	30.9
1272	-0.028146	131.038127	0.002760	31.7
1273	-0.105526	130.980897	0.001908	31.2
1274	-0.010766	130.923733	0.001265	30.2
1275	-0.662410	130.866636	0.005885	30.3
1276	-0.156472	130.809605	0.002406	30.6
1277	-0.384040	130.752641	0.005671	29.8
1278	-0.000000	130.695742	0.000000	30.8
1279	-0.000000	130.638910	0.000000	31.1
1280	-0.591602	130.582143	0.006516	29.7
1281	-0.880989	130.525442	0.004576	31.0
1282	-0.469356	130.468807	0.003542	32.0
1283	-0.768760	130.412237	0.005069	31.2
1284	-0.000000	130.355733	0.000000	31.7
1285	-0.000000	130.299294	0.000000	32.0
1286	-0.384518	130.242920	0.004834	31.0
1287	-1.058497	130.186611	0.007458	29.7
1288	-0.022701	130.130366	0.001019	29.2
1289	-0.000000	130.074187	0.000000	30.7
1290	-0.000000	130.018072	0.000000	29.9
1291	-0.146209	129.962022	0.002206	30.4
1292	-0.220172	129.906036	0.004859	29.6
1293	-0.000000	129.850114	0.000000	32.1
1294	-0.026655	129.794257	0.000999	29.9
1295	-0.804575	129.738463	0.006893	29.4
1296	-0.803638	129.682734	0.007724	29.7
1297	-0.107966	129.627068	0.002765	29.8
1298	-0.379780	129.571466	0.005517	29.1
1299	-0.285301	129.515927	0.004543	29.4
1300	-0.148347	129.460452	0.001907	30.2
1301	-0.052696	129.405040	0.001401	29.9
1302	-0.790973	129.349692	0.007635	29.6
1303	-0.889680	129.294406	0.007449	29.7
1304	-0.923658	129.239183	0.006872	30.2
1305	-0.773672	129.184024	0.005676	30.5
1306	-0.032713	129.128927	0.001584	30.3
1307	-0.692829	129.073892	0.003836	29.2
1308	-0.502306	129.018921	0.006120	28.5
1309	-0.612132	128.964011	0.007732	30.2
1310	-0.678961	128.909164	0.005674	30.1
1311	-0.725189	128.854379	0.006293	29.6
1312	-0.036156	128.799656	0.000942	29.4
1313	-0.000000	128.744995	0.000000	29.1
1314	-0.000000	128.690396	0.000000	31.5
1315	-0.515286	128.635858	0.004998	29.5
1316	-0.203492	128.581382	0.003479	29.6
1317	-0.687472	128.526968	0.007822	29.6
1318	-0.727827	128.472615	0.006665	30.2
1319	-0.002826	128.418323	0.000068	31.0
1320	-0.767501	128.364092	0.007023	30.7
1321	-0.439615	128.309922	0.004963	30.2
1322	-0.070840	128.255814	0.001091	29.9
1323	-0.649823	128.201766	0.006355	30.2
1324	-0.008326	128.147778	0.000092	29.1
1325	-0.256458	128.093852	0.002745	30.6
1326	-0.681379	128.039985	0.006870	30.1
1327	-0.000000	127.986180	0.000000	32.4
1328	-0.453085	127.932434	0.005855	30.5
1329	-0.631054	127.878749	0.006986	30.3
1330	-0.000203	127.825123	0.000010	29.4
1331	-0.000000	127.771558	0.000000	30.4
1332	-0.000000	127.718052	0.000000	31.4
1333	-0.000000	127.664606	0.000000	31.3
1334	-0.090329	127.611220	0.002231	29.3
1335	-0.434670	127.557893	0.004204	30.2
1336	-0.824009	127.504625	0.006139	29.0
1337	-0.000000	127.451417	0.000000	30.6
1338	-0.739023	127.398268	0.008251	30.2
1339	-0.174574	127.345178	0.001726	29.6
1340	-0.000000	127.292147	0.000000	30.4
1341	-0.357668	127.239175	0.002938	29.2
1342	-0.593044	127.186261	0.007415	30.6
1343	-0.899710	127.133407	0.006361	29.3
1344	-0.000000	127.080610	0.000000	30.6
1345	-0.466824	127.027872	0.004684	30.7
1346	-0.736542	126.975193	0.006643	30.0
1347	-0.618022	126.922572	0.007198	29.7
1348	-0.192245	126.870008	0.002558	29.8
1349	-0.844855	126.817503	0.006152	30.0
1350	-1.004231	126.765056	0.008800	29.9
1351	-0.776341	126.712667	0.005174	29.1
1352	-0.545453	126.660335	0.006007	30.4
1353	-0.416394	126.608061	0.006666	29.8
1354	-0.207227	126.555844	0.003244	29.9
1355	-0.004300	126.503685	0.000000	29.9
1356	-0.113217	126.451583	0.002065	30.0
1357	-0.523997	126.399538	0.005771	30.0
1358	-0.000000	126.347550	0.000000	31.1
1359	-0.534482	126.295619	0.006835	31.8
1360	-0.665744	126.243745	0.007286	31.7
1361	-0.000000	126.191928	0.000000	29.4
1362	-0.000000	126.140168	0.000000	32.0
1363	-0.797904	126.088464	0.007386	29.9
1364	-0.738700	126.036817	0.007153	30.1
1365	-0.000000	125.985226	0.000000	29.6
1366	-0.092959	125.933691	0.002600	29.9
1367	-0.000965	125.882212	0.000050	29.9
1368	-0.009024	125.830790	0.000165	28.7
1369	-0.730698	125.779423	0.005593	30.3
1370	-0.000000	125.728113	0.000000	30.8
1371	-0.000740	125.676858	0.000027	30.8
1372	-0.872620	125.625659	0.006837	29.5
1373	-0.036613	125.574515	0.001505	29.3
1374	-0.664727	125.523427	0.006018	29.4
1375	-0.533860	125.472394	0.004615	30.0
1376	-0.854167	125.421417	0.007020	29.4
1377	-0.561249	125.370495	0.005403	30.0
1378	-0.826649	125.319628	0.006308	29.5
1379	-0.000000	125.268815	0.000000	30.1
1380	-0.143983	125.218058	0.002294	29.7
1381	-0.833931	125.167356	0.006100	30.0
1382	-0.114882	125.116708	0.002008	29.4
1383	-0.582957	125.066115	0.007719	29.6
1384	-0.375444	125.015576	0.002839	30.6
1385	-0.760030	124.965092	0.006532	29.9
1386	-0.765897	124.914662	0.005353	30.1
1387	-0.249174	124.864287	0.003058	29.8
1388	-0.468831	124.813965	0.004649	30.2
1389	-0.013849	124.763698	0.001026	29.5
1390	-0.229651	124.713485	0.003367	30.2
1391	-0.786473	124.663325	0.008150	30.5
1392	-0.000000	124.613219	0.000000	30.2
1393	-0.547698	124.563167	0.006766	31.4
1394	-0.654194	124.513168	0.004987	29.0
1395	-0.639822	124.463223	0.006738	30.3
1396	-0.142842	124.413332	0.002751	31.0
1397	-0.000000	124.363493	0.000000	30.5
1398	-0.454313	124.313708	0.005430	28.0
1399	-1.002330	124.263976	0.006843	29.8
1400	-0.796483	124.214297	0.004275	29.9
1401	-0.000000	124.164671	0.000000	29.5
1402	-0.882370	124.115097	0.005053	30.7
1403	-0.358864	124.065577	0.003888	30.1
1404	-0.000000	124.016109	0.000000	29.7
1405	-0.499377	123.966693	0.004159	29.3
1406	-0.869477	123.917330	0.007441	29.6
1407	-0.571297	123.868020	0.007015	30.1
1408	-0.000000	123.818762	0.000000	29.3
1409	-0.730625	123.769556	0.006545	29.7
1410	-0.508783	123.720402	0.005206	30.2
1411	-0.778085	123.671300	0.006966	30.0
1412	-0.381462	123.622250	0.004317	30.4
1413	-0.000000	123.573252	0.000000	29.4
1414	-0.000000	123.524305	0.000000	29.0
1415	-0.065002	123.475411	0.002262	30.1
1416	-0.435141	123.426568	0.005551	30.3
1417	-0.472837	123.377776	0.006088	29.8
1418	-0.666989	123.329036	0.006323	30.6
1419	-0.531589	123.280347	0.006258	30.5
1420	-0.001776	123.231709	0.000209	30.0
1421	-0.812407	123.183122	0.006061	29.6
1422	-0.000000	123.134587	0.000000	30.0
1423	-0.000000	123.086102	0.000000	29.7
1424	-0.159826	123.037669	0.001776	29.2
1425	-0.705812	122.989286	0.006572	29.9
1426	-0.814327	122.940954	0.008073	29.6
1427	-0.876363	122.892672	0.008295	31.2
1428	-0.835008	122.844441	0.007838	29.3
1429	-0.348371	122.796261	0.004930	28.8
1430	-0.695127	122.748130	0.004480	31.0
1431	-0.777844	122.700050	0.006252	30.4
1432	-0.816437	122.652021	0.007574	29.6
1433	-0.000000	122.604041	0.000000	30.1
1434	-0.811438	122.556111	0.005034	30.5
1435	-0.721420	122.508232	0.006108	30.1
1436	-0.854728	122.460402	0.005426	29.5
1437	-0.227085	122.412622	0.002695	30.7
1438	-0.000000	122.364891	0.000000	28.8
1439	-0.347716	122.317210	0.004336	29.4
1440	-0.000000	122.269579	0.000000	29.4
1441	-0.000000	122.221997	0.000000	30.2
1442	-0.001358	122.174465	0.000045	29.1
1443	-0.430035	122.126981	0.005453	29.8
1444	-0.592952	122.079547	0.005911	29.2
1445	-0.479121	122.032162	0.007369	30.4
1446	-0.055979	121.984826	0.002211	30.5
1447	-0.437166	121.937539	0.005139	29.7
1448	-0.000000	121.890301	0.000000	30.0
1449	-0.001017	121.843112	0.000683	30.1
1450	-0.086136	121.795971	0.003312	30.4
1451	-0.314395	121.748879	0.004617	29.6
1452	-0.614975	121.701835	0.005118	31.2
1453	-0.836493	121.654840	0.007475	29.9
1454	-0.033884	121.607893	0.000261	30.9
1455	-0.071331	121.560994	0.000932	30.2
1456	-0.000000	121.514144	0.000000	29.5
1457	-0.000067	121.467342	0.000008	30.4
1458	-0.845083	121.420588	0.006515	30.3
1459	-0.432498	121.373882	0.005876	31.2
1460	-0.930299	121.327223	0.007913	29.7
1461	-0.519957	121.280613	0.003372	28.9
1462	-0.000000	121.234050	0.000000	30.6
1463	-0.661400	121.187535	0.004399	30.1
1464	-0.000000	121.141067	0.000000	29.9
1465	-0.653823	121.094647	0.007806	30.0
1466	-0.652430	121.048274	0.005632	30.1
1467	-0.442751	121.001949	0.007266	30.0
1468	-0.456818	120.955671	0.004104	30.7
1469	-0.690492	120.909440	0.005666	30.2
1470	-0.000000	120.863256	0.000000	30.2
1471	-0.000000	120.817119	0.000000	30.3
1472	-0.906105	120.771029	0.009369	29.3
1473	-0.788201	120.724986	0.005475	30.5
1474	-0.668164	120.678990	0.006889	30.0
1475	-0.000000	120.633040	0.000000	30.3
1476	-0.416118	120.587137	0.004579	29.6
1477	-0.015489	120.541281	0.000538	30.0
1478	-0.839496	120.495471	0.007425	30.5
1479	-0.873102	120.449707	0.006893	29.9
1480	-0.761661	120.403990	0.005718	29.6
1481	-0.485681	120.358319	0.004971	29.2
1482	-0.421720	120.312694	0.004914	29.4
1483	-0.606250	120.267115	0.005599	31.2
1484	-0.000000	120.221582	0.000000	30.6
1485	-0.802841	120.176096	0.008079	30.6
1486	-0.677722	120.130655	0.004916	30.0
1487	-0.873496	120.085260	0.006369	30.6
1488	-0.708966	120.039910	0.005751	29.1
1489	-1.077113	119.994606	0.007248	30.5
1490	-0.771235	119.949348	0.007142	30.1
1491	-0.129562	119.904135	0.003837	29.6
1492	-0.813479	119.858968	0.006535	28.8
1493	-0.393924	119.813846	0.005318	31.5
1494	-0.716024	119.768769	0.007000	30.6
1495	-0.547394	119.723738	0.004790	30.0
1496	-0.839895	119.678752	0.005173	29.3
1497	-0.295865	119.633810	0.004463	30.0
1498	-0.005757	119.588914	0.000110	28.7
1499	-0.748757	119.544062	0.006642	31.0
1500	-0.422189	119.499256	0.005233	30.8
1501	-0.946917	119.454494	0.006272	30.1
1502	-0.009947	119.409777	0.000113	29.8
1503	-0.877175	119.365104	0.006084	29.4
1504	-0.836992	119.320476	0.007561	29.4
1505	-0.963722	119.275893	0.006848	29.6
1506	-0.353572	119.231353	0.006269	29.8
1507	-0.998192	119.186859	0.009691	29.3
1508	-0.727645	119.142408	0.007162	30.6
1509	-0.526546	119.098002	0.003631	30.2
1510	-0.000000	119.053639	0.000000	29.2
1511	-0.073623	119.009321	0.001540	29.4
1512	-0.828079	118.965047	0.006059	29.9
1513	-0.034897	118.920816	0.002950	29.0
1514	-0.765434	118.876630	0.005065	30.3
1515	-0.883980	118.832487	0.006702	29.5
1516	-0.765519	118.788388	0.004450	29.8
1517	-0.114003	118.744332	0.002063	30.8
1518	-0.130484	118.700320	0.003673	30.3
1519	-0.000000	118.656352	0.000000	31.6
1520	-0.315533	118.612427	0.004644	31.1
1521	-0.000000	118.568545	0.000000	31.4
1522	-0.006905	118.524706	0.000114	30.8
1523	-0.000109	118.480911	0.000005	29.9
1524	-0.850913	118.437159	0.007652	29.0
1525	-0.000000	118.393450	0.000000	31.4
1526	-0.024750	118.349784	0.002361	30.6
1527	-1.045385	118.306160	0.010141	29.9
1528	-0.237881	118.262580	0.004376	29.0
1529	-0.831568	118.219042	0.006056	29.7
1530	-0.000000	118.175548	0.000000	29.5
1531	-0.655200	118.132095	0.006441	30.4
1532	-0.007875	118.088686	0.000165	29.6
1533	-0.003217	118.045319	0.000089	29.5
1534	-1.070192	118.001994	0.007810	29.4
1535	-0.000523	117.958712	0.000018	31.1
1536	-0.511537	117.915472	0.004925	30.6
1537	-0.919866	117.872274	0.007396	30.0
1538	-0.368835	117.829118	0.006213	29.3
1539	-0.000012	117.786005	0.000003	29.4
1540	-0.869595	117.742933	0.007192	30.0
1541	-0.145569	117.699904	0.002181	30.0
1542	-0.922758	117.656916	0.007604	30.1
1543	-0.529712	117.613971	0.005511	30.1
1544	-0.387952	117.571067	0.004077	29.9
1545	-0.000000	117.528205	0.000000	29.4
1546	-0.730991	117.485384	0.007091	29.7
1547	-0.714298	117.442605	0.006138	30.4
1548	-0.416652	117.399867	0.002863	29.6
1549	-0.792529	117.357171	0.005814	30.1
1550	-0.000000	117.314517	0.000000	29.7
1551	-0.006869	117.271903	0.000123	31.1
1552	-0.894703	117.229331	0.007298	29.9
1553	-0.005590	117.186800	0.000123	30.2
1554	-0.854079	117.144311	0.007477	28.6
1555	-0.330798	117.101862	0.004955	30.2
1556	-0.734499	117.059454	0.005120	29.5
1557	-0.000000	117.017087	0.000000	29.4
1558	-0.746390	116.974762	0.006435	29.8
1559	-0.702948	116.932476	0.008605	29.2
1560	-0.875142	116.890232	0.006730	29.0
1561	-0.000000	116.848028	0.000000	30.4
1562	-0.787601	116.805865	0.006027	30.0
1563	-0.004344	116.763743	0.000072	30.3
1564	-0.491665	116.721661	0.007251	29.5
1565	-0.001001	116.679619	0.000044	29.1
1566	-0.698834	116.637618	0.006982	31.1
1567	-0.844017	116.595657	0.005051	29.6
1568	-0.300989	116.553736	0.003727	29.9
1569	-0.991080	116.511855	0.006578	28.9
1570	-0.720891	116.470015	0.006506	29.4
1571	-0.743285	116.428214	0.006072	29.6
1572	-0.000002	116.386454	0.000001	29.2
1573	-0.888531	116.344733	0.006300	30.8
1574	-0.000000	116.303052	0.000000	29.2
1575	-0.700217	116.261412	0.004744	29.1
1576	-0.643138	116.219810	0.005282	29.6
1577	-0.379088	116.178249	0.004993	29.3
1578	-0.967767	116.136727	0.007235	28.8
1579	-0.010131	116.095245	0.000218	28.9
1580	-0.583668	116.053802	0.005784	29.6
1581	-0.507664	116.012398	0.005297	29.9
1582	-0.847246	115.971034	0.007254	31.0
1583	-0.000000	115.929710	0.000000	29.8
1584	-0.000000	115.888424	0.000000	31.1
1585	-0.000000	115.847178	0.000000	28.7
1586	-0.469898	115.805970	0.004671	29.3
1587	-0.143440	115.764802	0.002026	29.5
1588	-0.513417	115.723673	0.005137	30.2
1589	-0.027099	115.682583	0.001857	29.6
1590	-0.248406	115.641532	0.003046	29.9
1591	-0.003792	115.600519	0.000206	30.0
1592	-0.000000	115.559546	0.000000	29.7
1593	-0.732361	115.518610	0.007308	31.5
1594	-0.000000	115.477714	0.000000	31.1
1595	-0.244441	115.436856	0.004012	30.9
1596	-0.181765	115.396037	0.003622	31.3
1597	-0.868557	115.355256	0.006294	30.3
1598	-0.686603	115.314514	0.007364	29.8
1599	-0.409737	115.273810	0.004489	30.7
1600	-0.370923	115.233144	0.003715	29.2
1601	-0.417031	115.192517	0.005397	30.8
1602	-0.895433	115.151927	0.006065	29.9
1603	-0.660091	115.111376	0.005614	29.3
1604	-0.000000	115.070863	0.000000	30.3
1605	-0.699313	115.030388	0.007516	30.5
1606	-0.685123	114.989951	0.007540	31.5
1607	-0.877695	114.949551	0.005138	30.6
1608	-0.195612	114.909190	0.003332	29.6
1609	-1.076973	114.868866	0.010042	30.4
1610	-0.592824	114.828580	0.006295	29.2
1611	-0.824444	114.788332	0.005172	28.6
1612	-0.499936	114.748121	0.003158	30.3
1613	-0.782919	114.707948	0.007997	30.0
1614	-0.711368	114.667812	0.005219	29.7
1615	-0.762759	114.627714	0.007130	30.4
1616	-0.485443	114.587653	0.004207	31.2
1617	-0.795549	114.547629	0.008494	30.7
1618	-0.171134	114.507643	0.002428	29.1
1619	-0.344578	114.467693	0.004235	29.6
1620	-0.922574	114.427781	0.007474	30.4
1621	-0.511605	114.387907	0.006688	29.4
1622	-0.953218	114.348069	0.007449	29.8
1623	-1.059252	114.308268	0.008504	29.6
1624	-0.000000	114.268504	0.000000	29.2
1625	-0.901505	114.228777	0.009695	29.2
1626	-0.908792	114.189086	0.005869	30.7
1627	-0.711894	114.149433	0.005351	30.4
1628	-0.006007	114.109816	0.000127	29.2
1629	-0.961404	114.070235	0.007709	29.9
1630	-0.723680	114.030692	0.004808	31.3
1631	-0.696122	113.991185	0.006345	31.3
1632	-0.898891	113.951714	0.006020	30.6
1633	-0.529638	113.912280	0.004549	29.6
1634	-0.000000	113.872882	0.000000	29.5
1635	-0.397831	113.833521	0.004666	30.4
1636	-0.482067	113.794195	0.006082	29.1
1637	-0.815824	113.754906	0.005043	29.3
1638	-0.000061	113.715653	0.000001	30.3
1639	-0.916959	113.676437	0.007992	29.2
1640	-0.895819	113.637256	0.006861	30.4
1641	-0.864540	113.598111	0.007332	28.8
1642	-0.757428	113.559002	0.007746	30.1
1643	-0.474214	113.519929	0.006462	29.6
1644	-0.672532	113.480892	0.007163	29.2
1645	-0.000527	113.441891	0.000075	29.0
1646	-0.000000	113.402925	0.000000	29.5
1647	-0.914352	113.363995	0.006984	30.3
1648	-0.851899	113.325101	0.007166	29.5
1649	-0.031532	113.286242	0.001727	29.8
1650	-0.424947	113.247419	0.004941	30.3
1651	-0.000000	113.208631	0.000000	30.1
1652	-0.587859	113.169879	0.005019	30.0
1653	-0.845003	113.131162	0.005824	29.9
1654	-0.658763	113.092480	0.004185	29.2
1655	-0.709486	113.053833	0.008275	29.0
1656	-0.000000	113.015222	0.000000	30.9
1657	-0.000000	112.976646	0.000000	29.4
1658	-0.644459	112.938105	0.006260	29.8
1659	-0.025617	112.899599	0.001019	31.9
1660	-0.899843	112.861128	0.005662	29.0
1661	-0.878962	112.822692	0.006732	29.6
1662	-0.000000	112.784291	0.000000	30.7
1663	-0.666946	112.745924	0.006936	30.4
1664	-0.253307	112.707593	0.004739	29.4
1665	-0.548701	112.669296	0.007645	29.5
1666	-0.878415	112.631034	0.004833	28.7
1667	-0.118927	112.592806	0.002357	29.8
1668	-0.711918	112.554613	0.006716	29.8
1669	-0.793060	112.516455	0.007199	29.8
1670	-0.768021	112.478331	0.005330	28.8
1671	-0.635391	112.440241	0.007039	29.6
1672	-0.377031	112.402186	0.004552	29.5
1673	-0.876372	112.364165	0.009156	29.5
1674	-0.473677	112.326179	0.006856	29.9
1675	-0.248746	112.288227	0.004397	29.3
1676	-0.383360	112.250309	0.003921	29.5
1677	-0.871567	112.212425	0.007353	29.3
1678	-0.508642	112.174575	0.004312	29.5
1679	-0.878428	112.136759	0.005849	29.4
1680	-0.000000	112.098977	0.000000	30.3
1681	-0.838712	112.061229	0.005397	30.9
1682	-0.816404	112.023515	0.005092	30.2
1683	-0.384967	111.985834	0.005395	28.7
1684	-0.923627	111.948188	0.006078	29.4
1685	-0.997201	111.910575	0.009986	29.6
1686	-0.134487	111.872996	0.002217	29.4
1687	-0.000000	111.835450	0.000000	29.2
1688	-0.479996	111.797939	0.005280	29.7
1689	-0.507392	111.760460	0.004951	28.9
1690	-0.723630	111.723015	0.005877	30.7
1691	-0.059792	111.685604	0.003805	29.8
1692	-0.000000	111.648226	0.000000	29.7
1693	-0.763665	111.610881	0.006298	31.2
1694	-0.615374	111.573570	0.005029	28.9
1695	-0.639604	111.536292	0.006791	29.8
1696	-0.112919	111.499047	0.002142	29.8
1697	-0.000000	111.461835	0.000000	30.2
1698	-0.748812	111.424656	0.005137	30.7
1699	-0.573768	111.387510	0.006002	30.7
1700	-0.927123	111.350398	0.008772	31.0
1701	-0.545375	111.313318	0.005290	30.5
1702	-0.000000	111.276271	0.000000	29.3
1703	-0.000000	111.239257	0.000000	30.0
1704	-0.667159	111.202276	0.006208	29.7
1705	-1.046334	111.165328	0.009153	29.0
1706	-0.150460	111.128412	0.001496	29.0
1707	-0.055324	111.091529	0.001241	30.3
1708	-0.000000	111.054679	0.000000	29.3
1709	-0.612217	111.017861	0.006334	29.3
1710	-0.673984	110.981076	0.006406	30.0
1711	-0.000006	110.944323	0.000001	30.3
1712	-0.047378	110.907603	0.000655	29.2
1713	-0.866549	110.870915	0.006678	29.9
1714	-1.029475	110.834259	0.006851	29.1
1715	-0.000000	110.797636	0.000000	29.1
1716	-0.761560	110.761045	0.004742	30.1
1717	-0.523340	110.724486	0.005133	30.3
1718	-0.591618	110.687959	0.005343	30.7
1719	-0.899272	110.651465	0.005593	30.5
1720	-0.000000	110.615002	0.000000	29.9
1721	-0.756211	110.578572	0.005651	30.3
1722	-0.803849	110.542173	0.006602	29.3
1723	-0.000000	110.505807	0.000000	29.3
1724	-0.105170	110.469472	0.002490	29.8
1725	-0.566376	110.433169	0.005420	30.7
1726	-0.669571	110.396898	0.004950	30.0
1727	-0.896915	110.360659	0.009033	29.5
1728	-0.009732	110.324451	0.000151	30.3
1729	-0.687769	110.288276	0.005232	29.4
1730	-0.915979	110.252131	0.006077	30.6
1731	-0.552492	110.216019	0.004835	31.2
1732	-0.834673	110.179937	0.007865	30.8
1733	-0.700114	110.143888	0.005736	29.7
1734	-0.898500	110.107869	0.007215	30.7
1735	-0.398404	110.071882	0.004982	28.6
1736	-0.362382	110.035927	0.005099	29.2
1737	-0.866978	110.000003	0.008636	31.1
1738	-0.837516	109.964110	0.007322	28.9
1739	-0.717463	109.928248	0.004998	30.4
1740	-0.796102	109.892417	0.007605	29.6
1741	-0.016123	109.856618	0.000197	29.8
1742	-0.910150	109.820850	0.008622	30.2
1743	-0.827044	109.785112	0.006415	29.2
1744	-0.000000	109.749406	0.000000	29.1
1745	-0.000000	109.713730	0.000000	29.7
1746	-0.000000	109.678086	0.000000	29.9
1747	-0.367263	109.642472	0.006982	30.0
1748	-0.541992	109.606890	0.006390	29.5
1749	-0.312872	109.571337	0.004107	27.2
1750	-0.952737	109.535816	0.007334	31.2
1751	-1.011706	109.500326	0.009333	30.0
1752	-0.446373	109.464866	0.005481	30.8
1753	-0.000000	109.429436	0.000000	31.0
1754	-0.000000	109.394038	0.000000	29.1
1755	-0.955592	109.358669	0.006830	29.6
1756	-0.822150	109.323331	0.005841	30.7
1757	-0.087863	109.288024	0.001340	29.6
1758	-0.112229	109.252747	0.003200	29.3
1759	-0.691614	109.217501	0.004113	29.7
1760	-0.893769	109.182284	0.007220	31.7
1761	-0.000000	109.147098	0.000000	29.6
1762	-0.863524	109.111942	0.005958	29.7
1763	-0.824135	109.076817	0.008205	30.9
1764	-0.000000	109.041721	0.000000	29.2
1765	-0.920587	109.006656	0.006597	28.7
1766	-0.897571	108.971620	0.007840	30.6
1767	-0.095251	108.936615	0.002813	30.0
1768	-0.391349	108.901640	0.003767	30.1
1769	-0.791218	108.866694	0.006238	30.0
1770	-0.521438	108.831779	0.002904	29.7
1771	-0.870582	108.796893	0.007257	29.5
1772	-0.062126	108.762037	0.001031	29.7
1773	-0.007415	108.727211	0.000090	29.8
1774	-0.974301	108.692415	0.006851	29.4
1775	-0.004435	108.657648	0.000812	28.0
1776	-0.555530	108.622911	0.005367	29.5
1777	-0.890530	108.588203	0.008392	29.6
1778	-0.221153	108.553525	0.002752	28.8
1779	-0.000000	108.518877	0.000000	29.8
1780	-0.005643	108.484258	0.000083	30.0
1781	-0.000000	108.449668	0.000000	30.0
1782	-0.668372	108.415108	0.006533	29.5
1783	-0.199254	108.380578	0.002917	29.0
1784	-0.800169	108.346076	0.007583	29.9
1785	-0.000000	108.311604	0.000000	31.2
1786	-0.498282	108.277161	0.006411	32.2
1787	-0.574616	108.242747	0.004978	30.7
1788	-0.187335	108.208363	0.002126	29.7
1789	-0.682885	108.174007	0.005769	30.6
1790	-0.728797	108.139681	0.005205	29.1
1791	-0.340619	108.105383	0.006094	30.4
1792	-0.041536	108.071115	0.001308	29.2
1793	-0.904481	108.036875	0.006893	30.4
1794	-0.559683	108.002665	0.006496	28.7
1795	-0.000022	107.968483	0.000002	29.5
1796	-0.023295	107.934330	0.000317	30.9
1797	-0.003926	107.900206	0.000126	29.1
1798	-0.615066	107.866111	0.005893	29.3
1799	-0.346242	107.832044	0.004415	29.8
1800	-1.033540	107.798007	0.008992	30.3
1801	-0.000000	107.763997	0.000000	29.4
1802	-0.000000	107.730017	0.000000	29.4
1803	-0.872866	107.696065	0.007818	29.3
1804	-0.764148	107.662141	0.007366	30.8
1805	-0.683479	107.628246	0.006468	30.4
1806	-0.477953	107.594379	0.006170	30.7
1807	-0.943058	107.560541	0.007648	29.6
1808	-0.839698	107.526731	0.006223	29.1
1809	-0.000000	107.492949	0.000000	29.3
1810	-0.000000	107.459196	0.000000	29.0
1811	-0.000000	107.425471	0.000000	30.3
1812	-0.000000	107.391774	0.000000	29.6
1813	-0.797421	107.358106	0.005311	29.3
1814	-0.464200	107.324465	0.005298	29.4
1815	-0.244468	107.290853	0.003238	29.9
1816	-0.468498	107.257268	0.005147	30.1
1817	-0.843528	107.223712	0.005436	30.7
1818	-0.885633	107.190184	0.006525	30.8
1819	-0.000000	107.156683	0.000000	30.5
1820	-0.457360	107.123211	0.005937	29.0
1821	-0.000179	107.089766	0.000008	30.0
1822	-0.448054	107.056349	0.003960	29.3
1823	-0.041444	107.022960	0.000871	30.6
1824	-0.428459	106.989599	0.003629	29.4
1825	-0.000000	106.956265	0.000000	30.0
1826	-0.634075	106.922960	0.006732	31.1
1827	-0.665588	106.889681	0.006590	29.4
1828	-0.776190	106.856431	0.006468	29.4
1829	-0.001105	106.823208	0.000047	29.9
1830	-0.578214	106.790012	0.007072	30.6
1831	-0.379664	106.756844	0.004385	30.5
1832	-0.367876	106.723703	0.004421	29.9
1833	-0.574416	106.690590	0.007680	29.4
1834	-0.000000	106.657505	0.000000	28.9
1835	-0.650658	106.624446	0.005628	29.9
1836	-0.567345	106.591415	0.003701	30.9
1837	-0.422865	106.558411	0.005271	32.4
1838	-0.202824	106.525435	0.003562	31.2
1839	-0.026248	106.492485	0.001831	32.4
1840	-0.824142	106.459563	0.006262	31.0
1841	-0.621867	106.426668	0.005198	30.0
1842	-0.687076	106.393800	0.006225	29.8
1843	-0.951772	106.360959	0.007319	29.2
1844	-0.861891	106.328145	0.006346	28.9
1845	-0.740666	106.295358	0.007652	28.9
1846	-0.034141	106.262598	0.000726	29.6
1847	-0.828143	106.229865	0.007193	31.1
1848	-0.014327	106.197158	0.000258	29.7
1849	-0.000000	106.164479	0.000000	29.3
1850	-0.030791	106.131826	0.001491	30.4
1851	-0.522077	106.099201	0.007180	28.8
1852	-0.667494	106.066602	0.008213	32.7
1853	-0.544091	106.034029	0.007365	34.5
1854	-0.492077	106.001483	0.005396	31.2
1855	-0.620470	105.968964	0.005029	31.4
1856	-0.718738	105.936472	0.005683	31.8
1857	-0.893819	105.904006	0.005065	30.5
1858	-0.938044	105.871566	0.007559	30.7
1859	-0.000232	105.839153	0.000011	31.0
1860	-0.000000	105.806767	0.000000	29.3
1861	-0.108565	105.774407	0.001168	30.6
1862	-0.419862	105.742073	0.004880	31.8
1863	-0.000000	105.709766	0.000000	30.2
1864	-0.055856	105.677485	0.002430	30.7
1865	-0.391209	105.645230	0.006564	32.1
1866	-0.147775	105.613001	0.004176	31.8
1867	-0.557987	105.580799	0.006168	31.9
1868	-0.000000	105.548623	0.000000	31.4
1869	-0.670557	105.516473	0.005161	30.6
1870	-0.708613	105.484349	0.006662	30.7
1871	-0.815454	105.452251	0.005879	30.5
1872	-0.808975	105.420179	0.005738	29.7
1873	-0.893254	105.388133	0.006694	30.2
1874	-0.834453	105.356113	0.007397	29.5
1875	-0.008520	105.324119	0.000161	30.6
1876	-0.000279	105.292151	0.000015	29.7
1877	-0.000000	105.260209	0.000000	28.7
1878	-0.169580	105.228293	0.003506	30.6
1879	-0.837575	105.196402	0.006758	29.2
1880	-0.903998	105.164537	0.007973	29.7
1881	-0.879899	105.132698	0.006512	30.7
1882	-0.700117	105.100885	0.004460	32.6
1883	-0.680399	105.069097	0.005729	31.1
1884	-0.594454	105.037335	0.004092	30.6
1885	-0.792140	105.005598	0.005954	31.4
1886	-0.048358	104.973887	0.001393	30.4
1887	-0.704520	104.942202	0.005768	29.0
1888	-0.336708	104.910542	0.002795	30.1
1889	-0.625678	104.878907	0.007848	31.4
1890	-0.000000	104.847298	0.000000	30.4
1891	-0.292416	104.815715	0.004227	30.1
1892	-0.733735	104.784156	0.006033	61.1
1893	-0.666920	104.752623	0.005779	39.0
1894	-0.349884	104.721116	0.003797	30.6
1895	-0.000001	104.689633	0.000002	30.2
1896	-0.916896	104.658176	0.008408	30.5
1897	-0.353311	104.626744	0.004677	30.5
1898	-0.000090	104.595337	0.000006	29.7
1899	-0.770585	104.563955	0.007388	28.4
1900	-0.812097	104.532599	0.008384	29.9
1901	-0.401246	104.501267	0.005202	30.2
1902	-0.899316	104.469960	0.009114	29.7
1903	-1.022653	104.438679	0.007786	30.2
1904	-1.175628	104.407422	0.008288	28.6
1905	-0.510856	104.376191	0.005200	30.9
1906	-0.101021	104.344984	0.001597	30.2
1907	-0.493603	104.313802	0.003812	30.2
1908	-0.649991	104.282645	0.006618	30.8
1909	-0.662486	104.251513	0.006719	30.1
1910	-0.000000	104.220405	0.000000	30.1
1911	-0.000000	104.189323	0.000000	30.3
1912	-0.294842	104.158265	0.003927	29.2
1913	-0.000000	104.127231	0.000000	29.6
1914	-0.000000	104.096222	0.000000	30.0
1915	-0.000000	104.065238	0.000000	28.9
1916	-0.436753	104.034279	0.004723	30.2
1917	-0.351216	104.003344	0.003977	29.1
1918	-0.000000	103.972433	0.000000	28.7
1919	-0.002904	103.941547	0.000099	28.9
1920	-0.038735	103.910686	0.001176	30.3
1921	-0.000000	103.879849	0.000000	30.2
1922	-0.451023	103.849036	0.006405	29.1
1923	-0.700007	103.818248	0.007697	29.3
1924	-0.165210	103.787484	0.002675	30.9
1925	-0.716291	103.756744	0.005356	30.4
1926	-0.000000	103.726029	0.000000	29.7
1927	-0.062349	103.695338	0.001557	30.6
1928	-0.696472	103.664671	0.004001	29.5
1929	-0.798158	103.634028	0.006246	28.8
1930	-1.157092	103.603409	0.008854	29.5
1931	-1.022677	103.572814	0.009004	28.9
1932	-0.008936	103.542244	0.000218	30.2
1933	-0.024142	103.511698	0.000215	29.4
1934	-0.000000	103.481175	0.000000	29.2
1935	-0.241336	103.450677	0.005259	29.1
1936	-0.671573	103.420202	0.006408	29.6
1937	-0.000000	103.389752	0.000000	29.5
1938	-0.365395	103.359325	0.004927	30.9
1939	-0.000000	103.328922	0.000000	30.9
1940	-0.007334	103.298543	0.000144	29.7
1941	-0.913684	103.268188	0.005396	28.2
1942	-0.900516	103.237857	0.005378	28.6
1943	-0.048255	103.207549	0.002326	30.2
1944	-0.976634	103.177265	0.005671	29.4
1945	-0.462320	103.147005	0.003663	29.2
1946	-0.048882	103.116768	0.001198	29.2
1947	-0.004129	103.086556	0.000005	29.0
1948	-0.178605	103.056366	0.001779	29.6
1949	-0.000000	103.026200	0.000000	30.9
1950	-0.707345	102.996058	0.005255	29.7
1951	-0.574989	102.965939	0.006476	30.7
1952	-0.609452	102.935844	0.007517	29.9
1953	-0.000000	102.905772	0.000000	30.0
1954	-0.579774	102.875724	0.006307	30.1
1955	-0.640501	102.845699	0.007297	29.8
1956	-0.523904	102.815697	0.003888	27.7
1957	-0.368492	102.785719	0.004748	36.2
1958	-0.822736	102.755764	0.007245	31.9
1959	-0.000000	102.725832	0.000000	30.0
1960	-0.962380	102.695924	0.008169	31.3
1961	-0.004696	102.666038	0.000102	30.4
1962	-0.927262	102.636176	0.007691	30.2
1963	-0.611319	102.606337	0.005412	29.1
1964	-0.867372	102.576521	0.007022	30.5
1965	-0.040441	102.546728	0.000357	29.9
1966	-0.287771	102.516959	0.005724	30.0
1967	-0.763340	102.487212	0.006449	29.4
1968	-0.000000	102.457488	0.000000	29.7
1969	-0.859235	102.427788	0.005740	29.0
1970	-0.712850	102.398110	0.005807	30.5
1971	-0.000000	102.368455	0.000000	29.8
1972	-0.828669	102.338823	0.005020	29.2
1973	-0.689674	102.309214	0.006726	29.2
1974	-0.700815	102.279628	0.007297	28.6
1975	-0.002162	102.250064	0.000042	30.4
1976	-0.592314	102.220524	0.006667	29.6
1977	-0.756915	102.191006	0.004936	29.5
1978	-0.980551	102.161511	0.006098	29.0
1979	-0.000000	102.132038	0.000000	30.2
1980	-0.000111	102.102588	0.000006	30.0
1981	-0.445804	102.073161	0.006818	31.0
1982	-0.000000	102.043757	0.000000	30.3
1983	-1.012167	102.014375	0.007579	30.1
1984	-0.000000	101.985015	0.000000	28.6
1985	-0.004830	101.955678	0.000089	30.4
1986	-0.823790	101.926364	0.007173	29.7
1987	-0.000000	101.897072	0.000000	29.8
1988	-0.007290	101.867802	0.000831	29.3
1989	-0.170342	101.838555	0.002142	30.9
1990	-0.027008	101.809330	0.000229	30.7
1991	-0.000159	101.780128	0.000008	29.9
1992	-1.148290	101.750948	0.007516	29.1
1993	-0.000000	101.721790	0.000000	30.5
1994	-0.008659	101.692654	0.000595	29.7
1995	-0.781190	101.663541	0.005722	30.3
1996	-0.743848	101.634450	0.009205	29.9
1997	-0.000000	101.605381	0.000000	29.4
1998	-0.736185	101.576335	0.006870	30.3
1999	-0.000000	101.547310	0.000000	30.2
