1:ItNr	2:Metric	3:StepSize	4:||Gradient||	Time[ms]
0	-0.764291	627.201626	0.012246	951.8
1	-0.867631	623.504937	0.008731	9.7
2	-0.000000	619.865785	0.000000	9.4
3	-0.000000	616.282728	0.000000	8.9
4	-0.025269	612.754375	0.001352	7.9
5	-0.629822	609.279381	0.007693	10.6
6	-0.714845	605.856447	0.006927	10.7
7	-0.079701	602.484317	0.003007	9.8
8	-0.769741	599.161779	0.011236	9.2
9	-0.548899	595.887656	0.008107	8.7
10	-0.328845	592.660813	0.013331	9.5
11	-0.102681	589.480151	0.001478	10.3
12	-0.590767	586.344606	0.011066	8.0
13	0.000000	583.253145	0.000000	9.4
14	-0.000000	580.204771	0.000000	8.4
15	-0.823692	577.198517	0.005941	9.2
16	-1.022126	574.233444	0.021035	8.2
17	-0.430463	571.308645	0.007941	9.5
18	-0.440256	568.423237	0.005915	8.5
19	-0.004343	565.576365	0.000206	9.5
20	-0.000045	562.767201	0.000004	8.9
21	-0.000000	559.994938	0.000000	9.3
22	-0.450306	557.258797	0.009900	9.3
23	-0.724043	554.558018	0.009082	9.0
24	-0.699646	551.891865	0.006832	8.7
25	-0.512530	549.259621	0.011119	8.5
26	-1.012379	546.660592	0.008833	9.9
27	-0.554183	544.094102	0.008770	8.6
28	-0.671899	541.559494	0.006469	10.0
29	-0.379483	539.056129	0.009352	9.2
30	-1.009613	536.583387	0.018580	9.0
31	-0.377337	534.140663	0.004988	9.6
32	-0.901069	531.727370	0.016768	8.2
33	-0.620743	529.342935	0.006921	9.8
34	-0.680235	526.986802	0.007538	10.1
35	-0.728183	524.658430	0.010988	9.8
36	-0.000000	522.357290	0.000000	8.9
37	-0.770350	520.082868	0.014341	8.6
38	-0.946713	517.834665	0.013517	9.6
39	-0.897032	515.612193	0.008971	8.5
40	-0.214250	513.414976	0.003813	8.6
41	-0.747573	511.242551	0.010986	8.3
42	-0.437513	509.094468	0.002860	9.2
43	0.000000	506.970285	0.000000	8.8
44	-0.817717	504.869574	0.007463	9.2
45	-0.862045	502.791916	0.009704	9.3
46	-0.208087	500.736903	0.002615	9.8
47	-0.000000	498.704137	0.000000	9.2
48	-0.921154	496.693228	0.016247	9.6
49	-0.859001	494.703798	0.016216	9.3
50	-0.093547	492.735476	0.001273	8.9
51	-0.853691	490.787900	0.018187	9.4
52	-0.892618	488.860718	0.010021	9.0
53	-0.189586	486.953585	0.004906	9.1
54	-0.443594	485.066164	0.007453	9.9
55	-0.000000	483.198126	0.000000	8.2
56	-0.920837	481.349149	0.016998	8.8
57	-0.544705	479.518920	0.011039	10.2
58	-0.291914	477.707132	0.005488	9.7
59	-0.633380	475.913485	0.007170	9.5
60	-0.416200	474.137684	0.007032	10.0
61	-0.000000	472.379445	0.000000	9.1
62	-0.905943	470.638485	0.008092	9.0
63	-0.714419	468.914531	0.005605	9.1
64	-0.004691	467.207315	0.000068	8.5
65	-0.419056	465.516573	0.007109	8.8
66	-0.092552	463.842050	0.001709	8.3
67	-0.625175	462.183494	0.014843	9.6
68	-0.425583	460.540658	0.005435	8.6
69	-0.248088	458.913303	0.003185	9.0
70	-0.710682	457.301192	0.007842	9.3
71	-0.000000	455.704096	0.000000	9.9
72	-0.205120	454.121787	0.005407	8.6
73	-0.904059	452.554045	0.006363	8.8
74	-0.271891	451.000653	0.005524	9.0
75	-0.000000	449.461399	0.000000	8.8
76	-0.548359	447.936075	0.007642	8.5
77	-0.000000	446.424477	0.000000	9.0
78	-0.000000	444.926406	0.000000	9.6
79	0.000000	443.441666	0.000000	8.5
80	-0.477249	441.970065	0.005854	9.3
81	-0.727273	440.511415	0.008481	9.5
82	-0.641869	439.065533	0.007402	9.8
83	-0.529682	437.632238	0.004949	9.9
84	-0.776395	436.211351	0.009362	9.5
85	-0.676965	434.802701	0.011264	9.3
86	-0.000000	433.406117	0.000000	9.0
87	-0.124591	432.021430	0.004616	9.2
88	-0.000000	430.648479	0.000000	9.2
89	-0.189044	429.287101	0.003291	9.1
90	-0.718546	427.937140	0.010488	10.2
91	-0.382300	426.598440	0.007018	9.3
92	-0.862353	425.270849	0.008873	10.2
93	-0.927093	423.954220	0.025596	8.3
94	-0.237832	422.648404	0.005909	9.2
95	-0.012990	421.353259	0.000141	9.0
96	-0.959248	420.068643	0.009361	8.8
97	-0.639264	418.794419	0.009047	9.6
98	-0.306853	417.530451	0.004417	9.3
99	-0.488546	416.276604	0.004647	9.0
100	-0.366464	415.032748	0.005540	8.9
101	-0.736596	413.798754	0.011589	9.3
102	-0.205331	412.574495	0.006853	10.6
103	-0.889996	411.359849	0.005232	9.8
104	-0.000000	410.154691	0.000000	11.2
105	-0.868406	408.958904	0.008536	10.4
106	-0.758377	407.772368	0.008867	10.8
107	-0.343431	406.594968	0.002800	10.1
108	-0.852063	405.426590	0.006239	9.2
109	-0.406402	404.267122	0.012474	9.6
110	-0.399836	403.116456	0.007036	10.1
111	-0.791272	401.974481	0.010411	8.7
112	-0.949424	400.841093	0.016224	10.0
113	-0.899747	399.716187	0.011314	8.4
114	-0.037149	398.599660	0.002067	9.6
115	-0.475870	397.491411	0.005272	9.3
116	-0.020015	396.391342	0.000691	9.1
117	-0.467947	395.299353	0.004274	9.8
118	-0.407830	394.215350	0.005944	9.2
119	-0.608311	393.139238	0.007033	10.3
120	-0.620858	392.070924	0.011029	9.5
121	-0.228346	391.010316	0.003326	9.8
122	-0.060038	389.957325	0.000816	9.6
123	-0.012869	388.911862	0.001264	9.5
124	-0.668043	387.873839	0.007867	9.8
125	-0.389445	386.843173	0.004313	9.1
126	-0.000040	385.819777	0.000060	9.9
127	-0.177900	384.803569	0.002093	10.2
128	-0.236909	383.794468	0.004054	10.5
129	-0.149126	382.792393	0.003248	10.5
130	-0.000000	381.797264	0.000000	9.6
131	-0.000000	380.809005	0.000000	10.2
132	-0.000000	379.827537	0.000000	8.7
133	-0.808679	378.852786	0.022175	9.6
134	-0.946991	377.884678	0.010462	9.0
135	-1.020384	376.923138	0.030026	9.3
136	-0.864782	375.968095	0.021364	10.1
137	-0.267449	375.019479	0.002834	7.9
138	-0.907022	374.077218	0.008618	9.1
139	-0.622272	373.141244	0.005649	9.6
140	-0.462895	372.211489	0.006577	9.4
141	-0.737440	371.287887	0.008270	9.5
142	-0.017524	370.370370	0.000938	8.3
143	-0.007626	369.458876	0.000506	10.0
144	-0.061361	368.553338	0.001192	8.5
145	-0.000000	367.653696	0.000000	8.5
146	-0.000000	366.759885	0.000000	8.3
147	-0.078650	365.871846	0.001901	9.0
148	-0.890923	364.989518	0.008453	8.5
149	-0.870220	364.112841	0.008148	9.0
150	-0.015245	363.241757	0.000471	9.5
151	-0.466679	362.376208	0.007464	10.1
152	-0.623810	361.516137	0.006550	10.5
153	-0.868034	360.661488	0.010835	10.8
154	-0.249554	359.812206	0.003424	12.4
155	-0.530575	358.968236	0.010246	9.8
156	-0.895493	358.129524	0.006048	10.2
157	-0.248689	357.296018	0.007542	10.5
158	-0.000000	356.467665	0.000000	10.4
159	-0.738687	355.644414	0.006304	10.9
160	-0.294585	354.826213	0.002046	10.0
161	-0.000856	354.013012	0.000025	11.4
162	-0.000000	353.204763	0.000000	12.6
163	-0.005640	352.401415	0.000449	12.3
164	-0.283496	351.602922	0.003258	11.5
165	-0.854142	350.809235	0.007404	10.5
166	-0.802801	350.020308	0.007055	11.2
167	-0.538170	349.236095	0.005428	11.3
168	-0.531892	348.456550	0.007940	9.1
169	-0.555553	347.681627	0.006937	9.3
170	-0.953608	346.911283	0.015335	11.5
171	-0.839170	346.145474	0.022969	10.7
172	0.000000	345.384157	0.000000	10.8
173	-0.520501	344.627288	0.004859	9.2
174	-0.493279	343.874826	0.007496	10.4
175	-0.387723	343.126729	0.003163	9.7
176	-0.000000	342.382957	0.000000	9.1
177	-0.909435	341.643469	0.010765	9.3
178	-0.495265	340.908224	0.016343	9.0
179	-0.889439	340.177184	0.020571	9.4
180	-0.481649	339.450309	0.003380	9.2
181	-0.000000	338.727561	0.000000	8.4
182	-0.314568	338.008902	0.005173	9.5
183	-0.914657	337.294295	0.008429	8.7
184	-0.519047	336.583703	0.006309	9.6
185	-0.915040	335.877089	0.011629	9.0
186	-0.000000	335.174416	0.000000	9.3
187	-0.878802	334.475651	0.006079	8.9
188	-0.786145	333.780756	0.009330	8.9
189	-0.781983	333.089698	0.012331	9.2
190	-0.284307	332.402443	0.002293	9.3
191	0.000000	331.718955	0.000000	8.8
192	-0.669386	331.039203	0.008962	9.3
193	-0.000000	330.363153	0.000000	9.1
194	-0.608031	329.690771	0.026847	9.2
195	-0.456129	329.022027	0.008368	8.7
196	-0.078242	328.356888	0.000771	8.3
197	-0.397477	327.695322	0.004999	9.5
198	-0.000000	327.037299	0.000000	8.3
199	-0.705417	326.382787	0.010473	9.0
200	-0.446719	325.731758	0.005983	8.8
201	-0.000000	325.084179	0.000000	9.0
202	-0.667785	324.440023	0.006719	9.0
203	-0.418870	323.799258	0.007598	9.8
204	-0.688292	323.161858	0.007500	9.8
205	-0.519635	322.527792	0.007550	8.6
206	-1.041076	321.897034	0.013582	8.6
207	-0.500653	321.269554	0.005360	9.4
208	-0.827354	320.645325	0.006356	9.5
209	-0.050854	320.024320	0.000497	8.0
210	-0.929579	319.406512	0.020352	9.1
211	-0.000586	318.791875	0.000004	9.6
212	-0.002610	318.180381	0.001233	8.3
213	-0.227485	317.572005	0.004615	8.5
214	-0.678208	316.966721	0.006243	9.3
215	-0.000000	316.364504	0.000000	9.8
216	-0.198405	315.765329	0.003145	8.8
217	-0.499119	315.169170	0.005444	8.7
218	-0.000000	314.576003	0.000000	8.7
219	-0.399738	313.985804	0.013492	9.4
220	-0.869767	313.398548	0.006291	8.3
221	-0.947576	312.814213	0.006310	9.5
222	-0.213618	312.232773	0.003864	9.2
223	-0.012061	311.654207	0.000214	8.6
224	-0.000000	311.078491	0.000000	9.3
225	-0.582617	310.505602	0.008259	8.6
226	-0.809555	309.935518	0.008358	8.5
227	-0.006613	309.368217	0.000249	9.1
228	-0.666368	308.803676	0.007270	9.0
229	-0.121086	308.241874	0.002192	8.6
230	-0.000000	307.682789	0.000000	9.3
231	-0.535092	307.126400	0.005345	8.4
232	-0.694483	306.572687	0.008816	8.7
233	-0.891976	306.021627	0.018039	9.3
234	-0.000000	305.473201	0.000000	8.9
235	-0.000025	304.927388	0.000001	9.8
236	-0.794470	304.384168	0.005736	8.8
237	-0.823764	303.843521	0.007365	9.7
238	-0.581546	303.305427	0.007261	8.9
239	-0.605210	302.769867	0.006157	9.2
240	-0.547366	302.236821	0.013669	8.6
241	-0.898624	301.706270	0.016195	9.6
242	-0.653984	301.178196	0.005454	10.1
243	-0.964554	300.652580	0.011089	9.9
244	-0.893270	300.129402	0.007974	9.7
245	-0.024077	299.608645	0.000243	8.3
246	-0.823966	299.090291	0.026681	9.4
247	-0.046412	298.574321	0.001384	8.5
248	-0.727114	298.060718	0.007296	9.4
249	-0.394593	297.549465	0.004845	9.0
250	-0.506310	297.040543	0.008761	9.0
251	-0.430447	296.533936	0.005409	9.3
252	-0.400776	296.029626	0.010258	8.5
253	-0.094295	295.527597	0.002486	9.0
254	-0.160300	295.027832	0.003820	8.9
255	-0.408392	294.530315	0.006872	8.6
256	-0.000000	294.035028	0.000000	8.6
257	-0.232079	293.541956	0.004177	9.9
258	-0.735679	293.051083	0.014165	8.6
259	-0.000000	292.562393	0.000000	9.3
260	-0.960300	292.075870	0.012813	8.5
261	-0.739399	291.591498	0.011306	9.5
262	-0.839689	291.109263	0.017769	9.8
263	-0.593151	290.629149	0.004700	8.5
264	-0.000000	290.151140	0.000000	9.4
265	-0.235623	289.675222	0.006235	8.9
266	-0.470567	289.201380	0.007402	8.8
267	-0.000000	288.729600	0.000000	8.5
268	-0.434842	288.259866	0.006983	9.0
269	-0.319100	287.792165	0.004467	8.0
270	-0.777074	287.326481	0.007261	9.2
271	-0.000000	286.862802	0.000000	9.8
272	-0.838751	286.401113	0.005437	9.8
273	-0.702172	285.941400	0.007431	9.3
274	-0.005338	285.483649	0.000131	8.7
275	-0.680823	285.027847	0.007886	9.3
276	-0.331037	284.573981	0.005928	8.1
277	-0.625876	284.122037	0.005909	9.2
278	-0.018506	283.672002	0.001459	9.1
279	-0.644233	283.223863	0.006852	8.5
280	-0.950671	282.777607	0.011565	9.0
281	-0.000013	282.333221	0.000001	9.1
282	-0.386248	281.890692	0.004872	9.8
283	-0.000000	281.450008	0.000000	8.7
284	-1.111091	281.011157	0.009778	9.4
285	-0.489449	280.574125	0.016154	9.0
286	-0.752647	280.138901	0.006880	9.3
287	-0.831933	279.705473	0.007218	8.7
288	-0.000000	279.273829	0.000000	9.1
289	-0.136339	278.843956	0.003268	9.1
290	-0.264827	278.415844	0.004469	9.4
291	-0.698023	277.989479	0.011270	9.4
292	-0.134827	277.564851	0.002513	9.0
293	-0.935385	277.141949	0.006759	9.2
294	-0.859762	276.720761	0.007771	10.3
295	-0.368318	276.301275	0.009094	10.8
296	-0.812479	275.883480	0.007221	9.5
297	-0.000000	275.467366	0.000000	9.4
298	-0.000010	275.052922	0.000001	9.7
299	-0.838437	274.640136	0.008071	8.9
300	-0.000000	274.228998	0.000000	9.2
301	0.000000	273.819497	0.000000	9.4
302	-0.015749	273.411623	0.000230	8.9
303	-1.025824	273.005365	0.009301	8.6
304	-1.002534	272.600712	0.040971	9.2
305	-0.466529	272.197655	0.005733	9.2
306	-0.938693	271.796184	0.007142	8.5
307	-0.982009	271.396287	0.016105	9.6
308	-0.000000	270.997956	0.000000	8.3
309	-0.022443	270.601180	0.000282	9.0
310	-0.877941	270.205949	0.008763	8.8
311	-0.888125	269.812254	0.008154	9.4
312	-0.618200	269.420085	0.005414	9.3
313	-0.803789	269.029432	0.011720	8.6
314	-0.019793	268.640287	0.000230	8.6
315	-0.000000	268.252638	0.000000	8.2
316	-0.039822	267.866478	0.001502	9.2
317	-0.450091	267.481796	0.004323	8.5
318	-0.542773	267.098584	0.006722	9.1
319	-0.847283	266.716833	0.005073	9.8
320	-0.082127	266.336533	0.001373	9.3
321	-0.695463	265.957676	0.007592	9.5
322	-0.000000	265.580253	0.000000	9.2
323	-0.000000	265.204254	0.000000	9.7
324	-0.632467	264.829672	0.007076	9.3
325	-0.000000	264.456497	0.000000	9.0
326	-0.000000	264.084721	0.000000	8.1
327	-0.754389	263.714335	0.017214	10.0
328	-0.000000	263.345332	0.000000	10.0
329	-0.833924	262.977702	0.007192	9.5
330	-0.840612	262.611438	0.025457	9.0
331	-0.000000	262.246531	0.000000	9.0
332	-0.115272	261.882973	0.002653	9.2
333	-0.316343	261.520756	0.006906	8.3
334	-0.057038	261.159871	0.001238	9.4
335	0.000000	260.800312	0.000000	9.0
336	-0.683932	260.442070	0.011436	8.8
337	-0.698027	260.085137	0.008468	8.9
338	-0.412827	259.729505	0.005830	8.9
339	-0.833869	259.375167	0.023091	8.9
340	-0.399273	259.022116	0.006098	8.6
341	-0.528579	258.670343	0.005572	8.7
342	-0.000000	258.319841	0.000000	9.8
343	-0.489418	257.970602	0.007247	9.8
344	-0.004552	257.622620	0.000125	8.9
345	-0.000000	257.275887	0.000000	9.6
346	-0.346198	256.930396	0.006188	8.7
347	-0.602400	256.586139	0.011758	9.6
348	-0.000000	256.243109	0.000000	9.4
349	-0.000218	255.901300	0.000004	9.0
350	-0.721315	255.560703	0.004540	10.0
351	-0.000000	255.221313	0.000000	9.4
352	-0.026029	254.883122	0.001828	9.6
353	-0.837398	254.546124	0.006706	8.7
354	-0.817552	254.210311	0.007688	8.7
355	-0.855228	253.875677	0.008000	8.8
356	-0.622259	253.542215	0.011334	9.4
357	-0.379869	253.209918	0.003737	9.5
358	-0.006256	252.878781	0.000262	8.7
359	-0.000000	252.548795	0.000000	8.7
360	-0.676084	252.219956	0.005838	8.6
361	-0.395326	251.892255	0.005889	9.2
362	-0.782291	251.565688	0.008118	9.7
363	-0.521717	251.240247	0.005356	9.4
364	-0.001482	250.915926	0.000024	9.3
365	-0.470727	250.592720	0.019275	10.2
366	-0.822866	250.270621	0.005912	9.7
367	-0.147612	249.949624	0.001660	8.9
368	-0.627266	249.629723	0.008413	9.3
369	-0.000000	249.310911	0.000000	7.9
370	-0.046774	248.993182	0.001522	9.0
371	-0.630851	248.676531	0.007996	8.7
372	-0.587081	248.360952	0.011082	9.4
373	-0.576319	248.046438	0.007550	9.5
374	-0.521978	247.732984	0.006835	9.0
375	-0.000216	247.420584	0.000031	9.2
376	-0.676264	247.109233	0.006029	9.5
377	0.000000	246.798924	0.000000	9.8
378	-0.023226	246.489652	0.000673	8.9
379	-0.042682	246.181412	0.000697	9.2
380	-0.177415	245.874197	0.004334	8.8
381	-0.792331	245.568002	0.006894	8.9
382	-0.000000	245.262822	0.000000	8.9
383	-0.500376	244.958652	0.012800	9.7
384	-0.786895	244.655485	0.011467	9.1
385	-0.437126	244.353317	0.004910	9.1
386	-0.217045	244.052142	0.004707	9.0
387	-0.989439	243.751955	0.012306	9.8
388	-0.000000	243.452750	0.000000	10.2
389	-0.710464	243.154523	0.012378	9.5
390	-0.771096	242.857268	0.018444	9.2
391	-0.820968	242.560980	0.026560	9.0
392	-0.608921	242.265654	0.006588	9.3
393	-1.160944	241.971285	0.015569	9.8
394	-0.000000	241.677868	0.000000	8.3
395	-0.619253	241.385397	0.006963	9.1
396	-0.016420	241.093869	0.001589	8.4
397	-0.574533	240.803278	0.009912	9.2
398	-0.000000	240.513619	0.000000	8.7
399	-0.904949	240.224887	0.007152	9.3
400	-0.000000	239.937077	0.000000	9.3
401	-0.705497	239.650186	0.010702	9.0
402	-0.957655	239.364207	0.012546	9.4
403	-0.436795	239.079136	0.005125	9.1
404	-0.941356	238.794969	0.006369	9.2
405	-0.096085	238.511701	0.001198	8.6
406	-0.905953	238.229327	0.018649	9.1
407	-0.337593	237.947843	0.005735	9.6
408	-0.680254	237.667244	0.005797	8.7
409	-0.711335	237.387526	0.007353	9.4
410	-0.000000	237.108684	0.000000	8.3
411	-0.475141	236.830714	0.003687	8.8
412	0.000000	236.553610	0.000000	10.0
413	-0.074958	236.277370	0.001923	9.1
414	-0.000000	236.001989	0.000000	8.4
415	-0.219942	235.727461	0.002066	9.2
416	-0.479804	235.453784	0.006694	9.8
417	-0.000003	235.180952	0.000005	8.9
418	-0.093184	234.908962	0.003686	9.5
419	-0.645816	234.637809	0.007400	8.9
420	-0.385924	234.367488	0.005129	9.7
421	-0.540795	234.097997	0.005595	9.6
422	-0.002127	233.829331	0.001535	9.6
423	-0.880006	233.561485	0.008087	9.4
424	-0.059019	233.294456	0.002643	9.4
425	-0.842041	233.028239	0.015034	9.3
426	-0.743915	232.762831	0.004751	8.5
427	-0.142197	232.498228	0.003698	9.7
428	-0.817750	232.234425	0.007794	8.6
429	-0.969137	231.971419	0.026790	9.3
430	-0.083418	231.709205	0.002162	8.5
431	-0.396483	231.447781	0.004694	9.8
432	-0.922802	231.187141	0.005891	8.7
433	-0.248718	230.927283	0.002766	8.5
434	-0.741206	230.668202	0.006123	8.7
435	-0.458745	230.409895	0.006137	10.0
436	-0.005693	230.152358	0.000126	10.1
437	-0.000000	229.895587	0.000000	8.7
438	-0.454788	229.639578	0.010826	9.8
439	-0.479760	229.384329	0.004375	9.1
440	-0.000000	229.129834	0.000000	8.7
441	-0.645161	228.876091	0.019190	9.9
442	-0.934388	228.623096	0.007517	8.5
443	-0.967198	228.370846	0.008101	8.9
444	-0.000000	228.119336	0.000000	9.8
445	-0.599106	227.868563	0.005715	9.1
446	-0.856265	227.618525	0.018665	8.3
447	0.000000	227.369216	0.000000	9.2
448	-0.000000	227.120635	0.000000	9.3
449	-0.905792	226.872777	0.007525	9.8
450	-0.640516	226.625638	0.007095	8.7
451	0.000000	226.379217	0.000000	9.6
452	-0.000744	226.133509	0.000027	9.0
453	-0.000000	225.888510	0.000000	9.2
454	-0.630664	225.644218	0.007565	8.9
455	-0.122775	225.400630	0.001813	7.9
456	-0.894647	225.157741	0.006417	9.3
457	-0.743161	224.915549	0.009072	8.6
458	-0.228908	224.674051	0.005492	10.0
459	-0.794198	224.433242	0.006133	10.7
460	-0.006314	224.193121	0.000487	8.6
461	-0.511201	223.953684	0.008761	9.9
462	-0.863781	223.714927	0.005097	8.7
463	-0.682645	223.476848	0.007405	9.4
464	-0.944123	223.239444	0.006202	8.9
465	-0.000000	223.002710	0.000000	8.7
466	-0.325995	222.766645	0.009628	9.7
467	-0.684944	222.531245	0.022285	11.9
468	-0.425755	222.296508	0.008135	10.1
469	-0.976934	222.062429	0.005825	9.5
470	-0.787175	221.829007	0.010176	8.6
471	-0.776204	221.596238	0.008334	10.2
472	0.000000	221.364119	0.000000	9.0
473	-0.273005	221.132647	0.002482	9.5
474	-0.911646	220.901820	0.012732	8.7
475	-1.061788	220.671634	0.013217	9.2
476	-0.000003	220.442086	0.000001	8.9
477	-0.062032	220.213174	0.001023	9.0
478	-0.538214	219.984895	0.007236	9.1
479	-0.697438	219.757246	0.008172	9.2
480	-0.577108	219.530224	0.004033	8.8
481	-0.499328	219.303826	0.006998	9.3
482	0.000000	219.078050	0.000000	10.4
483	-0.823702	218.852893	0.010881	8.8
484	-0.561838	218.628352	0.007087	9.8
485	-1.047621	218.404424	0.014458	8.7
486	-0.000000	218.181106	0.000000	9.7
487	-0.782733	217.958397	0.007522	9.8
488	-0.523528	217.736292	0.006218	8.2
489	-0.612482	217.514790	0.008135	8.6
490	-0.471594	217.293888	0.003535	9.1
491	-0.914658	217.073584	0.004754	9.0
492	-0.731304	216.853873	0.007668	9.3
493	-0.836613	216.634755	0.007838	9.4
494	-0.845283	216.416227	0.021969	9.2
495	-0.901019	216.198285	0.005482	8.7
496	-0.000000	215.980927	0.000000	9.8
497	-0.604182	215.764151	0.007324	9.7
498	-0.121274	215.547955	0.002931	9.4
499	-0.349431	215.332335	0.005366	8.1
500	-0.000000	215.117289	0.000000	9.8
501	-0.005280	214.902815	0.000089	8.5
502	0.000000	214.688911	0.000000	9.3
503	-0.412946	214.475573	0.004480	8.7
504	-0.554591	214.262800	0.005891	8.6
505	-0.176086	214.050588	0.003095	10.4
506	-0.916220	213.838936	0.005662	8.9
507	-0.583495	213.627842	0.004779	9.5
508	-0.820678	213.417302	0.016213	9.9
509	-0.000000	213.207314	0.000000	10.5
510	-0.871764	212.997877	0.004408	10.3
511	-0.820458	212.788987	0.007015	9.9
512	-0.558608	212.580642	0.006897	10.6
513	-0.000000	212.372841	0.000000	10.4
514	-0.966241	212.165581	0.017661	10.4
515	-0.539988	211.958859	0.004356	10.3
516	-0.404792	211.752673	0.004642	8.2
517	-0.000000	211.547021	0.000000	9.5
518	-0.590696	211.341902	0.003251	10.0
519	-0.000000	211.137311	0.000000	9.6
520	-0.000000	210.933248	0.000000	9.9
521	-0.000000	210.729710	0.000000	8.9
522	-0.029724	210.526695	0.000928	9.5
523	-0.624224	210.324200	0.006159	10.4
524	-0.248004	210.122224	0.003728	10.3
525	-0.128918	209.920765	0.002504	9.1
526	-0.742614	209.719820	0.007350	8.9
527	-0.046943	209.519387	0.000774	8.8
528	-0.017600	209.319463	0.000250	8.4
529	-0.367825	209.120048	0.005986	9.7
530	-0.886648	208.921139	0.008214	9.0
531	-0.423331	208.722733	0.010694	9.1
532	-0.269216	208.524829	0.004520	8.8
533	-0.160335	208.327425	0.003478	8.8
534	-0.827489	208.130518	0.025723	8.4
535	-0.302081	207.934107	0.002380	9.5
536	-0.529750	207.738189	0.004362	10.3
537	-0.000000	207.542762	0.000000	8.6
538	-0.000000	207.347825	0.000000	9.5
539	-0.548670	207.153376	0.020115	9.2
540	-0.390785	206.959412	0.007348	9.4
541	-0.138302	206.765932	0.002850	9.0
542	-0.000000	206.572933	0.000000	9.6
543	-0.051117	206.380414	0.002730	9.4
544	-0.670519	206.188373	0.005879	9.0
545	-0.762642	205.996807	0.005720	9.0
546	-0.000000	205.805716	0.000000	9.5
547	-0.656044	205.615096	0.019953	9.0
548	-0.688680	205.424946	0.009933	9.1
549	-0.926837	205.235265	0.010375	9.6
550	-0.915745	205.046050	0.014509	9.0
551	-0.291535	204.857299	0.006013	8.9
552	-0.000000	204.669011	0.000000	8.8
553	-0.843765	204.481184	0.006123	8.7
554	-0.009110	204.293816	0.000119	9.7
555	-0.000001	204.106905	0.000000	8.7
556	-0.000000	203.920449	0.000000	8.8
557	-0.333326	203.734447	0.004487	8.3
558	-0.787546	203.548896	0.006704	10.3
559	-0.857422	203.363795	0.011518	9.3
560	-0.748300	203.179143	0.009514	8.5
561	-0.000000	202.994937	0.000000	9.0
562	-0.751848	202.811176	0.007797	9.0
563	-0.837583	202.627857	0.005483	9.9
564	-0.359835	202.444980	0.006008	8.8
565	-0.863671	202.262543	0.005215	9.1
566	-1.004359	202.080543	0.015832	8.4
567	-0.717261	201.898979	0.007503	9.5
568	-0.001044	201.717849	0.000000	9.4
569	-0.168107	201.537153	0.004086	9.5
570	-0.953126	201.356887	0.008742	10.1
571	-0.061171	201.177050	0.000276	9.6
572	-0.715108	200.997642	0.005637	10.8
573	-0.824534	200.818659	0.007401	8.4
574	-0.662622	200.640100	0.005821	9.7
575	0.000000	200.461965	0.000000	8.9
576	-0.768909	200.284250	0.010123	9.8
577	-0.843285	200.106955	0.009708	9.7
578	-0.726120	199.930078	0.006995	8.9
579	-0.832616	199.753617	0.014730	9.1
580	-0.000000	199.577571	0.000000	8.5
581	-0.780978	199.401938	0.004617	10.6
582	-0.587150	199.226717	0.008442	9.6
583	-0.416662	199.051905	0.006178	8.6
584	-0.511688	198.877502	0.006694	9.4
585	-0.805381	198.703506	0.006808	8.4
586	-0.000000	198.529916	0.000000	9.1
587	-0.000000	198.356729	0.000000	8.9
588	-0.983508	198.183944	0.014732	9.6
589	-0.918861	198.011560	0.011562	8.9
590	-0.600978	197.839576	0.006085	9.2
591	-0.000000	197.667989	0.000000	9.7
592	-0.218718	197.496798	0.002441	8.9
593	-0.484147	197.326002	0.005724	9.3
594	-0.818155	197.155600	0.009175	9.3
595	-0.449250	196.985589	0.006929	9.2
596	-0.447211	196.815969	0.005145	9.6
597	-0.422703	196.646738	0.005797	9.5
598	-0.818199	196.477894	0.009503	9.1
599	-0.000372	196.309436	0.000008	8.2
600	-0.356845	196.141363	0.013311	9.7
601	-0.856915	195.973673	0.009567	8.7
602	-0.732781	195.806365	0.006453	9.1
603	-0.003918	195.639437	0.000190	8.6
604	-0.891207	195.472888	0.007290	9.1
605	-0.108330	195.306717	0.002646	9.6
606	-0.000000	195.140922	0.000000	8.9
607	-0.384137	194.975501	0.004175	8.4
608	-0.613969	194.810454	0.006889	9.1
609	-0.440073	194.645779	0.009179	8.3
610	-0.885263	194.481475	0.006467	8.9
611	-0.329170	194.317540	0.003539	9.9
612	-0.485568	194.153973	0.008731	8.6
613	-0.310209	193.990773	0.003662	8.7
614	-0.690895	193.827938	0.008279	8.6
615	-0.013488	193.665467	0.000176	9.8
616	-0.000000	193.503358	0.000000	9.1
617	-0.719578	193.341611	0.005189	9.5
618	-0.664789	193.180224	0.006396	9.6
619	-0.000000	193.019196	0.000000	9.1
620	-0.507639	192.858525	0.004952	8.9
621	-0.618684	192.698210	0.021014	8.5
622	-0.647745	192.538251	0.007552	9.0
623	-0.100112	192.378644	0.001012	8.6
624	-0.708072	192.219391	0.007133	8.8
625	-0.307550	192.060488	0.008803	8.2
626	0.000000	191.901935	0.000000	9.0
627	-0.992758	191.743730	0.014721	8.5
628	-0.005321	191.585873	0.000765	9.4
629	-0.527762	191.428362	0.008935	9.0
630	0.000000	191.271196	0.000000	10.9
631	-0.964584	191.114374	0.009435	9.4
632	-0.690847	190.957893	0.008356	8.6
633	-0.232545	190.801755	0.002463	9.8
634	-0.431072	190.645956	0.004734	8.8
635	-0.057293	190.490495	0.001920	9.9
636	-0.413737	190.335373	0.007015	8.7
637	-0.917927	190.180587	0.011082	9.2
638	-0.262754	190.026136	0.002240	10.4
639	-0.232017	189.872019	0.003563	9.3
640	-0.858037	189.718235	0.009853	9.6
641	-0.000000	189.564782	0.000000	9.4
642	-0.701975	189.411661	0.008734	9.7
643	-0.775690	189.258868	0.011473	9.3
644	-0.000009	189.106404	0.000008	9.0
645	-1.000022	188.954267	0.022438	8.6
646	-0.148434	188.802456	0.005877	9.1
647	-0.471117	188.650969	0.003824	8.9
648	-0.090095	188.499807	0.003227	8.3
649	-0.008793	188.348967	0.000145	10.1
650	-0.804012	188.198448	0.007138	8.5
651	-0.643412	188.048250	0.007701	9.6
652	-0.870321	187.898371	0.006570	9.9
653	-0.929764	187.748810	0.011157	9.7
654	-0.352967	187.599566	0.004112	8.8
655	-0.550682	187.450638	0.006646	9.4
656	-0.016899	187.302025	0.001478	8.9
657	-0.358155	187.153725	0.005992	8.8
658	-0.768405	187.005739	0.006456	9.2
659	-0.479377	186.858064	0.004951	8.3
660	-0.000000	186.710699	0.000000	8.4
661	-0.376198	186.563645	0.004645	9.6
662	-0.000000	186.416898	0.000000	9.8
663	-0.710875	186.270459	0.007898	9.2
664	-0.442683	186.124326	0.006341	8.8
665	-0.856795	185.978499	0.006278	9.9
666	-0.000000	185.832976	0.000000	8.9
667	-0.734021	185.687756	0.004692	8.9
668	-0.610440	185.542838	0.006185	9.0
669	-0.000000	185.398222	0.000000	8.8
670	-0.793317	185.253906	0.006297	8.5
671	-0.838589	185.109889	0.005880	8.2
672	-0.461378	184.966170	0.006081	10.5
673	-0.019062	184.822748	0.000600	9.8
674	-0.000000	184.679623	0.000000	9.7
675	-0.477759	184.536792	0.005534	8.7
676	-0.005637	184.394256	0.000799	9.2
677	-0.824854	184.252013	0.006512	9.3
678	-0.718959	184.110062	0.006830	10.3
679	0.000000	183.968403	0.000000	9.9
680	0.000000	183.827034	0.000000	8.4
681	-0.000000	183.685954	0.000000	9.5
682	-0.932120	183.545163	0.016803	9.1
683	-0.776294	183.404658	0.006920	9.1
684	-0.905280	183.264441	0.006709	8.7
685	0.000000	183.124509	0.000000	9.6
686	-0.195690	182.984861	0.004633	10.0
687	-1.064037	182.845497	0.008040	10.0
688	-0.000000	182.706416	0.000000	9.9
689	-0.857639	182.567616	0.016427	9.3
690	-0.903178	182.429098	0.009696	9.6
691	-0.000323	182.290859	0.000174	8.9
692	-0.165338	182.152899	0.002886	9.3
693	-0.097549	182.015217	0.004127	9.7
694	-1.027582	181.877813	0.012293	8.9
695	-0.702063	181.740684	0.007694	9.5
696	-0.572470	181.603832	0.003797	9.2
697	-0.997292	181.467253	0.010809	9.3
698	-0.855688	181.330948	0.008594	9.6
699	-0.737612	181.194916	0.003558	10.6
700	-0.011912	181.059155	0.000578	10.2
701	-0.000000	180.923666	0.000000	8.5
702	-0.495244	180.788446	0.005309	9.2
703	-0.016384	180.653496	0.000376	8.9
704	-0.273405	180.518814	0.003882	9.5
705	-0.880793	180.384399	0.008496	9.6
706	-0.000000	180.250251	0.000000	8.6
707	-0.055993	180.116369	0.001329	9.5
708	-0.000000	179.982752	0.000000	8.4
709	-0.891461	179.849398	0.023013	9.5
710	-0.787453	179.716308	0.005316	8.2
711	-0.724481	179.583480	0.004411	8.8
712	-0.000000	179.450913	0.000000	9.3
713	-0.397514	179.318607	0.003936	9.6
714	-1.041080	179.186561	0.012537	9.9
715	-0.909144	179.054774	0.006108	9.7
716	-0.373119	178.923245	0.002795	9.4
717	-0.020527	178.791973	0.000224	8.8
718	-0.671252	178.660958	0.005700	10.0
719	-0.000000	178.530199	0.000000	8.4
720	-0.956995	178.399694	0.006846	9.7
721	-0.000000	178.269444	0.000000	8.9
722	-0.931769	178.139447	0.005800	9.8
723	-0.145685	178.009702	0.003305	10.2
724	-0.583791	177.880209	0.008197	9.2
725	-0.437981	177.750967	0.002688	9.5
726	-0.857017	177.621975	0.006896	9.2
727	-0.585735	177.493232	0.005943	9.3
728	-0.719967	177.364738	0.006587	9.6
729	-0.285687	177.236492	0.005981	9.4
730	-0.838140	177.108492	0.008836	9.8
731	-0.944121	176.980739	0.004237	8.0
732	-0.407764	176.853231	0.007001	9.4
733	-0.621993	176.725968	0.003913	9.5
734	-0.000106	176.598949	0.000003	9.1
735	-0.653566	176.472173	0.006691	8.9
736	-0.000000	176.345639	0.000000	8.3
737	-0.838579	176.219348	0.008682	9.3
738	-0.926948	176.093296	0.013017	8.4
739	-0.000000	175.967486	0.000000	9.5
740	-0.281485	175.841914	0.004468	8.4
741	-0.848458	175.716581	0.005389	9.3
742	-0.286110	175.591486	0.004853	9.5
743	-0.964720	175.466629	0.008100	9.4
744	-0.577948	175.342008	0.006606	9.3
745	-0.742244	175.217622	0.007981	9.3
746	-0.570091	175.093472	0.005677	8.9
747	-0.222806	174.969556	0.004618	8.8
748	-0.615648	174.845873	0.005122	8.8
749	-0.000000	174.722423	0.000000	7.9
750	-0.000000	174.599206	0.000000	9.8
751	-0.039190	174.476220	0.002158	8.8
752	-0.955376	174.353464	0.009289	9.2
753	-0.341124	174.230939	0.004755	8.2
754	-0.097289	174.108643	0.001385	9.8
755	-0.040225	173.986576	0.002291	9.6
756	-0.939756	173.864737	0.015346	10.1
757	-0.000000	173.743124	0.000000	9.7
758	-0.154041	173.621739	0.004204	9.0
759	-0.747661	173.500579	0.004623	9.5
760	-0.845408	173.379645	0.007912	8.6
761	-0.363173	173.258935	0.006405	10.7
762	-0.044371	173.138449	0.001350	9.7
763	-0.745321	173.018186	0.010470	9.0
764	0.000000	172.898146	0.000000	10.6
765	-0.014395	172.778327	0.000125	9.0
766	-0.015498	172.658730	0.000603	9.9
767	-1.056524	172.539353	0.012789	8.8
768	0.000000	172.420196	0.000000	9.7
769	-0.810358	172.301258	0.009271	9.6
770	-0.046639	172.182539	0.002771	9.2
771	-0.791292	172.064037	0.006541	10.0
772	-0.784117	171.945753	0.009036	8.2
773	-0.020140	171.827686	0.001311	9.3
774	-0.736306	171.709834	0.005559	8.7
775	-0.000000	171.592198	0.000000	8.9
776	-0.288700	171.474776	0.002055	9.6
777	-0.599625	171.357568	0.002985	8.5
778	-0.124892	171.240574	0.002334	10.4
779	-0.567602	171.123793	0.017922	9.9
780	-0.356232	171.007223	0.004645	8.9
781	-0.000000	170.890865	0.000000	8.2
782	-0.602873	170.774718	0.005548	9.4
783	-0.966411	170.658782	0.008732	8.9
784	-0.000000	170.543055	0.000000	8.8
785	-0.562865	170.427537	0.007767	9.7
786	-0.801802	170.312227	0.010647	8.3
787	-0.000000	170.197125	0.000000	9.4
788	-0.000000	170.082231	0.000000	9.4
789	-0.008653	169.967543	0.000357	9.1
790	-0.058886	169.853061	0.002074	8.3
791	-0.601462	169.738784	0.007046	9.9
792	-0.551280	169.624713	0.009387	9.3
793	-0.039274	169.510845	0.002119	9.1
794	-0.003874	169.397181	0.000196	8.7
795	-0.158400	169.283720	0.002541	8.4
796	-0.523360	169.170462	0.009362	9.7
797	-0.973036	169.057405	0.007630	9.2
798	-0.621924	168.944549	0.008697	9.4
799	-0.961582	168.831895	0.009086	7.8
800	-0.919221	168.719440	0.006810	9.2
801	-0.749738	168.607185	0.005011	8.7
802	-0.437417	168.495129	0.005217	9.1
803	-0.963600	168.383271	0.010578	10.1
804	-0.504382	168.271611	0.003028	9.0
805	-0.000000	168.160148	0.000000	8.6
806	-0.000007	168.048882	0.000001	8.6
807	-0.929039	167.937812	0.011481	9.9
808	-0.302168	167.826938	0.004669	9.2
809	-0.007609	167.716258	0.000077	9.4
810	-0.868487	167.605773	0.010040	8.5
811	-0.000000	167.495482	0.000000	9.4
812	-0.710511	167.385384	0.007345	9.7
813	-0.408729	167.275479	0.005546	9.1
814	-0.347227	167.165766	0.008349	9.2
815	-0.831980	167.056245	0.006577	9.4
816	-0.840533	166.946915	0.004975	8.6
817	-0.754468	166.837776	0.004528	8.6
818	-0.886132	166.728826	0.008211	9.1
819	-0.136719	166.620067	0.002281	9.3
820	0.000000	166.511496	0.000000	9.4
821	-0.000000	166.403113	0.000000	8.9
822	-0.718361	166.294919	0.005706	8.6
823	-0.559191	166.186912	0.004955	9.3
824	-0.853213	166.079091	0.006718	8.3
825	-0.851018	165.971458	0.005577	8.9
826	-0.501197	165.864009	0.004375	9.4
827	-0.543265	165.756747	0.006511	9.1
828	-0.614164	165.649669	0.005794	8.5
829	-0.533609	165.542775	0.006450	9.6
830	-0.000000	165.436065	0.000000	8.8
831	-0.653442	165.329538	0.004509	8.6
832	-0.694415	165.223194	0.006025	8.3
833	-0.000000	165.117032	0.000000	9.2
834	-0.734788	165.011052	0.005693	9.3
835	-0.000000	164.905253	0.000000	9.1
836	-1.008662	164.799635	0.007702	9.1
837	-0.523862	164.694197	0.007047	10.2
838	-0.831303	164.588939	0.009736	9.4
839	-0.886782	164.483859	0.006948	9.3
840	-0.000000	164.378959	0.000000	9.2
841	-0.000000	164.274237	0.000000	9.3
842	-0.776072	164.169692	0.005265	9.6
843	0.000000	164.065325	0.000000	9.8
844	-0.738534	163.961135	0.005356	8.4
845	-0.573516	163.857120	0.005250	9.0
846	-0.000000	163.753282	0.000000	8.7
847	-0.135218	163.649619	0.002088	10.4
848	-1.009017	163.546130	0.009538	9.1
849	-0.000000	163.442816	0.000000	8.7
850	-0.755260	163.339676	0.003991	9.3
851	-0.461633	163.236709	0.005157	8.5
852	-0.893483	163.133915	0.006584	9.2
853	-0.087872	163.031294	0.000950	8.5
854	-0.917398	162.928844	0.019827	9.1
855	-0.641124	162.826566	0.002934	8.6
856	-0.579033	162.724459	0.006256	9.1
857	-0.665756	162.622523	0.007088	8.8
858	0.000000	162.520757	0.000000	8.9
859	-1.041282	162.419160	0.007737	8.4
860	-0.000000	162.317733	0.000000	9.5
861	-0.000000	162.216474	0.000000	9.8
862	-0.376990	162.115383	0.003029	8.7
863	-0.898866	162.014461	0.013870	9.6
864	-0.000000	161.913705	0.000000	8.9
865	-0.386505	161.813117	0.005632	8.9
866	-0.447693	161.712695	0.004308	8.1
867	-0.000002	161.612439	0.000000	8.9
868	-0.042068	161.512349	0.000278	9.3
869	-0.602224	161.412424	0.005585	9.5
870	-0.000000	161.312663	0.000000	8.5
871	-0.837995	161.213067	0.008976	9.9
872	-0.651866	161.113635	0.013987	10.0
873	-0.555851	161.014366	0.007682	8.2
874	-0.370133	160.915260	0.007168	9.6
875	-0.869313	160.816316	0.008096	8.8
876	-0.103841	160.717535	0.002869	9.3
877	-0.386131	160.618915	0.003753	8.5
878	-0.015978	160.520456	0.000147	9.6
879	-0.142867	160.422158	0.003594	9.5
880	-0.065311	160.324021	0.001496	9.5
881	-0.276257	160.226043	0.006544	10.0
882	-0.178596	160.128225	0.002278	9.7
883	-0.000002	160.030566	0.000000	9.6
884	-0.000000	159.933066	0.000000	9.4
885	-0.167890	159.835723	0.002854	9.0
886	-0.848483	159.738539	0.008272	9.8
887	-0.774092	159.641512	0.012329	9.8
888	-0.073476	159.544642	0.001449	9.7
889	-0.634576	159.447929	0.006841	8.7
890	-0.000000	159.351372	0.000000	8.5
891	-0.593311	159.254971	0.005630	9.2
892	-0.554597	159.158725	0.005151	8.9
893	-0.835506	159.062634	0.008702	8.7
894	-0.000000	158.966697	0.000000	9.5
895	-0.066498	158.870915	0.001236	9.4
896	-0.929192	158.775286	0.007177	8.2
897	-0.000000	158.679811	0.000000	9.0
898	-0.976600	158.584489	0.006791	8.1
899	-0.502016	158.489319	0.003162	8.6
900	-0.119906	158.394302	0.004617	7.9
901	-0.462904	158.299436	0.005747	9.4
902	-0.829065	158.204721	0.007427	8.7
903	-0.480105	158.110158	0.009612	9.1
904	-0.968790	158.015745	0.009563	9.6
905	-0.765718	157.921482	0.004815	10.2
906	-0.827312	157.827369	0.020310	9.8
907	-0.846735	157.733406	0.004494	8.9
908	-0.728112	157.639591	0.008045	9.2
909	-0.752771	157.545925	0.005570	8.4
910	0.000000	157.452408	0.000000	9.0
911	-1.044785	157.359038	0.013675	8.9
912	-0.596801	157.265816	0.006737	9.1
913	-0.000000	157.172741	0.000000	9.4
914	-0.342840	157.079813	0.003619	9.2
915	0.000000	156.987031	0.000000	9.1
916	-0.750122	156.894395	0.012114	9.1
917	0.000000	156.801904	0.000000	9.8
918	-0.388816	156.709559	0.005093	9.1
919	-0.396820	156.617359	0.003735	10.0
920	-1.038632	156.525304	0.009932	9.7
921	-0.870531	156.433392	0.012004	8.7
922	-0.720724	156.341624	0.005565	9.0
923	-0.534838	156.250000	0.004399	8.5
924	-0.518475	156.158519	0.003390	8.7
925	-1.052300	156.067180	0.007032	8.9
926	-1.063637	155.975984	0.013434	8.9
927	-0.695280	155.884930	0.003462	8.7
928	-0.434417	155.794017	0.004436	9.6
929	-0.797127	155.703246	0.016340	8.5
930	-0.000000	155.612615	0.000000	9.0
931	-0.697649	155.522125	0.007662	10.2
932	-0.000000	155.431775	0.000000	8.5
933	-0.385851	155.341565	0.006932	9.2
934	-0.980695	155.251495	0.005538	8.6
935	-0.137237	155.161563	0.003252	9.2
936	-0.399313	155.071771	0.004729	8.3
937	-0.046512	154.982117	0.004615	9.3
938	-0.000000	154.892601	0.000000	8.5
939	-0.697399	154.803222	0.004633	9.1
940	-1.023648	154.713981	0.011901	8.6
941	-0.753939	154.624878	0.005088	10.0
942	-0.000000	154.535910	0.000000	9.6
943	-0.000920	154.447080	0.000233	9.2
944	-0.959712	154.358385	0.007759	9.5
945	-0.000038	154.269826	0.000001	8.9
946	-0.720038	154.181402	0.006071	8.9
947	-0.000000	154.093114	0.000000	8.7
948	-0.060292	154.004960	0.001302	10.1
949	-0.000000	153.916940	0.000000	9.5
950	-0.405938	153.829054	0.007456	8.4
951	-0.082753	153.741303	0.002860	10.4
952	-0.577251	153.653684	0.003181	9.1
953	-0.906540	153.566198	0.013612	9.6
954	-0.466145	153.478846	0.006214	9.9
955	-0.493685	153.391625	0.005712	9.5
956	-0.632220	153.304537	0.007474	8.8
957	-0.813818	153.217580	0.006482	8.9
958	-0.710247	153.130755	0.006864	9.0
959	-0.000000	153.044061	0.000000	9.0
960	-0.562015	152.957498	0.006140	8.4
961	-0.004067	152.871065	0.000101	8.6
962	-0.000000	152.784762	0.000000	9.2
963	-0.729036	152.698589	0.007438	8.5
964	-0.772855	152.612545	0.004915	9.9
965	-0.495096	152.526631	0.007916	9.5
966	-0.874742	152.440845	0.008761	9.3
967	-0.705953	152.355188	0.006206	9.2
968	-0.953932	152.269660	0.006110	9.5
969	-0.799665	152.184259	0.007962	9.1
970	-0.000000	152.098986	0.000000	8.6
971	-1.075266	152.013840	0.005857	9.7
972	-0.041264	151.928821	0.001339	8.9
973	-0.463218	151.843928	0.005131	9.4
974	-0.988548	151.759163	0.008036	9.6
975	-0.000000	151.674523	0.000000	8.7
976	-0.565530	151.590009	0.006494	9.9
977	-0.573867	151.505620	0.005227	8.9
978	-0.468538	151.421357	0.006839	9.2
979	-0.140270	151.337218	0.002848	8.2
980	-0.668728	151.253204	0.007906	9.4
981	-0.337418	151.169314	0.004194	9.4
982	-0.850155	151.085549	0.009716	8.8
983	-0.889282	151.001907	0.004632	9.7
984	-0.711873	150.918388	0.009166	9.1
985	-1.227184	150.834992	0.018586	9.3
986	-0.519259	150.751719	0.008190	9.0
987	-0.957050	150.668569	0.010046	9.1
988	-0.508780	150.585541	0.004861	8.6
989	-0.000000	150.502634	0.000000	9.5
990	-0.000000	150.419849	0.000000	9.9
991	-0.432793	150.337186	0.009499	8.9
992	-0.752341	150.254644	0.005274	8.5
993	-0.321389	150.172222	0.003317	9.3
994	-0.474356	150.089921	0.004376	10.5
995	-0.027933	150.007740	0.000269	8.6
996	-0.055007	149.925679	0.001098	9.0
997	-0.867089	149.843737	0.007003	9.7
998	-0.329495	149.761915	0.002837	8.3
999	-0.641961	149.680212	0.011241	9.1
1000	-0.767160	149.598627	0.006216	9.7
1001	-0.437847	149.517161	0.005842	10.1
1002	-0.000000	149.435814	0.000000	8.8
1003	-0.000000	149.354584	0.000000	9.3
1004	0.000000	149.273472	0.000000	9.0
1005	-0.783565	149.192477	0.006894	9.6
1006	0.000000	149.111599	0.000000	10.1
1007	-0.001715	149.030838	0.000030	8.8
1008	-0.000000	148.950194	0.000000	9.0
1009	-0.147208	148.869666	0.003137	8.3
1010	-0.116737	148.789253	0.001008	9.8
1011	-0.910172	148.708957	0.007142	10.4
1012	-0.291214	148.628776	0.008905	10.2
1013	-0.000153	148.548710	0.000082	9.9
1014	-0.280328	148.468759	0.002555	9.3
1015	-0.000000	148.388923	0.000000	9.8
1016	-0.663410	148.309201	0.006830	8.2
1017	-0.595774	148.229594	0.004659	9.3
1018	-0.000146	148.150100	0.000006	10.4
1019	0.000000	148.070719	0.000000	9.5
1020	-0.889903	147.991452	0.007446	9.9
1021	-0.000003	147.912298	0.000001	8.0
1022	-0.990725	147.833257	0.007233	8.7
1023	-0.095056	147.754329	0.002031	10.4
1024	-0.000000	147.675512	0.000000	9.4
1025	-0.878026	147.596808	0.010003	8.8
1026	0.000000	147.518216	0.000000	8.7
1027	-0.001068	147.439735	0.000369	8.8
1028	-0.752951	147.361365	0.007176	8.8
1029	-0.000000	147.283106	0.000000	9.5
1030	-0.000000	147.204958	0.000000	8.1
1031	-0.843730	147.126920	0.010078	8.8
1032	-0.501499	147.048993	0.005144	9.0
1033	-0.758605	146.971175	0.004757	9.2
1034	-0.163123	146.893468	0.003177	9.0
1035	-0.672064	146.815869	0.004675	8.7
1036	-0.691009	146.738380	0.005528	9.4
1037	-0.000000	146.661000	0.000000	9.7
1038	-0.806253	146.583729	0.007704	8.9
1039	-0.188816	146.506566	0.003515	8.4
1040	-0.027210	146.429511	0.000673	9.4
1041	-0.846461	146.352565	0.007734	8.5
1042	-1.049139	146.275726	0.010863	9.3
1043	-1.065068	146.198994	0.008858	8.1
1044	-0.935955	146.122370	0.005350	9.0
1045	-0.680413	146.045853	0.005358	9.1
1046	-0.510783	145.969442	0.006144	9.1
1047	-0.703186	145.893139	0.004190	8.8
1048	-1.033736	145.816941	0.009374	9.5
1049	-0.877874	145.740849	0.005797	8.6
1050	-0.499860	145.664863	0.003383	9.3
1051	-0.000000	145.588983	0.000000	9.3
1052	-0.787913	145.513208	0.006153	8.2
1053	-0.542535	145.437538	0.005383	8.7
1054	-0.004845	145.361973	0.000077	9.0
1055	-0.718973	145.286513	0.004568	9.0
1056	-0.378724	145.211157	0.004604	8.5
1057	-0.392986	145.135905	0.006673	10.2
1058	-0.430300	145.060757	0.008265	8.9
1059	-0.561716	144.985712	0.008877	8.8
1060	-0.000000	144.910771	0.000000	8.8
1061	-0.277323	144.835934	0.007235	9.2
1062	-0.657171	144.761199	0.006612	9.1
1063	-0.832964	144.686567	0.008161	9.0
1064	-1.026597	144.612037	0.010166	8.8
1065	-0.000000	144.537610	0.000000	7.7
1066	-0.482527	144.463285	0.003990	10.1
1067	-0.079028	144.389062	0.001840	9.1
1068	-0.733578	144.314940	0.008505	8.8
1069	-0.645007	144.240920	0.005604	9.3
1070	-0.134170	144.167001	0.003101	9.7
1071	-0.012939	144.093182	0.000151	9.7
1072	-0.734940	144.019465	0.006180	8.1
1073	-0.884953	143.945848	0.009254	9.3
1074	-0.263321	143.872331	0.005900	8.8
1075	-0.847307	143.798914	0.007795	9.2
1076	-0.928080	143.725597	0.004513	9.5
1077	-0.663947	143.652380	0.007327	9.3
1078	-0.972895	143.579262	0.010233	10.4
1079	-0.725549	143.506243	0.008587	9.1
1080	-0.729082	143.433323	0.009617	9.5
1081	-0.367633	143.360502	0.008701	9.7
1082	-0.814291	143.287780	0.008730	9.7
1083	-0.849972	143.215155	0.007797	9.5
1084	-0.521452	143.142629	0.004729	8.7
1085	-0.863492	143.070201	0.007084	9.0
1086	-0.695743	142.997870	0.007994	8.8
1087	0.000000	142.925637	0.000000	8.7
1088	-0.801580	142.853501	0.009694	9.2
1089	-0.317365	142.781462	0.003773	8.7
1090	-0.920547	142.709519	0.008060	8.7
1091	-0.902957	142.637674	0.010795	9.3
1092	-0.347525	142.565924	0.003841	9.1
1093	-0.019431	142.494271	0.000699	9.9
1094	-0.135258	142.422714	0.004433	9.9
1095	-0.837262	142.351252	0.005518	8.4
1096	-0.000000	142.279886	0.000000	9.1
1097	-1.029995	142.208616	0.006888	8.7
1098	-0.000000	142.137440	0.000000	9.4
1099	-0.898681	142.066360	0.009642	9.0
1100	-0.085231	141.995374	0.003705	9.7
1101	-0.161060	141.924483	0.004273	9.9
1102	-0.764658	141.853685	0.005728	9.8
1103	-0.631373	141.782983	0.008439	10.2
1104	-0.737605	141.712373	0.005442	9.5
1105	-0.948249	141.641858	0.008308	10.0
1106	0.000000	141.571436	0.000000	8.6
1107	-0.219957	141.501108	0.002403	8.8
1108	-0.517656	141.430872	0.006757	8.9
1109	-0.555518	141.360730	0.006801	8.9
1110	0.000000	141.290680	0.000000	8.6
1111	-0.957701	141.220722	0.004218	7.8
1112	-0.506616	141.150857	0.005806	10.2
1113	-0.000000	141.081084	0.000000	8.4
1114	-0.904194	141.011403	0.005743	10.3
1115	-0.424192	140.941813	0.005505	8.5
1116	-0.601032	140.872315	0.004575	9.6
1117	-0.586533	140.802909	0.005253	9.4
1118	-0.326544	140.733593	0.002805	9.3
1119	-0.000000	140.664369	0.000000	9.1
1120	-0.598047	140.595235	0.006907	8.3
1121	-0.000000	140.526192	0.000000	9.1
1122	-0.381807	140.457239	0.004616	8.7
1123	-0.000000	140.388376	0.000000	8.8
1124	-0.457758	140.319603	0.005345	8.7
1125	-0.005131	140.250920	0.000100	10.3
1126	-0.673725	140.182326	0.007345	9.7
1127	-0.000000	140.113822	0.000000	10.1
1128	-0.385956	140.045407	0.003548	9.2
1129	-0.731134	139.977081	0.006238	9.2
1130	0.000000	139.908844	0.000000	8.9
1131	-0.000000	139.840696	0.000000	9.3
1132	-0.428024	139.772635	0.005452	9.0
1133	-0.082537	139.704664	0.002007	8.8
1134	-0.350248	139.636780	0.003614	9.4
1135	-0.884395	139.568984	0.011149	9.2
1136	-0.000000	139.501276	0.000000	9.3
1137	-0.686823	139.433655	0.007377	9.5
1138	-0.976323	139.366122	0.007050	9.3
1139	-1.134895	139.298676	0.010079	9.2
1140	-0.595212	139.231317	0.005604	9.7
1141	-0.798229	139.164045	0.007097	9.6
1142	-0.597419	139.096859	0.005968	9.5
1143	-1.085380	139.029760	0.017270	8.6
1144	-0.000000	138.962747	0.000000	9.1
1145	-0.704161	138.895820	0.004815	9.1
1146	-0.000000	138.828978	0.000000	9.2
1147	0.000000	138.762223	0.000000	8.9
1148	-0.285100	138.695553	0.002921	9.7
1149	-0.013080	138.628969	0.000083	9.0
1150	-0.977340	138.562469	0.007522	9.7
1151	-0.000000	138.496055	0.000000	9.9
1152	-0.731698	138.429725	0.006076	8.5
1153	-0.507837	138.363481	0.006823	9.6
1154	-0.000000	138.297320	0.000000	8.2
1155	0.000000	138.231244	0.000000	9.6
1156	-0.083809	138.165252	0.001984	9.3
1157	-0.797158	138.099344	0.005074	8.2
1158	-0.011460	138.033520	0.000626	9.4
1159	-0.399335	137.967779	0.006733	8.9
1160	-0.001151	137.902122	0.000057	9.4
1161	-0.001163	137.836548	0.000034	8.2
1162	-0.000000	137.771057	0.000000	8.8
1163	-0.364810	137.705649	0.005172	9.5
1164	-0.886737	137.640324	0.006884	10.0
1165	-1.007431	137.575081	0.007003	8.6
1166	-1.002920	137.509921	0.012159	8.8
1167	-0.039882	137.444842	0.001412	9.2
1168	-0.861540	137.379846	0.004683	8.0
1169	-0.298017	137.314932	0.004011	9.9
1170	-0.745725	137.250100	0.009040	8.2
1171	0.000000	137.185349	0.000000	9.3
1172	-0.534710	137.120680	0.006619	9.0
1173	-0.889388	137.056092	0.007140	9.2
1174	-0.545601	136.991585	0.006366	9.6
1175	-0.002596	136.927158	0.000038	9.3
1176	0.000000	136.862813	0.000000	8.3
1177	-0.002840	136.798548	0.000076	10.0
1178	-1.070928	136.734363	0.028150	9.7
1179	-0.000000	136.670259	0.000000	8.7
1180	-1.107979	136.606235	0.037858	9.7
1181	-0.659712	136.542291	0.005207	9.0
1182	-0.479758	136.478426	0.007325	9.9
1183	-0.753279	136.414641	0.005054	9.0
1184	-0.624144	136.350936	0.006047	10.4
1185	-0.542280	136.287310	0.002903	10.1
1186	-0.908039	136.223763	0.009222	9.3
1187	-0.000802	136.160295	0.000043	9.7
1188	-0.372259	136.096905	0.006965	8.9
1189	-1.003818	136.033594	0.008893	10.4
1190	-0.923067	135.970362	0.005246	10.1
1191	-0.674428	135.907208	0.011379	9.0
1192	-0.000045	135.844133	0.000002	9.1
1193	-0.225900	135.781135	0.004747	9.1
1194	-0.019510	135.718215	0.000635	9.4
1195	-0.007030	135.655373	0.000358	9.5
1196	-0.956046	135.592608	0.006979	10.3
1197	-0.009697	135.529921	0.000234	9.4
1198	-0.811651	135.467311	0.007798	9.0
1199	-0.914868	135.404778	0.005572	9.4
1200	-0.639004	135.342322	0.007134	9.5
1201	-0.000000	135.279942	0.000000	9.6
1202	-0.007481	135.217640	0.000078	8.7
1203	-0.741432	135.155413	0.007295	8.4
1204	-0.000001	135.093263	0.000000	9.4
1205	-0.330410	135.031190	0.003605	9.7
1206	-0.279972	134.969192	0.003987	9.4
1207	-0.036706	134.907270	0.001336	10.3
1208	-0.670407	134.845424	0.009684	9.0
1209	-0.016914	134.783653	0.000245	9.5
1210	-0.000000	134.721958	0.000000	9.1
1211	-0.000000	134.660338	0.000000	9.4
1212	-0.203006	134.598793	0.002327	8.2
1213	-0.020180	134.537323	0.001177	9.2
1214	-0.904400	134.475927	0.005052	8.8
1215	-0.639222	134.414607	0.005850	9.8
1216	-0.958197	134.353361	0.005818	8.6
1217	-0.884685	134.292189	0.009889	9.2
1218	-1.028100	134.231092	0.028424	8.9
1219	-0.000000	134.170068	0.000000	9.3
1220	-0.001536	134.109119	0.000021	9.9
1221	-0.645500	134.048243	0.005650	8.8
1222	-0.528996	133.987441	0.007098	9.5
1223	0.000000	133.926713	0.000000	9.5
1224	-0.944650	133.866057	0.008360	8.4
1225	-0.637464	133.805475	0.012043	8.8
1226	-0.000000	133.744966	0.000000	9.6
1227	-0.929906	133.684530	0.005028	8.4
1228	-0.000000	133.624167	0.000000	9.1
1229	-1.038947	133.563877	0.007020	9.0
1230	-0.497059	133.503658	0.004713	10.1
1231	-0.450298	133.443513	0.007092	9.7
1232	-0.000000	133.383439	0.000000	8.7
1233	-0.899056	133.323437	0.005676	9.4
1234	-0.639717	133.263508	0.005991	8.6
1235	-0.004786	133.203650	0.000034	8.0
1236	-1.009955	133.143864	0.009781	9.2
1237	-0.853930	133.084149	0.005468	9.0
1238	-0.000000	133.024506	0.000000	8.3
1239	-0.876148	132.964934	0.005135	8.9
1240	-0.485148	132.905433	0.006837	9.5
1241	-1.212697	132.846003	0.012037	8.8
1242	-0.000000	132.786643	0.000000	8.8
1243	-0.234436	132.727355	0.002434	9.5
1244	-0.803908	132.668137	0.006392	9.2
1245	-0.000000	132.608989	0.000000	9.4
1246	-0.560232	132.549912	0.005737	9.0
1247	-0.858311	132.490904	0.006046	10.2
1248	-0.606708	132.431967	0.004480	9.0
1249	0.000000	132.373100	0.000000	9.3
1250	-0.816737	132.314302	0.006008	8.5
1251	-0.669504	132.255574	0.005477	10.4
1252	-0.847889	132.196916	0.007121	9.0
1253	0.000000	132.138326	0.000000	9.7
1254	-0.000000	132.079806	0.000000	8.8
1255	-0.005175	132.021355	0.000053	9.3
1256	-0.978156	131.962973	0.013431	9.2
1257	-0.775435	131.904660	0.009337	8.8
1258	0.000000	131.846415	0.000000	8.8
1259	-0.188206	131.788239	0.003218	8.7
1260	-0.624620	131.730131	0.009956	8.9
1261	-0.548376	131.672092	0.007054	9.3
1262	-0.000000	131.614121	0.000000	9.2
1263	-0.708039	131.556217	0.007762	9.0
1264	-0.749883	131.498382	0.012435	9.7
1265	-0.462222	131.440614	0.006065	9.9
1266	-0.108976	131.382914	0.002094	9.4
1267	0.000000	131.325282	0.000000	9.9
1268	-0.000000	131.267717	0.000000	9.7
1269	-0.784396	131.210219	0.008918	8.9
1270	-0.549210	131.152788	0.009204	8.9
1271	-0.000000	131.095424	0.000000	9.4
1272	-0.000000	131.038127	0.000000	9.2
1273	-0.815098	130.980897	0.007007	8.6
1274	-0.937533	130.923733	0.014743	8.6
1275	-0.001165	130.866636	0.000227	9.0
1276	-0.839807	130.809605	0.012951	9.3
1277	-0.076877	130.752641	0.002874	8.5
1278	-0.923415	130.695742	0.005290	9.5
1279	-0.460208	130.638910	0.003288	8.6
1280	-0.968471	130.582143	0.006432	9.0
1281	-0.787675	130.525442	0.003535	10.3
1282	0.000000	130.468807	0.000000	8.4
1283	-1.026494	130.412237	0.010440	9.2
1284	-0.065083	130.355733	0.002124	8.7
1285	0.000000	130.299294	0.000000	9.9
1286	-0.665696	130.242920	0.008432	8.5
1287	-0.263467	130.186611	0.006031	9.1
1288	-0.742417	130.130366	0.006976	8.8
1289	-0.025181	130.074187	0.000482	8.6
1290	-1.034100	130.018072	0.006220	8.8
1291	-0.000000	129.962022	0.000000	8.9
1292	-0.559626	129.906036	0.002955	9.9
1293	-0.283682	129.850114	0.002458	9.1
1294	-0.170226	129.794257	0.003978	9.5
1295	-0.925052	129.738463	0.007697	8.5
1296	-0.802796	129.682734	0.007662	9.0
1297	-0.929891	129.627068	0.005928	8.7
1298	-0.955329	129.571466	0.006799	9.5
1299	-0.693351	129.515927	0.006889	9.1
1300	-0.278272	129.460452	0.001808	9.1
1301	-0.000003	129.405040	0.000000	9.6
1302	-0.754204	129.349692	0.008347	8.7
1303	-0.436284	129.294406	0.004481	9.4
1304	-0.000000	129.239183	0.000000	9.3
1305	-0.077332	129.184024	0.001578	9.6
1306	-0.000011	129.128927	0.000002	9.0
1307	-0.523289	129.073892	0.004223	9.3
1308	-0.859171	129.018921	0.008670	10.1
1309	-0.000000	128.964011	0.000000	9.2
1310	-0.823373	128.909164	0.006311	9.0
1311	-0.001045	128.854379	0.000013	8.5
1312	-0.000000	128.799656	0.000000	10.3
1313	-0.577797	128.744995	0.007115	9.0
1314	0.000000	128.690396	0.000000	10.0
1315	-0.000000	128.635858	0.000000	9.0
1316	-0.745761	128.581382	0.005498	9.7
1317	-0.983237	128.526968	0.007940	9.6
1318	-0.304661	128.472615	0.003577	8.6
1319	-0.481372	128.418323	0.007842	9.4
1320	-0.893892	128.364092	0.013645	8.1
1321	-0.609931	128.309922	0.004356	9.8
1322	-0.921533	128.255814	0.006403	8.9
1323	-0.189870	128.201766	0.002379	9.6
1324	-0.058452	128.147778	0.001815	9.1
1325	-0.026699	128.093852	0.001007	8.2
1326	-0.766270	128.039985	0.007906	10.4
1327	-0.109375	127.986180	0.002092	9.4
1328	-0.893313	127.932434	0.005420	9.2
1329	-0.000000	127.878749	0.000000	8.3
1330	0.000000	127.825123	0.000000	9.0
1331	-0.000000	127.771558	0.000000	8.8
1332	-0.366555	127.718052	0.004528	8.8
1333	-0.000994	127.664606	0.000125	7.9
1334	-0.529651	127.611220	0.004807	8.4
1335	-0.454661	127.557893	0.003303	10.1
1336	-0.000000	127.504625	0.000000	9.0
1337	-0.039144	127.451417	0.000399	9.4
1338	-0.515209	127.398268	0.005128	8.8
1339	-0.000000	127.345178	0.000000	10.1
1340	-0.224895	127.292147	0.002259	8.5
1341	-1.147698	127.239175	0.006774	9.4
1342	-0.474581	127.186261	0.007673	9.3
1343	-0.028610	127.133407	0.000558	8.7
1344	-0.584497	127.080610	0.006504	9.4
1345	-0.475791	127.027872	0.002767	9.3
1346	-0.880986	126.975193	0.008565	9.3
1347	-0.000000	126.922572	0.000000	7.9
1348	-0.473110	126.870008	0.007065	9.7
1349	-0.772880	126.817503	0.007475	8.7
1350	-0.269329	126.765056	0.005562	9.4
1351	-0.000000	126.712667	0.000000	8.8
1352	-0.000000	126.660335	0.000000	9.5
1353	-0.072942	126.608061	0.002035	9.3
1354	-0.053400	126.555844	0.002164	9.4
1355	-0.598812	126.503685	0.005467	8.8
1356	-0.596560	126.451583	0.006437	8.5
1357	-0.000000	126.399538	0.000000	9.1
1358	-0.000000	126.347550	0.000000	8.5
1359	-1.024936	126.295619	0.007426	9.6
1360	-0.034238	126.243745	0.000776	9.0
1361	-0.549461	126.191928	0.005666	9.1
1362	-0.747305	126.140168	0.007009	9.9
1363	-0.486973	126.088464	0.006594	9.7
1364	-0.566438	126.036817	0.006719	9.6
1365	-0.089352	125.985226	0.000753	8.2
1366	-0.661066	125.933691	0.006846	9.8
1367	-0.000000	125.882212	0.000000	8.5
1368	-0.111092	125.830790	0.003541	9.0
1369	-0.155438	125.779423	0.003698	9.1
1370	-0.610493	125.728113	0.006285	8.7
1371	-0.793924	125.676858	0.007556	9.8
1372	-0.574416	125.625659	0.005628	7.7
1373	-0.474881	125.574515	0.006538	9.1
1374	-0.825070	125.523427	0.005030	8.5
1375	-0.889787	125.472394	0.005594	9.8
1376	-0.184528	125.421417	0.002598	8.4
1377	-0.526597	125.370495	0.006795	9.4
1378	-0.000000	125.319628	0.000000	8.1
1379	-0.635710	125.268815	0.005927	9.8
1380	-0.000000	125.218058	0.000000	8.8
1381	-0.846833	125.167356	0.005173	8.6
1382	-0.951403	125.116708	0.010141	9.6
1383	0.000000	125.066115	0.000000	9.1
1384	-0.813382	125.015576	0.005421	9.2
1385	-0.000000	124.965092	0.000000	9.0
1386	-0.015803	124.914662	0.000290	9.6
1387	-0.607123	124.864287	0.005152	9.9
1388	-0.942282	124.813965	0.009681	9.7
1389	-0.606558	124.763698	0.006366	10.2
1390	-0.319533	124.713485	0.003748	8.1
1391	-1.009149	124.663325	0.007654	9.2
1392	-0.875325	124.613219	0.004642	9.0
1393	-0.000000	124.563167	0.000000	8.9
1394	-0.508430	124.513168	0.003100	8.2
1395	-0.000000	124.463223	0.000000	9.8
1396	-0.000473	124.413332	0.000011	8.7
1397	-0.000000	124.363493	0.000000	9.5
1398	-0.010292	124.313708	0.000103	8.4
1399	-1.030370	124.263976	0.007698	10.4
1400	0.000000	124.214297	0.000000	9.4
1401	-0.729759	124.164671	0.004833	9.1
1402	-0.693368	124.115097	0.007529	9.2
1403	-0.441614	124.065577	0.005029	9.0
1404	-0.000000	124.016109	0.000000	9.9
1405	-0.000000	123.966693	0.000000	9.6
1406	-0.780090	123.917330	0.008144	9.8
1407	-0.368621	123.868020	0.004247	9.8
1408	-0.446104	123.818762	0.006662	8.4
1409	-0.000000	123.769556	0.000000	9.4
1410	-0.000000	123.720402	0.000000	9.8
1411	-0.538566	123.671300	0.005585	9.8
1412	-0.464533	123.622250	0.004120	10.9
1413	-0.381825	123.573252	0.006660	8.9
1414	-0.259387	123.524305	0.006533	9.9
1415	-0.618155	123.475411	0.005738	8.6
1416	-0.874315	123.426568	0.006962	10.2
1417	-0.682395	123.377776	0.003970	9.7
1418	0.000000	123.329036	0.000000	9.0
1419	-0.000000	123.280347	0.000000	9.4
1420	-0.207496	123.231709	0.005232	9.0
1421	-1.002460	123.183122	0.015295	9.1
1422	-0.807453	123.134587	0.009283	11.2
1423	-0.907071	123.086102	0.005470	9.2
1424	-0.346334	123.037669	0.006882	9.7
1425	-0.771568	122.989286	0.004212	9.7
1426	-0.037323	122.940954	0.001297	9.7
1427	-0.672151	122.892672	0.004265	9.5
1428	-0.499058	122.844441	0.008828	10.0
1429	-0.786446	122.796261	0.008866	10.0
1430	-0.913490	122.748130	0.006367	9.5
1431	-0.886345	122.700050	0.009636	10.1
1432	-0.000000	122.652021	0.000000	9.1
1433	-1.004213	122.604041	0.005714	9.9
1434	-0.889691	122.556111	0.009338	10.6
1435	-0.339133	122.508232	0.005798	9.4
1436	-0.000000	122.460402	0.000000	9.6
1437	-0.026829	122.412622	0.001014	8.2
1438	-0.300007	122.364891	0.004146	9.1
1439	-0.519326	122.317210	0.004974	8.3
1440	-0.359345	122.269579	0.005072	9.1
1441	-0.029502	122.221997	0.001364	9.1
1442	-0.575977	122.174465	0.006299	8.5
1443	-0.517647	122.126981	0.007558	9.7
1444	-0.106363	122.079547	0.001889	9.9
1445	0.000000	122.032162	0.000000	8.9
1446	-0.817032	121.984826	0.007448	8.9
1447	-0.631512	121.937539	0.005388	9.3
1448	-0.904205	121.890301	0.008885	9.5
1449	-0.000000	121.843112	0.000000	9.0
1450	-0.671409	121.795971	0.006093	8.7
1451	-0.000529	121.748879	0.000018	8.8
1452	-0.784330	121.701835	0.004575	9.7
1453	0.000000	121.654840	0.000000	8.8
1454	-0.494217	121.607893	0.006735	9.3
1455	-0.065943	121.560994	0.001452	8.1
1456	-0.047149	121.514144	0.001002	9.1
1457	-0.629634	121.467342	0.005442	9.6
1458	-0.988473	121.420588	0.008886	9.0
1459	-1.022981	121.373882	0.005056	8.3
1460	-1.002861	121.327223	0.017154	8.2
1461	-1.216224	121.280613	0.019154	8.7
1462	-0.530598	121.234050	0.006631	9.2
1463	-0.930318	121.187535	0.005830	9.0
1464	-0.160825	121.141067	0.003195	8.7
1465	-0.380285	121.094647	0.004776	9.5
1466	0.000000	121.048274	0.000000	8.3
1467	-0.863258	121.001949	0.009701	9.3
1468	-0.035115	120.955671	0.001113	9.0
1469	-0.862327	120.909440	0.010816	10.4
1470	-0.360032	120.863256	0.006405	8.8
1471	-0.883006	120.817119	0.007258	9.4
1472	-0.561012	120.771029	0.005472	8.7
1473	-0.802285	120.724986	0.006554	8.3
1474	-0.317383	120.678990	0.003708	9.5
1475	-0.746931	120.633040	0.009849	8.3
1476	-0.000000	120.587137	0.000000	9.7
1477	-1.160111	120.541281	0.016064	8.8
1478	-0.867604	120.495471	0.008726	9.7
1479	-0.522046	120.449707	0.006593	8.4
1480	-0.001957	120.403990	0.000572	9.2
1481	-0.514603	120.358319	0.005488	9.4
1482	-0.876448	120.312694	0.007553	8.7
1483	-0.893996	120.267115	0.009030	9.4
1484	-0.037501	120.221582	0.000232	9.0
1485	-0.699159	120.176096	0.007047	9.5
1486	-0.030193	120.130655	0.000338	8.2
1487	-0.000658	120.085260	0.000028	9.5
1488	-0.132087	120.039910	0.001811	9.7
1489	-1.064407	119.994606	0.011417	8.9
1490	0.000000	119.949348	0.000000	9.7
1491	-0.165372	119.904135	0.005439	9.6
1492	-0.143062	119.858968	0.001728	9.0
1493	-0.800067	119.813846	0.006627	8.8
1494	-0.952535	119.768769	0.007409	9.0
1495	-0.104005	119.723738	0.002535	8.7
1496	-0.951495	119.678752	0.010128	9.0
1497	-0.030937	119.633810	0.001108	9.3
1498	-0.050254	119.588914	0.001271	8.6
1499	-0.682512	119.544062	0.005513	9.5
1500	-0.075082	119.499256	0.002258	9.7
1501	-0.995501	119.454494	0.007598	9.3
1502	-0.110586	119.409777	0.002259	8.6
1503	-1.067600	119.365104	0.008107	9.0
1504	-0.058196	119.320476	0.002541	9.1
1505	-0.832892	119.275893	0.006014	8.8
1506	-0.282336	119.231353	0.004991	8.7
1507	-1.048563	119.186859	0.008771	9.6
1508	-0.000000	119.142408	0.000000	8.7
1509	-0.160339	119.098002	0.005535	8.8
1510	0.000000	119.053639	0.000000	10.0
1511	-0.546717	119.009321	0.005272	8.4
1512	-0.009117	118.965047	0.000138	9.3
1513	-0.000181	118.920816	0.000039	8.8
1514	-0.625176	118.876630	0.004229	9.9
1515	-0.000000	118.832487	0.000000	8.7
1516	-0.000000	118.788388	0.000000	9.0
1517	-0.738146	118.744332	0.006831	9.6
1518	-0.002651	118.700320	0.000550	9.1
1519	-1.077295	118.656352	0.010182	10.6
1520	-0.941453	118.612427	0.006115	9.0
1521	-0.392241	118.568545	0.004386	9.0
1522	-0.149954	118.524706	0.003070	8.7
1523	-0.545970	118.480911	0.005423	9.5
1524	-0.274892	118.437159	0.002326	9.1
1525	-0.521791	118.393450	0.004817	9.6
1526	0.000000	118.349784	0.000000	9.9
1527	-0.697430	118.306160	0.007278	9.1
1528	-0.634795	118.262580	0.004999	9.1
1529	-0.031459	118.219042	0.000542	9.3
1530	-0.000000	118.175548	0.000000	10.5
1531	-0.000000	118.132095	0.000000	10.1
1532	-0.529602	118.088686	0.005925	8.5
1533	-0.000000	118.045319	0.000000	10.0
1534	-0.782872	118.001994	0.006425	8.8
1535	-0.973398	117.958712	0.012772	10.9
1536	-0.766116	117.915472	0.008381	9.8
1537	-1.073967	117.872274	0.007498	8.3
1538	-0.000000	117.829118	0.000000	9.9
1539	-0.193438	117.786005	0.002566	9.0
1540	-0.962673	117.742933	0.007227	9.6
1541	-0.579443	117.699904	0.005079	8.5
1542	-0.809839	117.656916	0.007055	10.4
1543	-0.318526	117.613971	0.004839	8.9
1544	-0.345940	117.571067	0.004326	8.9
1545	-0.846475	117.528205	0.008702	9.9
1546	-0.000000	117.485384	0.000000	8.3
1547	-0.030944	117.442605	0.001174	9.0
1548	-0.668702	117.399867	0.005856	9.6
1549	-0.535700	117.357171	0.005001	9.2
1550	-0.317262	117.314517	0.005417	8.3
1551	-0.000000	117.271903	0.000000	8.8
1552	-0.000000	117.229331	0.000000	9.1
1553	-0.000000	117.186800	0.000000	8.6
1554	-1.042528	117.144311	0.014498	9.5
1555	-0.942335	117.101862	0.005717	8.5
1556	-0.527072	117.059454	0.005808	8.9
1557	-0.504473	117.017087	0.004851	8.3
1558	-1.006935	116.974762	0.006244	9.1
1559	-0.000000	116.932476	0.000000	9.5
1560	-0.000000	116.890232	0.000000	9.3
1561	-1.030596	116.848028	0.007339	8.9
1562	-0.000000	116.805865	0.000000	9.9
1563	-0.689366	116.763743	0.005739	8.2
1564	-0.417647	116.721661	0.009141	9.0
1565	-0.592833	116.679619	0.003031	9.3
1566	-0.179969	116.637618	0.001888	7.6
1567	-0.864342	116.595657	0.014162	8.9
1568	-0.758463	116.553736	0.005588	8.5
1569	-0.920470	116.511855	0.007157	9.1
1570	-0.438929	116.470015	0.006143	8.6
1571	-0.000000	116.428214	0.000000	8.5
1572	-0.479623	116.386454	0.005167	9.0
1573	-0.002799	116.344733	0.000097	9.3
1574	-0.872713	116.303052	0.004837	8.5
1575	-0.000000	116.261412	0.000000	9.0
1576	-0.876801	116.219810	0.006816	8.5
1577	-0.271626	116.178249	0.004373	9.6
1578	-0.000000	116.136727	0.000000	8.8
1579	-0.000000	116.095245	0.000000	8.7
1580	-0.985827	116.053802	0.008206	9.5
1581	-0.354135	116.012398	0.004375	9.3
1582	-0.000000	115.971034	0.000000	9.8
1583	-0.483320	115.929710	0.003411	8.1
1584	-0.937736	115.888424	0.012146	9.3
1585	-0.104169	115.847178	0.001628	8.4
1586	-0.749709	115.805970	0.006724	10.3
1587	-0.116440	115.764802	0.003190	9.5
1588	-0.575183	115.723673	0.005598	8.2
1589	-0.933477	115.682583	0.004551	9.1
1590	0.000000	115.641532	0.000000	8.6
1591	-1.068566	115.600519	0.009042	9.5
1592	-0.029112	115.559546	0.001226	8.8
1593	-0.718968	115.518610	0.009351	9.1
1594	-0.893855	115.477714	0.004299	9.1
1595	-0.505010	115.436856	0.009005	10.0
1596	-0.933146	115.396037	0.006066	10.1
1597	-0.023574	115.355256	0.001066	9.2
1598	-0.000000	115.314514	0.000000	9.5
1599	-0.236857	115.273810	0.003555	9.1
1600	0.000000	115.233144	0.000000	9.1
1601	-0.851099	115.192517	0.007089	8.8
1602	-0.001285	115.151927	0.000410	9.1
1603	-0.000000	115.111376	0.000000	8.8
1604	-0.191127	115.070863	0.006122	9.1
1605	-0.000000	115.030388	0.000000	9.3
1606	-0.537744	114.989951	0.006629	9.8
1607	-0.786724	114.949551	0.006592	9.4
1608	-0.911689	114.909190	0.010923	9.3
1609	-0.636253	114.868866	0.012099	9.5
1610	-1.004042	114.828580	0.007629	9.0
1611	-0.605241	114.788332	0.006714	9.2
1612	-0.926110	114.748121	0.005592	9.8
1613	0.000000	114.707948	0.000000	10.5
1614	-0.845649	114.667812	0.015093	9.7
1615	-1.118989	114.627714	0.012310	8.3
1616	-0.508006	114.587653	0.004508	10.8
1617	-0.395935	114.547629	0.005909	9.8
1618	-0.831205	114.507643	0.006074	9.0
1619	-0.740271	114.467693	0.004846	9.2
1620	-1.010072	114.427781	0.007109	8.8
1621	-0.307052	114.387907	0.004209	9.3
1622	-0.866901	114.348069	0.005583	8.5
1623	-1.039524	114.308268	0.007132	9.2
1624	-0.595764	114.268504	0.006718	8.4
1625	-0.725956	114.228777	0.004917	9.3
1626	-0.735776	114.189086	0.007651	10.0
1627	-0.834867	114.149433	0.007508	8.3
1628	-0.758097	114.109816	0.006504	9.3
1629	-0.100929	114.070235	0.002277	9.4
1630	-0.357066	114.030692	0.004825	9.4
1631	-0.458835	113.991185	0.004949	8.9
1632	-0.800446	113.951714	0.007977	9.1
1633	-0.212104	113.912280	0.003706	9.4
1634	-0.801505	113.872882	0.007354	9.2
1635	-0.000115	113.833521	0.000008	10.0
1636	-0.777808	113.794195	0.006839	9.2
1637	-1.001972	113.754906	0.006686	10.1
1638	-0.549411	113.715653	0.005329	8.9
1639	-0.000000	113.676437	0.000000	9.9
1640	-0.007786	113.637256	0.000211	9.8
1641	-0.817425	113.598111	0.005539	8.8
1642	-0.785458	113.559002	0.004785	8.6
1643	-0.756699	113.519929	0.008558	8.9
1644	-0.000000	113.480892	0.000000	9.4
1645	-0.958753	113.441891	0.006259	8.9
1646	-0.715182	113.402925	0.007430	9.1
1647	-0.005418	113.363995	0.000245	8.5
1648	-0.002535	113.325101	0.000038	9.0
1649	-0.148126	113.286242	0.003094	9.9
1650	0.000000	113.247419	0.000000	9.8
1651	-0.002132	113.208631	0.000034	9.3
1652	-0.351511	113.169879	0.003664	10.3
1653	-0.000000	113.131162	0.000000	9.0
1654	-0.006713	113.092480	0.000433	8.7
1655	-0.640981	113.053833	0.007591	9.3
1656	-0.587383	113.015222	0.007287	9.3
1657	-0.012516	112.976646	0.000112	9.1
1658	-0.658519	112.938105	0.006417	9.3
1659	-0.004524	112.899599	0.001077	8.2
1660	-0.489626	112.861128	0.003507	9.0
1661	-1.031177	112.822692	0.007303	9.2
1662	-0.801375	112.784291	0.006683	9.3
1663	-0.005299	112.745924	0.000078	9.1
1664	-0.993403	112.707593	0.008051	8.3
1665	-0.414750	112.669296	0.003685	8.4
1666	-0.683362	112.631034	0.007384	9.4
1667	-1.007449	112.592806	0.006321	8.6
1668	0.000000	112.554613	0.000000	9.0
1669	-0.000121	112.516455	0.000005	9.2
1670	-0.273487	112.478331	0.001699	9.0
1671	-1.008515	112.440241	0.005748	9.1
1672	-0.480174	112.402186	0.002690	8.6
1673	-0.108739	112.364165	0.002045	9.9
1674	-0.583909	112.326179	0.005404	9.9
1675	-0.615676	112.288227	0.004750	8.7
1676	-0.442638	112.250309	0.004935	9.3
1677	-0.499367	112.212425	0.008049	9.1
1678	-0.473485	112.174575	0.008348	9.1
1679	-0.202696	112.136759	0.003129	8.6
1680	-0.000000	112.098977	0.000000	10.4
1681	-0.856876	112.061229	0.005951	8.9
1682	0.000000	112.023515	0.000000	10.0
1683	-1.023554	111.985834	0.008770	9.2
1684	-0.906673	111.948188	0.007740	10.2
1685	-0.024448	111.910575	0.001367	8.9
1686	-0.728322	111.872996	0.003765	9.5
1687	-0.844836	111.835450	0.008963	9.9
1688	-0.362738	111.797939	0.002796	9.1
1689	-0.874127	111.760460	0.006853	9.8
1690	-0.734462	111.723015	0.007192	9.5
1691	-0.179585	111.685604	0.003184	8.6
1692	-0.844844	111.648226	0.006140	9.1
1693	-0.272185	111.610881	0.006474	8.3
1694	-0.571279	111.573570	0.003239	9.7
1695	-0.954872	111.536292	0.007786	8.6
1696	-0.799333	111.499047	0.005866	9.8
1697	-0.000000	111.461835	0.000000	8.9
1698	-0.000000	111.424656	0.000000	9.3
1699	-0.010273	111.387510	0.000133	9.3
1700	-0.618879	111.350398	0.008759	9.0
1701	-0.197646	111.313318	0.002355	9.6
1702	-0.013436	111.276271	0.000164	8.7
1703	-0.826562	111.239257	0.007449	9.4
1704	-0.763030	111.202276	0.007371	8.9
1705	-0.626707	111.165328	0.009375	9.3
1706	-0.749855	111.128412	0.007331	8.4
1707	-0.871696	111.091529	0.007655	10.0
1708	-0.000000	111.054679	0.000000	9.4
1709	-0.955560	111.017861	0.005689	8.9
1710	-0.808707	110.981076	0.007532	10.1
1711	-0.986992	110.944323	0.006993	8.8
1712	-0.918093	110.907603	0.005710	9.6
1713	-0.423428	110.870915	0.008038	9.2
1714	-0.000000	110.834259	0.000000	9.0
1715	-0.351463	110.797636	0.004432	9.0
1716	-0.900181	110.761045	0.006894	9.2
1717	0.000000	110.724486	0.000000	8.6
1718	-0.931346	110.687959	0.005500	9.2
1719	-0.643637	110.651465	0.004179	8.6
1720	-0.000000	110.615002	0.000000	9.3
1721	-0.502574	110.578572	0.002770	10.2
1722	-0.644351	110.542173	0.004957	8.6
1723	-0.441057	110.505807	0.004471	9.5
1724	-1.051569	110.469472	0.009559	9.7
1725	-0.000000	110.433169	0.000000	9.4
1726	-0.753284	110.396898	0.007309	9.7
1727	-1.016763	110.360659	0.006407	8.8
1728	-0.366225	110.324451	0.002557	9.8
1729	-0.903376	110.288276	0.005306	8.8
1730	-0.970032	110.252131	0.006366	9.3
1731	-0.029684	110.216019	0.001641	9.1
1732	-0.914227	110.179937	0.008133	9.0
1733	-0.794621	110.143888	0.006568	9.0
1734	0.000000	110.107869	0.000000	8.9
1735	-0.000000	110.071882	0.000000	9.7
1736	-0.398131	110.035927	0.005855	8.7
1737	-0.850942	110.000003	0.008374	9.0
1738	-0.000000	109.964110	0.000000	8.4
1739	-0.536262	109.928248	0.005434	9.1
1740	-0.000000	109.892417	0.000000	9.6
1741	-0.000000	109.856618	0.000000	10.0
1742	-0.585576	109.820850	0.007857	9.3
1743	-0.189416	109.785112	0.002862	8.9
1744	-0.021591	109.749406	0.003190	9.4
1745	-0.076118	109.713730	0.002823	9.1
1746	-0.001343	109.678086	0.000325	8.9
1747	-0.272888	109.642472	0.003581	9.0
1748	-0.055051	109.606890	0.001234	9.4
1749	-0.101798	109.571337	0.002890	9.7
1750	-0.346493	109.535816	0.007215	8.8
1751	-0.487560	109.500326	0.004681	9.5
1752	-0.502326	109.464866	0.006702	8.6
1753	-0.912114	109.429436	0.006801	9.4
1754	-0.726782	109.394038	0.004350	9.6
1755	0.000000	109.358669	0.000000	9.1
1756	-0.000000	109.323331	0.000000	10.2
1757	-0.000000	109.288024	0.000000	9.6
1758	-0.221893	109.252747	0.003142	9.8
1759	-0.777671	109.217501	0.007112	9.6
1760	-0.064870	109.182284	0.000369	9.5
1761	-0.036212	109.147098	0.000838	9.1
1762	-0.331177	109.111942	0.009743	9.7
1763	-0.001945	109.076817	0.000026	9.1
1764	-0.690075	109.041721	0.005096	8.3
1765	-0.186793	109.006656	0.002023	9.6
1766	-0.672960	108.971620	0.005065	9.3
1767	-0.526027	108.936615	0.006170	9.5
1768	-0.344309	108.901640	0.005510	8.3
1769	-0.204130	108.866694	0.002597	9.1
1770	-0.034030	108.831779	0.002585	9.3
1771	-0.745452	108.796893	0.004536	9.0
1772	-0.240131	108.762037	0.003649	9.5
1773	-0.495392	108.727211	0.003903	8.7
1774	-0.381342	108.692415	0.003301	9.1
1775	-0.674786	108.657648	0.006056	8.5
1776	-0.857364	108.622911	0.006380	9.5
1777	-0.000000	108.588203	0.000000	8.4
1778	-0.652140	108.553525	0.004093	9.6
1779	-0.820090	108.518877	0.007373	8.8
1780	-0.101250	108.484258	0.002626	9.2
1781	-0.043511	108.449668	0.000871	9.9
1782	-0.875167	108.415108	0.005721	8.2
1783	-0.013032	108.380578	0.000143	9.8
1784	-0.000000	108.346076	0.000000	8.3
1785	0.000000	108.311604	0.000000	9.1
1786	-0.094588	108.277161	0.002489	8.8
1787	-0.000000	108.242747	0.000000	9.1
1788	-0.887326	108.208363	0.007479	8.8
1789	-1.022546	108.174007	0.005811	9.5
1790	-0.015289	108.139681	0.000214	10.1
1791	0.000000	108.105383	0.000000	8.8
1792	-1.015305	108.071115	0.009029	9.3
1793	-0.798021	108.036875	0.009352	8.2
1794	-0.122233	108.002665	0.004126	9.8
1795	-0.826281	107.968483	0.007800	9.2
1796	-0.982310	107.934330	0.008093	9.2
1797	-0.653380	107.900206	0.004672	9.3
1798	-0.000000	107.866111	0.000000	8.5
1799	-0.709127	107.832044	0.006769	9.1
1800	-0.680899	107.798007	0.007148	8.8
1801	-0.894814	107.763997	0.007309	9.4
1802	-0.913495	107.730017	0.009464	8.8
1803	0.000000	107.696065	0.000000	9.4
1804	-0.933192	107.662141	0.007223	8.4
1805	-0.760427	107.628246	0.007973	8.9
1806	-0.801585	107.594379	0.006046	9.0
1807	-0.715559	107.560541	0.005924	9.1
1808	-1.218126	107.526731	0.009912	9.7
1809	0.000000	107.492949	0.000000	8.3
1810	-0.002276	107.459196	0.000196	9.5
1811	-1.037213	107.425471	0.007614	9.1
1812	-0.609529	107.391774	0.005670	10.3
1813	-0.450412	107.358106	0.003038	10.0
1814	-1.018195	107.324465	0.013350	8.7
1815	-0.628045	107.290853	0.006096	8.8
1816	-0.214335	107.257268	0.002904	9.4
1817	-0.473672	107.223712	0.005854	9.1
1818	-0.633290	107.190184	0.006283	8.9
1819	-0.726652	107.156683	0.006622	9.7
1820	-0.087640	107.123211	0.000922	9.7
1821	-0.000000	107.089766	0.000000	10.3
1822	-0.772557	107.056349	0.005412	10.3
1823	-0.000000	107.022960	0.000000	10.8
1824	-0.000000	106.989599	0.000000	9.6
1825	-0.390419	106.956265	0.004119	10.2
1826	-0.842344	106.922960	0.005369	9.6
1827	-0.478695	106.889681	0.008425	10.1
1828	-0.998640	106.856431	0.007352	9.5
1829	-0.580385	106.823208	0.005188	9.9
1830	-0.897701	106.790012	0.007435	8.4
1831	-0.762207	106.756844	0.008117	10.1
1832	-0.422731	106.723703	0.004884	9.4
1833	-0.833468	106.690590	0.007991	9.4
1834	-0.176286	106.657505	0.003868	9.5
1835	-0.218479	106.624446	0.003624	9.5
1836	-0.630750	106.591415	0.006739	9.1
1837	-0.568378	106.558411	0.004836	7.7
1838	-0.678066	106.525435	0.005129	8.7
1839	-0.473648	106.492485	0.006311	10.2
1840	-0.543918	106.459563	0.004468	9.5
1841	-0.894213	106.426668	0.006065	10.1
1842	-0.968207	106.393800	0.009066	8.9
1843	-0.492795	106.360959	0.004215	9.5
1844	-0.859609	106.328145	0.006256	9.2
1845	-0.713661	106.295358	0.006103	9.6
1846	-1.085646	106.262598	0.012920	10.4
1847	-0.515723	106.229865	0.006064	8.3
1848	-0.000000	106.197158	0.000000	9.2
1849	-1.035192	106.164479	0.011489	8.6
1850	-0.041664	106.131826	0.001130	10.3
1851	0.000000	106.099201	0.000000	9.5
1852	-0.000041	106.066602	0.000014	10.2
1853	-0.000000	106.034029	0.000000	10.1
1854	-1.104502	106.001483	0.008917	8.5
1855	-0.579935	105.968964	0.006858	9.0
1856	-0.816596	105.936472	0.006489	8.7
1857	-0.000000	105.904006	0.000000	9.6
1858	-0.000000	105.871566	0.000000	10.2
1859	-0.464888	105.839153	0.006022	9.6
1860	-0.000000	105.806767	0.000000	10.0
1861	-0.462532	105.774407	0.005172	8.9
1862	-0.046703	105.742073	0.001604	9.7
1863	-0.000000	105.709766	0.000000	9.1
1864	-0.347544	105.677485	0.004918	9.3
1865	-0.982829	105.645230	0.005709	10.0
1866	-0.944677	105.613001	0.004907	8.9
1867	-0.849238	105.580799	0.005058	8.9
1868	-0.770010	105.548623	0.005183	9.8
1869	-0.901654	105.516473	0.006217	9.2
1870	-0.532471	105.484349	0.006585	7.8
1871	-0.590443	105.452251	0.005335	9.4
1872	-0.945137	105.420179	0.014947	8.2
1873	-1.062594	105.388133	0.010091	9.0
1874	-0.000000	105.356113	0.000000	8.1
1875	-0.046080	105.324119	0.001400	8.6
1876	-1.140505	105.292151	0.007457	9.1
1877	-0.671179	105.260209	0.006578	8.8
1878	-0.457195	105.228293	0.005726	9.1
1879	-0.000000	105.196402	0.000000	8.8
1880	-0.831139	105.164537	0.006336	9.3
1881	-0.167502	105.132698	0.002705	9.6
1882	-0.691350	105.100885	0.004283	10.4
1883	-0.890466	105.069097	0.009773	8.1
1884	-0.012760	105.037335	0.000153	9.3
1885	-0.756981	105.005598	0.004446	8.4
1886	-0.764861	104.973887	0.005143	9.1
1887	-0.213837	104.942202	0.002121	10.0
1888	-0.003583	104.910542	0.000090	8.3
1889	-0.283183	104.878907	0.003449	9.5
1890	-0.301122	104.847298	0.004490	9.5
1891	-0.006212	104.815715	0.000884	10.6
1892	-0.972030	104.784156	0.008182	12.3
1893	-0.577676	104.752623	0.004140	11.0
1894	-0.644670	104.721116	0.007268	12.2
1895	-0.000000	104.689633	0.000000	11.8
1896	-1.047300	104.658176	0.015683	12.3
1897	-0.709687	104.626744	0.006552	9.9
1898	-0.177851	104.595337	0.001742	10.6
1899	-0.891320	104.563955	0.005270	10.8
1900	-0.416997	104.532599	0.004225	10.3
1901	-0.000000	104.501267	0.000000	10.8
1902	-0.612898	104.469960	0.008141	11.6
1903	-0.634400	104.438679	0.006507	11.2
1904	-0.777819	104.407422	0.006090	11.9
1905	-0.777372	104.376191	0.005921	10.4
1906	-0.175686	104.344984	0.003425	10.4
1907	-1.078461	104.313802	0.007188	10.2
1908	-0.573056	104.282645	0.004565	10.5
1909	-0.970916	104.251513	0.008656	12.2
1910	-0.000000	104.220405	0.000000	9.8
1911	-0.000013	104.189323	0.000013	11.1
1912	-0.663370	104.158265	0.005484	10.4
1913	-0.000000	104.127231	0.000000	11.5
1914	-0.044359	104.096222	0.001676	9.7
1915	-0.762481	104.065238	0.004452	10.1
1916	-0.248920	104.034279	0.003264	9.6
1917	-0.018598	104.003344	0.001231	9.6
1918	-0.000000	103.972433	0.000000	9.7
1919	-0.976434	103.941547	0.009619	9.4
1920	-0.812226	103.910686	0.005572	9.1
1921	-0.329075	103.879849	0.002664	9.7
1922	-0.155092	103.849036	0.003220	10.1
1923	-0.588971	103.818248	0.004538	9.6
1924	-0.484475	103.787484	0.003390	9.1
1925	-0.000000	103.756744	0.000000	10.0
1926	-0.070679	103.726029	0.003832	9.5
1927	-0.941607	103.695338	0.007847	9.8
1928	-0.000000	103.664671	0.000000	11.1
1929	-0.259996	103.634028	0.003570	11.6
1930	-0.000000	103.603409	0.000000	12.2
1931	-0.880462	103.572814	0.008446	12.6
1932	-0.727691	103.542244	0.005935	10.5
1933	-0.534607	103.511698	0.007281	11.1
1934	-0.907476	103.481175	0.008713	10.1
1935	-1.083712	103.450677	0.008629	10.2
1936	-0.418133	103.420202	0.002189	10.0
1937	-0.000000	103.389752	0.000000	10.5
1938	-0.000000	103.359325	0.000000	10.1
1939	-0.774190	103.328922	0.007250	11.8
1940	-0.000000	103.298543	0.000000	11.0
1941	-0.841457	103.268188	0.004621	10.5
1942	-0.824902	103.237857	0.007784	11.6
1943	-0.780579	103.207549	0.006751	10.6
1944	-0.000000	103.177265	0.000000	9.7
1945	-0.646013	103.147005	0.003632	10.3
1946	-0.000000	103.116768	0.000000	10.5
1947	-0.000000	103.086556	0.000000	9.1
1948	-0.125591	103.056366	0.003172	10.8
1949	-0.511428	103.026200	0.005079	11.3
1950	-0.625721	102.996058	0.003567	9.3
1951	-0.803325	102.965939	0.005622	11.1
1952	-0.857894	102.935844	0.005718	9.3
1953	-1.051706	102.905772	0.010430	11.2
1954	-0.671634	102.875724	0.004082	10.4
1955	-1.124366	102.845699	0.011478	9.6
1956	-0.000854	102.815697	0.000015	10.8
1957	-0.728629	102.785719	0.005255	10.0
1958	-0.000000	102.755764	0.000000	9.4
1959	-0.296494	102.725832	0.004274	10.7
1960	-0.947561	102.695924	0.008312	9.2
1961	0.000000	102.666038	0.000000	9.3
1962	-0.825078	102.636176	0.004402	10.1
1963	-0.939130	102.606337	0.009434	9.9
1964	-0.719970	102.576521	0.005364	10.1
1965	-0.000000	102.546728	0.000000	9.5
1966	-0.899149	102.516959	0.005934	10.8
1967	-0.078837	102.487212	0.002685	10.2
1968	-0.000000	102.457488	0.000000	9.1
1969	0.000000	102.427788	0.000000	9.5
1970	-0.000000	102.398110	0.000000	9.3
1971	-0.674941	102.368455	0.006327	9.5
1972	-0.901644	102.338823	0.007709	9.9
1973	-0.525982	102.309214	0.006666	9.4
1974	-0.811772	102.279628	0.005776	9.9
1975	-0.196531	102.250064	0.002574	10.7
1976	-0.615427	102.220524	0.007579	9.9
1977	-0.256362	102.191006	0.002985	11.0
1978	-0.548712	102.161511	0.004993	9.1
1979	-0.115451	102.132038	0.002127	10.1
1980	-0.905680	102.102588	0.006770	9.3
1981	-0.932820	102.073161	0.007059	9.2
1982	-1.075341	102.043757	0.006521	9.7
1983	-0.775986	102.014375	0.004205	10.2
1984	0.000000	101.985015	0.000000	10.5
1985	-0.000000	101.955678	0.000000	10.1
1986	-0.057107	101.926364	0.001571	9.9
1987	-0.000000	101.897072	0.000000	11.1
1988	-0.657460	101.867802	0.003459	8.8
1989	-0.192507	101.838555	0.001909	9.9
1990	-0.297722	101.809330	0.006606	8.0
1991	-0.640821	101.780128	0.004530	9.3
1992	-0.817769	101.750948	0.007240	8.8
1993	-1.105111	101.721790	0.009527	9.4
1994	-0.888838	101.692654	0.005827	9.2
1995	-0.130181	101.663541	0.004314	8.7
1996	-0.048614	101.634450	0.003171	9.7
1997	-0.372745	101.605381	0.005366	9.5
1998	-0.076913	101.576335	0.000346	10.1
1999	-0.293386	101.547310	0.001462	8.8
