1:ItNr	2:Metric	3:StepSize	4:||Gradient||	Time[ms]
0	-0.058037	627.201626	0.001396	979.7
1	-1.493340	623.504937	0.012513	5.1
2	-0.000030	619.865785	0.000006	5.6
3	-0.907157	616.282728	0.008978	5.5
4	-1.433639	612.754375	0.011481	6.4
5	-1.610006	609.279381	0.009400	6.0
6	-0.751536	605.856447	0.017855	5.6
7	-0.019585	602.484317	0.001465	5.7
8	-1.340725	599.161779	0.008381	6.0
9	-0.121607	595.887656	0.001320	5.6
10	-1.210594	592.660813	0.013484	4.7
11	-0.988181	589.480151	0.011164	6.0
12	-1.619246	586.344606	0.011917	5.7
13	-1.510060	583.253145	0.013429	5.5
14	-0.550547	580.204771	0.005353	5.9
15	-1.019368	577.198517	0.019243	5.2
16	-1.359332	574.233444	0.021164	5.9
17	-0.105064	571.308645	0.001448	6.0
18	-0.579370	568.423237	0.010821	5.9
19	-0.891949	565.576365	0.005700	6.1
20	-1.135569	562.767201	0.009526	7.7
21	-0.659404	559.994938	0.016639	6.1
22	-0.942883	557.258797	0.006778	6.0
23	-0.000000	554.558018	0.000000	6.4
24	-0.000135	551.891865	0.000019	7.3
25	-1.117722	549.259621	0.012333	5.9
26	-0.477929	546.660592	0.013976	6.0
27	-0.735523	544.094102	0.004045	6.1
28	-0.000000	541.559494	0.000000	5.6
29	-0.074037	539.056129	0.001168	6.6
30	-1.540099	536.583387	0.010592	5.7
31	-1.615490	534.140663	0.010244	5.8
32	-1.022394	531.727370	0.006115	5.9
33	-0.475061	529.342935	0.004774	5.5
34	-0.000003	526.986802	0.000001	5.5
35	-0.851016	524.658430	0.007398	5.8
36	-0.019423	522.357290	0.001185	5.9
37	-1.252566	520.082868	0.011567	5.7
38	-0.802940	517.834665	0.005603	6.1
39	-1.073346	515.612193	0.022101	5.3
40	-1.519796	513.414976	0.013014	5.8
41	-1.231713	511.242551	0.017675	6.0
42	-0.819836	509.094468	0.009967	5.7
43	-1.348669	506.970285	0.014870	5.6
44	-1.148908	504.869574	0.024503	5.9
45	-0.000000	502.791916	0.000000	6.3
46	-0.085405	500.736903	0.002399	7.1
47	-0.645581	498.704137	0.007350	6.1
48	-0.000061	496.693228	0.000014	6.4
49	-1.391591	494.703798	0.012138	6.5
50	-0.826813	492.735476	0.009010	5.8
51	-0.000000	490.787900	0.000000	6.1
52	-1.222980	488.860718	0.015928	5.8
53	-0.871692	486.953585	0.009947	5.3
54	-1.282995	485.066164	0.016161	7.1
55	-0.011525	483.198126	0.001407	6.1
56	-1.679983	481.349149	0.011524	5.9
57	-1.253088	479.518920	0.010598	6.1
58	-0.149978	477.707132	0.002529	5.8
59	-0.809628	475.913485	0.005923	6.2
60	-0.071513	474.137684	0.000480	5.4
61	-1.262959	472.379445	0.011212	5.6
62	-0.161667	470.638485	0.003530	7.2
63	-1.551773	468.914531	0.006671	5.6
64	-1.096167	467.207315	0.007447	6.4
65	-0.000000	465.516573	0.000000	5.5
66	-1.682179	463.842050	0.008127	5.4
67	-0.849255	462.183494	0.009247	5.8
68	-0.736574	460.540658	0.008502	6.3
69	-1.413632	458.913303	0.008872	5.7
70	-0.621972	457.301192	0.006504	5.8
71	-1.021617	455.704096	0.009971	6.7
72	-1.343656	454.121787	0.009315	5.9
73	-1.127581	452.554045	0.007214	6.1
74	-0.328198	451.000653	0.000631	5.6
75	-1.208452	449.461399	0.016044	5.5
76	-1.310071	447.936075	0.016902	6.5
77	-0.649476	446.424477	0.009727	5.4
78	-0.467607	444.926406	0.002375	5.8
79	-0.430717	443.441666	0.004828	5.8
80	-0.000000	441.970065	0.000000	5.8
81	-0.000000	440.511415	0.000000	6.3
82	-1.760415	439.065533	0.014511	5.8
83	-1.176393	437.632238	0.014228	5.7
84	-1.275827	436.211351	0.013493	5.7
85	-0.000000	434.802701	0.000000	5.4
86	-0.985650	433.406117	0.017514	6.6
87	-1.112343	432.021430	0.008634	6.1
88	-0.990995	430.648479	0.009536	6.6
89	-0.000016	429.287101	0.000004	5.7
90	-0.429221	427.937140	0.015202	5.8
91	-0.114472	426.598440	0.002198	5.7
92	-1.571485	425.270849	0.012274	7.4
93	-0.028371	423.954220	0.001730	7.2
94	-0.868866	422.648404	0.024404	6.7
95	-1.160262	421.353259	0.008340	6.0
96	-0.511124	420.068643	0.004454	5.3
97	-0.407829	418.794419	0.005986	6.4
98	-1.386105	417.530451	0.009092	6.8
99	-0.524655	416.276604	0.001982	5.6
100	-0.986962	415.032748	0.003586	6.8
101	-1.206561	413.798754	0.014091	6.1
102	-1.204577	412.574495	0.008537	6.1
103	-1.213945	411.359849	0.013196	6.6
104	-0.006190	410.154691	0.000102	5.9
105	-1.081850	408.958904	0.014756	6.7
106	-1.026032	407.772368	0.015199	6.2
107	-1.261829	406.594968	0.007835	5.5
108	-1.500103	405.426590	0.006772	6.7
109	-1.388677	404.267122	0.013106	6.5
110	-1.293782	403.116456	0.011634	6.0
111	-1.170803	401.974481	0.013273	5.8
112	-0.233776	400.841093	0.003834	5.4
113	-0.279115	399.716187	0.001883	5.9
114	-1.323426	398.599660	0.018833	5.1
115	-0.678680	397.491411	0.006034	5.9
116	-0.000000	396.391342	0.000000	6.6
117	-1.190458	395.299353	0.018599	5.9
118	-0.644076	394.215350	0.006311	4.9
119	-0.122370	393.139238	0.002235	6.1
120	-0.238439	392.070924	0.002447	5.6
121	-0.376811	391.010316	0.002664	5.0
122	-1.488728	389.957325	0.005863	6.1
123	-0.821958	388.911862	0.007782	6.3
124	-0.003839	387.873839	0.000400	6.1
125	-1.617497	386.843173	0.008338	6.2
126	-1.558285	385.819777	0.028427	5.1
127	-0.000000	384.803569	0.000000	6.9
128	-0.545585	383.794468	0.003553	6.3
129	-0.000006	382.792393	0.000002	5.5
130	-0.490867	381.797264	0.005905	5.9
131	-0.312913	380.809005	0.002561	6.3
132	-0.000000	379.827537	0.000000	6.4
133	-1.034443	378.852786	0.004100	6.1
134	-0.309687	377.884678	0.003535	5.6
135	-0.583579	376.923138	0.006130	6.9
136	-0.995862	375.968095	0.016178	6.1
137	-0.375021	375.019479	0.002721	6.0
138	-0.683490	374.077218	0.006778	6.7
139	-1.141017	373.141244	0.008111	6.4
140	-0.425002	372.211489	0.004523	6.2
141	-1.214820	371.287887	0.020061	5.7
142	-0.814307	370.370370	0.009358	5.8
143	-1.092141	369.458876	0.021291	6.4
144	-1.205481	368.553338	0.012606	6.2
145	-0.002883	367.653696	0.000165	5.5
146	-1.322524	366.759885	0.011914	6.6
147	-0.001121	365.871846	0.000191	5.7
148	-0.022758	364.989518	0.000823	6.4
149	-1.136664	364.112841	0.004365	6.1
150	-1.368924	363.241757	0.017283	5.6
151	-0.687702	362.376208	0.008028	6.1
152	-1.212495	361.516137	0.012970	5.4
153	-0.000005	360.661488	0.000001	5.4
154	-0.706592	359.812206	0.013263	7.0
155	-0.014077	358.968236	0.000438	6.1
156	-1.046371	358.129524	0.022101	6.0
157	-0.662282	357.296018	0.012791	6.4
158	-0.000000	356.467665	0.000000	6.7
159	-1.553792	355.644414	0.018521	6.1
160	-1.425944	354.826213	0.005541	5.6
161	-1.496001	354.013012	0.010953	6.4
162	-0.614378	353.204763	0.005384	5.4
163	-0.114947	352.401415	0.005124	5.4
164	-1.062783	351.602922	0.009464	5.0
165	-0.139509	350.809235	0.002194	5.8
166	-1.388820	350.020308	0.015895	5.8
167	-0.837420	349.236095	0.004301	5.8
168	-0.000000	348.456550	0.000000	6.6
169	-0.204109	347.681627	0.004450	5.9
170	-1.345542	346.911283	0.010549	6.3
171	-0.000000	346.145474	0.000000	6.1
172	-1.493484	345.384157	0.014698	6.0
173	-0.669070	344.627288	0.012611	6.5
174	-0.998777	343.874826	0.022634	6.0
175	-1.324254	343.126729	0.019892	6.9
176	-0.000004	342.382957	0.000001	6.1
177	-0.389035	341.643469	0.012141	6.4
178	-1.246642	340.908224	0.009693	6.1
179	-0.430858	340.177184	0.003346	6.1
180	-1.190719	339.450309	0.011120	6.3
181	-1.541225	338.727561	0.019413	6.5
182	-0.908855	338.008902	0.009085	5.9
183	-0.005105	337.294295	0.000612	6.5
184	-0.852580	336.583703	0.013043	5.9
185	-0.303830	335.877089	0.003315	5.5
186	-0.282419	335.174416	0.002800	6.3
187	-1.426963	334.475651	0.021093	6.0
188	-0.000000	333.780756	0.000000	6.7
189	-1.193923	333.089698	0.009538	5.9
190	-1.445664	332.402443	0.006508	5.8
191	-0.849722	331.718955	0.002491	5.5
192	-0.000014	331.039203	0.000003	6.7
193	-0.565093	330.363153	0.016225	6.1
194	-1.247801	329.690771	0.012097	6.2
195	-0.684514	329.022027	0.008207	6.3
196	-0.067224	328.356888	0.001285	5.6
197	-0.005905	327.695322	0.000655	6.0
198	-0.057521	327.037299	0.001408	5.5
199	-1.225506	326.382787	0.016803	6.4
200	-0.939047	325.731758	0.005681	6.8
201	-0.490240	325.084179	0.003375	5.5
202	-1.273018	324.440023	0.010065	6.1
203	-0.129962	323.799258	0.001657	6.1
204	-0.976426	323.161858	0.007161	6.6
205	-1.354145	322.527792	0.011931	5.8
206	-0.007091	321.897034	0.000347	5.8
207	-0.000000	321.269554	0.000000	6.0
208	-0.001308	320.645325	0.000117	6.3
209	-1.076416	320.024320	0.008797	6.4
210	-0.229880	319.406512	0.002513	6.4
211	-1.436401	318.791875	0.006036	5.9
212	-1.174008	318.180381	0.008928	6.3
213	-0.735248	317.572005	0.005491	5.9
214	-0.222511	316.966721	0.002707	5.9
215	-1.412393	316.364504	0.015736	5.7
216	-0.381144	315.765329	0.003097	6.3
217	-0.000000	315.169170	0.000000	5.5
218	-0.000000	314.576003	0.000000	6.5
219	-1.449485	313.985804	0.018670	5.6
220	-1.355321	313.398548	0.008194	6.1
221	-1.416612	312.814213	0.009651	6.4
222	-0.010656	312.232773	0.000606	6.4
223	-0.000176	311.654207	0.000028	6.4
224	-1.395655	311.078491	0.010914	6.0
225	-0.029016	310.505602	0.000534	5.8
226	-0.000006	309.935518	0.000002	5.8
227	-1.608522	309.368217	0.012481	7.4
228	-0.846143	308.803676	0.016188	6.1
229	-1.544540	308.241874	0.010781	6.4
230	-0.579750	307.682789	0.015761	5.9
231	-1.685175	307.126400	0.007038	6.7
232	-0.312790	306.572687	0.004614	6.3
233	-1.220026	306.021627	0.011144	5.5
234	-0.656497	305.473201	0.006043	6.5
235	-0.548363	304.927388	0.004338	5.5
236	-0.546303	304.384168	0.017746	6.7
237	-0.000000	303.843521	0.000000	6.1
238	-0.000000	303.305427	0.000000	5.7
239	-0.184092	302.769867	0.003007	6.1
240	-1.300167	302.236821	0.015681	6.5
241	-0.016502	301.706270	0.000721	5.9
242	-1.415668	301.178196	0.008065	5.4
243	-0.729581	300.652580	0.010548	5.8
244	-1.154865	300.129402	0.014848	6.1
245	-0.516463	299.608645	0.006761	6.7
246	-0.866943	299.090291	0.004842	5.8
247	-1.528358	298.574321	0.014283	6.1
248	-1.186425	298.060718	0.007634	5.4
249	-0.814706	297.549465	0.003000	5.3
250	-0.101266	297.040543	0.001407	6.1
251	-0.253449	296.533936	0.005375	5.5
252	-1.049454	296.029626	0.008423	5.4
253	-0.410920	295.527597	0.014101	5.8
254	-0.833141	295.027832	0.009727	5.7
255	-0.000034	294.530315	0.000006	5.7
256	-1.458992	294.035028	0.003131	5.7
257	-0.212104	293.541956	0.002597	5.5
258	-0.056854	293.051083	0.001175	5.9
259	-0.901150	292.562393	0.008071	6.1
260	-0.000000	292.075870	0.000000	5.8
261	-1.142204	291.591498	0.005215	6.4
262	-1.316725	291.109263	0.013564	6.5
263	-1.185232	290.629149	0.007979	6.0
264	-1.181333	290.151140	0.010116	6.5
265	-1.389336	289.675222	0.010974	6.1
266	-1.582451	289.201380	0.019834	6.8
267	-0.036486	288.729600	0.000764	6.0
268	-0.889379	288.259866	0.012255	5.3
269	-0.652459	287.792165	0.007155	6.4
270	-0.967433	287.326481	0.011297	5.6
271	-0.651237	286.862802	0.016718	6.2
272	-0.368867	286.401113	0.002086	6.2
273	-0.405311	285.941400	0.017404	5.9
274	-1.075582	285.483649	0.002722	6.2
275	-0.803098	285.027847	0.007541	6.1
276	-0.139610	284.573981	0.001395	6.4
277	-1.543901	284.122037	0.009095	6.4
278	-0.950490	283.672002	0.011530	6.5
279	-0.429245	283.223863	0.002870	5.9
280	-1.473737	282.777607	0.011074	5.9
281	-0.042604	282.333221	0.000952	6.2
282	-0.005257	281.890692	0.000222	6.3
283	-1.297076	281.450008	0.006728	6.2
284	-1.390430	281.011157	0.010571	5.9
285	-1.663471	280.574125	0.005182	7.0
286	-0.314568	280.138901	0.012118	6.0
287	-0.000265	279.705473	0.000030	6.7
288	-0.871208	279.273829	0.015966	6.7
289	-1.282183	278.843956	0.015222	5.9
290	-0.000000	278.415844	0.000000	6.1
291	-0.614325	277.989479	0.007399	5.9
292	-0.622480	277.564851	0.006016	6.2
293	-1.307749	277.141949	0.008141	6.1
294	-1.673162	276.720761	0.013434	6.1
295	-0.101940	276.301275	0.003320	6.1
296	-0.904183	275.883480	0.009833	6.4
297	-0.848921	275.467366	0.004224	5.7
298	-1.083382	275.052922	0.013884	6.0
299	-0.698395	274.640136	0.005018	6.3
300	-1.179003	274.228998	0.021823	6.1
301	-1.233237	273.819497	0.026529	6.9
302	-1.164480	273.411623	0.008717	6.0
303	-1.319557	273.005365	0.014159	6.4
304	-0.055221	272.600712	0.001171	5.5
305	-1.022196	272.197655	0.014052	5.5
306	-1.586016	271.796184	0.010122	6.8
307	-1.474154	271.396287	0.011136	6.0
308	-0.061916	270.997956	0.001355	6.2
309	-1.262222	270.601180	0.006696	5.8
310	-0.000001	270.205949	0.000000	5.6
311	-0.083934	269.812254	0.003159	6.8
312	-0.471723	269.420085	0.007279	6.9
313	-0.218706	269.029432	0.001912	6.2
314	-0.672660	268.640287	0.005267	6.8
315	-1.321120	268.252638	0.011339	6.0
316	-1.026824	267.866478	0.013075	6.5
317	-1.216844	267.481796	0.009822	5.8
318	-1.473945	267.098584	0.013156	6.0
319	-1.070721	266.716833	0.012867	6.2
320	-0.004350	266.336533	0.000414	5.9
321	-0.837406	265.957676	0.005331	5.4
322	-0.000000	265.580253	0.000000	5.6
323	-0.388809	265.204254	0.005217	6.5
324	-0.000000	264.829672	0.000000	6.7
325	-0.596418	264.456497	0.012985	6.1
326	-0.000003	264.084721	0.000001	5.8
327	-1.481992	263.714335	0.012575	6.8
328	-0.470723	263.345332	0.003712	6.2
329	-0.710410	262.977702	0.023903	6.0
330	-0.003036	262.611438	0.000352	5.8
331	-0.743551	262.246531	0.008598	5.7
332	-1.116008	261.882973	0.009906	5.7
333	-0.880908	261.520756	0.006603	5.3
334	-0.000235	261.159871	0.000034	5.4
335	-0.399192	260.800312	0.010423	6.7
336	-0.703075	260.442070	0.013515	5.3
337	-0.783526	260.085137	0.011979	5.7
338	-1.290576	259.729505	0.011956	6.2
339	-1.004236	259.375167	0.011597	5.1
340	-1.401093	259.022116	0.012740	5.9
341	-0.866559	258.670343	0.016549	6.8
342	-0.000000	258.319841	0.000000	5.5
343	-1.438265	257.970602	0.015159	5.9
344	-0.000031	257.622620	0.000006	6.2
345	-1.049139	257.275887	0.016529	6.3
346	-1.350930	256.930396	0.008929	6.6
347	-1.351153	256.586139	0.015690	5.8
348	-0.000000	256.243109	0.000000	6.0
349	-1.567541	255.901300	0.011277	7.0
350	-1.066534	255.560703	0.019424	6.3
351	-1.494693	255.221313	0.005249	5.7
352	-0.580846	254.883122	0.006331	6.3
353	-1.230357	254.546124	0.021832	6.1
354	-1.474321	254.210311	0.015559	6.3
355	-0.012611	253.875677	0.000511	5.8
356	-0.218249	253.542215	0.003008	5.5
357	-1.693578	253.209918	0.008298	6.8
358	-0.603850	252.878781	0.019568	6.0
359	-0.000000	252.548795	0.000000	6.3
360	-0.819234	252.219956	0.005434	5.4
361	-0.708407	251.892255	0.005889	6.3
362	-0.008327	251.565688	0.000289	7.6
363	-1.326393	251.240247	0.017324	7.6
364	-0.351421	250.915926	0.007207	8.0
365	-0.723818	250.592720	0.008908	6.3
366	-0.149644	250.270621	0.002743	6.0
367	-1.462787	249.949624	0.010905	6.6
368	-0.686851	249.629723	0.009423	6.0
369	-1.471047	249.310911	0.009593	6.0
370	-0.000514	248.993182	0.000092	6.7
371	-0.467748	248.676531	0.012022	5.5
372	-0.000000	248.360952	0.000000	6.5
373	-1.136829	248.046438	0.006070	5.6
374	-1.564275	247.732984	0.007407	5.6
375	-1.295491	247.420584	0.013405	5.4
376	-0.738715	247.109233	0.007069	4.9
377	-0.000000	246.798924	0.000000	5.0
378	-1.103477	246.489652	0.009404	6.4
379	-0.000052	246.181412	0.000012	5.2
380	-0.372978	245.874197	0.012025	6.3
381	-1.426404	245.568002	0.010094	6.4
382	-1.793628	245.262822	0.014732	5.7
383	-0.153254	244.958652	0.002225	5.7
384	-1.574481	244.655485	0.008852	6.0
385	-0.864482	244.353317	0.010309	6.0
386	-0.000002	244.052142	0.000001	6.3
387	-0.302099	243.751955	0.003238	5.5
388	-0.014305	243.452750	0.000792	5.6
389	-0.000000	243.154523	0.000000	6.1
390	-0.932718	242.857268	0.021167	5.5
391	-1.527081	242.560980	0.015433	6.5
392	-1.058745	242.265654	0.007062	5.5
393	-0.008733	241.971285	0.000344	6.1
394	-1.363067	241.677868	0.007662	6.2
395	-1.306491	241.385397	0.008962	4.8
396	-1.138152	241.093869	0.009562	5.9
397	-0.000001	240.803278	0.000000	6.6
398	-1.377343	240.513619	0.005371	5.8
399	-0.010816	240.224887	0.001015	6.0
400	-0.141334	239.937077	0.001741	6.8
401	-0.015612	239.650186	0.000411	5.6
402	-0.000000	239.364207	0.000000	7.0
403	-0.357157	239.079136	0.005955	5.4
404	-1.747132	238.794969	0.015016	5.2
405	-1.404248	238.511701	0.012406	6.8
406	-0.405198	238.229327	0.017804	5.9
407	-0.000000	237.947843	0.000000	6.0
408	-0.207961	237.667244	0.002156	6.3
409	-1.527780	237.387526	0.006822	6.0
410	-1.126247	237.108684	0.017023	5.7
411	-0.000000	236.830714	0.000000	7.2
412	-1.597653	236.553610	0.010501	6.7
413	-0.524001	236.277370	0.020924	6.5
414	-1.128775	236.001989	0.012057	6.5
415	-1.622161	235.727461	0.005058	6.0
416	-1.054146	235.453784	0.009848	6.6
417	-0.705287	235.180952	0.006193	6.0
418	-0.543214	234.908962	0.005402	6.1
419	-0.690349	234.637809	0.010546	6.6
420	-0.916158	234.367488	0.007312	5.8
421	-1.004532	234.097997	0.009726	6.4
422	-1.358334	233.829331	0.010785	6.1
423	-1.303530	233.561485	0.007986	6.7
424	-0.589848	233.294456	0.006603	6.2
425	-1.304042	233.028239	0.015932	5.0
426	-0.792568	232.762831	0.020166	6.1
427	-0.000000	232.498228	0.000000	5.9
428	-0.390665	232.234425	0.009335	5.9
429	-1.568421	231.971419	0.007288	6.0
430	-1.178620	231.709205	0.009721	5.9
431	-0.284912	231.447781	0.007640	5.1
432	-1.141596	231.187141	0.012849	6.2
433	-0.090439	230.927283	0.001299	5.8
434	-0.834266	230.668202	0.009148	6.4
435	0.000000	230.409895	0.000000	6.0
436	-0.035712	230.152358	0.001801	6.1
437	-0.766051	229.895587	0.006038	6.6
438	-1.396991	229.639578	0.015613	5.4
439	-1.019758	229.384329	0.012115	5.6
440	-0.097504	229.129834	0.001868	6.3
441	-1.306901	228.876091	0.006682	6.1
442	-0.000000	228.623096	0.000000	6.3
443	-0.774666	228.370846	0.009817	6.3
444	-0.000577	228.119336	0.000068	6.0
445	-0.000001	227.868563	0.000000	6.4
446	-0.295139	227.618525	0.004037	5.6
447	-1.343468	227.369216	0.008382	6.6
448	-1.243214	227.120635	0.005753	7.2
449	-0.056639	226.872777	0.001319	5.2
450	-0.231798	226.625638	0.004017	6.6
451	-1.084541	226.379217	0.009898	6.5
452	-0.798881	226.133509	0.003603	5.6
453	-0.000000	225.888510	0.000000	6.9
454	-0.036905	225.644218	0.001565	6.1
455	-0.179035	225.400630	0.002165	6.9
456	-1.578269	225.157741	0.016888	6.1
457	-0.562340	224.915549	0.005198	6.0
458	-0.142964	224.674051	0.001580	6.3
459	-1.409265	224.433242	0.012559	6.5
460	-0.621370	224.193121	0.006836	6.4
461	-0.000000	223.953684	0.000000	5.3
462	-1.288950	223.714927	0.032757	5.8
463	-0.731228	223.476848	0.017520	5.8
464	-0.963422	223.239444	0.010725	5.4
465	-0.371483	223.002710	0.007590	5.3
466	-1.543253	222.766645	0.009526	6.3
467	-1.164588	222.531245	0.025225	5.5
468	-1.432470	222.296508	0.011243	5.7
469	-1.309869	222.062429	0.007991	5.7
470	-0.915182	221.829007	0.013033	6.2
471	-1.761479	221.596238	0.012913	5.2
472	-0.628992	221.364119	0.004906	5.9
473	-0.502623	221.132647	0.003861	6.2
474	-1.328347	220.901820	0.008377	6.4
475	-0.000000	220.671634	0.000000	5.7
476	-1.416721	220.442086	0.006774	5.6
477	-0.851950	220.213174	0.010274	5.8
478	-0.777680	219.984895	0.008167	5.6
479	-1.402615	219.757246	0.014132	5.7
480	-1.512403	219.530224	0.009748	6.8
481	-1.002937	219.303826	0.006695	6.0
482	-1.459496	219.078050	0.011223	6.0
483	-0.005715	218.852893	0.000522	6.3
484	-1.533736	218.628352	0.011045	6.0
485	-1.316382	218.404424	0.009483	5.9
486	-1.371814	218.181106	0.026150	6.5
487	-1.172969	217.958397	0.006921	5.5
488	-0.032778	217.736292	0.001039	5.9
489	-1.159904	217.514790	0.022764	6.2
490	-0.454642	217.293888	0.017036	6.0
491	-1.405273	217.073584	0.017012	6.5
492	-0.021688	216.853873	0.000522	5.7
493	-0.000001	216.634755	0.000000	6.2
494	-1.217152	216.416227	0.013869	6.6
495	-0.261814	216.198285	0.001781	6.1
496	-0.000000	215.980927	0.000000	6.9
497	-0.745297	215.764151	0.005547	5.5
498	-0.021184	215.547955	0.000557	6.1
499	-0.219119	215.332335	0.004969	6.8
500	-0.886588	215.117289	0.006163	6.4
501	-1.320869	214.902815	0.023751	6.2
502	-1.109113	214.688911	0.009374	6.3
503	-1.230361	214.475573	0.012888	5.9
504	-0.132497	214.262800	0.004869	6.8
505	-1.351107	214.050588	0.009288	6.3
506	-0.599036	213.838936	0.014520	5.5
507	-0.060706	213.627842	0.002086	6.4
508	-0.101676	213.417302	0.002123	5.6
509	-0.853404	213.207314	0.001983	6.2
510	-1.344994	212.997877	0.009479	5.6
511	-0.840693	212.788987	0.022887	5.6
512	-0.106368	212.580642	0.001335	6.3
513	-0.566166	212.372841	0.014279	4.9
514	-0.184270	212.165581	0.003134	5.3
515	-0.000000	211.958859	0.000000	5.9
516	-0.772287	211.752673	0.006705	5.0
517	-1.576200	211.547021	0.010697	5.5
518	-0.804824	211.341902	0.006152	6.2
519	-0.874402	211.137311	0.006969	5.1
520	-1.467223	210.933248	0.014424	5.2
521	-0.150618	210.729710	0.002266	5.8
522	-0.000891	210.526695	0.000113	5.3
523	-1.499537	210.324200	0.005940	5.5
524	-1.645502	210.122224	0.013927	6.1
525	-1.649973	209.920765	0.003689	5.8
526	-0.449714	209.719820	0.008892	7.0
527	-1.326849	209.519387	0.009008	5.5
528	-0.000000	209.319463	0.000000	5.4
529	-1.201812	209.120048	0.009530	5.9
530	-0.482491	208.921139	0.010007	5.0
531	-0.355971	208.722733	0.003430	4.8
532	-1.306327	208.524829	0.009508	6.7
533	-1.321164	208.327425	0.003712	6.1
534	-1.442972	208.130518	0.018279	6.0
535	-0.134262	207.934107	0.001786	7.1
536	-0.000000	207.738189	0.000000	6.3
537	-0.000000	207.542762	0.000000	6.4
538	-0.828192	207.347825	0.009862	5.8
539	-0.148257	207.153376	0.004050	5.9
540	-0.227060	206.959412	0.002679	6.2
541	-0.866970	206.765932	0.008134	7.3
542	-0.058031	206.572933	0.001610	6.4
543	-0.775354	206.380414	0.002609	6.6
544	0.000000	206.188373	0.000000	5.6
545	-1.556388	205.996807	0.009361	7.1
546	-1.345128	205.805716	0.004779	6.8
547	-0.000000	205.615096	0.000000	6.9
548	-0.511593	205.424946	0.011164	6.2
549	-0.982652	205.235265	0.022315	6.4
550	-1.035275	205.046050	0.017512	6.3
551	-0.849173	204.857299	0.004684	6.3
552	-1.239153	204.669011	0.011181	6.6
553	-1.408677	204.481184	0.021177	5.6
554	-1.490417	204.293816	0.014252	6.5
555	-0.409296	204.106905	0.005786	6.8
556	-0.834707	203.920449	0.009211	5.5
557	-1.289940	203.734447	0.011549	6.0
558	-0.000000	203.548896	0.000000	6.0
559	-0.000000	203.363795	0.000000	6.0
560	-0.657955	203.179143	0.017341	5.8
561	-1.690837	202.994937	0.013313	7.1
562	-1.097703	202.811176	0.006393	6.1
563	-1.240105	202.627857	0.005792	6.6
564	-1.356642	202.444980	0.007229	5.3
565	-0.483083	202.262543	0.005056	5.8
566	-1.479761	202.080543	0.010517	6.3
567	-1.645751	201.898979	0.010552	5.6
568	-0.117328	201.717849	0.002480	7.0
569	-1.225013	201.537153	0.008844	6.3
570	-1.148637	201.356887	0.008895	5.5
571	-1.051848	201.177050	0.014076	6.6
572	-0.067876	200.997642	0.002535	6.1
573	-0.011846	200.818659	0.000479	6.1
574	-1.092790	200.640100	0.009863	6.7
575	-0.000000	200.461965	0.000000	6.3
576	-0.000314	200.284250	0.000038	7.2
577	-0.447981	200.106955	0.015974	6.0
578	-0.943028	199.930078	0.010472	6.3
579	-1.007349	199.753617	0.012387	7.0
580	-0.042655	199.577571	0.000865	6.3
581	-0.000000	199.401938	0.000000	6.3
582	-1.269916	199.226717	0.010772	6.2
583	-1.221814	199.051905	0.009290	5.3
584	-0.182170	198.877502	0.002702	5.9
585	-0.000004	198.703506	0.000001	5.4
586	-1.097736	198.529916	0.005363	5.6
587	-1.750982	198.356729	0.018736	6.2
588	-0.165260	198.183944	0.002118	5.8
589	-1.037733	198.011560	0.008388	5.3
590	-1.732585	197.839576	0.004563	5.8
591	-1.443015	197.667989	0.004680	5.3
592	-0.000000	197.496798	0.000000	5.8
593	-0.011128	197.326002	0.000658	6.6
594	-0.000000	197.155600	0.000000	5.8
595	-0.810915	196.985589	0.005282	5.8
596	0.000000	196.815969	0.000000	5.1
597	-0.425087	196.646738	0.005113	6.8
598	-1.231548	196.477894	0.018379	6.2
599	-0.244028	196.309436	0.003217	5.8
600	-0.358911	196.141363	0.005332	6.0
601	-0.135968	195.973673	0.001201	5.7
602	-0.757477	195.806365	0.002823	5.7
603	-0.886898	195.639437	0.010997	6.0
604	-1.624980	195.472888	0.008985	6.7
605	-1.057766	195.306717	0.004676	5.8
606	-1.516006	195.140922	0.012009	6.8
607	-0.000000	194.975501	0.000000	6.0
608	-1.312173	194.810454	0.009981	5.6
609	-0.589143	194.645779	0.005252	6.7
610	-1.338290	194.481475	0.011251	7.3
611	-0.414516	194.317540	0.003229	7.2
612	-0.000000	194.153973	0.000000	5.3
613	-0.690449	193.990773	0.004194	6.4
614	-0.663975	193.827938	0.006070	6.3
615	-0.799711	193.665467	0.007807	5.9
616	-0.818020	193.503358	0.005223	5.3
617	-0.000000	193.341611	0.000000	6.0
618	-1.270777	193.180224	0.008454	6.2
619	-0.160263	193.019196	0.002395	6.3
620	-1.087167	192.858525	0.010465	6.1
621	-0.778723	192.698210	0.012916	6.0
622	-0.576453	192.538251	0.011266	6.8
623	-1.564670	192.378644	0.011805	6.4
624	-0.000000	192.219391	0.000000	6.7
625	-1.461211	192.060488	0.016681	6.2
626	-1.524172	191.901935	0.012395	6.1
627	-0.000445	191.743730	0.000030	8.2
628	-1.605115	191.585873	0.013208	6.1
629	-0.377267	191.428362	0.005298	6.4
630	-1.424963	191.271196	0.009464	6.1
631	-1.103127	191.114374	0.007856	6.0
632	-0.969096	190.957893	0.012299	6.4
633	-1.001826	190.801755	0.010376	6.0
634	-1.409976	190.645956	0.008743	5.4
635	-0.623443	190.490495	0.009473	6.5
636	-0.572049	190.335373	0.013837	5.3
637	-0.710237	190.180587	0.016369	6.2
638	-0.347513	190.026136	0.003343	5.0
639	-0.820839	189.872019	0.006057	6.0
640	-0.000103	189.718235	0.000015	6.6
641	-0.770014	189.564782	0.003562	5.4
642	-0.000001	189.411661	0.000000	5.7
643	-1.171739	189.258868	0.011771	6.9
644	-0.000464	189.106404	0.000085	5.5
645	-1.777683	188.954267	0.009378	5.4
646	-0.053086	188.802456	0.001569	5.9
647	-1.223789	188.650969	0.012325	6.2
648	-0.102853	188.499807	0.001598	5.8
649	-0.187227	188.348967	0.002797	6.1
650	-1.622545	188.198448	0.017888	5.7
651	-1.527626	188.048250	0.008443	5.5
652	-1.555040	187.898371	0.014401	6.3
653	-0.015135	187.748810	0.001466	5.4
654	-0.734975	187.599566	0.010699	6.4
655	-0.794454	187.450638	0.006810	5.4
656	-0.543591	187.302025	0.019269	5.6
657	-1.126794	187.153725	0.014808	6.7
658	-0.838019	187.005739	0.004092	5.7
659	-0.649757	186.858064	0.019552	6.2
660	-1.029478	186.710699	0.014574	6.4
661	-0.000112	186.563645	0.000018	5.8
662	-1.071216	186.416898	0.018675	5.9
663	-1.544761	186.270459	0.008470	6.2
664	-1.555323	186.124326	0.011860	6.7
665	-1.460976	185.978499	0.008527	6.8
666	-1.251800	185.832976	0.007889	6.1
667	-1.363143	185.687756	0.015712	6.4
668	-1.744830	185.542838	0.009810	6.2
669	-0.001929	185.398222	0.000323	5.7
670	-0.058691	185.253906	0.002322	6.4
671	-0.158661	185.109889	0.002641	5.8
672	-1.447358	184.966170	0.008162	5.8
673	-0.557903	184.822748	0.003833	6.3
674	-0.825609	184.679623	0.012675	5.1
675	-0.000000	184.536792	0.000000	6.7
676	-0.000720	184.394256	0.000122	6.1
677	-0.621754	184.252013	0.014477	4.9
678	-0.007346	184.110062	0.000442	6.6
679	-0.909369	183.968403	0.005696	6.0
680	-1.329643	183.827034	0.011947	5.4
681	-0.176073	183.685954	0.002279	6.2
682	-1.089686	183.545163	0.006885	6.0
683	-0.257008	183.404658	0.002900	5.3
684	-0.868394	183.264441	0.007938	6.7
685	-1.602977	183.124509	0.011533	4.8
686	-1.210675	182.984861	0.009438	5.3
687	-0.134635	182.845497	0.003038	5.9
688	-0.308833	182.706416	0.005077	5.8
689	-0.694496	182.567616	0.005284	6.7
690	-1.298949	182.429098	0.011510	5.3
691	-0.021649	182.290859	0.000613	4.8
692	-0.002146	182.152899	0.000316	6.1
693	-0.607874	182.015217	0.005906	4.8
694	-0.861031	181.877813	0.010488	5.7
695	-1.184386	181.740684	0.010779	6.1
696	-1.168524	181.603832	0.005244	5.1
697	-1.014278	181.467253	0.013473	6.0
698	-0.000352	181.330948	0.000056	6.1
699	-0.836978	181.194916	0.010345	6.8
700	-1.021803	181.059155	0.007314	5.2
701	-0.007842	180.923666	0.000444	6.5
702	-1.369903	180.788446	0.007505	5.9
703	-0.951719	180.653496	0.028826	5.9
704	-1.011992	180.518814	0.006010	5.8
705	-1.159132	180.384399	0.005347	5.4
706	-1.072694	180.250251	0.004571	5.7
707	-0.439971	180.116369	0.001438	5.1
708	-1.533389	179.982752	0.008842	5.5
709	-1.340305	179.849398	0.014578	6.7
710	-1.723955	179.716308	0.006644	5.6
711	-1.034358	179.583480	0.010588	6.0
712	-0.683740	179.450913	0.018765	6.2
713	-1.137221	179.318607	0.015934	6.3
714	-0.000000	179.186561	0.000000	5.3
715	-0.771668	179.054774	0.010897	5.7
716	-0.885022	178.923245	0.005615	5.5
717	-0.148938	178.791973	0.002621	5.7
718	-1.438755	178.660958	0.010294	7.1
719	-0.746819	178.530199	0.007887	5.9
720	-0.927028	178.399694	0.010168	6.6
721	-0.545493	178.269444	0.013784	5.6
722	-0.759288	178.139447	0.006578	5.4
723	-1.269712	178.009702	0.011724	6.4
724	-1.539985	177.880209	0.008130	5.2
725	-1.119843	177.750967	0.008736	5.3
726	-0.836095	177.621975	0.004082	6.0
727	-0.000000	177.493232	0.000000	5.2
728	-0.981662	177.364738	0.009421	6.0
729	-0.057296	177.236492	0.001070	6.0
730	-0.465180	177.108492	0.005015	5.8
731	-0.000017	176.980739	0.000004	5.5
732	-1.342277	176.853231	0.014781	5.7
733	-1.480371	176.725968	0.007666	5.2
734	-0.933646	176.598949	0.008890	5.3
735	-0.454089	176.472173	0.004073	6.1
736	-0.120500	176.345639	0.001860	5.8
737	-0.429685	176.219348	0.011655	6.1
738	-1.416308	176.093296	0.008850	6.1
739	-0.827716	175.967486	0.005436	5.5
740	-0.753592	175.841914	0.006382	5.8
741	-1.030526	175.716581	0.013088	5.3
742	-1.172627	175.591486	0.018450	6.4
743	-0.083277	175.466629	0.002465	6.4
744	-0.225124	175.342008	0.002517	5.9
745	-0.644325	175.217622	0.008135	6.0
746	-1.193830	175.093472	0.009609	6.2
747	-1.576349	174.969556	0.011618	5.9
748	-1.183780	174.845873	0.016358	6.5
749	-1.043818	174.722423	0.009378	6.1
750	-0.991893	174.599206	0.004862	5.1
751	-1.172876	174.476220	0.009862	6.9
752	-1.286324	174.353464	0.012962	5.1
753	-0.000937	174.230939	0.000086	5.5
754	-0.000000	174.108643	0.000000	7.0
755	-1.564729	173.986576	0.012532	6.4
756	-0.534344	173.864737	0.004889	6.0
757	-0.418433	173.743124	0.010413	5.7
758	-1.175480	173.621739	0.010068	5.5
759	-1.129860	173.500579	0.011860	5.9
760	-0.899872	173.379645	0.005864	5.8
761	-0.664766	173.258935	0.008991	5.5
762	-0.169600	173.138449	0.001176	6.6
763	-0.001214	173.018186	0.000113	5.5
764	-1.156154	172.898146	0.007081	5.6
765	-1.349700	172.778327	0.010658	6.4
766	-0.000002	172.658730	0.000000	5.3
767	-1.462084	172.539353	0.008627	5.0
768	-0.012393	172.420196	0.000422	5.7
769	-0.994068	172.301258	0.015134	5.8
770	-1.225922	172.182539	0.012913	6.0
771	-0.000000	172.064037	0.000000	5.9
772	-1.138504	171.945753	0.009118	5.4
773	-1.352150	171.827686	0.009306	5.7
774	-0.437083	171.709834	0.006626	6.4
775	-0.023429	171.592198	0.001365	7.0
776	-1.468091	171.474776	0.008036	6.1
777	-0.599639	171.357568	0.004752	6.0
778	-1.083762	171.240574	0.003298	6.8
779	-0.106435	171.123793	0.002500	6.3
780	-1.103720	171.007223	0.009867	5.8
781	-0.796933	170.890865	0.003800	6.1
782	-1.247523	170.774718	0.003847	5.6
783	-1.575721	170.658782	0.008794	5.2
784	-0.026589	170.543055	0.001135	5.8
785	-0.357541	170.427537	0.005449	5.9
786	-1.383352	170.312227	0.017757	6.0
787	-1.246212	170.197125	0.007451	6.4
788	-0.919506	170.082231	0.015802	5.5
789	-1.361338	169.967543	0.007663	5.6
790	-1.403892	169.853061	0.007216	6.4
791	-1.278150	169.738784	0.010096	5.6
792	-1.332846	169.624713	0.007512	7.6
793	-0.059585	169.510845	0.000426	7.2
794	-1.335018	169.397181	0.014551	6.5
795	-1.304875	169.283720	0.010863	7.1
796	-0.304072	169.170462	0.004576	5.7
797	-1.164802	169.057405	0.012817	8.1
798	-1.093030	168.944549	0.010057	6.0
799	-0.000208	168.831895	0.000028	5.9
800	-1.087721	168.719440	0.009838	6.3
801	-0.534077	168.607185	0.010616	6.2
802	-1.381082	168.495129	0.018283	7.1
803	-1.461322	168.383271	0.016299	6.3
804	-0.568245	168.271611	0.007522	6.1
805	-0.853372	168.160148	0.011131	6.2
806	-0.750928	168.048882	0.009418	6.0
807	-0.155137	167.937812	0.001515	5.2
808	-1.590475	167.826938	0.005639	6.5
809	-1.412733	167.716258	0.011137	5.3
810	-1.366061	167.605773	0.011756	6.1
811	-1.364115	167.495482	0.008600	6.0
812	-1.614448	167.385384	0.007531	5.4
813	-0.000000	167.275479	0.000000	6.6
814	-0.276273	167.165766	0.004540	5.3
815	-0.625543	167.056245	0.005174	6.2
816	-0.864713	166.946915	0.023660	6.7
817	-1.419984	166.837776	0.009962	6.0
818	-1.342865	166.728826	0.010856	6.6
819	-0.793394	166.620067	0.005111	5.7
820	-0.000000	166.511496	0.000000	5.8
821	-0.000015	166.403113	0.000002	5.9
822	-0.000005	166.294919	0.000001	5.7
823	-0.705065	166.186912	0.016246	6.2
824	-0.314379	166.079091	0.009055	6.2
825	-0.823567	165.971458	0.006840	5.5
826	-0.420717	165.864009	0.004790	6.4
827	-1.042551	165.756747	0.008695	6.7
828	-1.244926	165.649669	0.011239	5.9
829	-1.265433	165.542775	0.008263	6.8
830	-0.994726	165.436065	0.010669	5.4
831	-1.502825	165.329538	0.009089	6.1
832	-0.321166	165.223194	0.007090	6.6
833	-1.161127	165.117032	0.022210	6.0
834	-0.547788	165.011052	0.006026	6.6
835	-0.848321	164.905253	0.009736	6.3
836	-1.091681	164.799635	0.004626	5.8
837	-1.413872	164.694197	0.009617	6.6
838	-1.480941	164.588939	0.013850	6.0
839	-1.357209	164.483859	0.009309	6.5
840	-0.002252	164.378959	0.000180	5.8
841	-0.191158	164.274237	0.004041	5.8
842	-0.638204	164.169692	0.017085	6.3
843	-0.811374	164.065325	0.007126	5.7
844	-1.566013	163.961135	0.011218	6.1
845	-0.000894	163.857120	0.000158	6.3
846	-0.000000	163.753282	0.000000	6.7
847	-1.503026	163.649619	0.015310	6.1
848	-1.040561	163.546130	0.007897	6.1
849	-0.903551	163.442816	0.012598	5.9
850	-0.000155	163.339676	0.000033	6.1
851	-0.539719	163.236709	0.006497	5.4
852	-0.000826	163.133915	0.000064	5.3
853	-0.098636	163.031294	0.002679	5.9
854	-1.451148	162.928844	0.003121	5.1
855	-0.000059	162.826566	0.000010	5.6
856	-0.824819	162.724459	0.005745	5.9
857	-1.300937	162.622523	0.006993	6.0
858	-0.000000	162.520757	0.000000	6.0
859	-0.375495	162.419160	0.002857	5.8
860	-0.072274	162.317733	0.002145	5.7
861	-1.213105	162.216474	0.015056	5.7
862	-1.512299	162.115383	0.012613	6.1
863	-1.026721	162.014461	0.004679	6.1
864	-1.345676	161.913705	0.004272	5.9
865	-0.104679	161.813117	0.000772	5.4
866	-1.005922	161.712695	0.011431	5.7
867	-0.000000	161.612439	0.000000	6.1
868	-0.000000	161.512349	0.000000	5.4
869	-0.065396	161.412424	0.001902	6.8
870	-1.088573	161.312663	0.006623	6.1
871	-0.010724	161.213067	0.000232	6.1
872	-1.425209	161.113635	0.027393	5.8
873	-0.775834	161.014366	0.004335	7.0
874	-1.066103	160.915260	0.012701	6.1
875	-1.125561	160.816316	0.014855	6.4
876	-0.758947	160.717535	0.010423	5.6
877	-0.000001	160.618915	0.000000	6.5
878	-0.386700	160.520456	0.003411	6.3
879	-0.000000	160.422158	0.000000	6.1
880	-0.731473	160.324021	0.006017	6.7
881	-0.041992	160.226043	0.002134	6.2
882	-1.304860	160.128225	0.012178	5.7
883	-1.353561	160.030566	0.016057	5.9
884	-0.000083	159.933066	0.000011	6.3
885	-1.716195	159.835723	0.010302	6.5
886	-1.698740	159.738539	0.006401	6.1
887	-1.604227	159.641512	0.007700	6.1
888	-0.132048	159.544642	0.001580	6.2
889	-1.736660	159.447929	0.008898	6.6
890	-1.236806	159.351372	0.011733	5.9
891	-1.194730	159.254971	0.007075	6.1
892	-0.251364	159.158725	0.002423	5.9
893	-0.006408	159.062634	0.000554	6.2
894	-0.000000	158.966697	0.000000	6.1
895	-1.322704	158.870915	0.014545	5.4
896	-0.969082	158.775286	0.013547	6.2
897	-0.308987	158.679811	0.005531	5.8
898	-0.887499	158.584489	0.006418	5.1
899	-0.896128	158.489319	0.005660	6.0
900	-1.401787	158.394302	0.014417	6.6
901	-0.000000	158.299436	0.000000	6.3
902	-1.357193	158.204721	0.016473	6.2
903	-0.880383	158.110158	0.008568	5.9
904	-0.019844	158.015745	0.000761	5.3
905	-1.105080	157.921482	0.007237	5.8
906	-0.281233	157.827369	0.002476	5.7
907	-0.064841	157.733406	0.001394	6.4
908	-1.000932	157.639591	0.008697	5.8
909	-1.174740	157.545925	0.017956	5.4
910	-0.830329	157.452408	0.007393	6.5
911	-1.274479	157.359038	0.004891	5.9
912	-0.000000	157.265816	0.000000	6.3
913	-1.422805	157.172741	0.010970	5.8
914	-0.114071	157.079813	0.001660	6.4
915	-0.000000	156.987031	0.000000	6.3
916	-0.000856	156.894395	0.000090	6.9
917	-1.556294	156.801904	0.011006	6.1
918	-1.503237	156.709559	0.019797	6.9
919	-0.655770	156.617359	0.007105	6.1
920	-1.776695	156.525304	0.009404	6.6
921	-1.158634	156.433392	0.012027	5.6
922	-0.668229	156.341624	0.014242	6.6
923	-0.000000	156.250000	0.000000	6.4
924	-0.946184	156.158519	0.007107	5.5
925	-0.283731	156.067180	0.006524	5.9
926	-0.000000	155.975984	0.000000	7.2
927	-0.876069	155.884930	0.012595	5.6
928	-0.075519	155.794017	0.001191	7.0
929	-0.789862	155.703246	0.005974	5.9
930	-1.565111	155.612615	0.008897	6.4
931	-0.659451	155.522125	0.006643	6.1
932	-0.671833	155.431775	0.004665	6.1
933	-0.000000	155.341565	0.000000	6.8
934	-1.234945	155.251495	0.015468	7.4
935	-1.356089	155.161563	0.017033	6.0
936	-1.258130	155.071771	0.019880	5.8
937	-1.300256	154.982117	0.015101	5.6
938	-1.063604	154.892601	0.009575	6.6
939	-1.538012	154.803222	0.010608	5.7
940	-0.000000	154.713981	0.000000	6.2
941	-1.577605	154.624878	0.009758	6.3
942	-1.412219	154.535910	0.011035	5.7
943	-0.000038	154.447080	0.000007	5.9
944	-0.767296	154.358385	0.010018	5.7
945	-1.144833	154.269826	0.020136	5.6
946	-0.000000	154.181402	0.000000	7.1
947	-0.879737	154.093114	0.014029	5.4
948	-0.932404	154.004960	0.008415	5.6
949	-0.000015	153.916940	0.000003	6.0
950	-1.694357	153.829054	0.004240	5.3
951	-0.000000	153.741303	0.000000	5.4
952	-0.683132	153.653684	0.010344	6.7
953	-0.588274	153.566198	0.016886	5.9
954	-0.178841	153.478846	0.003033	5.7
955	-1.282282	153.391625	0.008560	6.5
956	-0.588305	153.304537	0.004561	5.7
957	-1.317547	153.217580	0.019299	5.9
958	-1.604210	153.130755	0.006363	6.0
959	-0.000000	153.044061	0.000000	5.6
960	-1.147117	152.957498	0.013986	7.4
961	-0.000183	152.871065	0.000029	6.1
962	-0.007819	152.784762	0.000374	6.3
963	-0.000002	152.698589	0.000000	7.0
964	-0.888975	152.612545	0.010587	5.5
965	-1.237367	152.526631	0.014153	6.1
966	-1.640909	152.440845	0.014620	6.0
967	-0.669214	152.355188	0.011369	5.4
968	-1.054706	152.269660	0.009444	6.9
969	-0.076482	152.184259	0.003650	6.1
970	-1.435227	152.098986	0.007661	5.9
971	-0.000050	152.013840	0.000011	6.9
972	-0.944574	151.928821	0.004319	7.7
973	-0.504649	151.843928	0.007479	6.9
974	-0.000016	151.759163	0.000003	6.7
975	-1.415833	151.674523	0.006313	5.8
976	-1.509908	151.590009	0.010556	6.9
977	-0.000751	151.505620	0.000030	5.7
978	0.000000	151.421357	0.000000	6.1
979	-1.265743	151.337218	0.009897	6.5
980	-0.051789	151.253204	0.001725	6.2
981	-1.330899	151.169314	0.015972	6.1
982	-1.270323	151.085549	0.004514	6.5
983	-0.895565	151.001907	0.004332	7.8
984	-1.542581	150.918388	0.006621	6.3
985	-0.013853	150.834992	0.000474	5.8
986	-0.000000	150.751719	0.000000	6.5
987	-0.654147	150.668569	0.016038	5.0
988	-1.585896	150.585541	0.009992	5.4
989	-0.910739	150.502634	0.008863	5.6
990	-0.763806	150.419849	0.005980	5.7
991	-1.148321	150.337186	0.005966	6.4
992	-1.373619	150.254644	0.009940	5.3
993	-0.445072	150.172222	0.004583	5.3
994	-1.521212	150.089921	0.010828	7.1
995	-0.953985	150.007740	0.012076	5.6
996	-0.667816	149.925679	0.006587	5.3
997	-0.000021	149.843737	0.000004	6.2
998	-1.474018	149.761915	0.019081	6.1
999	-1.341418	149.680212	0.008367	5.9
1000	-0.868290	149.598627	0.009623	5.9
1001	-0.734101	149.517161	0.011224	6.1
1002	-0.694499	149.435814	0.005296	7.2
1003	-0.000000	149.354584	0.000000	5.5
1004	-1.580032	149.273472	0.013087	6.2
1005	-0.000000	149.192477	0.000000	7.2
1006	-0.000016	149.111599	0.000004	6.3
1007	-0.297952	149.030838	0.002501	6.7
1008	-0.000000	148.950194	0.000000	6.1
1009	-0.858604	148.869666	0.009599	5.8
1010	-1.116162	148.789253	0.007429	7.1
1011	-0.079440	148.708957	0.001318	5.8
1012	-1.100651	148.628776	0.007302	6.7
1013	-0.001699	148.548710	0.000299	6.2
1014	-0.049366	148.468759	0.000981	6.5
1015	-0.000045	148.388923	0.000010	6.5
1016	-1.289067	148.309201	0.013383	6.7
1017	-0.325760	148.229594	0.004029	6.7
1018	-0.466156	148.150100	0.003589	6.0
1019	-1.249361	148.070719	0.011801	6.6
1020	-0.000003	147.991452	0.000001	6.2
1021	-1.212127	147.912298	0.011248	5.9
1022	-0.634997	147.833257	0.011348	6.1
1023	-0.568688	147.754329	0.013073	6.6
1024	-1.336351	147.675512	0.015491	5.3
1025	-1.282473	147.596808	0.012893	6.0
1026	-0.547924	147.518216	0.013079	6.2
1027	-1.271982	147.439735	0.012036	5.3
1028	-0.355435	147.361365	0.005058	6.3
1029	-1.518198	147.283106	0.009677	6.0
1030	-0.031202	147.204958	0.001447	5.6
1031	-0.747916	147.126920	0.008959	6.7
1032	-1.333287	147.048993	0.011462	5.4
1033	-0.809634	146.971175	0.009855	5.8
1034	-1.467259	146.893468	0.011869	6.1
1035	-0.720859	146.815869	0.015531	5.9
1036	-1.396055	146.738380	0.010395	5.5
1037	-0.768980	146.661000	0.014490	5.1
1038	-1.344348	146.583729	0.011330	5.3
1039	-1.615650	146.506566	0.013612	5.8
1040	-0.966192	146.429511	0.006824	6.5
1041	-0.000689	146.352565	0.000118	6.1
1042	0.000000	146.275726	0.000000	6.5
1043	-1.442535	146.198994	0.007847	6.0
1044	-0.900210	146.122370	0.009207	6.1
1045	-0.888515	146.045853	0.017942	6.0
1046	-1.212617	145.969442	0.014028	6.0
1047	-1.174419	145.893139	0.010229	6.8
1048	-1.564431	145.816941	0.007071	5.0
1049	-1.339352	145.740849	0.011816	5.6
1050	-0.237310	145.664863	0.003635	6.2
1051	-0.878717	145.588983	0.007585	6.1
1052	-1.440650	145.513208	0.007535	6.4
1053	-1.308013	145.437538	0.014289	6.7
1054	-0.891973	145.361973	0.003046	5.5
1055	-0.245296	145.286513	0.003491	6.4
1056	-0.191868	145.211157	0.001402	6.1
1057	-0.187039	145.135905	0.003270	5.5
1058	-0.085520	145.060757	0.001428	6.0
1059	-0.008620	144.985712	0.000853	6.3
1060	-0.002802	144.910771	0.000445	6.0
1061	-0.031404	144.835934	0.001307	7.1
1062	-1.192565	144.761199	0.005207	5.5
1063	-1.363708	144.686567	0.011966	5.9
1064	-1.584730	144.612037	0.011264	6.3
1065	-1.244450	144.537610	0.009629	6.0
1066	-0.089295	144.463285	0.001650	6.5
1067	-1.424582	144.389062	0.022786	6.3
1068	-0.994493	144.314940	0.022394	4.9
1069	-0.738122	144.240920	0.005202	7.0
1070	-0.001638	144.167001	0.000168	5.2
1071	-0.562384	144.093182	0.005383	6.0
1072	-0.575325	144.019465	0.013339	6.3
1073	-1.548405	143.945848	0.007316	6.3
1074	-0.599341	143.872331	0.006129	6.5
1075	-0.000000	143.798914	0.000000	5.8
1076	-0.406413	143.725597	0.001966	5.8
1077	-1.450371	143.652380	0.016317	6.2
1078	-0.023974	143.579262	0.000841	6.6
1079	-0.439652	143.506243	0.006904	6.5
1080	-0.945782	143.433323	0.008907	5.6
1081	-1.622082	143.360502	0.010278	5.9
1082	-0.746556	143.287780	0.004707	6.2
1083	-1.248975	143.215155	0.002661	5.8
1084	-0.131347	143.142629	0.002881	5.7
1085	-1.054546	143.070201	0.007349	6.3
1086	0.000000	142.997870	0.000000	5.4
1087	-1.082777	142.925637	0.012325	6.3
1088	-1.546210	142.853501	0.006912	6.6
1089	-1.351411	142.781462	0.008905	5.6
1090	-1.391623	142.709519	0.010447	6.5
1091	-1.276959	142.637674	0.012921	5.5
1092	-0.797503	142.565924	0.011887	5.4
1093	-1.615805	142.494271	0.006073	6.5
1094	-0.821390	142.422714	0.006472	7.3
1095	-1.351423	142.351252	0.014733	6.7
1096	-0.975326	142.279886	0.006768	6.2
1097	-0.045852	142.208616	0.001185	5.7
1098	-0.832277	142.137440	0.012236	6.7
1099	-1.395847	142.066360	0.014917	5.5
1100	-0.000000	141.995374	0.000000	5.4
1101	-1.466140	141.924483	0.011438	6.2
1102	-1.299312	141.853685	0.005784	5.5
1103	-1.058584	141.782983	0.016317	6.3
1104	-0.771286	141.712373	0.011108	6.2
1105	-1.799955	141.641858	0.006791	5.4
1106	-0.005886	141.571436	0.000290	6.7
1107	-1.153267	141.501108	0.015436	6.0
1108	-1.209819	141.430872	0.011598	6.0
1109	-1.129970	141.360730	0.013135	6.4
1110	-1.005168	141.290680	0.011277	6.1
1111	-1.116455	141.220722	0.011140	5.9
1112	-0.000000	141.150857	0.000000	6.4
1113	-0.000001	141.081084	0.000000	5.2
1114	-1.253439	141.011403	0.009169	6.3
1115	-0.002942	140.941813	0.000276	6.3
1116	-0.693210	140.872315	0.008585	5.2
1117	-1.338968	140.802909	0.008077	6.2
1118	-1.349147	140.733593	0.019509	5.8
1119	-0.610688	140.664369	0.003408	5.9
1120	-0.006031	140.595235	0.000755	6.2
1121	-1.420485	140.526192	0.006953	4.9
1122	-0.000000	140.457239	0.000000	5.3
1123	-0.501333	140.388376	0.005289	6.0
1124	-0.000000	140.319603	0.000000	5.8
1125	-0.499890	140.250920	0.004690	5.4
1126	-0.006241	140.182326	0.000463	6.2
1127	-0.672519	140.113822	0.010849	5.8
1128	-0.451552	140.045407	0.005758	7.1
1129	-1.033026	139.977081	0.008827	5.7
1130	-0.253377	139.908844	0.003288	5.9
1131	-1.084451	139.840696	0.012348	6.4
1132	-1.065738	139.772635	0.015507	6.1
1133	-0.479678	139.704664	0.004709	5.4
1134	-0.894987	139.636780	0.005799	6.7
1135	-1.301802	139.568984	0.019321	5.8
1136	-0.906575	139.501276	0.007469	6.0
1137	-1.476776	139.433655	0.013636	6.2
1138	-1.543578	139.366122	0.006724	5.2
1139	-1.190067	139.298676	0.016039	6.9
1140	-1.501418	139.231317	0.013527	5.6
1141	-1.041581	139.164045	0.006055	6.1
1142	-1.308886	139.096859	0.009745	6.4
1143	-0.678926	139.029760	0.007978	5.5
1144	-0.000000	138.962747	0.000000	6.2
1145	-1.237923	138.895820	0.012010	6.5
1146	-1.342059	138.828978	0.008396	5.6
1147	-1.060874	138.762223	0.009525	6.9
1148	-1.559717	138.695553	0.013534	6.0
1149	-1.475125	138.628969	0.006025	6.3
1150	-1.394894	138.562469	0.009995	6.7
1151	-1.162018	138.496055	0.005722	6.3
1152	-1.130467	138.429725	0.005529	7.1
1153	-1.516362	138.363481	0.025261	5.6
1154	-0.441979	138.297320	0.005347	5.5
1155	-0.000000	138.231244	0.000000	6.1
1156	-0.000000	138.165252	0.000000	5.8
1157	-0.652856	138.099344	0.006011	5.7
1158	-0.281036	138.033520	0.004582	6.1
1159	-0.128816	137.967779	0.002197	5.4
1160	-0.918616	137.902122	0.004516	6.0
1161	-0.013309	137.836548	0.000544	5.8
1162	-1.602436	137.771057	0.013832	5.4
1163	-1.421913	137.705649	0.016619	5.8
1164	-0.447938	137.640324	0.009246	5.8
1165	-0.878060	137.575081	0.008336	5.9
1166	-1.434868	137.509921	0.007673	5.9
1167	-0.000000	137.444842	0.000000	5.8
1168	-1.216952	137.379846	0.011734	5.7
1169	-0.257098	137.314932	0.002573	6.2
1170	-0.000008	137.250100	0.000002	5.8
1171	-1.626125	137.185349	0.015540	5.5
1172	-0.060606	137.120680	0.002006	5.6
1173	-1.391181	137.056092	0.007011	6.4
1174	-0.535233	136.991585	0.015346	7.0
1175	-1.270470	136.927158	0.008403	5.5
1176	-0.850356	136.862813	0.004716	6.1
1177	-0.527365	136.798548	0.007348	7.3
1178	-0.000000	136.734363	0.000000	5.7
1179	-0.033740	136.670259	0.000979	5.7
1180	-0.783330	136.606235	0.009072	6.1
1181	-0.000000	136.542291	0.000000	5.9
1182	-0.000970	136.478426	0.000083	6.1
1183	-0.000000	136.414641	0.000000	6.1
1184	-1.442208	136.350936	0.009765	6.2
1185	-1.269530	136.287310	0.005554	6.4
1186	-0.774401	136.223763	0.009696	6.4
1187	-0.889233	136.160295	0.009278	5.0
1188	-1.134681	136.096905	0.010871	6.4
1189	-0.000000	136.033594	0.000000	5.0
1190	-0.878297	135.970362	0.013868	6.6
1191	-0.831753	135.907208	0.006534	6.8
1192	-1.178822	135.844133	0.009039	5.5
1193	-1.713087	135.781135	0.024278	6.7
1194	-0.788015	135.718215	0.002100	5.9
1195	-1.394758	135.655373	0.010402	6.1
1196	-1.395249	135.592608	0.011094	6.4
1197	-1.084515	135.529921	0.008804	5.5
1198	-0.000000	135.467311	0.000000	6.1
1199	-0.000000	135.404778	0.000000	5.7
1200	-0.000026	135.342322	0.000005	5.4
1201	-0.007779	135.279942	0.000530	6.1
1202	-0.676588	135.217640	0.009991	5.4
1203	-0.572653	135.155413	0.004315	5.7
1204	-0.135819	135.093263	0.001290	7.6
1205	-0.843964	135.031190	0.015983	6.0
1206	-0.830832	134.969192	0.004078	5.3
1207	-1.500112	134.907270	0.015461	6.5
1208	-1.497659	134.845424	0.008267	5.7
1209	-0.719514	134.783653	0.003711	6.4
1210	-0.021242	134.721958	0.000597	5.5
1211	-0.291284	134.660338	0.004915	5.5
1212	-0.037350	134.598793	0.001414	6.3
1213	-0.002833	134.537323	0.000296	5.6
1214	-1.615544	134.475927	0.013609	5.7
1215	-0.268001	134.414607	0.003776	6.2
1216	-0.664288	134.353361	0.003764	6.2
1217	-1.347841	134.292189	0.008284	6.4
1218	-1.246973	134.231092	0.013852	7.1
1219	-1.214464	134.170068	0.006539	6.4
1220	-0.986103	134.109119	0.008304	6.7
1221	-1.447008	134.048243	0.007886	5.5
1222	-1.373935	133.987441	0.018969	6.1
1223	-1.243947	133.926713	0.012359	7.2
1224	-0.752538	133.866057	0.012078	5.7
1225	-1.319055	133.805475	0.005694	6.5
1226	-0.651595	133.744966	0.003760	5.7
1227	-1.304527	133.684530	0.016324	5.5
1228	-1.080968	133.624167	0.002960	7.1
1229	-1.196376	133.563877	0.014464	6.4
1230	-1.358484	133.503658	0.010825	6.4
1231	-1.196607	133.443513	0.018237	5.6
1232	-0.180455	133.383439	0.003163	5.6
1233	-1.073742	133.323437	0.018171	7.0
1234	-1.590554	133.263508	0.012326	5.6
1235	-0.222689	133.203650	0.004961	6.2
1236	-0.370465	133.143864	0.003419	6.7
1237	-0.045658	133.084149	0.000980	5.9
1238	-0.315131	133.024506	0.003784	6.2
1239	-0.777295	132.964934	0.007495	6.4
1240	-1.094091	132.905433	0.020575	6.0
1241	-0.764196	132.846003	0.004403	6.4
1242	-1.642294	132.786643	0.010918	6.1
1243	-0.071052	132.727355	0.001350	6.4
1244	-0.040433	132.668137	0.000925	6.5
1245	-1.475861	132.608989	0.006043	6.5
1246	-0.729892	132.549912	0.015306	6.5
1247	-0.000000	132.490904	0.000000	5.4
1248	-0.271441	132.431967	0.002210	5.8
1249	-1.611404	132.373100	0.008961	6.6
1250	-1.614405	132.314302	0.013882	5.2
1251	-0.000087	132.255574	0.000009	6.0
1252	-1.294455	132.196916	0.010987	5.2
1253	-0.454165	132.138326	0.003712	5.6
1254	-0.478048	132.079806	0.002425	6.1
1255	-1.186851	132.021355	0.012464	5.8
1256	-1.338466	131.962973	0.015300	5.8
1257	-1.447181	131.904660	0.007492	6.8
1258	-1.628967	131.846415	0.009725	6.6
1259	-1.022998	131.788239	0.011992	6.3
1260	-1.357978	131.730131	0.012694	6.3
1261	-1.441636	131.672092	0.010400	6.1
1262	-0.000000	131.614121	0.000000	7.1
1263	-1.193789	131.556217	0.007234	5.4
1264	-1.017231	131.498382	0.018529	5.6
1265	-1.425610	131.440614	0.010565	6.5
1266	-1.124589	131.382914	0.019639	6.2
1267	-1.504917	131.325282	0.006138	6.0
1268	-1.382117	131.267717	0.015290	5.4
1269	-1.633767	131.210219	0.007092	5.7
1270	-0.091767	131.152788	0.001831	6.2
1271	-1.476856	131.095424	0.010589	5.6
1272	-0.804150	131.038127	0.012931	6.0
1273	-1.166196	130.980897	0.014640	6.8
1274	-1.029247	130.923733	0.007599	6.7
1275	-0.147569	130.866636	0.001777	6.2
1276	-1.249192	130.809605	0.007969	5.8
1277	-0.815313	130.752641	0.008161	5.9
1278	-1.449219	130.695742	0.006377	6.5
1279	-0.600874	130.638910	0.009634	5.8
1280	-1.624996	130.582143	0.016305	6.1
1281	-1.486263	130.525442	0.004520	7.6
1282	-1.534143	130.468807	0.012133	5.8
1283	-1.555001	130.412237	0.012716	6.9
1284	-0.493572	130.355733	0.002847	5.5
1285	-1.588708	130.299294	0.012318	6.0
1286	-1.405698	130.242920	0.012103	6.6
1287	-0.634515	130.186611	0.013377	5.3
1288	-0.017818	130.130366	0.000383	5.8
1289	-0.611185	130.074187	0.006660	6.7
1290	-0.007721	130.018072	0.000205	5.4
1291	-0.929043	129.962022	0.011959	6.2
1292	-0.733779	129.906036	0.010382	6.3
1293	-0.858077	129.850114	0.013230	5.9
1294	-0.267339	129.794257	0.003043	6.3
1295	-0.935177	129.738463	0.014063	5.3
1296	-0.124104	129.682734	0.001528	5.7
1297	-1.364638	129.627068	0.007989	7.2
1298	-1.363129	129.571466	0.014066	5.9
1299	-0.768164	129.515927	0.017519	6.2
1300	-0.707608	129.460452	0.004943	5.7
1301	-0.904695	129.405040	0.018007	5.4
1302	-0.001346	129.349692	0.000227	7.1
1303	-0.000000	129.294406	0.000000	5.5
1304	-0.000480	129.239183	0.000055	5.4
1305	-1.089341	129.184024	0.006444	6.3
1306	-0.226880	129.128927	0.003014	5.6
1307	-0.000000	129.073892	0.000000	5.1
1308	-1.541128	129.018921	0.005716	6.3
1309	-0.339625	128.964011	0.004948	6.2
1310	-1.322139	128.909164	0.010081	6.2
1311	-0.901288	128.854379	0.014299	6.1
1312	-0.000000	128.799656	0.000000	5.9
1313	-1.624655	128.744995	0.016653	7.1
1314	-1.571114	128.690396	0.011492	6.0
1315	-1.346496	128.635858	0.007005	5.9
1316	-0.440344	128.581382	0.002636	7.0
1317	-1.265881	128.526968	0.011535	5.6
1318	-0.074267	128.472615	0.001103	6.0
1319	-1.227071	128.418323	0.010795	6.5
1320	-0.000000	128.364092	0.000000	6.0
1321	-0.000000	128.309922	0.000000	6.4
1322	-1.685514	128.255814	0.005991	6.0
1323	-1.241924	128.201766	0.020005	6.0
1324	-1.521056	128.147778	0.007892	6.1
1325	-1.235636	128.093852	0.011989	5.5
1326	-1.115659	128.039985	0.003701	5.8
1327	-0.971608	127.986180	0.008634	6.3
1328	-1.326797	127.932434	0.012191	5.8
1329	-0.505065	127.878749	0.017586	6.5
1330	-0.464835	127.825123	0.012168	5.7
1331	-0.000000	127.771558	0.000000	5.6
1332	-0.382016	127.718052	0.004303	6.6
1333	-1.028734	127.664606	0.012891	5.2
1334	-0.107634	127.611220	0.001427	5.6
1335	-1.298199	127.557893	0.013104	6.4
1336	-1.416390	127.504625	0.005893	6.0
1337	-1.393585	127.451417	0.012286	6.4
1338	-0.911546	127.398268	0.012926	5.5
1339	-1.052978	127.345178	0.003865	5.6
1340	-0.951363	127.292147	0.004653	6.8
1341	-1.046683	127.239175	0.009303	5.6
1342	-1.509994	127.186261	0.012647	5.5
1343	-0.734271	127.133407	0.017410	6.1
1344	-0.644965	127.080610	0.017108	6.2
1345	-0.371755	127.027872	0.003304	4.8
1346	-0.534431	126.975193	0.006335	6.7
1347	-1.399044	126.922572	0.008141	5.9
1348	-1.469477	126.870008	0.011097	5.7
1349	-0.768735	126.817503	0.006490	6.0
1350	-0.000005	126.765056	0.000001	5.8
1351	0.000000	126.712667	0.000000	6.8
1352	-0.915329	126.660335	0.006468	5.5
1353	-0.104567	126.608061	0.001700	5.0
1354	-0.000000	126.555844	0.000000	6.2
1355	-0.799768	126.503685	0.012314	5.4
1356	-1.374405	126.451583	0.008032	7.0
1357	-0.661397	126.399538	0.009932	6.6
1358	-1.168608	126.347550	0.014258	5.7
1359	-0.001652	126.295619	0.000211	6.1
1360	-0.777006	126.243745	0.009317	5.4
1361	-0.000090	126.191928	0.000023	5.4
1362	-0.175246	126.140168	0.003403	7.3
1363	-0.963646	126.088464	0.024866	6.3
1364	-0.776760	126.036817	0.006491	6.1
1365	-0.846393	125.985226	0.008088	6.4
1366	-1.637487	125.933691	0.013995	6.1
1367	-0.837436	125.882212	0.009451	6.3
1368	-0.545083	125.830790	0.014168	5.0
1369	-0.000045	125.779423	0.000009	5.6
1370	-1.490015	125.728113	0.017370	6.6
1371	-0.190856	125.676858	0.001719	5.6
1372	-0.000009	125.625659	0.000002	5.1
1373	-0.853735	125.574515	0.005837	6.3
1374	-0.000000	125.523427	0.000000	5.9
1375	-0.589158	125.472394	0.005201	6.6
1376	-1.230391	125.421417	0.010178	6.6
1377	-1.527292	125.370495	0.012776	6.1
1378	-1.565991	125.319628	0.017729	7.4
1379	-0.614085	125.268815	0.015175	6.8
1380	-1.253699	125.218058	0.016425	6.7
1381	-1.109389	125.167356	0.012412	6.5
1382	-1.471411	125.116708	0.014681	6.1
1383	-1.611881	125.066115	0.022286	7.0
1384	-0.000182	125.015576	0.000029	5.2
1385	-1.527943	124.965092	0.010280	6.1
1386	-1.467088	124.914662	0.012889	6.2
1387	-0.680001	124.864287	0.006461	5.0
1388	-0.219596	124.813965	0.002691	6.2
1389	-0.000096	124.763698	0.000014	5.9
1390	-0.445474	124.713485	0.003502	5.5
1391	-1.230520	124.663325	0.011869	6.6
1392	-0.717499	124.613219	0.012442	5.3
1393	-0.469289	124.563167	0.003437	5.3
1394	-1.520564	124.513168	0.017269	6.9
1395	-0.003147	124.463223	0.000217	5.4
1396	-1.664226	124.413332	0.011613	6.6
1397	-1.097565	124.363493	0.010090	6.4
1398	-1.108831	124.313708	0.006935	5.7
1399	-0.737046	124.263976	0.013883	6.1
1400	-0.000000	124.214297	0.000000	6.2
1401	-1.310349	124.164671	0.009974	5.5
1402	-1.274178	124.115097	0.005994	8.3
1403	-1.066933	124.065577	0.013417	6.3
1404	-0.619697	124.016109	0.006356	7.8
1405	-1.287318	123.966693	0.003812	6.3
1406	-1.319841	123.917330	0.009731	6.3
1407	-0.118247	123.868020	0.002094	6.1
1408	-1.484665	123.818762	0.013400	7.6
1409	-1.440310	123.769556	0.007912	6.7
1410	-0.000610	123.720402	0.000092	6.7
1411	-0.709705	123.671300	0.006331	6.5
1412	-1.181893	123.622250	0.009775	6.3
1413	-0.765420	123.573252	0.009355	5.8
1414	-1.533175	123.524305	0.006029	6.9
1415	-0.840102	123.475411	0.014685	7.1
1416	-0.029567	123.426568	0.002180	6.3
1417	-0.336392	123.377776	0.003363	6.9
1418	-0.249786	123.329036	0.002905	5.9
1419	-0.110151	123.280347	0.002007	7.3
1420	-0.403771	123.231709	0.005455	5.7
1421	-1.624517	123.183122	0.005675	5.6
1422	-0.589275	123.134587	0.006983	6.6
1423	-0.134176	123.086102	0.001864	6.3
1424	-0.662740	123.037669	0.008736	6.1
1425	-0.609466	122.989286	0.003089	5.8
1426	-1.606726	122.940954	0.006857	5.9
1427	-1.478703	122.892672	0.006060	6.2
1428	-0.025566	122.844441	0.001603	5.8
1429	-1.234115	122.796261	0.011807	5.3
1430	-0.000000	122.748130	0.000000	7.0
1431	-0.831526	122.700050	0.006323	6.5
1432	-1.268679	122.652021	0.007615	6.4
1433	-0.741502	122.604041	0.011844	5.8
1434	-0.000000	122.556111	0.000000	6.5
1435	-1.421413	122.508232	0.016318	6.6
1436	-0.384584	122.460402	0.003116	6.0
1437	-0.000000	122.412622	0.000000	5.5
1438	-1.129382	122.364891	0.005864	6.0
1439	-0.756417	122.317210	0.014717	6.2
1440	-0.000000	122.269579	0.000000	6.8
1441	-1.418143	122.221997	0.025272	6.1
1442	-0.861457	122.174465	0.004355	5.6
1443	-0.000000	122.126981	0.000000	6.9
1444	-1.467503	122.079547	0.012950	5.7
1445	-1.085031	122.032162	0.007739	7.3
1446	-1.850089	121.984826	0.009933	6.2
1447	-0.007766	121.937539	0.000544	6.2
1448	-0.134301	121.890301	0.002334	6.8
1449	-0.783845	121.843112	0.011280	7.3
1450	-1.156423	121.795971	0.007826	7.1
1451	-0.077095	121.748879	0.001590	6.4
1452	-0.016443	121.701835	0.001168	6.7
1453	-1.467828	121.654840	0.012150	7.2
1454	-1.065129	121.607893	0.004693	5.2
1455	-0.341584	121.560994	0.005810	7.2
1456	-0.977495	121.514144	0.020991	5.8
1457	-0.000129	121.467342	0.000029	5.3
1458	-1.434922	121.420588	0.010829	7.0
1459	-0.000187	121.373882	0.000037	6.3
1460	-1.583607	121.327223	0.016190	6.3
1461	-0.583931	121.280613	0.005212	6.5
1462	-1.486787	121.234050	0.011449	5.5
1463	-1.361505	121.187535	0.016718	7.7
1464	-1.083680	121.141067	0.008586	6.2
1465	-1.000321	121.094647	0.017848	5.5
1466	-0.000000	121.048274	0.000000	6.3
1467	-0.156920	121.001949	0.002116	5.5
1468	-1.230679	120.955671	0.012281	6.8
1469	-0.932929	120.909440	0.010945	4.8
1470	-0.110774	120.863256	0.002133	5.2
1471	-0.984484	120.817119	0.010918	6.5
1472	-1.486681	120.771029	0.016796	5.8
1473	-0.805750	120.724986	0.005717	5.2
1474	-1.446866	120.678990	0.005001	6.7
1475	-0.000000	120.633040	0.000000	5.8
1476	-0.787013	120.587137	0.017816	6.2
1477	-1.360758	120.541281	0.010003	6.1
1478	-1.605190	120.495471	0.013987	5.5
1479	-0.698909	120.449707	0.006462	6.9
1480	-1.082824	120.403990	0.003518	6.1
1481	-1.173435	120.358319	0.012467	5.0
1482	-0.000000	120.312694	0.000000	7.5
1483	-1.586330	120.267115	0.007469	6.8
1484	-0.002943	120.221582	0.000177	5.8
1485	-0.002577	120.176096	0.000359	6.3
1486	-1.309924	120.130655	0.006118	5.9
1487	-1.438100	120.085260	0.013159	6.7
1488	-1.341999	120.039910	0.008177	5.7
1489	-1.515174	119.994606	0.007711	6.3
1490	-1.280596	119.949348	0.011028	7.2
1491	-0.206420	119.904135	0.002979	6.1
1492	-0.000418	119.858968	0.000059	7.2
1493	-0.601161	119.813846	0.004377	6.7
1494	-1.545271	119.768769	0.011737	6.5
1495	-1.166173	119.723738	0.013411	7.1
1496	-1.411956	119.678752	0.014446	7.6
1497	-0.539244	119.633810	0.006470	7.0
1498	-1.270672	119.588914	0.007297	6.7
1499	-0.643623	119.544062	0.006129	6.3
1500	-1.564012	119.499256	0.023489	6.7
1501	-0.004259	119.454494	0.000300	6.7
1502	-1.114012	119.409777	0.008678	7.4
1503	-0.607926	119.365104	0.010891	6.7
1504	-1.106667	119.320476	0.016102	7.1
1505	-0.864659	119.275893	0.011423	6.7
1506	-0.000000	119.231353	0.000000	7.4
1507	-0.767014	119.186859	0.014442	6.3
1508	-1.119712	119.142408	0.008161	6.2
1509	-1.279688	119.098002	0.012059	6.4
1510	-0.000000	119.053639	0.000000	5.1
1511	-1.411149	119.009321	0.012378	6.3
1512	-1.482586	118.965047	0.009988	6.2
1513	-1.053314	118.920816	0.012809	5.5
1514	-0.000000	118.876630	0.000000	6.4
1515	-1.119129	118.832487	0.010596	5.9
1516	-0.511251	118.788388	0.008355	6.3
1517	-0.491025	118.744332	0.008993	6.4
1518	-1.479373	118.700320	0.008707	6.0
1519	-1.215665	118.656352	0.012010	5.6
1520	-1.049455	118.612427	0.009454	6.4
1521	-1.297721	118.568545	0.011541	5.9
1522	-0.039590	118.524706	0.001037	6.8
1523	-1.577204	118.480911	0.003206	5.5
1524	-1.359123	118.437159	0.011771	5.3
1525	-1.378178	118.393450	0.009527	6.2
1526	-1.101247	118.349784	0.005504	5.4
1527	-1.435821	118.306160	0.014073	6.0
1528	-0.548444	118.262580	0.006004	6.3
1529	-1.529956	118.219042	0.004981	5.2
1530	-0.458642	118.175548	0.004809	5.0
1531	-1.582834	118.132095	0.010268	6.1
1532	-1.435912	118.088686	0.004835	6.1
1533	-1.505913	118.045319	0.017350	6.2
1534	-1.230679	118.001994	0.011354	5.9
1535	-0.014559	117.958712	0.000565	5.9
1536	-1.260814	117.915472	0.006976	6.9
1537	-1.153504	117.872274	0.009078	5.6
1538	-0.035976	117.829118	0.001072	6.4
1539	-0.584477	117.786005	0.007266	6.8
1540	-0.888444	117.742933	0.021661	5.5
1541	-1.053492	117.699904	0.006198	9.2
1542	-1.417628	117.656916	0.004361	6.1
1543	-0.257261	117.613971	0.002371	6.6
1544	-1.581602	117.571067	0.005851	6.0
1545	-1.337842	117.528205	0.015027	5.9
1546	-0.482879	117.485384	0.007162	7.5
1547	-1.558687	117.442605	0.008663	6.1
1548	-0.000404	117.399867	0.000087	6.1
1549	-1.353045	117.357171	0.013070	7.1
1550	-1.112619	117.314517	0.011917	6.1
1551	-0.677926	117.271903	0.008528	6.4
1552	-1.012122	117.229331	0.016111	5.9
1553	-0.004524	117.186800	0.000282	5.8
1554	-1.454338	117.144311	0.006885	6.8
1555	-0.041101	117.101862	0.001488	6.6
1556	-1.327067	117.059454	0.012676	7.4
1557	-1.439250	117.017087	0.012267	5.6
1558	-0.868370	116.974762	0.010805	6.1
1559	-0.239761	116.932476	0.002315	6.6
1560	-0.434586	116.890232	0.010305	5.8
1561	-0.723222	116.848028	0.006056	6.7
1562	-0.000013	116.805865	0.000003	5.9
1563	-0.252914	116.763743	0.002975	6.2
1564	-0.253861	116.721661	0.002381	6.2
1565	-0.241339	116.679619	0.002133	6.2
1566	-0.808262	116.637618	0.008942	6.0
1567	-0.531475	116.595657	0.014851	6.4
1568	-1.502275	116.553736	0.008571	5.3
1569	-1.432820	116.511855	0.022781	5.7
1570	-1.578146	116.470015	0.021008	6.2
1571	-0.000000	116.428214	0.000000	5.9
1572	-1.322297	116.386454	0.009718	7.1
1573	-0.727898	116.344733	0.006393	6.7
1574	-1.026963	116.303052	0.008714	6.5
1575	-1.430667	116.261412	0.012657	5.4
1576	-0.083320	116.219810	0.001913	6.3
1577	-1.341259	116.178249	0.005312	6.8
1578	-0.000079	116.136727	0.000013	6.6
1579	-0.307104	116.095245	0.002292	6.0
1580	-0.654978	116.053802	0.002773	6.1
1581	-0.697491	116.012398	0.006885	6.1
1582	-1.482555	115.971034	0.016102	6.1
1583	-1.789556	115.929710	0.010469	6.4
1584	-1.490289	115.888424	0.009300	5.9
1585	-1.459208	115.847178	0.013668	6.3
1586	-0.302590	115.805970	0.002569	6.1
1587	-0.000000	115.764802	0.000000	5.9
1588	-0.000000	115.723673	0.000000	6.7
1589	-0.888757	115.682583	0.009908	5.5
1590	-0.456535	115.641532	0.003768	6.4
1591	-0.992903	115.600519	0.007964	5.9
1592	-1.611822	115.559546	0.004520	5.6
1593	-0.002070	115.518610	0.000138	6.3
1594	-0.625065	115.477714	0.016647	7.0
1595	-1.395940	115.436856	0.006118	6.1
1596	-1.103366	115.396037	0.006782	7.1
1597	-0.139182	115.355256	0.003725	6.2
1598	-0.287212	115.314514	0.003070	6.7
1599	-1.615350	115.273810	0.008420	6.3
1600	-0.000000	115.233144	0.000000	7.1
1601	-0.126674	115.192517	0.001985	7.4
1602	-1.355558	115.151927	0.011679	6.8
1603	-0.000000	115.111376	0.000000	6.9
1604	-1.299122	115.070863	0.018418	6.4
1605	-1.697109	115.030388	0.006881	6.8
1606	-0.000002	114.989951	0.000001	6.1
1607	-0.894524	114.949551	0.011097	5.7
1608	-0.367834	114.909190	0.003926	6.6
1609	-1.249599	114.868866	0.015121	6.0
1610	-1.747849	114.828580	0.008191	5.7
1611	-0.947103	114.788332	0.016387	6.3
1612	-1.554774	114.748121	0.013198	5.6
1613	-1.492409	114.707948	0.019780	6.0
1614	-1.154486	114.667812	0.014144	5.8
1615	-0.440516	114.627714	0.003509	5.6
1616	-1.348128	114.587653	0.017935	5.9
1617	-1.136239	114.547629	0.013905	7.3
1618	-0.379903	114.507643	0.003447	5.5
1619	-1.328664	114.467693	0.007086	6.6
1620	-0.000001	114.427781	0.000000	5.6
1621	-0.000963	114.387907	0.000112	6.8
1622	-1.544553	114.348069	0.007211	5.7
1623	-1.501816	114.308268	0.012216	6.4
1624	-1.528525	114.268504	0.009371	6.6
1625	-0.702071	114.228777	0.005846	5.4
1626	-1.322086	114.189086	0.017472	5.7
1627	-1.381636	114.149433	0.014984	6.3
1628	-1.043315	114.109816	0.011736	6.1
1629	-0.006866	114.070235	0.000620	6.3
1630	-1.304592	114.030692	0.010386	5.4
1631	-0.000000	113.991185	0.000000	5.4
1632	-0.503027	113.951714	0.003201	6.3
1633	-0.609226	113.912280	0.019118	5.2
1634	-0.139077	113.872882	0.002561	6.0
1635	-1.124206	113.833521	0.006527	6.4
1636	-0.000000	113.794195	0.000000	6.9
1637	-0.350396	113.754906	0.005711	6.7
1638	-1.124028	113.715653	0.007336	6.3
1639	-0.621368	113.676437	0.014189	6.5
1640	-1.304010	113.637256	0.008021	6.7
1641	-1.564544	113.598111	0.007586	5.9
1642	-0.000001	113.559002	0.000000	7.0
1643	-0.000070	113.519929	0.000009	6.5
1644	-1.476713	113.480892	0.020355	5.7
1645	-0.989871	113.441891	0.014706	6.3
1646	-1.242505	113.402925	0.015386	5.7
1647	-0.000169	113.363995	0.000028	5.4
1648	-0.694611	113.325101	0.007613	7.5
1649	-1.432572	113.286242	0.010564	6.5
1650	-0.963765	113.247419	0.007442	7.8
1651	-1.391496	113.208631	0.015777	6.2
1652	-1.415057	113.169879	0.013810	5.6
1653	-1.372921	113.131162	0.015649	6.9
1654	-0.582243	113.092480	0.004788	5.7
1655	-0.707210	113.053833	0.004789	6.8
1656	-0.703780	113.015222	0.008379	5.7
1657	-1.061623	112.976646	0.016717	6.4
1658	-0.750346	112.938105	0.005057	6.4
1659	-1.195907	112.899599	0.007127	5.9
1660	-1.442386	112.861128	0.009542	6.1
1661	-0.031680	112.822692	0.000809	6.1
1662	-0.018028	112.784291	0.000415	6.2
1663	-0.000000	112.745924	0.000000	6.7
1664	-1.415417	112.707593	0.012576	5.8
1665	-0.396506	112.669296	0.005683	5.2
1666	-1.307241	112.631034	0.006973	6.5
1667	-1.390503	112.592806	0.015765	5.4
1668	-1.594422	112.554613	0.014995	5.4
1669	-0.000018	112.516455	0.000004	6.3
1670	-0.349813	112.478331	0.003027	5.0
1671	-0.047370	112.440241	0.001768	6.2
1672	-1.299493	112.402186	0.022618	6.7
1673	-0.000128	112.364165	0.000027	6.3
1674	-0.000000	112.326179	0.000000	7.2
1675	-1.540489	112.288227	0.018719	6.6
1676	-1.437566	112.250309	0.006210	6.2
1677	-0.856016	112.212425	0.010480	6.2
1678	-1.747542	112.174575	0.007546	6.0
1679	-0.319236	112.136759	0.003365	6.3
1680	-1.395140	112.098977	0.019624	5.2
1681	-0.965813	112.061229	0.008059	5.5
1682	-0.787344	112.023515	0.011997	6.5
1683	-0.000000	111.985834	0.000000	5.6
1684	-0.544896	111.948188	0.003140	6.2
1685	-1.254218	111.910575	0.008728	6.6
1686	-1.251088	111.872996	0.005786	6.4
1687	-1.126830	111.835450	0.010571	6.7
1688	-1.286217	111.797939	0.014514	7.0
1689	-0.427310	111.760460	0.002697	7.2
1690	-0.000000	111.723015	0.000000	7.1
1691	-0.503321	111.685604	0.002985	6.4
1692	-0.085710	111.648226	0.001526	7.2
1693	-0.000728	111.610881	0.000106	6.4
1694	-1.426248	111.573570	0.011161	6.8
1695	-0.325184	111.536292	0.002802	6.5
1696	-0.652685	111.499047	0.002146	6.1
1697	-1.528390	111.461835	0.010691	6.6
1698	-0.000001	111.424656	0.000000	6.1
1699	-0.010553	111.387510	0.000887	6.0
1700	-0.531651	111.350398	0.003435	5.6
1701	-1.075313	111.313318	0.009340	5.5
1702	-0.275061	111.276271	0.002314	7.2
1703	-0.013386	111.239257	0.000338	6.1
1704	-0.391698	111.202276	0.004494	5.3
1705	-1.329551	111.165328	0.011377	6.4
1706	-1.600392	111.128412	0.006819	6.3
1707	-1.123537	111.091529	0.004981	6.5
1708	-0.660400	111.054679	0.008785	5.7
1709	-1.428567	111.017861	0.007905	5.3
1710	-0.826115	110.981076	0.010687	6.7
1711	-1.734322	110.944323	0.015095	5.9
1712	-0.000000	110.907603	0.000000	4.8
1713	-0.000000	110.870915	0.000000	6.1
1714	-0.478462	110.834259	0.008308	6.3
1715	-1.537806	110.797636	0.016880	5.6
1716	-0.000000	110.761045	0.000000	6.6
1717	-0.933280	110.724486	0.006153	6.2
1718	-1.523369	110.687959	0.005193	6.5
1719	-1.183051	110.651465	0.009026	6.2
1720	-1.001296	110.615002	0.007940	5.8
1721	-0.608664	110.578572	0.012335	6.9
1722	-1.606764	110.542173	0.012117	6.3
1723	-0.000000	110.505807	0.000000	6.4
1724	-0.628355	110.469472	0.008718	5.0
1725	-0.042445	110.433169	0.001461	6.2
1726	-1.362628	110.396898	0.015014	6.8
1727	-0.762759	110.360659	0.009563	6.8
1728	-0.010114	110.324451	0.000683	6.9
1729	-1.538605	110.288276	0.011675	6.9
1730	-0.307176	110.252131	0.002834	6.4
1731	-0.488830	110.216019	0.012731	6.6
1732	-0.645398	110.179937	0.005916	6.1
1733	-1.132371	110.143888	0.007970	7.0
1734	-0.895786	110.107869	0.017065	6.4
1735	-1.532000	110.071882	0.008644	5.7
1736	-0.601882	110.035927	0.006969	7.6
1737	-0.339954	110.000003	0.005285	5.9
1738	-0.590967	109.964110	0.006103	5.9
1739	-1.456627	109.928248	0.006052	6.7
1740	-1.488442	109.892417	0.002916	5.5
1741	-0.993214	109.856618	0.009122	6.9
1742	-1.033342	109.820850	0.006854	5.2
1743	-1.292852	109.785112	0.028963	5.3
1744	-1.096284	109.749406	0.009726	6.7
1745	-0.999199	109.713730	0.007588	5.4
1746	-1.509132	109.678086	0.005989	5.6
1747	-0.021123	109.642472	0.000475	6.5
1748	-1.502747	109.606890	0.010877	5.8
1749	-0.519927	109.571337	0.004236	5.8
1750	-0.995499	109.535816	0.011317	6.2
1751	-0.000002	109.500326	0.000000	6.2
1752	-0.520065	109.464866	0.011398	7.7
1753	-0.000000	109.429436	0.000000	6.1
1754	-0.002646	109.394038	0.000248	6.9
1755	-1.333101	109.358669	0.014930	6.5
1756	-1.116126	109.323331	0.004724	6.4
1757	-1.370071	109.288024	0.010410	6.8
1758	-0.000333	109.252747	0.000065	5.5
1759	-0.916864	109.217501	0.004881	6.9
1760	-1.348966	109.182284	0.013421	6.7
1761	-0.662325	109.147098	0.006389	6.2
1762	-1.347691	109.111942	0.008737	6.9
1763	-0.000011	109.076817	0.000003	6.7
1764	-0.707653	109.041721	0.012559	6.0
1765	-1.667504	109.006656	0.006422	5.7
1766	-1.250838	108.971620	0.009787	6.1
1767	-0.973278	108.936615	0.015152	6.3
1768	-0.957221	108.901640	0.015174	5.5
1769	-1.462987	108.866694	0.007318	5.9
1770	-1.746714	108.831779	0.008358	6.6
1771	-1.353972	108.796893	0.008624	6.2
1772	-1.478672	108.762037	0.011461	6.4
1773	-0.000000	108.727211	0.000000	5.7
1774	-0.312946	108.692415	0.002707	5.7
1775	-0.000000	108.657648	0.000000	6.6
1776	-0.000000	108.622911	0.000000	5.6
1777	-0.652574	108.588203	0.008282	5.8
1778	-1.263566	108.553525	0.014910	6.7
1779	-0.736508	108.518877	0.006647	5.7
1780	-0.075876	108.484258	0.001472	6.0
1781	-1.087825	108.449668	0.007334	5.5
1782	-0.497667	108.415108	0.004335	5.1
1783	-1.605681	108.380578	0.020567	6.6
1784	-0.851166	108.346076	0.003670	6.1
1785	-0.030796	108.311604	0.000813	6.6
1786	-1.313073	108.277161	0.013923	6.3
1787	-1.450554	108.242747	0.008890	5.3
1788	-0.956134	108.208363	0.010926	5.6
1789	-1.642675	108.174007	0.015255	6.5
1790	-1.188200	108.139681	0.005881	6.5
1791	-0.201083	108.105383	0.002233	6.3
1792	-0.719499	108.071115	0.026480	5.7
1793	-0.569989	108.036875	0.004206	5.9
1794	-0.000002	108.002665	0.000000	6.1
1795	-0.663773	107.968483	0.008117	5.3
1796	-0.001540	107.934330	0.000099	5.2
1797	-0.000000	107.900206	0.000000	6.6
1798	-0.159001	107.866111	0.002277	5.4
1799	-0.282758	107.832044	0.002832	6.1
1800	-1.426861	107.798007	0.013106	6.8
1801	-1.428470	107.763997	0.006685	6.0
1802	-0.786247	107.730017	0.014911	6.6
1803	-0.179526	107.696065	0.002240	6.3
1804	-0.000002	107.662141	0.000000	5.6
1805	-1.260592	107.628246	0.004215	6.1
1806	-1.500023	107.594379	0.009726	6.9
1807	-0.742960	107.560541	0.006546	5.4
1808	-1.490633	107.526731	0.012960	6.1
1809	-1.351925	107.492949	0.014462	6.3
1810	-1.034456	107.459196	0.006524	6.8
1811	-0.000429	107.425471	0.000081	5.6
1812	-0.000215	107.391774	0.000021	5.7
1813	-1.475782	107.358106	0.008829	6.6
1814	-0.212957	107.324465	0.003395	6.1
1815	-1.147551	107.290853	0.012727	6.7
1816	-0.308744	107.257268	0.002417	5.5
1817	-0.740750	107.223712	0.007612	6.1
1818	-1.511632	107.190184	0.009647	6.6
1819	-0.001117	107.156683	0.000089	6.1
1820	-0.029155	107.123211	0.000453	6.1
1821	-1.103235	107.089766	0.004958	6.2
1822	-1.357824	107.056349	0.006940	5.9
1823	-1.473954	107.022960	0.007785	5.9
1824	-1.138674	106.989599	0.007692	6.3
1825	-0.916771	106.956265	0.005383	6.1
1826	-1.417411	106.922960	0.004174	6.0
1827	-1.447022	106.889681	0.009807	6.0
1828	-1.286148	106.856431	0.005285	5.5
1829	-0.038459	106.823208	0.002161	6.2
1830	-0.852266	106.790012	0.007711	5.7
1831	-0.476487	106.756844	0.006793	5.9
1832	-1.393791	106.723703	0.005143	6.6
1833	-0.047913	106.690590	0.000656	6.0
1834	-0.152208	106.657505	0.002653	6.5
1835	-1.122158	106.624446	0.013098	6.0
1836	-1.461167	106.591415	0.012298	6.6
1837	-1.319586	106.558411	0.010463	6.7
1838	-0.011349	106.525435	0.000344	5.5
1839	-1.653905	106.492485	0.010711	5.0
1840	-1.524089	106.459563	0.010387	6.4
1841	-0.004700	106.426668	0.000290	5.1
1842	-0.483746	106.393800	0.011814	5.6
1843	-1.046413	106.360959	0.013379	5.6
1844	-0.079544	106.328145	0.001406	5.7
1845	-0.511762	106.295358	0.005053	5.9
1846	-1.453817	106.262598	0.007955	5.9
1847	-1.452169	106.229865	0.002286	6.1
1848	-0.456270	106.197158	0.007363	6.9
1849	-1.059857	106.164479	0.011118	5.6
1850	-1.282516	106.131826	0.012971	5.6
1851	-0.410620	106.099201	0.002325	6.9
1852	-1.305360	106.066602	0.014976	5.4
1853	-1.385485	106.034029	0.009605	6.4
1854	-0.455577	106.001483	0.004234	5.8
1855	-0.435220	105.968964	0.004361	5.4
1856	-0.285338	105.936472	0.003986	5.8
1857	-1.122595	105.904006	0.008320	6.8
1858	-0.782276	105.871566	0.012390	5.9
1859	-0.997164	105.839153	0.012572	6.2
1860	-0.464885	105.806767	0.005073	6.1
1861	-0.784342	105.774407	0.007386	6.0
1862	-1.491757	105.742073	0.007909	5.6
1863	-1.286230	105.709766	0.012079	5.9
1864	-0.887833	105.677485	0.015052	6.3
1865	-1.424022	105.645230	0.035010	4.9
1866	-0.341610	105.613001	0.004979	5.0
1867	-0.125376	105.580799	0.001295	6.5
1868	-1.748171	105.548623	0.012871	6.0
1869	-0.000000	105.516473	0.000000	5.0
1870	-1.119320	105.484349	0.016453	6.6
1871	-0.482084	105.452251	0.011886	5.5
1872	-1.236931	105.420179	0.006950	6.0
1873	-1.520016	105.388133	0.012605	6.6
1874	-1.268763	105.356113	0.017766	5.1
1875	-0.944663	105.324119	0.016610	5.7
1876	-1.274035	105.292151	0.006357	6.6
1877	-0.336221	105.260209	0.003537	5.9
1878	-0.983954	105.228293	0.008487	6.6
1879	-1.245489	105.196402	0.018380	5.2
1880	-0.000000	105.164537	0.000000	5.4
1881	-1.559126	105.132698	0.013064	6.5
1882	-1.472851	105.100885	0.006358	5.1
1883	-1.065324	105.069097	0.015283	5.3
1884	-0.017462	105.037335	0.000661	5.9
1885	-0.038168	105.005598	0.001102	5.5
1886	-0.000000	104.973887	0.000000	5.6
1887	-1.083694	104.942202	0.003182	6.9
1888	-0.259940	104.910542	0.002777	5.8
1889	-0.933381	104.878907	0.007355	6.9
1890	-1.604825	104.847298	0.018913	6.2
1891	-1.531744	104.815715	0.005726	6.6
1892	-0.001486	104.784156	0.000224	6.6
1893	-1.395557	104.752623	0.015577	6.5
1894	-1.047241	104.721116	0.012306	6.7
1895	-1.498118	104.689633	0.009730	5.6
1896	-0.095497	104.658176	0.001518	5.6
1897	-0.412697	104.626744	0.004862	6.7
1898	-0.000000	104.595337	0.000000	5.6
1899	-0.351427	104.563955	0.002489	6.1
1900	-1.510822	104.532599	0.009737	6.7
1901	-0.157366	104.501267	0.001967	5.4
1902	-1.072169	104.469960	0.009132	6.2
1903	-1.317477	104.438679	0.012273	5.2
1904	-1.534578	104.407422	0.009401	6.0
1905	-0.000000	104.376191	0.000000	6.8
1906	-0.695891	104.344984	0.009235	5.8
1907	-1.301636	104.313802	0.008635	6.6
1908	-0.743939	104.282645	0.009115	7.1
1909	-1.357011	104.251513	0.007229	6.1
1910	-1.374070	104.220405	0.017338	6.8
1911	-0.763271	104.189323	0.006768	5.8
1912	-0.519015	104.158265	0.004722	6.0
1913	-0.000000	104.127231	0.000000	6.5
1914	-1.290310	104.096222	0.008507	6.0
1915	-1.468988	104.065238	0.017268	5.2
1916	-0.557992	104.034279	0.012166	5.6
1917	-0.000000	104.003344	0.000000	6.0
1918	-1.225251	103.972433	0.006882	6.7
1919	-0.151843	103.941547	0.002231	6.0
1920	-0.000166	103.910686	0.000030	5.3
1921	-1.258928	103.879849	0.009257	7.1
1922	-0.432263	103.849036	0.003203	5.7
1923	-0.002789	103.818248	0.000267	5.4
1924	-1.363900	103.787484	0.012813	6.3
1925	-0.396832	103.756744	0.002574	5.7
1926	-1.659570	103.726029	0.008863	5.9
1927	-0.857682	103.695338	0.010737	6.0
1928	-1.105224	103.664671	0.005384	5.9
1929	-0.382535	103.634028	0.005363	6.4
1930	-0.693498	103.603409	0.004708	5.7
1931	-0.534755	103.572814	0.013264	5.3
1932	-0.000000	103.542244	0.000000	6.0
1933	-1.508999	103.511698	0.007445	5.4
1934	-1.297046	103.481175	0.010467	6.2
1935	-1.317401	103.450677	0.023517	6.5
1936	-0.805932	103.420202	0.005883	5.7
1937	-1.170575	103.389752	0.008028	6.7
1938	-1.686552	103.359325	0.008442	5.7
1939	-1.460016	103.328922	0.009184	6.1
1940	-0.000000	103.298543	0.000000	6.3
1941	-0.066145	103.268188	0.001325	5.9
1942	-0.173342	103.237857	0.001972	6.0
1943	-1.563735	103.207549	0.023417	6.4
1944	-0.399943	103.177265	0.013168	6.1
1945	-0.753588	103.147005	0.008729	5.6
1946	-1.433803	103.116768	0.013805	6.3
1947	-1.670093	103.086556	0.011206	6.1
1948	-0.000000	103.056366	0.000000	6.9
1949	-1.279586	103.026200	0.009621	6.1
1950	-0.934194	102.996058	0.011211	6.0
1951	-1.384402	102.965939	0.009538	6.5
1952	-0.252190	102.935844	0.002945	5.9
1953	-0.956385	102.905772	0.003742	6.5
1954	-1.044013	102.875724	0.006288	6.1
1955	-1.487993	102.845699	0.006601	5.9
1956	-1.549580	102.815697	0.010086	6.7
1957	-0.008720	102.785719	0.000804	5.5
1958	-1.511882	102.755764	0.005109	5.3
1959	-1.550326	102.725832	0.003862	6.4
1960	-1.319590	102.695924	0.013153	6.1
1961	-1.309234	102.666038	0.006671	6.3
1962	-1.246725	102.636176	0.012692	6.0
1963	-1.457821	102.606337	0.021980	5.2
1964	-1.096923	102.576521	0.008808	6.1
1965	-0.493500	102.546728	0.005405	5.3
1966	-1.430411	102.516959	0.006913	5.9
1967	-1.282800	102.487212	0.010021	5.8
1968	-1.426115	102.457488	0.004887	5.8
1969	-0.000000	102.427788	0.000000	5.8
1970	-0.421585	102.398110	0.002802	6.7
1971	-1.492891	102.368455	0.011323	5.7
1972	-0.048275	102.338823	0.000656	6.7
1973	-1.211774	102.309214	0.010190	4.9
1974	-0.246128	102.279628	0.004053	5.2
1975	-0.564264	102.250064	0.006776	6.4
1976	-1.474767	102.220524	0.013985	5.4
1977	-1.391050	102.191006	0.010893	5.7
1978	-1.316452	102.161511	0.008340	7.1
1979	-0.000000	102.132038	0.000000	6.2
1980	-0.973403	102.102588	0.008026	5.8
1981	-0.920473	102.073161	0.006591	6.2
1982	-1.399016	102.043757	0.003113	6.1
1983	-1.100441	102.014375	0.007593	6.5
1984	-0.000000	101.985015	0.000000	6.3
1985	-1.386895	101.955678	0.004978	5.7
1986	-0.000000	101.926364	0.000000	6.4
1987	-1.567400	101.897072	0.012956	6.1
1988	-0.000000	101.867802	0.000000	6.1
1989	-1.299166	101.838555	0.003666	6.9
1990	-1.330919	101.809330	0.013461	6.0
1991	-0.002228	101.780128	0.000314	6.9
1992	-1.640439	101.750948	0.008485	6.0
1993	-1.443010	101.721790	0.005909	6.7
1994	-0.317102	101.692654	0.002734	6.3
1995	-1.783182	101.663541	0.009715	6.1
1996	-1.682680	101.634450	0.008507	6.1
1997	-0.000015	101.605381	0.000003	6.5
1998	-1.605936	101.576335	0.017088	5.6
1999	-0.495597	101.547310	0.007604	6.1
