1:ItNr	2:Metric	3:StepSize	4:||Gradient||	Time[ms]
0	-0.095909	627.201626	0.004106	1035.8
1	-0.680552	623.504937	0.015222	8.0
2	-0.000000	619.865785	0.000000	6.7
3	-0.604854	616.282728	0.015327	7.5
4	-0.000000	612.754375	0.000000	5.9
5	-0.014846	609.279381	0.001563	5.5
6	-1.025866	605.856447	0.011858	7.6
7	-0.918884	602.484317	0.009523	6.4
8	-0.283618	599.161779	0.001295	7.2
9	-0.000000	595.887656	0.000000	5.2
10	-0.610136	592.660813	0.011962	7.4
11	-0.004953	589.480151	0.000938	6.1
12	-1.026422	586.344606	0.019256	6.5
13	-0.485975	583.253145	0.017048	6.1
14	-0.635773	580.204771	0.007884	6.2
15	-0.000000	577.198517	0.000000	6.8
16	-0.680309	574.233444	0.021971	6.2
17	-0.868436	571.308645	0.025254	6.1
18	-0.000001	568.423237	0.000000	6.7
19	-0.675161	565.576365	0.028334	5.4
20	-0.056970	562.767201	0.001027	5.5
21	-0.002587	559.994938	0.000380	6.7
22	-0.838335	557.258797	0.013716	5.8
23	-1.164205	554.558018	0.012410	6.3
24	-0.725770	551.891865	0.008992	5.5
25	-0.885412	549.259621	0.014017	6.1
26	-0.609262	546.660592	0.009824	6.2
27	-0.842753	544.094102	0.009819	6.1
28	-0.047222	541.559494	0.000850	5.2
29	-0.000446	539.056129	0.000084	6.6
30	-1.109882	536.583387	0.014447	5.7
31	-0.572959	534.140663	0.008969	6.5
32	-0.313562	531.727370	0.001340	8.4
33	-1.158188	529.342935	0.032819	6.3
34	-1.145883	526.986802	0.031940	6.4
35	-1.038862	524.658430	0.017616	5.7
36	-0.472791	522.357290	0.017953	7.2
37	-0.615475	520.082868	0.008728	6.3
38	-0.842823	517.834665	0.017698	6.0
39	-0.000000	515.612193	0.000000	7.6
40	-0.809036	513.414976	0.013710	6.8
41	-0.774511	511.242551	0.022237	8.4
42	-0.890521	509.094468	0.022244	6.7
43	-0.812828	506.970285	0.015600	8.1
44	-0.126218	504.869574	0.000775	6.1
45	-0.972053	502.791916	0.015722	7.1
46	-0.099122	500.736903	0.001867	6.3
47	-1.037643	498.704137	0.012860	6.6
48	-0.562167	496.693228	0.009403	8.9
49	-0.659933	494.703798	0.006086	6.2
50	-0.000000	492.735476	0.000000	6.2
51	-0.810692	490.787900	0.008513	5.8
52	-0.922531	488.860718	0.015530	6.1
53	-1.097613	486.953585	0.009631	6.7
54	-0.514634	485.066164	0.006209	5.2
55	-0.641729	483.198126	0.013591	7.1
56	-0.625541	481.349149	0.008076	5.9
57	-0.786920	479.518920	0.007846	6.5
58	-0.341578	477.707132	0.001778	7.1
59	-0.922324	475.913485	0.007339	6.6
60	-0.000339	474.137684	0.000078	8.1
61	-1.175284	472.379445	0.033140	6.1
62	-0.000000	470.638485	0.000000	5.8
63	-0.961056	468.914531	0.012550	6.6
64	-1.053284	467.207315	0.014754	7.4
65	-0.727516	465.516573	0.014880	7.2
66	-0.000000	463.842050	0.000000	6.6
67	-0.585889	462.183494	0.005765	7.1
68	-1.101327	460.540658	0.013749	5.9
69	-0.000076	458.913303	0.000021	5.8
70	-1.096279	457.301192	0.023080	6.7
71	-0.615913	455.704096	0.026112	6.1
72	-0.808590	454.121787	0.004904	6.4
73	-0.000587	452.554045	0.000112	6.5
74	-0.000000	451.000653	0.000000	5.6
75	-0.816790	449.461399	0.006519	6.7
76	-0.000000	447.936075	0.000000	5.4
77	-0.375229	446.424477	0.007486	5.8
78	-0.000000	444.926406	0.000000	7.1
79	-0.275641	443.441666	0.005169	6.0
80	-0.875134	441.970065	0.010551	5.7
81	-0.309455	440.511415	0.006209	6.5
82	-0.872351	439.065533	0.010528	5.6
83	-0.000000	437.632238	0.000000	6.5
84	-0.792915	436.211351	0.007132	6.3
85	-0.295360	434.802701	0.002044	5.3
86	-0.394908	433.406117	0.004523	7.9
87	-0.563574	432.021430	0.014373	6.6
88	-0.771607	430.648479	0.013922	6.3
89	-0.000000	429.287101	0.000000	5.9
90	-0.689002	427.937140	0.015575	4.9
91	-1.090500	426.598440	0.015291	7.6
92	-0.776685	425.270849	0.009966	5.6
93	-1.131218	423.954220	0.026625	6.8
94	-0.693780	422.648404	0.011120	5.7
95	-0.967940	421.353259	0.026474	5.2
96	-0.572605	420.068643	0.009825	5.7
97	-0.624893	418.794419	0.007494	6.1
98	-0.087876	417.530451	0.002992	6.0
99	-0.000000	416.276604	0.000000	6.8
100	-1.020543	415.032748	0.010171	5.6
101	-0.915934	413.798754	0.008172	5.2
102	-0.561944	412.574495	0.013918	6.4
103	-0.910351	411.359849	0.012107	5.6
104	-0.969994	410.154691	0.008504	6.3
105	-1.102931	408.958904	0.025562	5.5
106	-0.613165	407.772368	0.010895	6.0
107	-0.835284	406.594968	0.019216	6.6
108	-0.410576	405.426590	0.009882	6.6
109	-0.918785	404.267122	0.012150	5.6
110	-0.000000	403.116456	0.000000	6.1
111	-0.000000	401.974481	0.000000	5.7
112	-0.439315	400.841093	0.004037	5.7
113	-0.774980	399.716187	0.011009	6.3
114	-0.978197	398.599660	0.005698	5.4
115	-0.601496	397.491411	0.013075	6.3
116	-0.328547	396.391342	0.006143	6.3
117	-0.000000	395.299353	0.000000	5.9
118	-1.022856	394.215350	0.016004	7.1
119	-1.146868	393.139238	0.008804	6.1
120	-0.472132	392.070924	0.013426	7.6
121	-0.000000	391.010316	0.000000	5.5
122	-0.450392	389.957325	0.007845	6.1
123	-0.000000	388.911862	0.000000	6.4
124	-1.129613	387.873839	0.046126	5.1
125	-0.748375	386.843173	0.008875	6.2
126	-0.594084	385.819777	0.013532	7.0
127	-0.721206	384.803569	0.007752	5.9
128	-0.669154	383.794468	0.006051	6.7
129	-0.876698	382.792393	0.010667	5.5
130	-0.118096	381.797264	0.004055	5.7
131	-0.808052	380.809005	0.011054	6.5
132	0.000000	379.827537	0.000000	6.3
133	-0.926888	378.852786	0.018796	6.6
134	-0.812105	377.884678	0.004915	5.6
135	-0.207268	376.923138	0.003740	6.1
136	-0.486807	375.968095	0.001965	6.5
137	-0.083847	375.019479	0.001654	6.0
138	-0.534897	374.077218	0.003930	5.7
139	-0.784845	373.141244	0.012923	5.9
140	-0.000000	372.211489	0.000000	5.4
141	-0.014623	371.287887	0.001290	5.4
142	-0.158130	370.370370	0.005513	6.3
143	-1.227094	369.458876	0.011452	6.1
144	-0.121943	368.553338	0.001302	5.9
145	-0.601191	367.653696	0.011327	6.3
146	-0.073986	366.759885	0.000757	5.6
147	-0.622300	365.871846	0.004702	6.7
148	-0.977771	364.989518	0.007476	6.1
149	-0.510222	364.112841	0.008015	6.1
150	-0.832267	363.241757	0.014922	7.1
151	-0.810772	362.376208	0.003852	6.1
152	-0.001784	361.516137	0.000249	7.3
153	-0.752264	360.661488	0.017199	5.5
154	-0.813324	359.812206	0.012979	6.5
155	-0.060007	358.968236	0.001850	6.7
156	-0.576717	358.129524	0.007271	6.1
157	-0.665562	357.296018	0.016133	6.6
158	-0.260110	356.467665	0.005681	5.5
159	-0.139539	355.644414	0.002856	6.1
160	-0.135974	354.826213	0.003701	6.3
161	-1.084264	354.013012	0.022121	6.1
162	-0.000295	353.204763	0.000020	6.3
163	-0.000000	352.401415	0.000000	6.7
164	-0.944607	351.602922	0.027023	6.5
165	-1.062058	350.809235	0.008981	6.5
166	-0.185410	350.020308	0.002684	7.1
167	-0.847942	349.236095	0.013268	6.8
168	-0.022888	348.456550	0.000818	7.4
169	-1.051971	347.681627	0.013773	6.3
170	-0.000000	346.911283	0.000000	7.7
171	-0.952819	346.145474	0.016880	7.1
172	-1.110330	345.384157	0.006617	6.7
173	-0.382861	344.627288	0.008902	6.0
174	-1.015048	343.874826	0.014663	5.6
175	-0.987679	343.126729	0.017957	6.5
176	-0.913045	342.382957	0.010272	6.1
177	-1.202465	341.643469	0.015432	6.9
178	-0.589209	340.908224	0.012058	6.9
179	-0.582226	340.177184	0.004121	6.0
180	-0.148444	339.450309	0.002392	7.4
181	-0.240961	338.727561	0.003271	5.5
182	-0.960541	338.008902	0.014514	6.6
183	-0.681818	337.294295	0.005452	5.3
184	-0.942421	336.583703	0.005935	4.9
185	-0.855742	335.877089	0.032950	5.4
186	-0.859970	335.174416	0.005264	6.6
187	-0.071146	334.475651	0.002637	6.0
188	-0.366372	333.780756	0.015177	6.6
189	-0.767540	333.089698	0.026035	5.3
190	-0.907143	332.402443	0.006362	5.0
191	-0.000000	331.718955	0.000000	5.7
192	-0.949000	331.039203	0.020316	5.6
193	-0.000000	330.363153	0.000000	6.2
194	-0.237257	329.690771	0.004719	6.4
195	-0.582048	329.022027	0.011002	5.9
196	-0.988432	328.356888	0.027601	8.1
197	-0.000902	327.695322	0.000177	6.5
198	-0.280078	327.037299	0.002030	5.5
199	-0.830135	326.382787	0.012285	6.2
200	-0.504074	325.731758	0.009073	5.6
201	-0.037271	325.084179	0.001836	7.1
202	-0.073389	324.440023	0.002030	6.1
203	-0.000000	323.799258	0.000000	6.1
204	-0.903918	323.161858	0.009274	7.3
205	-0.068882	322.527792	0.001957	6.5
206	-0.537558	321.897034	0.005830	6.9
207	-0.000053	321.269554	0.000016	5.4
208	-1.056225	320.645325	0.024922	5.9
209	-0.549199	320.024320	0.010089	6.8
210	-1.134388	319.406512	0.028562	6.0
211	-1.167436	318.791875	0.015317	7.6
212	-1.293683	318.180381	0.020193	6.5
213	-1.087762	317.572005	0.007630	6.3
214	-0.000000	316.966721	0.000000	8.1
215	-0.082847	316.364504	0.001041	6.0
216	-0.000000	315.765329	0.000000	6.4
217	-0.218209	315.169170	0.004534	6.0
218	-0.010355	314.576003	0.000449	6.4
219	-0.002102	313.985804	0.000103	7.9
220	-1.264825	313.398548	0.027460	7.1
221	-0.661021	312.814213	0.012037	6.7
222	-0.443850	312.232773	0.001470	5.6
223	-1.109851	311.654207	0.029583	6.9
224	-0.174184	311.078491	0.006168	7.4
225	0.000000	310.505602	0.000000	6.0
226	-0.822518	309.935518	0.013243	6.8
227	-0.000000	309.368217	0.000000	5.5
228	-1.173015	308.803676	0.034382	6.0
229	-0.618353	308.241874	0.010551	6.3
230	-0.110455	307.682789	0.003312	5.1
231	-0.000339	307.126400	0.000083	7.1
232	-0.057199	306.572687	0.001299	5.9
233	-0.685115	306.021627	0.022944	5.6
234	-0.291210	305.473201	0.002316	6.9
235	-0.824774	304.927388	0.009280	5.9
236	-1.103439	304.384168	0.016253	7.0
237	-0.219621	303.843521	0.004842	6.5
238	-0.592747	303.305427	0.007563	5.7
239	-0.412764	302.769867	0.005090	6.5
240	-0.018587	302.236821	0.000844	6.0
241	-0.996606	301.706270	0.012409	6.0
242	-0.882292	301.178196	0.007790	7.9
243	-0.557665	300.652580	0.006260	6.0
244	-0.344214	300.129402	0.005013	6.7
245	-0.699948	299.608645	0.020864	5.5
246	-0.960295	299.090291	0.007284	5.9
247	-1.216805	298.574321	0.013765	6.1
248	-0.000002	298.060718	0.000001	5.1
249	-0.000000	297.549465	0.000000	5.7
250	-0.063844	297.040543	0.001632	7.0
251	-0.584586	296.533936	0.014377	5.8
252	-0.228473	296.029626	0.005194	6.0
253	-0.776447	295.527597	0.005205	6.3
254	-0.000000	295.027832	0.000000	5.8
255	-0.593101	294.530315	0.009095	7.4
256	-0.790416	294.035028	0.009541	6.1
257	-0.647255	293.541956	0.004953	6.8
258	-1.174908	293.051083	0.008996	6.5
259	-1.053490	292.562393	0.014912	6.3
260	-0.000000	292.075870	0.000000	6.8
261	-0.924509	291.591498	0.026301	5.6
262	-0.781632	291.109263	0.007896	5.4
263	-0.112534	290.629149	0.002281	6.5
264	-0.048987	290.151140	0.002352	7.2
265	-0.575200	289.675222	0.006677	8.1
266	-0.767349	289.201380	0.018203	6.2
267	-0.580170	288.729600	0.008106	6.5
268	-0.088451	288.259866	0.001092	5.6
269	-1.151086	287.792165	0.022522	6.3
270	-0.718736	287.326481	0.013930	6.6
271	-0.752320	286.862802	0.012827	6.6
272	-0.325244	286.401113	0.002119	6.5
273	-0.577075	285.941400	0.022269	6.1
274	-0.726766	285.483649	0.014920	6.2
275	-0.001092	285.027847	0.000110	6.2
276	-1.071373	284.573981	0.014319	6.8
277	-0.660593	284.122037	0.004784	6.6
278	-0.586489	283.672002	0.014356	5.9
279	-0.000000	283.223863	0.000000	6.5
280	-1.008916	282.777607	0.016707	6.6
281	-0.000000	282.333221	0.000000	5.5
282	-0.255017	281.890692	0.004024	5.1
283	-0.000000	281.450008	0.000000	7.0
284	-0.725171	281.011157	0.010811	5.2
285	-0.400028	280.574125	0.010951	6.1
286	-0.899142	280.138901	0.011622	6.0
287	-0.565706	279.705473	0.014176	5.9
288	-1.185512	279.273829	0.013010	6.7
289	-0.588610	278.843956	0.008760	6.1
290	-0.238944	278.415844	0.004606	5.6
291	0.000000	277.989479	0.000000	6.7
292	-0.854861	277.564851	0.012807	5.7
293	-0.984448	277.141949	0.021347	5.2
294	-0.983043	276.720761	0.015631	6.9
295	-1.058112	276.301275	0.020736	6.0
296	-0.000000	275.883480	0.000000	5.0
297	-0.438341	275.467366	0.011134	5.9
298	-0.941559	275.052922	0.015273	5.5
299	-0.930860	274.640136	0.008183	5.7
300	-0.145547	274.228998	0.001430	5.9
301	-1.016849	273.819497	0.030820	6.3
302	-0.499317	273.411623	0.010453	6.3
303	-0.000000	273.005365	0.000000	5.2
304	-0.323460	272.600712	0.005937	5.2
305	-0.000000	272.197655	0.000000	6.0
306	-0.000000	271.796184	0.000000	5.9
307	-0.000429	271.396287	0.000053	5.8
308	-0.003487	270.997956	0.000059	6.1
309	-0.000000	270.601180	0.000000	5.9
310	-0.000000	270.205949	0.000000	6.5
311	-0.486194	269.812254	0.015898	5.7
312	-0.602697	269.420085	0.008266	6.3
313	-0.515999	269.029432	0.010839	7.5
314	-0.000000	268.640287	0.000000	6.1
315	-0.813908	268.252638	0.007533	6.2
316	-0.329021	267.866478	0.004349	8.2
317	-0.149993	267.481796	0.004034	8.3
318	-0.906976	267.098584	0.009011	8.1
319	-0.966355	266.716833	0.012306	7.7
320	-0.397253	266.336533	0.006108	8.1
321	-0.000000	265.957676	0.000000	7.0
322	-1.041578	265.580253	0.011899	6.9
323	-0.214675	265.204254	0.002632	7.0
324	-0.844588	264.829672	0.012369	7.0
325	-0.767925	264.456497	0.011987	6.3
326	-1.051477	264.084721	0.016072	5.9
327	-0.531562	263.714335	0.008738	7.8
328	-0.000000	263.345332	0.000000	6.5
329	-0.001564	262.977702	0.000129	7.2
330	-1.032045	262.611438	0.029538	6.3
331	-0.357504	262.246531	0.005894	7.2
332	-0.757767	261.882973	0.008984	6.5
333	-0.405661	261.520756	0.011380	6.9
334	-0.938115	261.159871	0.010939	6.9
335	-0.239218	260.800312	0.002948	5.3
336	-1.277499	260.442070	0.010607	6.8
337	-0.529013	260.085137	0.013477	6.6
338	-0.360787	259.729505	0.006006	5.5
339	-0.094677	259.375167	0.001131	7.0
340	0.000000	259.022116	0.000000	6.5
341	-0.000000	258.670343	0.000000	7.9
342	-1.137109	258.319841	0.006835	6.3
343	-1.027438	257.970602	0.013789	6.1
344	-1.009489	257.622620	0.017646	7.3
345	-1.147162	257.275887	0.028029	6.1
346	-0.921759	256.930396	0.006646	6.8
347	-0.901484	256.586139	0.032503	5.9
348	-0.000000	256.243109	0.000000	6.0
349	-0.836515	255.901300	0.024844	9.0
350	-0.073338	255.560703	0.002285	7.3
351	-0.796401	255.221313	0.021862	7.6
352	-0.744057	254.883122	0.006881	5.8
353	-0.823650	254.546124	0.012658	6.9
354	-0.000613	254.210311	0.000105	5.5
355	-0.672511	253.875677	0.005561	5.9
356	-0.841878	253.542215	0.011126	6.6
357	-1.186500	253.209918	0.011962	5.8
358	-0.000022	252.878781	0.000004	6.2
359	-0.196354	252.548795	0.004159	6.2
360	-0.000881	252.219956	0.000053	5.9
361	-0.040195	251.892255	0.001870	6.2
362	-0.950229	251.565688	0.010272	5.6
363	-0.876550	251.240247	0.007692	6.6
364	-0.997546	250.915926	0.025857	6.0
365	-0.876253	250.592720	0.012361	5.6
366	-0.036760	250.270621	0.000489	5.4
367	-0.472876	249.949624	0.009881	6.9
368	-0.024545	249.629723	0.001321	5.4
369	-0.118800	249.310911	0.006083	6.0
370	-0.638421	248.993182	0.021818	6.6
371	-0.803783	248.676531	0.009751	5.8
372	-0.000000	248.360952	0.000000	6.8
373	-0.913691	248.046438	0.011198	4.9
374	-0.000062	247.732984	0.000012	5.4
375	-0.000719	247.420584	0.000097	6.3
376	-1.170893	247.109233	0.030051	5.9
377	-0.866615	246.798924	0.009486	5.8
378	-0.000000	246.489652	0.000000	6.8
379	-0.018025	246.181412	0.001204	5.7
380	-0.000000	245.874197	0.000000	7.8
381	-1.186326	245.568002	0.011315	6.1
382	-0.881765	245.262822	0.007550	5.4
383	-0.007580	244.958652	0.000885	7.0
384	-0.984001	244.655485	0.010898	6.0
385	-0.000000	244.353317	0.000000	6.1
386	-0.788376	244.052142	0.009336	6.6
387	-0.275971	243.751955	0.004653	5.8
388	-0.271308	243.452750	0.003725	6.3
389	-0.141350	243.154523	0.002623	6.3
390	-0.744265	242.857268	0.021175	7.3
391	-1.238578	242.560980	0.021322	5.7
392	-0.251946	242.265654	0.007787	5.9
393	-0.221755	241.971285	0.005639	6.7
394	-0.046190	241.677868	0.002301	6.1
395	-0.867415	241.385397	0.011095	6.0
396	-1.009942	241.093869	0.010430	6.4
397	-0.190233	240.803278	0.004179	5.7
398	-0.435011	240.513619	0.006673	6.3
399	-0.801583	240.224887	0.010219	6.0
400	-1.082395	239.937077	0.009694	5.7
401	-1.014344	239.650186	0.007635	6.0
402	-0.967511	239.364207	0.014887	5.5
403	-0.042863	239.079136	0.001346	5.3
404	-1.055270	238.794969	0.015359	6.3
405	-0.918383	238.511701	0.038519	6.1
406	-0.149415	238.229327	0.002865	6.0
407	-0.018149	237.947843	0.000640	6.5
408	-0.000000	237.667244	0.000000	4.8
409	-0.490181	237.387526	0.006137	6.0
410	-0.769006	237.108684	0.007098	6.6
411	-0.715028	236.830714	0.008133	5.7
412	-0.371561	236.553610	0.001752	6.8
413	-1.102264	236.277370	0.018312	5.8
414	-0.951360	236.001989	0.038095	6.0
415	-0.711604	235.727461	0.013057	7.0
416	-0.714653	235.453784	0.009988	6.0
417	-0.715744	235.180952	0.006175	8.0
418	-0.046949	234.908962	0.001343	6.5
419	-0.796868	234.637809	0.007218	6.6
420	-0.587014	234.367488	0.006516	7.2
421	-1.124292	234.097997	0.051544	6.3
422	-0.316032	233.829331	0.002972	6.6
423	-0.000000	233.561485	0.000000	6.1
424	-0.846714	233.294456	0.008430	5.1
425	-0.856920	233.028239	0.006446	7.3
426	-0.019068	232.762831	0.000345	6.6
427	-1.068134	232.498228	0.012969	7.4
428	-0.503775	232.234425	0.010391	5.5
429	-0.995742	231.971419	0.025105	5.3
430	-0.821004	231.709205	0.012373	6.8
431	-0.173366	231.447781	0.002578	5.7
432	-0.990739	231.187141	0.007855	6.5
433	-0.301652	230.927283	0.002904	7.6
434	-1.256128	230.668202	0.019952	6.0
435	-0.736924	230.409895	0.008232	7.0
436	-0.970409	230.152358	0.011952	6.2
437	-0.024168	229.895587	0.002338	6.3
438	-1.103286	229.639578	0.019824	7.2
439	-0.345888	229.384329	0.009118	6.2
440	-0.056049	229.129834	0.001415	7.4
441	-0.008604	228.876091	0.000933	5.8
442	-0.023298	228.623096	0.000838	7.6
443	-0.336107	228.370846	0.001731	6.1
444	-0.585404	228.119336	0.005801	5.9
445	-0.908792	227.868563	0.009362	6.5
446	-1.155355	227.618525	0.022318	5.8
447	-0.000592	227.369216	0.000113	6.5
448	-0.202403	227.120635	0.004273	7.0
449	-0.000000	226.872777	0.000000	5.4
450	-0.004540	226.625638	0.000274	7.2
451	-0.932592	226.379217	0.003998	5.9
452	-0.432743	226.133509	0.005548	6.9
453	-0.000000	225.888510	0.000000	6.6
454	-0.276925	225.644218	0.003858	5.9
455	-0.707368	225.400630	0.012595	6.6
456	-0.000000	225.157741	0.000000	6.6
457	-0.933792	224.915549	0.028000	7.0
458	-1.054149	224.674051	0.009438	5.6
459	-0.000000	224.433242	0.000000	5.4
460	-0.125828	224.193121	0.002001	6.4
461	-1.038653	223.953684	0.006957	5.9
462	-0.909579	223.714927	0.007549	5.4
463	-0.329316	223.476848	0.004711	6.1
464	-0.000013	223.239444	0.000001	5.8
465	-1.215337	223.002710	0.007359	6.2
466	-0.000000	222.766645	0.000000	6.3
467	-0.116836	222.531245	0.003615	5.0
468	-0.758020	222.296508	0.024901	6.5
469	-1.139643	222.062429	0.042351	5.7
470	-0.490459	221.829007	0.007074	6.2
471	-0.646940	221.596238	0.007459	7.7
472	-0.974903	221.364119	0.007783	9.4
473	-0.744640	221.132647	0.009904	8.8
474	-0.831541	220.901820	0.008553	8.0
475	-0.951717	220.671634	0.026052	9.4
476	-1.050108	220.442086	0.017905	6.6
477	-0.000000	220.213174	0.000000	7.0
478	-0.111580	219.984895	0.002932	6.7
479	-0.159591	219.757246	0.003627	7.3
480	-0.971244	219.530224	0.010412	7.0
481	-0.000000	219.303826	0.000000	8.1
482	-0.000000	219.078050	0.000000	6.9
483	-0.000014	218.852893	0.000005	6.4
484	-0.567319	218.628352	0.004206	6.2
485	-0.849377	218.404424	0.010042	5.7
486	-0.000001	218.181106	0.000000	6.3
487	-1.061609	217.958397	0.005589	7.0
488	-0.839735	217.736292	0.024418	6.5
489	-0.000000	217.514790	0.000000	7.3
490	-0.000000	217.293888	0.000000	6.1
491	-0.380426	217.073584	0.004675	7.2
492	-0.061490	216.853873	0.001383	5.7
493	-1.029079	216.634755	0.025577	5.5
494	-0.000000	216.416227	0.000000	7.1
495	-1.224596	216.198285	0.014097	6.1
496	-0.594201	215.980927	0.006237	6.5
497	-0.921557	215.764151	0.012865	6.3
498	-0.357626	215.547955	0.007370	6.7
499	-1.081900	215.332335	0.013556	7.1
500	-0.248699	215.117289	0.007581	6.5
501	-0.251362	214.902815	0.004604	7.1
502	-0.000004	214.688911	0.000001	6.6
503	-1.011829	214.475573	0.006739	6.1
504	-0.528050	214.262800	0.013612	7.4
505	-0.679776	214.050588	0.019609	5.9
506	-0.410967	213.838936	0.007825	6.3
507	-1.018700	213.627842	0.007893	5.3
508	-0.026003	213.417302	0.000883	6.2
509	-0.679491	213.207314	0.012682	6.9
510	-1.054834	212.997877	0.012367	5.0
511	-0.000153	212.788987	0.000021	5.6
512	-0.481555	212.580642	0.007980	6.7
513	-1.144174	212.372841	0.027515	5.7
514	-0.000000	212.165581	0.000000	5.4
515	-0.877758	211.958859	0.013635	5.4
516	-0.524010	211.752673	0.008215	5.7
517	-1.201456	211.547021	0.013633	6.7
518	-0.685287	211.341902	0.017171	5.5
519	-0.602355	211.137311	0.008855	5.9
520	-0.184380	210.933248	0.001700	6.4
521	-0.043914	210.729710	0.001508	5.9
522	-1.108580	210.526695	0.011053	5.7
523	-0.738365	210.324200	0.009526	6.1
524	-1.115885	210.122224	0.013787	6.4
525	-0.033972	209.920765	0.001264	6.6
526	-0.000000	209.719820	0.000000	5.7
527	-0.652027	209.519387	0.007275	6.0
528	-1.000199	209.319463	0.016380	6.7
529	-0.369144	209.120048	0.002920	6.5
530	-0.913437	208.921139	0.012138	5.0
531	-0.000950	208.722733	0.000136	6.4
532	-0.226855	208.524829	0.002991	5.8
533	-0.608430	208.327425	0.006441	5.9
534	-0.609134	208.130518	0.005602	6.4
535	-0.130119	207.934107	0.001163	6.0
536	-0.827320	207.738189	0.008515	6.4
537	-0.000000	207.542762	0.000000	6.3
538	-0.766094	207.347825	0.013830	6.2
539	-1.122567	207.153376	0.017887	6.7
540	-0.215575	206.959412	0.003437	6.6
541	-0.646951	206.765932	0.012531	6.7
542	-0.000012	206.572933	0.000002	7.2
543	-0.197939	206.380414	0.003335	5.9
544	-0.000000	206.188373	0.000000	6.7
545	-0.198123	205.996807	0.001805	6.0
546	-0.867810	205.805716	0.025002	6.3
547	-1.110899	205.615096	0.006678	5.6
548	-1.009328	205.424946	0.008617	6.5
549	-0.233716	205.235265	0.001427	6.8
550	-0.524565	205.046050	0.021400	5.5
551	-0.843947	204.857299	0.017544	6.0
552	-0.562313	204.669011	0.004832	6.3
553	-0.929900	204.481184	0.009217	6.6
554	-0.773150	204.293816	0.008039	7.3
555	-0.604539	204.106905	0.012417	5.9
556	-0.664133	203.920449	0.006446	6.3
557	-0.605758	203.734447	0.004795	6.9
558	-1.090640	203.548896	0.012377	5.6
559	-1.058476	203.363795	0.014126	6.9
560	-0.166995	203.179143	0.001507	5.6
561	-1.018991	202.994937	0.019139	6.1
562	-0.255210	202.811176	0.005248	6.6
563	-0.911052	202.627857	0.006220	6.4
564	-0.001475	202.444980	0.000114	6.4
565	-1.135789	202.262543	0.007193	5.5
566	-0.691718	202.080543	0.011331	6.6
567	-1.094834	201.898979	0.008975	6.9
568	-0.000866	201.717849	0.000124	6.0
569	-0.118861	201.537153	0.001750	7.1
570	-0.507059	201.356887	0.005349	5.5
571	-0.021564	201.177050	0.000235	5.9
572	-0.856421	200.997642	0.015566	7.6
573	-0.000000	200.818659	0.000000	5.8
574	-1.009633	200.640100	0.007053	6.1
575	-0.530646	200.461965	0.018241	5.8
576	-0.946376	200.284250	0.006344	5.4
577	-0.000000	200.106955	0.000000	7.1
578	-1.086970	199.930078	0.011187	5.5
579	-0.000000	199.753617	0.000000	5.7
580	-0.624144	199.577571	0.008733	6.8
581	-0.000000	199.401938	0.000000	4.8
582	-0.000000	199.226717	0.000000	5.5
583	-1.009807	199.051905	0.010513	6.0
584	-0.871838	198.877502	0.006316	5.0
585	-0.917345	198.703506	0.007793	6.8
586	-0.798407	198.529916	0.019560	6.2
587	-0.000013	198.356729	0.000003	5.4
588	-0.670080	198.183944	0.008396	7.1
589	-0.513340	198.011560	0.007052	6.2
590	-0.823931	197.839576	0.003624	6.0
591	-0.000000	197.667989	0.000000	6.5
592	-0.348482	197.496798	0.003709	6.1
593	-0.000829	197.326002	0.000037	7.0
594	-1.174231	197.155600	0.017078	5.7
595	0.000000	196.985589	0.000000	6.0
596	-0.011589	196.815969	0.001120	6.0
597	-0.526831	196.646738	0.009405	6.0
598	-0.554260	196.477894	0.007167	5.7
599	-0.001000	196.309436	0.000059	7.2
600	-0.989180	196.141363	0.013470	6.2
601	-1.099542	195.973673	0.016857	6.8
602	-0.219719	195.806365	0.003564	5.6
603	-0.485343	195.639437	0.005600	5.9
604	-0.931313	195.472888	0.008614	6.6
605	-0.713993	195.306717	0.018142	6.7
606	-0.616407	195.140922	0.006267	6.1
607	-0.781368	194.975501	0.010170	6.4
608	-0.852097	194.810454	0.006175	6.5
609	-0.000000	194.645779	0.000000	6.6
610	-0.613402	194.481475	0.010267	6.0
611	-0.498621	194.317540	0.006944	7.2
612	-0.000007	194.153973	0.000001	6.8
613	-1.002983	193.990773	0.009837	6.1
614	-0.908485	193.827938	0.011078	6.2
615	-0.696698	193.665467	0.007256	6.7
616	-0.047591	193.503358	0.001655	5.4
617	-0.640123	193.341611	0.012576	6.4
618	-0.000000	193.180224	0.000000	6.0
619	-1.033978	193.019196	0.008419	6.3
620	-0.517616	192.858525	0.009973	6.2
621	-0.884470	192.698210	0.028259	5.2
622	-1.076173	192.538251	0.024436	6.3
623	-1.070871	192.378644	0.018100	6.0
624	-1.037609	192.219391	0.015341	5.8
625	-0.531124	192.060488	0.005513	6.3
626	-0.872132	191.901935	0.017984	6.3
627	-0.000000	191.743730	0.000000	7.1
628	-0.851350	191.585873	0.024527	5.7
629	-0.000000	191.428362	0.000000	5.3
630	-0.251838	191.271196	0.002364	6.2
631	-0.000000	191.114374	0.000000	5.6
632	-0.874842	190.957893	0.024704	6.5
633	-1.054587	190.801755	0.023775	5.7
634	-1.062561	190.645956	0.007488	5.3
635	-0.557367	190.490495	0.010640	6.0
636	-1.152808	190.335373	0.008065	6.7
637	-1.068962	190.180587	0.009597	6.6
638	-0.000317	190.026136	0.000030	6.8
639	-0.177670	189.872019	0.004314	6.1
640	-0.925072	189.718235	0.007726	6.4
641	-1.041557	189.564782	0.010104	6.8
642	-0.150322	189.411661	0.003460	6.3
643	-0.760546	189.258868	0.013197	6.3
644	-1.073149	189.106404	0.012657	5.5
645	-0.808715	188.954267	0.009444	6.3
646	-0.000000	188.802456	0.000000	6.2
647	-1.007208	188.650969	0.008552	5.7
648	-0.669096	188.499807	0.009606	6.4
649	-0.853889	188.348967	0.009579	6.0
650	-0.000000	188.198448	0.000000	6.6
651	-0.990365	188.048250	0.015477	6.6
652	-1.155105	187.898371	0.046282	6.3
653	-0.000000	187.748810	0.000000	6.2
654	-0.758518	187.599566	0.011583	6.1
655	-1.128751	187.450638	0.011480	6.8
656	-0.258828	187.302025	0.005952	6.9
657	-0.000000	187.153725	0.000000	7.1
658	-0.000627	187.005739	0.000154	5.8
659	-0.888913	186.858064	0.013555	5.9
660	-1.153385	186.710699	0.006766	5.1
661	-1.159974	186.563645	0.013512	6.3
662	-0.818546	186.416898	0.009916	6.0
663	-0.000047	186.270459	0.000012	6.3
664	-0.000000	186.124326	0.000000	6.9
665	-0.837945	185.978499	0.004273	5.9
666	-0.975870	185.832976	0.037233	6.8
667	-0.520494	185.687756	0.006100	6.5
668	-1.160365	185.542838	0.012144	5.8
669	-0.923374	185.398222	0.012138	6.1
670	-1.091450	185.253906	0.010726	6.1
671	-0.974309	185.109889	0.010828	6.1
672	-1.137494	184.966170	0.011485	5.6
673	-0.000000	184.822748	0.000000	5.7
674	-0.567506	184.679623	0.006016	5.8
675	-0.265948	184.536792	0.005219	7.4
676	-0.000000	184.394256	0.000000	5.2
677	-0.028110	184.252013	0.001280	6.3
678	-0.838502	184.110062	0.009744	6.2
679	-0.719279	183.968403	0.004345	5.7
680	-0.984938	183.827034	0.009691	6.5
681	-0.995023	183.685954	0.027839	5.8
682	-0.191768	183.545163	0.002459	5.2
683	-0.371620	183.404658	0.008949	6.4
684	-1.007649	183.264441	0.017452	5.8
685	-0.927723	183.124509	0.011128	6.2
686	-1.114027	182.984861	0.015864	6.0
687	-0.000506	182.845497	0.000008	5.4
688	-0.951017	182.706416	0.006537	6.2
689	-0.606625	182.567616	0.019220	5.9
690	-0.667150	182.429098	0.012370	6.0
691	-0.811509	182.290859	0.011753	6.8
692	-0.952540	182.152899	0.009950	6.2
693	-0.000000	182.015217	0.000000	5.6
694	-0.205311	181.877813	0.002916	6.7
695	-0.000191	181.740684	0.000064	6.1
696	-0.000000	181.603832	0.000000	6.8
697	-0.729228	181.467253	0.007819	6.2
698	-0.000000	181.330948	0.000000	6.1
699	-0.626756	181.194916	0.009438	6.8
700	-0.000000	181.059155	0.000000	6.0
701	-0.383345	180.923666	0.006594	7.2
702	-0.000000	180.788446	0.000000	6.4
703	-0.658919	180.653496	0.021726	6.3
704	-0.655748	180.518814	0.008494	6.0
705	-0.971744	180.384399	0.023421	6.5
706	-1.095328	180.250251	0.031175	6.5
707	-0.000000	180.116369	0.000000	6.1
708	-0.000000	179.982752	0.000000	6.1
709	-0.982088	179.849398	0.008278	7.1
710	-0.065046	179.716308	0.002302	6.2
711	-0.236826	179.583480	0.004970	6.6
712	-0.942188	179.450913	0.005950	6.7
713	-0.315903	179.318607	0.003321	6.0
714	-0.000000	179.186561	0.000000	6.3
715	-1.093105	179.054774	0.008473	5.6
716	-1.073193	178.923245	0.009438	6.7
717	-0.002063	178.791973	0.000091	6.0
718	-0.079807	178.660958	0.002486	5.3
719	-1.022191	178.530199	0.028570	6.9
720	-0.759022	178.399694	0.023550	5.7
721	-0.961378	178.269444	0.013737	5.8
722	-0.977039	178.139447	0.011924	6.6
723	-0.103148	178.009702	0.002099	5.2
724	-0.885052	177.880209	0.023544	6.4
725	-0.760037	177.750967	0.013859	6.1
726	-0.439532	177.621975	0.004674	4.9
727	-0.930291	177.493232	0.009102	6.0
728	-1.119770	177.364738	0.013834	6.2
729	-0.634252	177.236492	0.004207	5.8
730	-1.044716	177.108492	0.037577	6.5
731	-0.021262	176.980739	0.000532	5.4
732	-0.715005	176.853231	0.005999	6.2
733	-0.000000	176.725968	0.000000	6.0
734	-0.545149	176.598949	0.007323	5.4
735	-1.052242	176.472173	0.007436	6.3
736	-1.167007	176.345639	0.024803	6.7
737	-0.000000	176.219348	0.000000	6.0
738	-0.000885	176.093296	0.000072	6.7
739	-0.000000	175.967486	0.000000	6.1
740	-1.195387	175.841914	0.010440	6.1
741	-0.275036	175.716581	0.003675	5.8
742	-0.932647	175.591486	0.009190	5.3
743	-1.007571	175.466629	0.009455	5.9
744	-1.147706	175.342008	0.017370	6.8
745	-0.000782	175.217622	0.000088	6.7
746	-0.001080	175.093472	0.000094	7.0
747	-0.916591	174.969556	0.006113	6.2
748	-1.198881	174.845873	0.016891	6.3
749	-0.690407	174.722423	0.008129	6.2
750	-1.162114	174.599206	0.009294	5.9
751	-1.079805	174.476220	0.013284	6.5
752	-0.387550	174.353464	0.006663	6.2
753	-0.871692	174.230939	0.020824	5.5
754	-0.670225	174.108643	0.007230	6.6
755	-0.463668	173.986576	0.005971	5.7
756	-0.006132	173.864737	0.000221	5.5
757	-0.684233	173.743124	0.008750	6.4
758	-0.000242	173.621739	0.000067	6.5
759	-0.128130	173.500579	0.003049	6.1
760	-0.001085	173.379645	0.000328	5.4
761	-0.729321	173.258935	0.012718	5.4
762	-0.922021	173.138449	0.021313	5.5
763	-0.485167	173.018186	0.003996	6.1
764	-0.934361	172.898146	0.006437	6.2
765	-0.000795	172.778327	0.000314	6.6
766	-0.005037	172.658730	0.000487	5.2
767	-1.045102	172.539353	0.015047	5.6
768	-0.274814	172.420196	0.005017	6.1
769	-0.803884	172.301258	0.011832	5.7
770	-0.492405	172.182539	0.011797	6.2
771	-0.944691	172.064037	0.010764	6.0
772	-1.016243	171.945753	0.016441	5.4
773	-1.014981	171.827686	0.016442	6.3
774	-0.691270	171.709834	0.008159	5.7
775	-0.898912	171.592198	0.007735	5.8
776	-0.972209	171.474776	0.013031	5.9
777	-0.856521	171.357568	0.018436	5.6
778	-0.683390	171.240574	0.006420	5.6
779	-0.000000	171.123793	0.000000	6.9
780	-0.232310	171.007223	0.002791	5.4
781	-1.020634	170.890865	0.014703	6.7
782	-0.711566	170.774718	0.008719	6.3
783	-0.178008	170.658782	0.004183	6.5
784	-0.394917	170.543055	0.005500	6.9
785	-1.238914	170.427537	0.006982	5.9
786	-0.518369	170.312227	0.012982	6.1
787	-1.165620	170.197125	0.015242	6.0
788	-0.793585	170.082231	0.006163	5.6
789	-0.009724	169.967543	0.000423	7.5
790	-0.358290	169.853061	0.003864	5.5
791	-1.182905	169.738784	0.010911	5.9
792	-0.000000	169.624713	0.000000	6.6
793	-0.134524	169.510845	0.003224	6.1
794	-1.223180	169.397181	0.008662	7.0
795	-0.414001	169.283720	0.003796	6.2
796	-0.947411	169.170462	0.006583	5.8
797	-0.071921	169.057405	0.001838	6.6
798	-0.291434	168.944549	0.004341	6.4
799	-0.748562	168.831895	0.007800	6.3
800	-0.841963	168.719440	0.017756	6.2
801	-1.097045	168.607185	0.021936	5.9
802	-0.444614	168.495129	0.004228	6.9
803	-0.493420	168.383271	0.006906	5.9
804	-0.000000	168.271611	0.000000	6.6
805	-0.742630	168.160148	0.003454	6.2
806	-0.177116	168.048882	0.002417	6.1
807	-0.917113	167.937812	0.009871	6.6
808	-0.041561	167.826938	0.001587	5.9
809	-0.755463	167.716258	0.010524	5.8
810	-0.000000	167.605773	0.000000	6.6
811	-1.174543	167.495482	0.011027	5.9
812	-0.520153	167.385384	0.007241	6.3
813	-0.730635	167.275479	0.010550	6.5
814	-0.739095	167.165766	0.007393	5.8
815	-0.000000	167.056245	0.000000	7.0
816	-0.235937	166.946915	0.002427	6.4
817	-0.000000	166.837776	0.000000	6.6
818	-0.002863	166.728826	0.000080	5.7
819	-0.659905	166.620067	0.006619	5.8
820	-1.163561	166.511496	0.008861	5.7
821	-0.000000	166.403113	0.000000	5.1
822	-0.000000	166.294919	0.000000	5.5
823	-0.589310	166.186912	0.006988	6.8
824	-1.185505	166.079091	0.007337	5.6
825	-0.891695	165.971458	0.006506	4.9
826	-0.694633	165.864009	0.013276	6.6
827	-0.752444	165.756747	0.009198	5.3
828	-0.942307	165.649669	0.012694	6.1
829	-0.875369	165.542775	0.008285	6.4
830	-0.001461	165.436065	0.000193	5.7
831	-0.846029	165.329538	0.011558	5.4
832	-1.034621	165.223194	0.010450	7.0
833	-1.207539	165.117032	0.012610	5.7
834	-0.640447	165.011052	0.016513	5.7
835	-0.008691	164.905253	0.000971	5.9
836	-0.704489	164.799635	0.008952	5.8
837	-0.616400	164.694197	0.010757	6.8
838	-0.000710	164.588939	0.000154	5.9
839	-0.598709	164.483859	0.004888	6.1
840	-0.803237	164.378959	0.004606	6.7
841	-1.226110	164.274237	0.007400	5.4
842	-0.080822	164.169692	0.001200	6.8
843	-0.916640	164.065325	0.010206	6.1
844	-0.000000	163.961135	0.000000	6.2
845	-0.989912	163.857120	0.006436	6.4
846	-1.152015	163.753282	0.014769	5.1
847	-1.145726	163.649619	0.009168	6.1
848	-0.185295	163.546130	0.001338	6.6
849	-1.091582	163.442816	0.011055	6.6
850	-0.007871	163.339676	0.000411	6.5
851	-0.812376	163.236709	0.008446	6.5
852	-0.830447	163.133915	0.005866	6.7
853	-0.141290	163.031294	0.002683	6.4
854	-1.023975	162.928844	0.012523	5.0
855	-0.508670	162.826566	0.008868	6.4
856	-0.485587	162.724459	0.008083	6.3
857	-0.806596	162.622523	0.008848	6.2
858	-0.796753	162.520757	0.009862	6.6
859	-0.634904	162.419160	0.005442	6.5
860	-1.039251	162.317733	0.004009	5.7
861	-1.042067	162.216474	0.016452	6.6
862	-0.733783	162.115383	0.008774	6.0
863	-1.020900	162.014461	0.013481	6.4
864	-1.089119	161.913705	0.013559	5.9
865	-1.086705	161.813117	0.015468	5.6
866	-0.000018	161.712695	0.000003	6.5
867	-0.580052	161.612439	0.004315	6.2
868	-0.644840	161.512349	0.013281	5.5
869	-0.832698	161.412424	0.006278	6.6
870	-1.312496	161.312663	0.018366	6.1
871	-0.394180	161.213067	0.004837	6.7
872	-1.185813	161.113635	0.009478	5.7
873	-0.000000	161.014366	0.000000	5.5
874	-1.141476	160.915260	0.019970	6.8
875	-0.000000	160.816316	0.000000	5.7
876	-0.000000	160.717535	0.000000	5.5
877	-1.218021	160.618915	0.013943	6.1
878	-0.829324	160.520456	0.007542	5.5
879	-0.397799	160.422158	0.003331	5.1
880	-0.822334	160.324021	0.005047	6.3
881	-0.968126	160.226043	0.013247	6.0
882	-0.781457	160.128225	0.019455	6.6
883	-1.067605	160.030566	0.014081	5.8
884	-0.000000	159.933066	0.000000	6.1
885	-0.967153	159.835723	0.012009	6.8
886	-0.729950	159.738539	0.009623	6.5
887	-0.742556	159.641512	0.015537	7.1
888	-0.802914	159.544642	0.014537	6.0
889	-0.025790	159.447929	0.000583	5.6
890	-0.601888	159.351372	0.004373	6.9
891	-0.023908	159.254971	0.000219	6.1
892	-0.866128	159.158725	0.012799	6.3
893	-0.618780	159.062634	0.010916	5.5
894	-0.502152	158.966697	0.008907	5.5
895	-0.813190	158.870915	0.005512	6.9
896	-0.843744	158.775286	0.010020	5.4
897	-0.000000	158.679811	0.000000	5.9
898	-1.036915	158.584489	0.013497	6.6
899	-0.629772	158.489319	0.004811	5.5
900	-0.000017	158.394302	0.000005	6.0
901	-0.895157	158.299436	0.013483	6.1
902	-0.303328	158.204721	0.005085	5.9
903	-0.399680	158.110158	0.004445	6.4
904	-0.000000	158.015745	0.000000	6.6
905	-0.540108	157.921482	0.006007	6.1
906	-0.953197	157.827369	0.005148	6.5
907	-0.637248	157.733406	0.006644	5.6
908	-1.111770	157.639591	0.014619	6.9
909	-0.536155	157.545925	0.010173	5.8
910	-0.000001	157.452408	0.000000	6.0
911	-0.939448	157.359038	0.012470	6.3
912	-0.000000	157.265816	0.000000	5.6
913	-0.911343	157.172741	0.009239	5.5
914	-0.501870	157.079813	0.004701	6.8
915	-0.329820	156.987031	0.004425	6.4
916	-0.630004	156.894395	0.007194	7.0
917	-0.177095	156.801904	0.002099	6.3
918	-1.254120	156.709559	0.016407	5.8
919	-1.280687	156.617359	0.020113	6.0
920	-0.247603	156.525304	0.003997	6.1
921	-0.626985	156.433392	0.008706	5.9
922	-0.460987	156.341624	0.007869	5.8
923	-1.108471	156.250000	0.010431	6.5
924	-1.110371	156.158519	0.009206	6.3
925	-0.000000	156.067180	0.000000	5.5
926	-1.044587	155.975984	0.009527	5.7
927	-0.030133	155.884930	0.000608	5.7
928	-1.055008	155.794017	0.019889	5.8
929	-0.672514	155.703246	0.011547	5.3
930	-0.500384	155.612615	0.008192	5.9
931	-0.444530	155.522125	0.005657	5.8
932	-0.760131	155.431775	0.018643	6.3
933	-0.414927	155.341565	0.005152	6.1
934	-1.119102	155.251495	0.013090	5.4
935	-0.794459	155.161563	0.015397	5.7
936	-1.057142	155.071771	0.010045	5.6
937	-0.584873	154.982117	0.005463	6.5
938	-0.843705	154.892601	0.009349	6.3
939	-0.354124	154.803222	0.005213	6.4
940	-0.605041	154.713981	0.005719	5.3
941	-0.467367	154.624878	0.006997	6.6
942	-0.000000	154.535910	0.000000	5.6
943	-0.776937	154.447080	0.013236	6.2
944	-0.000000	154.358385	0.000000	7.2
945	-0.881833	154.269826	0.006703	6.5
946	-0.925937	154.181402	0.007290	7.7
947	-0.853218	154.093114	0.009503	6.4
948	-0.792465	154.004960	0.016438	7.8
949	-1.126260	153.916940	0.013904	6.7
950	-0.862158	153.829054	0.007864	7.2
951	-1.087632	153.741303	0.009954	6.6
952	-0.399295	153.653684	0.008966	6.5
953	-1.014589	153.566198	0.010995	7.7
954	-0.146261	153.478846	0.002766	6.8
955	-0.928635	153.391625	0.006271	7.5
956	-0.977160	153.304537	0.015393	6.9
957	-1.073592	153.217580	0.024492	7.9
958	-0.011621	153.130755	0.000637	6.4
959	-0.455937	153.044061	0.003907	6.7
960	-1.113837	152.957498	0.016495	7.7
961	-0.577323	152.871065	0.006714	6.2
962	-0.094709	152.784762	0.001872	7.0
963	-0.731427	152.698589	0.007075	7.2
964	-0.731644	152.612545	0.025525	7.3
965	-0.822237	152.526631	0.019598	6.1
966	-0.000000	152.440845	0.000000	6.5
967	-0.000000	152.355188	0.000000	7.3
968	-1.065368	152.269660	0.019181	7.2
969	-0.703581	152.184259	0.009839	6.8
970	-0.934646	152.098986	0.013252	7.3
971	-0.697567	152.013840	0.005581	7.2
972	-0.916370	151.928821	0.008058	6.9
973	-1.241492	151.843928	0.015200	6.4
974	-0.000000	151.759163	0.000000	8.3
975	-0.322630	151.674523	0.003156	7.4
976	-1.154712	151.590009	0.010144	7.2
977	-0.854066	151.505620	0.016535	6.0
978	-0.832555	151.421357	0.005871	7.1
979	-0.919140	151.337218	0.011256	6.4
980	-0.000000	151.253204	0.000000	6.6
981	-1.111543	151.169314	0.006969	8.1
982	-0.730633	151.085549	0.011071	5.6
983	-0.517709	151.001907	0.004948	6.9
984	-0.000000	150.918388	0.000000	7.0
985	-0.797869	150.834992	0.013625	6.2
986	-0.000000	150.751719	0.000000	6.4
987	-0.414906	150.668569	0.004953	6.2
988	-0.037464	150.585541	0.001311	6.7
989	-0.156785	150.502634	0.003059	5.4
990	-1.009772	150.419849	0.014250	6.4
991	-0.000049	150.337186	0.000015	7.0
992	-0.861344	150.254644	0.008766	6.5
993	-0.173884	150.172222	0.003149	7.3
994	-1.214455	150.089921	0.013858	6.7
995	-1.199193	150.007740	0.009265	6.1
996	-0.786586	149.925679	0.012194	7.3
997	-1.102046	149.843737	0.022855	6.0
998	-0.011860	149.761915	0.000474	6.5
999	-0.624677	149.680212	0.006918	7.3
1000	-1.012709	149.598627	0.013357	6.5
1001	-1.143056	149.517161	0.009121	5.8
1002	-0.930012	149.435814	0.020079	6.1
1003	-0.818533	149.354584	0.020178	7.1
1004	-1.041244	149.273472	0.007124	5.7
1005	-0.000000	149.192477	0.000000	6.7
1006	-1.071207	149.111599	0.012840	6.5
1007	-0.000000	149.030838	0.000000	5.7
1008	-1.006419	148.950194	0.008704	6.7
1009	-1.128581	148.869666	0.005970	5.8
1010	-0.000000	148.789253	0.000000	6.9
1011	-0.873244	148.708957	0.008497	7.0
1012	-0.482504	148.628776	0.014761	6.7
1013	-0.913519	148.548710	0.004655	6.4
1014	-0.857347	148.468759	0.008511	6.6
1015	-0.000000	148.388923	0.000000	5.3
1016	-0.608477	148.309201	0.004199	7.1
1017	-0.729938	148.229594	0.003694	6.1
1018	-0.586041	148.150100	0.004352	6.3
1019	-1.171079	148.070719	0.015012	6.4
1020	-0.713902	147.991452	0.006568	6.6
1021	-1.035993	147.912298	0.015938	6.8
1022	-1.021254	147.833257	0.013747	6.3
1023	-0.000000	147.754329	0.000000	6.5
1024	-0.947014	147.675512	0.005106	5.4
1025	-0.000000	147.596808	0.000000	6.1
1026	-0.095731	147.518216	0.001593	7.0
1027	-0.606563	147.439735	0.011763	5.5
1028	-0.732759	147.361365	0.007409	5.9
1029	-0.731493	147.283106	0.010372	6.3
1030	-0.604173	147.204958	0.008877	6.2
1031	-0.915613	147.126920	0.011495	7.1
1032	-1.194420	147.048993	0.016058	6.9
1033	-0.788337	146.971175	0.013789	6.5
1034	-0.870218	146.893468	0.008103	6.2
1035	-0.956894	146.815869	0.010561	6.0
1036	-0.634946	146.738380	0.005599	6.1
1037	-0.786514	146.661000	0.009733	5.6
1038	-0.000019	146.583729	0.000002	6.9
1039	-0.000000	146.506566	0.000000	7.7
1040	-1.103153	146.429511	0.013696	6.8
1041	-0.240083	146.352565	0.002372	8.2
1042	-0.562834	146.275726	0.006962	6.5
1043	-0.571678	146.198994	0.010013	6.8
1044	-0.000001	146.122370	0.000000	7.3
1045	-1.072282	146.045853	0.008268	6.0
1046	-0.586726	145.969442	0.007616	8.0
1047	-0.751342	145.893139	0.015755	6.6
1048	-0.000000	145.816941	0.000000	7.0
1049	-0.000000	145.740849	0.000000	6.7
1050	-0.048151	145.664863	0.000958	7.7
1051	-0.524619	145.588983	0.007100	6.6
1052	-0.916709	145.513208	0.003983	6.7
1053	-0.000001	145.437538	0.000000	7.5
1054	-0.000000	145.361973	0.000000	6.2
1055	-1.140723	145.286513	0.012335	6.9
1056	-1.213049	145.211157	0.006188	6.1
1057	-0.931259	145.135905	0.009316	6.3
1058	-0.807564	145.060757	0.010234	6.9
1059	-0.050064	144.985712	0.002050	6.6
1060	-1.047571	144.910771	0.011405	7.4
1061	-1.025323	144.835934	0.010332	6.3
1062	-0.950623	144.761199	0.006725	7.3
1063	-0.997689	144.686567	0.009481	6.5
1064	-0.434434	144.612037	0.002450	6.9
1065	-0.284819	144.537610	0.001975	8.6
1066	-0.040354	144.463285	0.000977	8.2
1067	-0.000000	144.389062	0.000000	7.3
1068	-0.630840	144.314940	0.003318	7.0
1069	-0.187198	144.240920	0.002978	7.5
1070	-0.544546	144.167001	0.009905	6.4
1071	-0.823786	144.093182	0.009326	7.6
1072	-0.000000	144.019465	0.000000	6.6
1073	-0.968216	143.945848	0.009968	7.0
1074	-0.388058	143.872331	0.003843	6.9
1075	-0.063768	143.798914	0.000613	6.8
1076	-0.007903	143.725597	0.000120	7.0
1077	-1.131734	143.652380	0.012813	6.8
1078	-1.136455	143.579262	0.020925	8.3
1079	-0.602425	143.506243	0.012036	8.2
1080	-0.047771	143.433323	0.002010	8.8
1081	-0.797393	143.360502	0.011390	5.6
1082	-1.131296	143.287780	0.013310	7.7
1083	-1.224761	143.215155	0.010509	6.9
1084	-1.106372	143.142629	0.014710	6.7
1085	-1.222752	143.070201	0.011322	8.0
1086	-0.009114	142.997870	0.000117	6.6
1087	-0.644145	142.925637	0.008475	7.0
1088	-0.072578	142.853501	0.002473	6.6
1089	-1.238783	142.781462	0.012919	6.7
1090	-1.146673	142.709519	0.014219	7.1
1091	-0.000000	142.637674	0.000000	7.4
1092	-0.896556	142.565924	0.010236	8.4
1093	-0.661897	142.494271	0.003247	7.0
1094	-0.922320	142.422714	0.012364	7.9
1095	-1.171765	142.351252	0.015289	6.7
1096	-1.234652	142.279886	0.020330	8.0
1097	-1.095604	142.208616	0.012760	6.3
1098	-0.823619	142.137440	0.008604	8.1
1099	-0.463111	142.066360	0.005620	7.8
1100	-0.000000	141.995374	0.000000	24.7
1101	-0.990038	141.924483	0.005914	6.9
1102	-1.074022	141.853685	0.006678	8.0
1103	-0.000000	141.782983	0.000000	7.1
1104	-0.927444	141.712373	0.011629	6.6
1105	-0.071493	141.641858	0.000496	8.2
1106	-1.197405	141.571436	0.013377	7.7
1107	-0.467084	141.501108	0.005820	8.7
1108	-0.733047	141.430872	0.015382	6.8
1109	-1.106266	141.360730	0.020846	7.8
1110	-1.193329	141.290680	0.013328	5.3
1111	-0.768134	141.220722	0.005234	6.1
1112	-0.000000	141.150857	0.000000	5.5
1113	-1.111314	141.081084	0.009125	5.6
1114	-0.575112	141.011403	0.006123	6.8
1115	-0.695963	140.941813	0.012024	6.6
1116	-0.083629	140.872315	0.001444	6.6
1117	-0.466218	140.802909	0.006305	6.0
1118	-0.192714	140.733593	0.003415	5.4
1119	-1.164364	140.664369	0.006676	6.1
1120	-0.032714	140.595235	0.000690	6.2
1121	-1.142257	140.526192	0.012713	6.4
1122	-0.808146	140.457239	0.006530	6.9
1123	-0.924718	140.388376	0.009760	5.4
1124	-0.986250	140.319603	0.013344	6.9
1125	-0.897239	140.250920	0.011552	6.2
1126	-0.005890	140.182326	0.000323	6.1
1127	-1.143883	140.113822	0.011346	6.9
1128	-0.775307	140.045407	0.006919	5.4
1129	-0.956952	139.977081	0.009332	5.9
1130	-0.000014	139.908844	0.000004	6.7
1131	-1.226547	139.840696	0.016783	5.4
1132	-0.000000	139.772635	0.000000	7.0
1133	-0.000000	139.704664	0.000000	6.4
1134	-0.977912	139.636780	0.011321	6.3
1135	-0.000000	139.568984	0.000000	6.6
1136	-1.141910	139.501276	0.013278	6.1
1137	-1.126213	139.433655	0.012365	6.5
1138	-0.804092	139.366122	0.007735	6.4
1139	-1.025113	139.298676	0.009118	5.4
1140	-0.710844	139.231317	0.016673	6.5
1141	-0.000000	139.164045	0.000000	5.4
1142	-0.000000	139.096859	0.000000	6.4
1143	-0.060929	139.029760	0.001669	6.3
1144	-1.064959	138.962747	0.013894	5.4
1145	-1.098527	138.895820	0.016286	6.3
1146	-0.858583	138.828978	0.011137	6.0
1147	-0.000000	138.762223	0.000000	5.4
1148	-0.000000	138.695553	0.000000	6.4
1149	-0.000000	138.628969	0.000000	5.4
1150	-0.021986	138.562469	0.001155	5.3
1151	-0.110722	138.496055	0.002810	6.4
1152	-0.058460	138.429725	0.000626	6.3
1153	-0.188053	138.363481	0.004788	7.1
1154	-0.853764	138.297320	0.007840	6.9
1155	-0.000056	138.231244	0.000009	5.8
1156	-0.287328	138.165252	0.004440	6.9
1157	-0.904293	138.099344	0.006555	5.3
1158	-0.160273	138.033520	0.002884	5.6
1159	-1.004827	137.967779	0.011646	6.1
1160	-0.435261	137.902122	0.003330	5.4
1161	-0.000000	137.836548	0.000000	6.1
1162	-0.860745	137.771057	0.007862	6.5
1163	-0.844471	137.705649	0.009741	5.9
1164	-0.852004	137.640324	0.018197	6.5
1165	-1.006159	137.575081	0.009525	6.6
1166	-0.000000	137.509921	0.000000	6.6
1167	-0.556969	137.444842	0.015793	6.7
1168	-0.708005	137.379846	0.010377	5.5
1169	-0.737355	137.314932	0.006826	7.4
1170	-0.000000	137.250100	0.000000	5.6
1171	-0.000000	137.185349	0.000000	6.5
1172	-0.072885	137.120680	0.001159	6.4
1173	-0.570768	137.056092	0.007365	5.4
1174	-1.144313	136.991585	0.022494	6.6
1175	-0.845091	136.927158	0.006284	5.4
1176	-0.859449	136.862813	0.009592	5.9
1177	-0.044851	136.798548	0.001966	7.8
1178	-0.321644	136.734363	0.001857	6.1
1179	-0.814872	136.670259	0.019448	6.5
1180	-0.243099	136.606235	0.004774	6.1
1181	-0.903727	136.542291	0.004668	5.8
1182	-0.092978	136.478426	0.001340	6.5
1183	-0.000000	136.414641	0.000000	5.8
1184	-1.045792	136.350936	0.008750	6.3
1185	-0.000000	136.287310	0.000000	6.6
1186	-1.083843	136.223763	0.009654	6.2
1187	-1.258345	136.160295	0.009159	6.4
1188	-0.600710	136.096905	0.007496	5.8
1189	-0.000000	136.033594	0.000000	6.8
1190	-1.183770	135.970362	0.015055	6.2
1191	-0.495960	135.907208	0.010070	6.7
1192	-0.814392	135.844133	0.005265	6.4
1193	-0.027718	135.781135	0.001092	5.9
1194	-1.110652	135.718215	0.009230	5.4
1195	-0.000190	135.655373	0.000019	7.0
1196	-0.239217	135.592608	0.004286	5.1
1197	-0.152090	135.529921	0.003675	6.0
1198	-0.000000	135.467311	0.000000	6.1
1199	-0.647142	135.404778	0.004528	6.0
1200	-0.519296	135.342322	0.007368	7.5
1201	-0.498658	135.279942	0.005636	5.8
1202	-0.627965	135.217640	0.011829	5.8
1203	-1.217806	135.155413	0.022783	6.8
1204	-1.000290	135.093263	0.014644	5.9
1205	-1.175655	135.031190	0.019450	6.6
1206	-0.724387	134.969192	0.010206	6.1
1207	-0.022897	134.907270	0.001542	5.7
1208	-1.128314	134.845424	0.012933	6.6
1209	-0.774072	134.783653	0.008138	5.8
1210	-0.793542	134.721958	0.007912	6.8
1211	-1.250536	134.660338	0.007792	6.4
1212	-0.000891	134.598793	0.000192	6.1
1213	-0.772266	134.537323	0.009955	6.6
1214	-0.649095	134.475927	0.007735	5.2
1215	-0.969217	134.414607	0.011762	5.8
1216	-0.001859	134.353361	0.000288	6.7
1217	-0.564023	134.292189	0.008394	5.7
1218	-1.087782	134.231092	0.004258	5.8
1219	-0.584681	134.170068	0.006990	6.4
1220	-1.195629	134.109119	0.011083	5.9
1221	-1.064217	134.048243	0.009185	7.1
1222	-1.055283	133.987441	0.010528	6.6
1223	-0.522856	133.926713	0.006234	5.4
1224	-0.612253	133.866057	0.006098	6.2
1225	-1.020690	133.805475	0.028296	5.4
1226	-0.370182	133.744966	0.003498	6.9
1227	-1.231547	133.684530	0.017593	5.3
1228	-0.787061	133.624167	0.013483	6.1
1229	-1.111390	133.563877	0.007069	6.5
1230	-0.000000	133.503658	0.000000	6.0
1231	-1.107991	133.443513	0.007505	6.1
1232	-0.821121	133.383439	0.009171	6.5
1233	-0.732746	133.323437	0.012641	5.3
1234	-0.479163	133.263508	0.004708	6.9
1235	-1.079190	133.203650	0.010677	5.4
1236	-0.000000	133.143864	0.000000	6.4
1237	-0.000000	133.084149	0.000000	6.1
1238	-1.198730	133.024506	0.026012	6.2
1239	-0.310639	132.964934	0.003648	6.5
1240	-0.000460	132.905433	0.000044	5.7
1241	-0.137533	132.846003	0.003655	6.1
1242	-1.289124	132.786643	0.011520	6.5
1243	-0.000000	132.727355	0.000000	5.7
1244	-0.763014	132.668137	0.010532	6.1
1245	-0.976871	132.608989	0.008773	7.3
1246	-1.140824	132.549912	0.016554	5.8
1247	-1.092043	132.490904	0.008971	6.8
1248	-0.000000	132.431967	0.000000	6.8
1249	-1.142608	132.373100	0.012146	5.9
1250	-0.000000	132.314302	0.000000	7.3
1251	-1.105962	132.255574	0.008634	6.0
1252	-0.942596	132.196916	0.011535	6.7
1253	-0.055978	132.138326	0.000562	6.0
1254	-0.000000	132.079806	0.000000	6.6
1255	-0.280965	132.021355	0.006436	6.4
1256	-0.922439	131.962973	0.008314	6.3
1257	-0.462015	131.904660	0.007795	6.5
1258	-1.063130	131.846415	0.012361	6.0
1259	-0.038799	131.788239	0.001034	5.4
1260	-0.807650	131.730131	0.011894	6.7
1261	-0.079083	131.672092	0.001807	6.1
1262	-0.176015	131.614121	0.002215	6.1
1263	-0.743561	131.556217	0.013488	6.0
1264	-0.000000	131.498382	0.000000	6.1
1265	-0.603786	131.440614	0.009928	6.8
1266	-0.000012	131.382914	0.000005	6.0
1267	-0.828153	131.325282	0.009141	5.4
1268	-0.784234	131.267717	0.008354	6.6
1269	-0.804257	131.210219	0.012177	6.0
1270	-0.902976	131.152788	0.006445	6.0
1271	-1.165050	131.095424	0.043078	7.0
1272	-0.002488	131.038127	0.000408	6.5
1273	-0.785848	130.980897	0.013419	6.7
1274	-0.040723	130.923733	0.001238	5.3
1275	-1.052970	130.866636	0.011293	5.9
1276	-0.838722	130.809605	0.009855	6.1
1277	-0.747336	130.752641	0.006192	6.0
1278	-0.723271	130.695742	0.009606	6.7
1279	-0.985982	130.638910	0.016870	5.5
1280	-0.544134	130.582143	0.009057	5.8
1281	-0.872141	130.525442	0.014614	6.6
1282	-1.122404	130.468807	0.013738	5.8
1283	-0.612801	130.412237	0.007271	5.7
1284	-0.612808	130.355733	0.005058	6.7
1285	-0.150710	130.299294	0.004972	5.4
1286	-0.905125	130.242920	0.010620	7.2
1287	-0.534017	130.186611	0.009420	5.4
1288	-1.094258	130.130366	0.007003	5.5
1289	-0.875435	130.074187	0.004581	7.6
1290	-1.053309	130.018072	0.007218	6.1
1291	-0.166306	129.962022	0.003997	5.9
1292	-0.128837	129.906036	0.005030	6.6
1293	-0.000000	129.850114	0.000000	7.1
1294	-1.067128	129.794257	0.007652	6.4
1295	-0.955817	129.738463	0.018112	5.4
1296	-1.044762	129.682734	0.022105	5.6
1297	-0.105656	129.627068	0.001532	5.8
1298	-1.148904	129.571466	0.012467	5.3
1299	-0.834358	129.515927	0.009200	5.6
1300	-0.011830	129.460452	0.000682	5.4
1301	-0.442684	129.405040	0.005055	6.1
1302	-0.830649	129.349692	0.006797	6.6
1303	-0.426854	129.294406	0.003832	5.3
1304	-0.307060	129.239183	0.005620	5.3
1305	-0.405601	129.184024	0.002836	6.5
1306	-0.039574	129.128927	0.001148	7.5
1307	-0.320362	129.073892	0.006080	7.2
1308	-1.023165	129.018921	0.004849	6.4
1309	-0.842976	128.964011	0.004076	6.2
1310	-1.110586	128.909164	0.014523	7.3
1311	-0.873205	128.854379	0.010401	5.5
1312	-1.204930	128.799656	0.027483	6.0
1313	-1.238883	128.744995	0.017171	6.0
1314	-1.213405	128.690396	0.043849	5.3
1315	-0.685958	128.635858	0.011088	6.5
1316	-1.119983	128.581382	0.010393	6.0
1317	-0.528188	128.526968	0.006045	5.9
1318	-0.492669	128.472615	0.004857	7.7
1319	-1.009222	128.418323	0.009696	5.9
1320	-0.000371	128.364092	0.000080	6.1
1321	-1.062019	128.309922	0.014616	5.4
1322	0.000000	128.255814	0.000000	5.4
1323	-0.851397	128.201766	0.012099	6.4
1324	-0.377656	128.147778	0.005430	6.7
1325	-0.441918	128.093852	0.006419	5.3
1326	-1.094800	128.039985	0.006509	6.7
1327	-0.725905	127.986180	0.010825	5.6
1328	-0.086792	127.932434	0.003262	6.4
1329	-0.151814	127.878749	0.003163	5.3
1330	-0.279171	127.825123	0.002227	5.3
1331	-0.428548	127.771558	0.004422	6.5
1332	-0.806322	127.718052	0.007134	5.3
1333	-0.000000	127.664606	0.000000	5.8
1334	-1.058756	127.611220	0.007228	6.6
1335	-0.000000	127.557893	0.000000	5.4
1336	-0.000000	127.504625	0.000000	5.7
1337	-0.000001	127.451417	0.000000	6.7
1338	-0.097628	127.398268	0.001379	5.3
1339	-0.779106	127.345178	0.007582	6.4
1340	-0.112137	127.292147	0.001560	5.4
1341	-0.060549	127.239175	0.000716	5.3
1342	-1.322636	127.186261	0.023648	6.0
1343	-0.138710	127.133407	0.002712	6.4
1344	-0.751226	127.080610	0.014015	6.0
1345	-0.653038	127.027872	0.013614	7.6
1346	-0.608900	126.975193	0.007077	6.2
1347	-0.248484	126.922572	0.001196	6.1
1348	-0.795849	126.870008	0.009671	5.4
1349	-0.000000	126.817503	0.000000	5.3
1350	-0.000001	126.765056	0.000000	6.5
1351	-1.022411	126.712667	0.008254	5.3
1352	-0.666603	126.660335	0.006154	5.3
1353	-0.586454	126.608061	0.006154	6.3
1354	-0.866983	126.555844	0.007843	5.4
1355	-0.466989	126.503685	0.004967	5.4
1356	-0.314149	126.451583	0.004329	6.6
1357	-1.005464	126.399538	0.015729	5.4
1358	-0.897136	126.347550	0.010164	5.5
1359	-0.754002	126.295619	0.007715	6.5
1360	-0.946460	126.243745	0.009499	5.8
1361	-0.222463	126.191928	0.003336	6.7
1362	-0.492845	126.140168	0.005896	5.4
1363	-0.019696	126.088464	0.000525	5.3
1364	-0.021645	126.036817	0.000373	6.0
1365	-0.709607	125.985226	0.007303	5.3
1366	-1.295281	125.933691	0.014651	5.3
1367	-0.857932	125.882212	0.007718	6.6
1368	-1.224449	125.830790	0.011777	5.5
1369	-0.340029	125.779423	0.004657	5.4
1370	-0.000000	125.728113	0.000000	6.7
1371	-0.207713	125.676858	0.004921	6.0
1372	-1.095931	125.625659	0.011857	6.4
1373	-1.165914	125.574515	0.016452	5.4
1374	-1.155540	125.523427	0.007417	5.4
1375	-0.120093	125.472394	0.001294	6.4
1376	-0.000000	125.421417	0.000000	5.5
1377	-1.068391	125.370495	0.017676	6.0
1378	-0.656552	125.319628	0.014504	6.4
1379	-0.000000	125.268815	0.000000	6.6
1380	-1.182344	125.218058	0.026846	6.2
1381	-0.657063	125.167356	0.006026	6.2
1382	-1.014481	125.116708	0.026806	5.4
1383	-0.684858	125.066115	0.007797	6.4
1384	-1.328443	125.015576	0.009303	5.3
1385	-0.021822	124.965092	0.001091	5.3
1386	-0.636696	124.914662	0.008991	6.1
1387	-0.783467	124.864287	0.011805	5.9
1388	-0.825449	124.813965	0.016514	5.3
1389	-0.714970	124.763698	0.004721	6.1
1390	-0.008641	124.713485	0.000112	5.3
1391	-0.744997	124.663325	0.003767	6.7
1392	-1.107316	124.613219	0.011714	5.5
1393	-0.945347	124.563167	0.009872	6.0
1394	-0.382722	124.513168	0.004270	6.2
1395	-0.334755	124.463223	0.007208	5.3
1396	-0.998356	124.413332	0.011019	6.0
1397	-0.000006	124.363493	0.000003	6.7
1398	-0.634884	124.313708	0.007530	7.1
1399	-0.215815	124.263976	0.005139	6.8
1400	-1.068409	124.214297	0.014355	6.5
1401	-0.803623	124.164671	0.007819	6.2
1402	-0.096014	124.115097	0.001469	6.7
1403	-0.960854	124.065577	0.021275	5.8
1404	-1.077923	124.016109	0.009471	5.9
1405	-0.437066	123.966693	0.015243	5.9
1406	-0.000000	123.917330	0.000000	5.4
1407	-0.639358	123.868020	0.009044	6.5
1408	-0.388891	123.818762	0.005735	5.7
1409	-0.225263	123.769556	0.002858	5.3
1410	-0.682487	123.720402	0.010590	6.5
1411	-0.000286	123.671300	0.000091	5.7
1412	-1.206118	123.622250	0.008568	5.3
1413	-1.158168	123.573252	0.014318	6.6
1414	-0.000000	123.524305	0.000000	6.3
1415	-0.862104	123.475411	0.007863	6.6
1416	-0.000000	123.426568	0.000000	5.5
1417	-0.799273	123.377776	0.013138	5.3
1418	-1.129842	123.329036	0.011396	6.4
1419	-1.171459	123.280347	0.018937	5.5
1420	-0.016933	123.231709	0.001648	5.4
1421	-1.330803	123.183122	0.020291	6.1
1422	-1.181734	123.134587	0.016678	5.3
1423	-0.000000	123.086102	0.000000	5.3
1424	-0.861910	123.037669	0.012750	6.6
1425	-0.885803	122.989286	0.003241	6.1
1426	-0.208303	122.940954	0.004389	6.6
1427	-0.547762	122.892672	0.009491	5.8
1428	-0.543582	122.844441	0.010407	6.7
1429	-0.000000	122.796261	0.000000	6.3
1430	-0.000000	122.748130	0.000000	6.7
1431	-0.887957	122.700050	0.011973	5.9
1432	-0.000000	122.652021	0.000000	5.9
1433	-0.555564	122.604041	0.003033	5.7
1434	-0.965495	122.556111	0.012156	6.5
1435	-1.041397	122.508232	0.013852	6.3
1436	-1.172199	122.460402	0.009546	5.8
1437	-1.162782	122.412622	0.013668	7.1
1438	-0.882487	122.364891	0.008184	6.6
1439	-0.000000	122.317210	0.000000	6.8
1440	-0.902534	122.269579	0.015205	5.9
1441	-0.625637	122.221997	0.010779	5.3
1442	-0.000000	122.174465	0.000000	6.9
1443	-1.067697	122.126981	0.013687	5.6
1444	-0.841920	122.079547	0.004953	5.5
1445	-1.120455	122.032162	0.022962	6.0
1446	-0.000000	121.984826	0.000000	5.5
1447	-0.000000	121.937539	0.000000	5.8
1448	-1.037372	121.890301	0.010156	7.6
1449	-0.000074	121.843112	0.000006	6.3
1450	-0.000000	121.795971	0.000000	6.4
1451	-0.901924	121.748879	0.007474	5.8
1452	-0.000000	121.701835	0.000000	5.9
1453	-0.546541	121.654840	0.010287	5.5
1454	-0.876472	121.607893	0.012607	5.5
1455	-0.391973	121.560994	0.009913	7.8
1456	-1.082697	121.514144	0.019060	6.4
1457	-0.243396	121.467342	0.004789	6.8
1458	-0.527104	121.420588	0.004623	6.4
1459	-0.464867	121.373882	0.003798	6.6
1460	-0.000000	121.327223	0.000000	6.5
1461	-0.940942	121.280613	0.012058	6.6
1462	-0.396667	121.234050	0.004859	5.5
1463	-0.000000	121.187535	0.000000	6.5
1464	-1.219480	121.141067	0.021525	6.0
1465	-0.075661	121.094647	0.002473	6.7
1466	-0.327652	121.048274	0.002121	5.8
1467	-1.020102	121.001949	0.007019	6.1
1468	-0.881733	120.955671	0.018318	7.2
1469	-0.891214	120.909440	0.017289	5.4
1470	-0.908367	120.863256	0.007106	7.7
1471	-0.805679	120.817119	0.008086	5.4
1472	-0.909527	120.771029	0.011017	6.8
1473	-1.006308	120.724986	0.009386	7.2
1474	-1.212108	120.678990	0.013940	5.3
1475	-1.228547	120.633040	0.005486	4.9
1476	-1.118177	120.587137	0.007860	5.9
1477	-1.142285	120.541281	0.010394	6.0
1478	-0.376707	120.495471	0.005902	6.4
1479	-0.033868	120.449707	0.000640	7.4
1480	-0.769801	120.403990	0.010735	6.4
1481	-0.787311	120.358319	0.006029	7.9
1482	-1.018855	120.312694	0.004483	5.7
1483	-0.310830	120.267115	0.002193	6.5
1484	-0.779641	120.221582	0.006509	6.8
1485	-1.078181	120.176096	0.022700	6.1
1486	-0.429803	120.130655	0.005776	5.8
1487	-0.787433	120.085260	0.017119	5.8
1488	-1.138601	120.039910	0.008423	6.0
1489	-0.009529	119.994606	0.000354	5.6
1490	-0.790427	119.949348	0.004978	5.8
1491	-0.994844	119.904135	0.011376	6.3
1492	-1.092790	119.858968	0.012902	5.5
1493	-0.981865	119.813846	0.011975	6.0
1494	-0.525896	119.768769	0.011565	6.5
1495	-0.839434	119.723738	0.009954	5.6
1496	-0.196950	119.678752	0.002650	6.3
1497	-0.008036	119.633810	0.000684	6.3
1498	-0.027545	119.588914	0.000499	7.0
1499	-0.496121	119.544062	0.004544	6.3
1500	-0.326548	119.499256	0.003969	6.0
1501	-1.090267	119.454494	0.035479	5.5
1502	-1.110355	119.409777	0.028924	6.5
1503	-0.459812	119.365104	0.003964	6.1
1504	-0.665398	119.320476	0.006311	6.1
1505	-0.000000	119.275893	0.000000	5.4
1506	-0.000000	119.231353	0.000000	6.0
1507	-0.522405	119.186859	0.005751	6.9
1508	-0.000000	119.142408	0.000000	5.6
1509	-0.760643	119.098002	0.011629	5.1
1510	-1.284333	119.053639	0.015139	6.8
1511	-0.000000	119.009321	0.000000	5.4
1512	-0.708706	118.965047	0.005970	6.0
1513	-0.908839	118.920816	0.013220	7.3
1514	-0.000000	118.876630	0.000000	5.4
1515	-0.000000	118.832487	0.000000	6.2
1516	-0.009335	118.788388	0.000703	6.6
1517	-1.268585	118.744332	0.016909	6.3
1518	-0.579994	118.700320	0.006535	6.3
1519	-0.000000	118.656352	0.000000	5.9
1520	-0.528402	118.612427	0.004207	6.4
1521	-0.873429	118.568545	0.010570	6.0
1522	-1.042308	118.524706	0.014232	5.8
1523	-0.630053	118.480911	0.006679	6.6
1524	-0.000000	118.437159	0.000000	5.9
1525	-0.000000	118.393450	0.000000	5.4
1526	-0.632594	118.349784	0.004468	6.1
1527	-0.829304	118.306160	0.008814	5.7
1528	-0.629470	118.262580	0.009016	5.7
1529	-1.056906	118.219042	0.006494	6.5
1530	-1.032290	118.175548	0.011018	5.4
1531	-1.131868	118.132095	0.017862	5.3
1532	-0.000000	118.088686	0.000000	6.6
1533	-0.034661	118.045319	0.001588	5.9
1534	-0.566090	118.001994	0.013326	6.2
1535	-1.082286	117.958712	0.011322	5.3
1536	-0.673514	117.915472	0.005158	5.4
1537	-0.825004	117.872274	0.004397	6.1
1538	-0.000000	117.829118	0.000000	5.4
1539	-0.000000	117.786005	0.000000	5.8
1540	-0.996935	117.742933	0.010239	6.7
1541	-0.000000	117.699904	0.000000	6.1
1542	-0.000015	117.656916	0.000005	6.4
1543	-0.553086	117.613971	0.007966	5.8
1544	-0.734213	117.571067	0.007085	5.7
1545	-0.817554	117.528205	0.008483	6.4
1546	-0.226744	117.485384	0.003396	5.5
1547	-0.610731	117.442605	0.006377	5.4
1548	-0.030592	117.399867	0.001451	6.8
1549	-0.000000	117.357171	0.000000	5.5
1550	-1.065978	117.314517	0.023800	5.8
1551	-1.235179	117.271903	0.008653	7.1
1552	-1.164603	117.229331	0.013515	6.7
1553	-0.056899	117.186800	0.001070	6.7
1554	-0.000110	117.144311	0.000009	5.6
1555	-0.984085	117.101862	0.009428	6.1
1556	-0.770287	117.059454	0.008017	6.0
1557	-0.481499	117.017087	0.005265	6.0
1558	-0.733845	116.974762	0.007888	6.9
1559	-1.027241	116.932476	0.017831	6.1
1560	-0.534319	116.890232	0.003985	5.5
1561	-1.035052	116.848028	0.006030	7.1
1562	-1.005520	116.805865	0.009127	5.6
1563	-0.518656	116.763743	0.005153	5.6
1564	-1.137393	116.721661	0.010256	6.6
1565	-0.924034	116.679619	0.005474	6.1
1566	-0.000053	116.637618	0.000004	6.4
1567	-1.051293	116.595657	0.006899	6.1
1568	-0.939816	116.553736	0.008129	6.4
1569	-1.118086	116.511855	0.009499	7.3
1570	-1.309005	116.470015	0.006633	5.3
1571	-0.000000	116.428214	0.000000	5.5
1572	-1.105209	116.386454	0.011831	5.4
1573	-0.079399	116.344733	0.001314	5.2
1574	-1.182262	116.303052	0.007973	5.2
1575	-0.185696	116.261412	0.004683	6.4
1576	-0.000000	116.219810	0.000000	5.3
1577	-0.227230	116.178249	0.002295	5.5
1578	-1.333164	116.136727	0.016699	5.6
1579	-0.131537	116.095245	0.003069	6.2
1580	-0.804839	116.053802	0.013406	6.1
1581	-1.123045	116.012398	0.011153	6.1
1582	-1.169982	115.971034	0.019143	5.4
1583	-0.710498	115.929710	0.008989	6.2
1584	-1.116505	115.888424	0.011865	5.9
1585	-0.655166	115.847178	0.015143	6.2
1586	-0.253941	115.805970	0.004670	6.5
1587	-0.803966	115.764802	0.011322	6.0
1588	-0.505058	115.723673	0.004929	6.5
1589	-0.681695	115.682583	0.007316	5.7
1590	-0.858664	115.641532	0.007268	5.7
1591	-0.001045	115.600519	0.000225	7.1
1592	-0.732344	115.559546	0.004311	6.1
1593	-0.000000	115.518610	0.000000	6.2
1594	-0.653570	115.477714	0.012224	6.3
1595	-0.684542	115.436856	0.005811	5.7
1596	-0.000000	115.396037	0.000000	6.6
1597	-0.999949	115.355256	0.020113	6.5
1598	-0.042218	115.314514	0.001667	6.0
1599	-0.076086	115.273810	0.003159	7.4
1600	-0.989253	115.233144	0.017241	6.1
1601	-0.558185	115.192517	0.008079	6.6
1602	-0.884599	115.151927	0.005339	6.4
1603	-0.535207	115.111376	0.005603	5.5
1604	-0.595712	115.070863	0.011473	6.1
1605	-0.681312	115.030388	0.016679	6.4
1606	-0.829232	114.989951	0.010819	5.6
1607	-0.000027	114.949551	0.000010	6.2
1608	-0.001262	114.909190	0.000245	6.2
1609	-0.713988	114.868866	0.004370	7.9
1610	-0.000000	114.828580	0.000000	6.0
1611	-0.546341	114.788332	0.007295	5.6
1612	-0.051123	114.748121	0.002575	6.3
1613	-0.242075	114.707948	0.003262	5.8
1614	-0.001047	114.667812	0.000095	7.6
1615	-0.757940	114.627714	0.031535	5.6
1616	-0.949340	114.587653	0.011313	5.8
1617	-0.820513	114.547629	0.008074	6.9
1618	-0.932469	114.507643	0.009088	6.2
1619	-0.826405	114.467693	0.008690	5.8
1620	-0.399437	114.427781	0.002866	6.0
1621	-0.617080	114.387907	0.006561	5.3
1622	-0.981244	114.348069	0.019034	7.4
1623	-0.681560	114.308268	0.011603	5.4
1624	-1.192340	114.268504	0.014604	5.8
1625	-0.766961	114.228777	0.008531	6.2
1626	-0.757092	114.189086	0.009377	5.8
1627	-0.288355	114.149433	0.003667	6.2
1628	-0.000000	114.109816	0.000000	6.0
1629	-0.001740	114.070235	0.000354	5.4
1630	-0.505409	114.030692	0.013023	5.2
1631	-1.007566	113.991185	0.008047	6.3
1632	-1.036877	113.951714	0.009053	5.4
1633	-1.103705	113.912280	0.011150	5.4
1634	-0.000000	113.872882	0.000000	5.6
1635	-1.013630	113.833521	0.004371	5.9
1636	-0.873919	113.794195	0.012014	6.1
1637	-0.000000	113.754906	0.000000	6.4
1638	-0.514269	113.715653	0.008029	5.8
1639	-1.117994	113.676437	0.009088	6.4
1640	-0.000000	113.637256	0.000000	6.5
1641	-0.000140	113.598111	0.000015	6.3
1642	-0.000000	113.559002	0.000000	5.6
1643	-1.263314	113.519929	0.037731	5.6
1644	-0.508380	113.480892	0.004212	6.1
1645	-0.000000	113.441891	0.000000	5.7
1646	-0.962212	113.402925	0.011926	5.8
1647	-0.791511	113.363995	0.007280	7.0
1648	-1.021310	113.325101	0.008688	6.6
1649	-0.703840	113.286242	0.009153	6.3
1650	-0.000000	113.247419	0.000000	6.3
1651	-0.200224	113.208631	0.003149	5.7
1652	-1.016463	113.169879	0.008143	6.8
1653	-0.002008	113.131162	0.000436	5.9
1654	-0.225219	113.092480	0.004880	5.3
1655	-0.000000	113.053833	0.000000	7.4
1656	-0.729183	113.015222	0.005002	6.2
1657	-1.025238	112.976646	0.006499	7.2
1658	-1.121517	112.938105	0.014053	5.7
1659	-0.546210	112.899599	0.010704	6.4
1660	-0.333244	112.861128	0.008243	7.5
1661	-1.085180	112.822692	0.011571	5.6
1662	-0.645241	112.784291	0.008996	6.7
1663	-0.000000	112.745924	0.000000	5.6
1664	-0.783798	112.707593	0.009070	5.9
1665	-0.074158	112.669296	0.001586	6.6
1666	-0.901504	112.631034	0.012730	5.8
1667	-0.000000	112.592806	0.000000	6.5
1668	-0.000000	112.554613	0.000000	5.0
1669	-1.005743	112.516455	0.009130	5.3
1670	-0.613216	112.478331	0.006622	6.4
1671	-0.000000	112.440241	0.000000	6.0
1672	-0.548501	112.402186	0.016089	5.9
1673	-0.000007	112.364165	0.000003	6.4
1674	-0.000139	112.326179	0.000019	6.1
1675	-0.913764	112.288227	0.006624	5.3
1676	-0.768127	112.250309	0.013532	6.5
1677	-1.169653	112.212425	0.022041	5.3
1678	-0.781941	112.174575	0.019411	5.8
1679	-0.000014	112.136759	0.000002	5.8
1680	-0.720281	112.098977	0.006885	5.8
1681	-0.060604	112.061229	0.001536	5.9
1682	-1.319230	112.023515	0.015166	6.1
1683	-0.888920	111.985834	0.008481	5.6
1684	-0.700344	111.948188	0.008191	5.7
1685	-0.662615	111.910575	0.009063	5.5
1686	-0.000000	111.872996	0.000000	6.1
1687	-0.036167	111.835450	0.001290	6.2
1688	-0.410725	111.797939	0.007156	5.9
1689	-0.000000	111.760460	0.000000	5.9
1690	-1.248867	111.723015	0.011558	6.2
1691	-0.000000	111.685604	0.000000	5.6
1692	-0.318871	111.648226	0.004736	6.0
1693	-1.152575	111.610881	0.010784	5.9
1694	-0.000000	111.573570	0.000000	6.2
1695	-1.013630	111.536292	0.007063	7.2
1696	-0.000000	111.499047	0.000000	6.3
1697	-0.000000	111.461835	0.000000	6.1
1698	-0.000000	111.424656	0.000000	6.1
1699	-0.000000	111.387510	0.000000	6.6
1700	-0.000000	111.350398	0.000000	6.7
1701	-0.873930	111.313318	0.022841	5.5
1702	-0.346009	111.276271	0.005849	6.3
1703	-0.006882	111.239257	0.000445	6.9
1704	-0.508585	111.202276	0.002669	6.8
1705	-0.981173	111.165328	0.009530	6.9
1706	-0.773951	111.128412	0.004897	6.9
1707	-0.982592	111.091529	0.013900	6.7
1708	-0.085108	111.054679	0.002285	5.6
1709	-0.000000	111.017861	0.000000	5.9
1710	-0.343137	110.981076	0.004831	6.4
1711	-0.158491	110.944323	0.002376	5.6
1712	-1.037644	110.907603	0.014381	5.9
1713	-0.000000	110.870915	0.000000	6.0
1714	-1.155823	110.834259	0.012945	5.9
1715	-0.407046	110.797636	0.004408	5.5
1716	-0.877266	110.761045	0.010032	6.2
1717	-0.069596	110.724486	0.001699	5.7
1718	-1.145519	110.687959	0.014153	5.7
1719	-0.728934	110.651465	0.009399	6.6
1720	-1.096776	110.615002	0.013835	6.1
1721	-0.773980	110.578572	0.005948	6.6
1722	-0.000000	110.542173	0.000000	5.8
1723	-0.840030	110.505807	0.007039	4.8
1724	-0.010822	110.469472	0.000388	5.7
1725	-0.883498	110.433169	0.022805	5.9
1726	-0.833649	110.396898	0.009847	6.2
1727	-0.000000	110.360659	0.000000	7.0
1728	-0.000000	110.324451	0.000000	6.2
1729	-1.002661	110.288276	0.007166	6.3
1730	-0.557034	110.252131	0.007323	5.9
1731	-0.515816	110.216019	0.008715	6.0
1732	-0.781713	110.179937	0.008528	6.3
1733	-1.058375	110.143888	0.007867	6.0
1734	-0.433363	110.107869	0.005177	5.0
1735	-1.083256	110.071882	0.011542	7.1
1736	-0.822920	110.035927	0.006501	5.1
1737	-0.903353	110.000003	0.006289	6.1
1738	-0.944178	109.964110	0.007276	6.4
1739	-0.957445	109.928248	0.012484	5.7
1740	-0.519522	109.892417	0.013949	6.6
1741	-0.663808	109.856618	0.015496	6.2
1742	-0.647709	109.820850	0.007602	5.2
1743	-0.000000	109.785112	0.000000	6.5
1744	-0.649486	109.749406	0.012554	5.8
1745	-1.034627	109.713730	0.007523	6.2
1746	-0.801632	109.678086	0.010875	5.9
1747	-0.490374	109.642472	0.003787	5.9
1748	-0.744749	109.606890	0.006395	6.8
1749	-0.000000	109.571337	0.000000	5.5
1750	-0.704821	109.535816	0.005986	5.5
1751	-0.684358	109.500326	0.007293	7.8
1752	-0.619675	109.464866	0.008181	6.5
1753	-1.219860	109.429436	0.025203	7.3
1754	-0.118536	109.394038	0.005869	6.0
1755	-0.998983	109.358669	0.006819	6.1
1756	-0.037125	109.323331	0.001066	7.6
1757	-0.347331	109.288024	0.003421	6.4
1758	-0.922719	109.252747	0.004916	7.3
1759	-0.916490	109.217501	0.012866	5.4
1760	-0.000000	109.182284	0.000000	6.0
1761	-0.551290	109.147098	0.011378	6.0
1762	-1.111149	109.111942	0.012071	5.7
1763	-1.072569	109.076817	0.021903	5.8
1764	-0.520974	109.041721	0.007231	6.7
1765	-0.000000	109.006656	0.000000	4.9
1766	-1.249210	108.971620	0.012675	6.0
1767	-0.739497	108.936615	0.006232	6.1
1768	-0.706541	108.901640	0.009147	5.9
1769	-0.000189	108.866694	0.000060	7.1
1770	-0.433705	108.831779	0.003663	4.9
1771	-1.149645	108.796893	0.032350	5.6
1772	-0.000000	108.762037	0.000000	6.1
1773	-1.003661	108.727211	0.012281	6.6
1774	-1.131478	108.692415	0.009333	6.1
1775	-0.000000	108.657648	0.000000	7.1
1776	-0.934852	108.622911	0.016713	6.4
1777	-0.018357	108.588203	0.000715	7.2
1778	-1.017631	108.553525	0.010817	5.7
1779	-0.000000	108.518877	0.000000	7.1
1780	-0.144588	108.484258	0.002150	6.4
1781	-0.772188	108.449668	0.004900	6.0
1782	-0.994113	108.415108	0.006122	6.4
1783	-0.643621	108.380578	0.004804	6.1
1784	-0.877054	108.346076	0.004323	6.6
1785	-1.011522	108.311604	0.009169	5.9
1786	-0.114273	108.277161	0.002172	6.4
1787	-0.924990	108.242747	0.008800	6.4
1788	-0.584937	108.208363	0.007442	6.1
1789	-0.732743	108.174007	0.007312	5.6
1790	-1.169474	108.139681	0.012638	6.3
1791	-0.615576	108.105383	0.007578	6.2
1792	-1.086218	108.071115	0.008295	6.1
1793	-1.061178	108.036875	0.011372	7.0
1794	-0.682053	108.002665	0.015354	6.8
1795	-0.125250	107.968483	0.003270	6.7
1796	-0.489926	107.934330	0.008615	5.8
1797	-1.048172	107.900206	0.008479	6.7
1798	-0.896627	107.866111	0.022628	6.0
1799	-0.840820	107.832044	0.011817	5.5
1800	-0.960367	107.798007	0.014228	6.2
1801	-0.916158	107.763997	0.012513	6.1
1802	-0.000000	107.730017	0.000000	6.2
1803	-0.874232	107.696065	0.016141	6.4
1804	-0.809282	107.662141	0.009949	6.0
1805	-0.664752	107.628246	0.005153	5.9
1806	-0.678819	107.594379	0.010791	6.0
1807	-1.075784	107.560541	0.011767	5.7
1808	-0.695577	107.526731	0.008551	6.1
1809	-0.409352	107.492949	0.004314	6.0
1810	-0.000000	107.459196	0.000000	5.9
1811	-0.810005	107.425471	0.011761	5.6
1812	-0.137290	107.391774	0.002636	6.0
1813	-0.001039	107.358106	0.000118	6.3
1814	-0.486590	107.324465	0.010004	5.9
1815	-0.021034	107.290853	0.000985	5.2
1816	-1.085310	107.257268	0.008325	6.3
1817	-1.236483	107.223712	0.014751	6.3
1818	-1.059532	107.190184	0.008175	5.9
1819	-0.676152	107.156683	0.009421	5.9
1820	-1.300341	107.123211	0.009756	5.8
1821	-0.000000	107.089766	0.000000	5.4
1822	-0.000000	107.056349	0.000000	6.2
1823	-1.137834	107.022960	0.009350	6.1
1824	-0.330203	106.989599	0.003017	5.8
1825	-0.203012	106.956265	0.002735	6.3
1826	-0.616275	106.922960	0.006848	6.6
1827	-0.507572	106.889681	0.003223	6.3
1828	-0.032185	106.856431	0.001219	7.1
1829	-0.172070	106.823208	0.001878	7.4
1830	-1.019207	106.790012	0.007090	6.4
1831	-1.190439	106.756844	0.019211	6.9
1832	-0.000000	106.723703	0.000000	7.1
1833	-0.000614	106.690590	0.000036	5.7
1834	-0.016754	106.657505	0.001332	6.4
1835	-1.085787	106.624446	0.008031	6.1
1836	-0.018001	106.591415	0.001432	5.6
1837	-0.753180	106.558411	0.010600	7.4
1838	-0.638588	106.525435	0.012853	6.2
1839	-0.865705	106.492485	0.012845	5.8
1840	-0.541494	106.459563	0.008083	6.2
1841	-0.053056	106.426668	0.001398	5.8
1842	-0.769208	106.393800	0.012447	6.7
1843	-1.091651	106.360959	0.011597	6.6
1844	-0.991787	106.328145	0.007413	5.3
1845	-0.000000	106.295358	0.000000	6.0
1846	-0.921932	106.262598	0.007220	6.0
1847	-0.128111	106.229865	0.005600	5.9
1848	-0.523121	106.197158	0.006326	5.8
1849	-0.432120	106.164479	0.006056	5.7
1850	-1.024407	106.131826	0.014539	5.4
1851	-0.552782	106.099201	0.009776	6.7
1852	-0.113080	106.066602	0.001725	5.7
1853	-0.051185	106.034029	0.001576	6.0
1854	-0.949295	106.001483	0.011714	5.4
1855	-0.000000	105.968964	0.000000	6.3
1856	-1.180321	105.936472	0.014009	5.9
1857	-0.164091	105.904006	0.004114	6.0
1858	-0.918220	105.871566	0.005112	5.6
1859	-0.000000	105.839153	0.000000	6.6
1860	-0.936973	105.806767	0.010816	5.7
1861	-0.001163	105.774407	0.000075	6.6
1862	-0.782335	105.742073	0.008976	6.3
1863	-0.903131	105.709766	0.011252	6.4
1864	-1.007204	105.677485	0.021199	6.9
1865	-0.890946	105.645230	0.004060	6.8
1866	-0.008927	105.613001	0.000268	7.8
1867	-0.000000	105.580799	0.000000	6.1
1868	-0.402114	105.548623	0.003690	5.7
1869	-0.647812	105.516473	0.003670	7.0
1870	-0.518399	105.484349	0.005363	5.5
1871	-0.168329	105.452251	0.002050	6.1
1872	-1.063840	105.420179	0.017971	5.9
1873	-0.000027	105.388133	0.000012	6.1
1874	-0.000089	105.356113	0.000022	6.4
1875	-1.109693	105.324119	0.007027	6.3
1876	-0.000000	105.292151	0.000000	6.2
1877	-0.999606	105.260209	0.014706	6.8
1878	-0.000000	105.228293	0.000000	5.8
1879	-0.530971	105.196402	0.011424	6.7
1880	-0.000001	105.164537	0.000000	6.5
1881	-0.648827	105.132698	0.006420	6.7
1882	-0.032275	105.100885	0.000740	6.5
1883	-0.945412	105.069097	0.009038	5.5
1884	-0.000000	105.037335	0.000000	5.9
1885	-0.553678	105.005598	0.006392	6.5
1886	-0.000000	104.973887	0.000000	6.0
1887	-0.582499	104.942202	0.007342	6.1
1888	-0.000051	104.910542	0.000011	6.4
1889	-1.031452	104.878907	0.009668	6.5
1890	-0.850033	104.847298	0.005860	6.0
1891	-1.191053	104.815715	0.017867	5.5
1892	-0.000000	104.784156	0.000000	5.8
1893	-0.948037	104.752623	0.008331	6.5
1894	-0.000000	104.721116	0.000000	5.6
1895	-1.104927	104.689633	0.007631	6.9
1896	-0.004999	104.658176	0.000127	6.6
1897	-0.699770	104.626744	0.011021	6.3
1898	-0.000000	104.595337	0.000000	6.5
1899	-0.671650	104.563955	0.009542	6.2
1900	-0.000000	104.532599	0.000000	6.3
1901	-0.521272	104.501267	0.006813	5.6
1902	-1.203361	104.469960	0.018756	5.8
1903	-0.934976	104.438679	0.005388	6.4
1904	-0.807187	104.407422	0.005117	5.8
1905	-0.647679	104.376191	0.010910	6.9
1906	-0.000000	104.344984	0.000000	5.5
1907	-1.132394	104.313802	0.009355	5.8
1908	-0.864854	104.282645	0.006292	6.5
1909	-0.969434	104.251513	0.004443	6.2
1910	-0.407532	104.220405	0.002502	6.1
1911	-0.584091	104.189323	0.004481	6.4
1912	-0.000000	104.158265	0.000000	5.5
1913	-1.024702	104.127231	0.014602	6.4
1914	-0.000000	104.096222	0.000000	6.4
1915	-1.198251	104.065238	0.012325	6.1
1916	-0.432698	104.034279	0.005108	6.8
1917	-0.947876	104.003344	0.006016	6.1
1918	-0.678350	103.972433	0.006255	6.3
1919	-0.119877	103.941547	0.001631	6.4
1920	-0.675037	103.910686	0.006047	6.0
1921	-1.208083	103.879849	0.009894	6.4
1922	-1.125072	103.849036	0.012730	6.6
1923	-0.000000	103.818248	0.000000	5.6
1924	-0.461054	103.787484	0.008809	6.5
1925	-0.078958	103.756744	0.002437	6.4
1926	-0.000000	103.726029	0.000000	6.8
1927	-0.854005	103.695338	0.006096	7.1
1928	-0.988526	103.664671	0.005229	6.2
1929	-1.053548	103.634028	0.009551	7.4
1930	-0.000000	103.603409	0.000000	5.9
1931	-1.001314	103.572814	0.006824	6.8
1932	-0.722017	103.542244	0.005175	6.3
1933	-0.000000	103.511698	0.000000	6.5
1934	-1.074229	103.481175	0.012930	6.2
1935	-0.000000	103.450677	0.000000	5.5
1936	-0.023216	103.420202	0.000463	6.3
1937	-0.904795	103.389752	0.020698	6.2
1938	-0.000021	103.359325	0.000004	5.7
1939	-0.000000	103.328922	0.000000	6.4
1940	-0.509490	103.298543	0.005991	5.9
1941	-0.652195	103.268188	0.007334	6.5
1942	-0.559461	103.237857	0.011214	6.6
1943	-0.000000	103.207549	0.000000	6.0
1944	-0.000000	103.177265	0.000000	6.9
1945	-0.470545	103.147005	0.004912	5.6
1946	-0.168384	103.116768	0.003517	5.7
1947	-0.804903	103.086556	0.003896	7.4
1948	-0.569148	103.056366	0.007253	6.2
1949	-0.553283	103.026200	0.004570	5.5
1950	-0.000000	102.996058	0.000000	5.2
1951	-0.072973	102.965939	0.000532	5.7
1952	-1.262522	102.935844	0.007734	6.1
1953	-0.000000	102.905772	0.000000	5.7
1954	-0.566195	102.875724	0.010250	5.8
1955	-0.866931	102.845699	0.012768	6.1
1956	-0.434295	102.815697	0.002541	5.7
1957	-0.713933	102.785719	0.006485	5.6
1958	-0.305573	102.755764	0.004587	6.3
1959	-0.654231	102.725832	0.008377	5.5
1960	-0.708576	102.695924	0.006488	6.1
1961	-0.972983	102.666038	0.007531	6.0
1962	-0.999306	102.636176	0.009171	5.3
1963	-1.072359	102.606337	0.008420	6.2
1964	-0.208970	102.576521	0.006001	5.8
1965	-0.476714	102.546728	0.006319	6.2
1966	-0.582218	102.516959	0.010660	6.1
1967	-1.195332	102.487212	0.013181	7.0
1968	-1.027080	102.457488	0.005804	6.3
1969	-1.123490	102.427788	0.012598	6.4
1970	-0.793923	102.398110	0.007259	6.3
1971	-1.071695	102.368455	0.008943	6.9
1972	-0.723432	102.338823	0.003227	6.1
1973	-1.215258	102.309214	0.009943	6.3
1974	-0.186909	102.279628	0.003735	6.5
1975	-0.000000	102.250064	0.000000	5.1
1976	-0.819097	102.220524	0.009138	6.2
1977	-0.505586	102.191006	0.009847	6.2
1978	-0.458337	102.161511	0.007734	6.0
1979	-1.104667	102.132038	0.006579	7.5
1980	-1.389622	102.102588	0.016912	5.5
1981	-0.000000	102.073161	0.000000	6.7
1982	-0.000000	102.043757	0.000000	6.4
1983	-0.823869	102.014375	0.021872	6.1
1984	-1.081354	101.985015	0.013161	6.2
1985	-0.988569	101.955678	0.010843	6.0
1986	-0.000000	101.926364	0.000000	6.0
1987	-1.197340	101.897072	0.008629	6.4
1988	-1.124278	101.867802	0.006980	5.6
1989	-0.359063	101.838555	0.004650	6.8
1990	-0.937557	101.809330	0.010527	5.7
1991	-0.911089	101.780128	0.012262	5.7
1992	-0.000000	101.750948	0.000000	6.4
1993	-1.023958	101.721790	0.007729	5.8
1994	-1.191604	101.692654	0.015889	5.8
1995	-0.789722	101.663541	0.005050	7.0
1996	-0.477120	101.634450	0.003177	4.9
1997	-0.669552	101.605381	0.005244	5.6
1998	-0.006062	101.576335	0.000566	5.4
1999	-0.307273	101.547310	0.004250	5.8
