1:ItNr	2:Metric	3:StepSize	4:||Gradient||	Time[ms]
0	-0.000000	627.201626	0.000000	1278.3
1	-0.918401	623.504937	0.007061	29.0
2	-0.785859	619.865785	0.006192	28.6
3	-0.324436	616.282728	0.005169	29.0
4	-0.413065	612.754375	0.007125	29.6
5	-0.000000	609.279381	0.000000	31.0
6	-0.000000	605.856447	0.000000	29.9
7	-0.644489	602.484317	0.004746	30.3
8	-0.545636	599.161779	0.006046	30.3
9	-0.000118	595.887656	0.000029	30.0
10	-0.804385	592.660813	0.009372	30.9
11	-0.000000	589.480151	0.000000	31.4
12	-0.489840	586.344606	0.005888	31.4
13	0.000000	583.253145	0.000000	31.0
14	-0.649323	580.204771	0.006987	30.9
15	-0.283717	577.198517	0.005637	31.5
16	-0.327002	574.233444	0.003467	31.2
17	-0.432551	571.308645	0.006728	30.8
18	-0.002994	568.423237	0.000197	31.4
19	-0.645102	565.576365	0.008474	31.3
20	-0.000008	562.767201	0.000006	31.9
21	-0.872606	559.994938	0.006551	31.5
22	-0.830469	557.258797	0.006269	33.1
23	-0.818680	554.558018	0.007342	32.8
24	-0.596814	551.891865	0.006109	31.0
25	-0.788635	549.259621	0.008419	31.2
26	-0.536316	546.660592	0.006648	30.8
27	-0.000000	544.094102	0.000000	31.2
28	-0.366414	541.559494	0.005403	29.6
29	-0.141245	539.056129	0.002157	33.1
30	-0.263498	536.583387	0.006456	30.6
31	-0.656496	534.140663	0.007533	30.7
32	-0.030821	531.727370	0.000467	31.1
33	-0.054476	529.342935	0.001897	32.4
34	-0.425798	526.986802	0.005113	31.0
35	-0.682717	524.658430	0.006230	31.5
36	-0.003794	522.357290	0.000077	30.4
37	-0.559190	520.082868	0.006448	31.3
38	-0.413667	517.834665	0.005234	30.8
39	-1.065299	515.612193	0.010801	31.2
40	-0.981255	513.414976	0.010053	32.7
41	-0.445041	511.242551	0.007497	32.9
42	-0.378692	509.094468	0.005854	31.1
43	-0.000456	506.970285	0.000032	31.5
44	-0.666414	504.869574	0.006621	32.1
45	-0.690903	502.791916	0.006948	31.8
46	-0.723809	500.736903	0.005910	33.9
47	-0.000000	498.704137	0.000000	32.2
48	-0.505458	496.693228	0.006808	30.9
49	-0.574735	494.703798	0.005178	33.0
50	-0.000000	492.735476	0.000000	33.0
51	-0.000171	490.787900	0.000096	32.2
52	-0.103881	488.860718	0.002117	33.9
53	-0.405439	486.953585	0.005803	34.4
54	-0.747476	485.066164	0.007862	30.7
55	-0.681426	483.198126	0.005903	32.3
56	-0.000000	481.349149	0.000000	31.7
57	-0.000000	479.518920	0.000000	32.6
58	-0.000000	477.707132	0.000000	32.7
59	-0.300926	475.913485	0.004710	32.7
60	0.000000	474.137684	0.000000	32.0
61	-0.000126	472.379445	0.000017	31.8
62	-0.387190	470.638485	0.005062	34.1
63	-0.000000	468.914531	0.000000	32.2
64	-0.516790	467.207315	0.007037	31.1
65	-0.839353	465.516573	0.007214	31.6
66	-0.720003	463.842050	0.007594	31.7
67	-0.698524	462.183494	0.008622	31.0
68	-0.810237	460.540658	0.006722	31.8
69	-0.007869	458.913303	0.000125	32.0
70	-0.536680	457.301192	0.003414	31.7
71	-0.630809	455.704096	0.005210	32.2
72	-0.882182	454.121787	0.009246	31.7
73	-0.151108	452.554045	0.002495	32.1
74	-0.616548	451.000653	0.006637	31.7
75	-0.559008	449.461399	0.006276	30.7
76	-0.125844	447.936075	0.001602	32.0
77	-0.000000	446.424477	0.000000	31.3
78	-0.099874	444.926406	0.001770	31.9
79	-0.026723	443.441666	0.001820	32.9
80	-0.000000	441.970065	0.000000	31.8
81	-0.000000	440.511415	0.000000	33.0
82	-0.165031	439.065533	0.002880	33.4
83	-0.354341	437.632238	0.005103	32.5
84	-0.770957	436.211351	0.005957	32.6
85	-0.000000	434.802701	0.000000	32.0
86	-0.180744	433.406117	0.002113	31.5
87	-0.439716	432.021430	0.005908	31.8
88	-0.000000	430.648479	0.000000	30.8
89	-0.017311	429.287101	0.001212	34.0
90	-0.484085	427.937140	0.007399	32.3
91	-0.913833	426.598440	0.008471	30.5
92	-0.736793	425.270849	0.005820	33.9
93	-0.000000	423.954220	0.000000	31.9
94	-0.000000	422.648404	0.000000	31.8
95	-0.588278	421.353259	0.008593	32.9
96	-0.317452	420.068643	0.002153	31.4
97	-0.050476	418.794419	0.001036	30.5
98	-0.340727	417.530451	0.004795	31.9
99	-0.054730	416.276604	0.001863	30.6
100	-0.000000	415.032748	0.000000	31.6
101	-0.545560	413.798754	0.006436	32.1
102	-0.395031	412.574495	0.006756	31.3
103	-0.893922	411.359849	0.007722	31.7
104	-0.475170	410.154691	0.005583	32.7
105	-0.777732	408.958904	0.005043	31.7
106	-0.024487	407.772368	0.001183	32.2
107	-0.791723	406.594968	0.008105	29.8
108	-0.576221	405.426590	0.005709	31.9
109	-0.000000	404.267122	0.000000	32.2
110	0.000000	403.116456	0.000000	31.3
111	-0.438872	401.974481	0.006253	31.5
112	-0.275989	400.841093	0.004213	32.6
113	-0.637768	399.716187	0.004276	32.5
114	-0.357717	398.599660	0.004006	31.0
115	-0.997085	397.491411	0.008812	32.5
116	-0.232904	396.391342	0.002872	34.9
117	-0.000000	395.299353	0.000000	30.6
118	-0.000000	394.215350	0.000000	31.1
119	-0.193912	393.139238	0.003707	31.0
120	-0.756967	392.070924	0.005701	31.7
121	-0.119480	391.010316	0.002927	31.9
122	-0.984436	389.957325	0.007915	31.5
123	-0.000000	388.911862	0.000000	31.9
124	-0.000000	387.873839	0.000000	31.6
125	-0.000000	386.843173	0.000000	31.0
126	-0.000000	385.819777	0.000000	33.2
127	-0.187227	384.803569	0.003329	32.4
128	-0.617737	383.794468	0.007296	31.5
129	-0.714635	382.792393	0.004776	32.0
130	-0.014925	381.797264	0.000759	32.7
131	-0.000000	380.809005	0.000000	31.2
132	-0.000000	379.827537	0.000000	30.5
133	-0.848604	378.852786	0.006542	33.8
134	-0.919642	377.884678	0.006182	31.8
135	-0.048473	376.923138	0.002589	30.8
136	-0.978257	375.968095	0.009222	31.3
137	-0.547403	375.019479	0.007767	32.3
138	-0.710926	374.077218	0.005099	32.0
139	-0.234713	373.141244	0.004033	31.9
140	-0.667399	372.211489	0.007178	32.3
141	-0.027200	371.287887	0.001020	31.7
142	-0.879864	370.370370	0.006779	32.8
143	-0.827372	369.458876	0.006282	31.3
144	-0.012608	368.553338	0.001642	32.3
145	-0.462424	367.653696	0.007105	31.5
146	-0.486002	366.759885	0.009593	31.3
147	-0.038981	365.871846	0.000973	36.4
148	-0.901153	364.989518	0.006589	35.3
149	-0.441446	364.112841	0.005728	33.4
150	-0.355769	363.241757	0.004908	36.0
151	-0.000000	362.376208	0.000000	33.0
152	-0.502524	361.516137	0.005929	34.7
153	-0.233852	360.661488	0.003747	36.5
154	-0.000000	359.812206	0.000000	34.7
155	-0.000023	358.968236	0.000001	32.2
156	-0.402568	358.129524	0.005686	34.4
157	-0.631651	357.296018	0.003797	31.6
158	-0.635872	356.467665	0.005475	31.6
159	-0.446836	355.644414	0.004249	32.3
160	-0.606702	354.826213	0.006893	31.9
161	-0.000000	354.013012	0.000000	32.1
162	-0.000028	353.204763	0.000004	32.4
163	-0.000000	352.401415	0.000000	30.9
164	-0.000000	351.602922	0.000000	30.7
165	-0.848836	350.809235	0.007858	30.6
166	-0.815374	350.020308	0.006804	31.7
167	-0.000000	349.236095	0.000000	30.9
168	-0.000000	348.456550	0.000000	32.3
169	-0.592435	347.681627	0.006808	32.4
170	-0.971680	346.911283	0.010077	32.2
171	-0.000000	346.145474	0.000000	31.7
172	-0.882685	345.384157	0.007883	31.8
173	-0.000000	344.627288	0.000000	31.7
174	-0.532731	343.874826	0.006895	31.9
175	-0.748085	343.126729	0.003944	30.8
176	-0.516008	342.382957	0.007247	34.1
177	-0.570678	341.643469	0.004541	34.2
178	-0.064646	340.908224	0.003095	35.3
179	-0.000000	340.177184	0.000000	33.5
180	-0.948601	339.450309	0.007665	32.7
181	-0.511725	338.727561	0.006531	33.0
182	-0.491842	338.008902	0.007073	32.8
183	-0.572985	337.294295	0.005169	33.5
184	-0.814499	336.583703	0.005198	32.7
185	-0.276168	335.877089	0.003531	33.4
186	-0.696073	335.174416	0.005368	33.2
187	-0.373268	334.475651	0.004709	32.6
188	-0.000000	333.780756	0.000000	33.1
189	-0.619124	333.089698	0.006239	32.4
190	-0.000000	332.402443	0.000000	32.1
191	-0.991291	331.718955	0.008860	33.7
192	-0.720783	331.039203	0.006964	33.1
193	-0.781636	330.363153	0.005494	34.1
194	-0.000000	329.690771	0.000000	33.5
195	-0.906584	329.022027	0.006955	33.0
196	-0.000000	328.356888	0.000000	33.2
197	-0.416148	327.695322	0.004498	34.0
198	-0.820626	327.037299	0.006526	32.4
199	-0.571926	326.382787	0.006465	34.3
200	-0.761171	325.731758	0.012195	31.8
201	-0.058161	325.084179	0.002099	39.8
202	-0.776434	324.440023	0.004291	40.0
203	-0.876755	323.799258	0.009195	38.7
204	-0.115162	323.161858	0.002326	38.6
205	-1.035941	322.527792	0.008017	37.4
206	-1.015386	321.897034	0.011997	41.5
207	-0.737853	321.269554	0.008545	36.8
208	-0.679715	320.645325	0.008049	37.5
209	-0.454448	320.024320	0.005202	36.0
210	-0.484513	319.406512	0.005706	31.9
211	-0.160306	318.791875	0.004001	31.4
212	-0.264708	318.180381	0.004637	31.6
213	-0.014669	317.572005	0.000279	32.3
214	-0.000000	316.966721	0.000000	30.9
215	-0.833136	316.364504	0.007849	31.8
216	-0.426371	315.765329	0.007135	31.7
217	-0.680597	315.169170	0.005840	31.2
218	-0.598966	314.576003	0.006452	31.6
219	-0.518599	313.985804	0.007633	30.1
220	-0.848820	313.398548	0.010701	31.0
221	-1.115164	312.814213	0.009827	32.2
222	-0.141613	312.232773	0.001816	31.9
223	-0.000487	311.654207	0.000018	30.7
224	0.000000	311.078491	0.000000	31.5
225	-0.000000	310.505602	0.000000	31.5
226	-0.288653	309.935518	0.003072	30.7
227	-0.000000	309.368217	0.000000	31.7
228	-0.061318	308.803676	0.001425	32.0
229	-0.000000	308.241874	0.000000	30.4
230	-0.218997	307.682789	0.004884	32.0
231	-1.028861	307.126400	0.007577	32.5
232	-0.756791	306.572687	0.008103	31.9
233	-0.935774	306.021627	0.007924	32.3
234	-0.331303	305.473201	0.004992	31.1
235	-0.841892	304.927388	0.009386	31.4
236	-0.751870	304.384168	0.007078	31.3
237	-0.472390	303.843521	0.003419	32.2
238	-1.023753	303.305427	0.007790	33.3
239	-0.430489	302.769867	0.005369	30.8
240	-0.161990	302.236821	0.003331	30.5
241	-0.178083	301.706270	0.003748	30.9
242	-0.996883	301.178196	0.008421	32.4
243	-0.699841	300.652580	0.005275	31.8
244	-0.000000	300.129402	0.000000	32.1
245	-0.588547	299.608645	0.005529	32.6
246	-0.442476	299.090291	0.003794	31.7
247	-0.538988	298.574321	0.006706	33.0
248	-0.405980	298.060718	0.005288	34.1
249	-0.012799	297.549465	0.000138	33.9
250	-0.958134	297.040543	0.010415	32.2
251	-0.777168	296.533936	0.006624	32.5
252	-0.732927	296.029626	0.007099	31.4
253	-0.038261	295.527597	0.000516	32.6
254	-0.711404	295.027832	0.006568	31.2
255	-0.000000	294.530315	0.000000	31.2
256	-0.000000	294.035028	0.000000	33.2
257	-0.000000	293.541956	0.000000	30.1
258	-0.000001	293.051083	0.000000	32.6
259	-0.204678	292.562393	0.003266	30.9
260	-0.394013	292.075870	0.004176	31.6
261	-0.560249	291.591498	0.005838	32.9
262	-1.019952	291.109263	0.007964	31.3
263	-1.012120	290.629149	0.008256	32.3
264	-0.491002	290.151140	0.003626	31.4
265	-0.001103	289.675222	0.000368	31.7
266	-0.226031	289.201380	0.004016	31.5
267	-0.890140	288.729600	0.007937	30.9
268	-0.599783	288.259866	0.006851	33.2
269	-0.831699	287.792165	0.005082	32.3
270	-0.000000	287.326481	0.000000	32.9
271	-0.000000	286.862802	0.000000	31.7
272	-0.353877	286.401113	0.005159	32.5
273	-1.101361	285.941400	0.008482	31.7
274	-0.000000	285.483649	0.000000	31.3
275	-0.000000	285.027847	0.000000	30.4
276	-0.519700	284.573981	0.004459	31.7
277	-0.247118	284.122037	0.004089	30.7
278	-0.000000	283.672002	0.000000	31.0
279	-1.045776	283.223863	0.008421	31.5
280	-0.964546	282.777607	0.007359	31.4
281	-0.324687	282.333221	0.002953	32.0
282	-1.027332	281.890692	0.007828	32.5
283	-0.696416	281.450008	0.005943	31.9
284	-0.425455	281.011157	0.003610	31.5
285	-0.697833	280.574125	0.007652	32.2
286	-0.063381	280.138901	0.001373	31.5
287	-0.022687	279.705473	0.001090	32.6
288	-0.728745	279.273829	0.006188	31.0
289	-0.000000	278.843956	0.000000	32.2
290	-0.064667	278.415844	0.001796	30.4
291	-0.499339	277.989479	0.006257	31.3
292	-1.043851	277.564851	0.008286	32.7
293	-0.642994	277.141949	0.006701	32.2
294	-0.000000	276.720761	0.000000	32.0
295	-0.000000	276.301275	0.000000	32.2
296	-0.474950	275.883480	0.006211	31.8
297	-0.634252	275.467366	0.004884	31.8
298	-0.419884	275.052922	0.003389	34.4
299	-0.602696	274.640136	0.006837	33.0
300	-0.352614	274.228998	0.002293	32.0
301	-0.063418	273.819497	0.003504	31.6
302	-0.035088	273.411623	0.000632	32.6
303	-0.660263	273.005365	0.007129	31.8
304	-0.551178	272.600712	0.006869	32.6
305	-0.249063	272.197655	0.003687	31.3
306	-0.664937	271.796184	0.007742	30.8
307	-0.836473	271.396287	0.006774	32.8
308	-0.187416	270.997956	0.003297	31.6
309	-0.964071	270.601180	0.008127	32.3
310	-0.333988	270.205949	0.003524	32.5
311	-0.620751	269.812254	0.008952	30.9
312	-0.124388	269.420085	0.002924	32.1
313	-0.631354	269.029432	0.005203	33.2
314	-0.965285	268.640287	0.008862	31.5
315	-0.779366	268.252638	0.005268	31.0
316	-0.883928	267.866478	0.007818	31.5
317	-0.000000	267.481796	0.000000	30.6
318	-0.281933	267.098584	0.005012	31.6
319	-0.762230	266.716833	0.004385	31.4
320	-0.598997	266.336533	0.007658	32.7
321	-1.010145	265.957676	0.007644	30.8
322	-0.488804	265.580253	0.004629	30.6
323	-0.521529	265.204254	0.006304	32.8
324	-0.245530	264.829672	0.004824	30.6
325	-0.000000	264.456497	0.000000	31.2
326	-0.000000	264.084721	0.000000	32.4
327	-0.289026	263.714335	0.002920	32.8
328	-1.009140	263.345332	0.008810	31.1
329	-0.639689	262.977702	0.007022	31.8
330	-0.500285	262.611438	0.004416	34.2
331	-0.801449	262.246531	0.005509	32.8
332	-0.000000	261.882973	0.000000	32.6
333	-0.435027	261.520756	0.003064	31.6
334	-1.097779	261.159871	0.009797	31.2
335	-0.598508	260.800312	0.005375	30.8
336	-0.473840	260.442070	0.005417	32.3
337	-0.708169	260.085137	0.006012	31.0
338	-0.835945	259.729505	0.008933	31.6
339	-0.660787	259.375167	0.006235	31.5
340	-0.649570	259.022116	0.004952	30.2
341	-0.001261	258.670343	0.000266	32.6
342	-0.527404	258.319841	0.002673	32.0
343	-0.594220	257.970602	0.007802	33.4
344	-0.751615	257.622620	0.006945	31.6
345	-0.005735	257.275887	0.000110	31.0
346	-0.971963	256.930396	0.009373	31.6
347	-0.233610	256.586139	0.004500	33.1
348	-0.467489	256.243109	0.007961	32.3
349	-0.617938	255.901300	0.007362	33.0
350	-0.599579	255.560703	0.006427	31.0
351	-0.033212	255.221313	0.001367	30.9
352	0.000000	254.883122	0.000000	30.8
353	-0.077046	254.546124	0.001649	31.0
354	-0.215646	254.210311	0.002295	31.2
355	-0.008802	253.875677	0.000227	31.1
356	-0.427069	253.542215	0.006174	31.4
357	-0.671055	253.209918	0.008206	31.4
358	-0.818538	252.878781	0.004815	31.8
359	-0.715041	252.548795	0.007383	30.1
360	-0.156985	252.219956	0.002629	32.6
361	-0.736420	251.892255	0.008022	30.5
362	-0.278345	251.565688	0.004296	31.0
363	-0.045676	251.240247	0.002198	32.9
364	-0.351035	250.915926	0.004205	32.3
365	-0.681708	250.592720	0.007943	31.3
366	-0.003918	250.270621	0.000647	31.1
367	-0.883337	249.949624	0.008100	31.6
368	-0.416599	249.629723	0.005275	31.6
369	-0.225452	249.310911	0.004052	31.8
370	-0.762689	248.993182	0.006657	31.3
371	-0.355814	248.676531	0.004138	31.2
372	-0.903564	248.360952	0.007401	31.2
373	-0.451964	248.046438	0.005147	31.0
374	-0.887742	247.732984	0.007725	30.9
375	-0.966622	247.420584	0.007723	30.6
376	-0.742151	247.109233	0.007559	30.8
377	0.000000	246.798924	0.000000	33.4
378	-0.554114	246.489652	0.006635	31.8
379	-0.000000	246.181412	0.000000	30.8
380	-0.544754	245.874197	0.007233	30.2
381	-0.631459	245.568002	0.004641	31.1
382	-0.000000	245.262822	0.000000	30.8
383	-0.473132	244.958652	0.005389	31.1
384	-0.609926	244.655485	0.004533	31.9
385	-0.807103	244.353317	0.006112	30.5
386	-0.275305	244.052142	0.005658	30.7
387	-0.473010	243.751955	0.006305	30.9
388	-0.758774	243.452750	0.008893	30.7
389	-0.000000	243.154523	0.000000	31.1
390	-0.805439	242.857268	0.006319	30.9
391	-0.526729	242.560980	0.005450	31.2
392	-0.118365	242.265654	0.002923	30.9
393	-0.864681	241.971285	0.007157	30.3
394	-0.818466	241.677868	0.008057	32.6
395	-0.481987	241.385397	0.003706	30.6
396	-0.337437	241.093869	0.003560	31.3
397	-0.000000	240.803278	0.000000	30.7
398	-0.576324	240.513619	0.005636	31.8
399	-0.536244	240.224887	0.006281	31.3
400	-0.025100	239.937077	0.000726	31.0
401	-0.932985	239.650186	0.007875	32.6
402	-0.958521	239.364207	0.007543	30.4
403	-0.007275	239.079136	0.000937	31.1
404	-0.000000	238.794969	0.000000	31.4
405	-0.000000	238.511701	0.000000	30.7
406	-0.000000	238.229327	0.000000	31.7
407	-0.694943	237.947843	0.006621	30.8
408	-0.000000	237.667244	0.000000	31.0
409	-0.013993	237.387526	0.002316	30.0
410	-0.000000	237.108684	0.000000	30.1
411	-0.000000	236.830714	0.000000	31.7
412	-0.000000	236.553610	0.000000	31.0
413	-0.853164	236.277370	0.005606	32.2
414	-0.013754	236.001989	0.001545	31.8
415	-0.940373	235.727461	0.009429	31.5
416	-0.652537	235.453784	0.006331	30.9
417	-0.000000	235.180952	0.000000	31.5
418	-0.832364	234.908962	0.007705	31.0
419	-0.547279	234.637809	0.006952	33.1
420	-0.008590	234.367488	0.000030	32.2
421	-0.960976	234.097997	0.008426	30.9
422	-0.000000	233.829331	0.000000	31.2
423	-0.000000	233.561485	0.000000	31.5
424	-0.805291	233.294456	0.006454	31.6
425	-0.449930	233.028239	0.005629	32.3
426	-0.935712	232.762831	0.009229	36.1
427	-0.588897	232.498228	0.006607	31.5
428	-0.000000	232.234425	0.000000	31.6
429	-0.381959	231.971419	0.006717	30.9
430	-0.035972	231.709205	0.001182	31.6
431	-0.817526	231.447781	0.007942	31.9
432	-0.000000	231.187141	0.000000	31.9
433	0.000000	230.927283	0.000000	31.1
434	-0.891481	230.668202	0.007410	30.7
435	-0.844135	230.409895	0.009576	31.9
436	-0.583756	230.152358	0.005644	31.3
437	-0.997747	229.895587	0.008496	31.1
438	-0.469079	229.639578	0.006613	31.0
439	-0.883446	229.384329	0.006373	32.7
440	-0.519427	229.129834	0.007354	31.9
441	-0.640196	228.876091	0.004659	30.9
442	-0.863323	228.623096	0.004712	31.0
443	-0.043428	228.370846	0.001834	30.9
444	-0.356669	228.119336	0.004256	31.0
445	-0.248854	227.868563	0.003348	31.8
446	-0.577836	227.618525	0.005757	31.6
447	-0.000219	227.369216	0.000059	31.1
448	-0.773505	227.120635	0.006075	31.9
449	-0.714903	226.872777	0.005204	31.3
450	-0.598337	226.625638	0.006114	30.5
451	-0.063842	226.379217	0.001562	31.7
452	-0.357706	226.133509	0.005659	30.0
453	-0.000000	225.888510	0.000000	31.1
454	-0.306552	225.644218	0.003858	32.1
455	-0.955015	225.400630	0.009046	31.4
456	-0.421690	225.157741	0.005755	31.4
457	-0.653190	224.915549	0.005305	33.1
458	-0.000000	224.674051	0.000000	32.4
459	-0.783889	224.433242	0.005445	30.5
460	-0.312664	224.193121	0.006150	30.1
461	-0.000000	223.953684	0.000000	30.1
462	-0.000000	223.714927	0.000000	33.5
463	-0.000000	223.476848	0.000000	30.9
464	-0.779635	223.239444	0.007702	30.8
465	-0.734400	223.002710	0.006087	31.6
466	-0.460709	222.766645	0.007326	31.7
467	-0.646978	222.531245	0.006527	31.3
468	-0.602647	222.296508	0.004839	30.3
469	-0.648258	222.062429	0.004445	31.5
470	-0.273909	221.829007	0.003884	31.3
471	-0.513097	221.596238	0.005517	30.4
472	-0.801867	221.364119	0.005978	31.2
473	-0.425975	221.132647	0.006430	31.1
474	-0.000000	220.901820	0.000000	30.7
475	-0.051407	220.671634	0.001684	30.6
476	-0.667506	220.442086	0.006211	30.8
477	-0.436792	220.213174	0.005966	30.7
478	-0.274868	219.984895	0.004032	31.1
479	-0.650707	219.757246	0.004625	30.5
480	-0.664438	219.530224	0.006954	30.7
481	-0.577744	219.303826	0.007653	31.1
482	-0.599767	219.078050	0.004606	32.6
483	-0.000000	218.852893	0.000000	31.6
484	-0.005903	218.628352	0.000123	31.6
485	-0.127908	218.404424	0.001871	31.6
486	-0.687497	218.181106	0.006926	30.5
487	-0.000000	217.958397	0.000000	31.1
488	-0.763967	217.736292	0.006511	31.2
489	-0.274107	217.514790	0.003011	32.7
490	-0.035414	217.293888	0.002067	31.7
491	-0.000001	217.073584	0.000001	30.9
492	-0.452528	216.853873	0.004847	31.6
493	-0.205038	216.634755	0.003154	30.5
494	-0.167881	216.416227	0.002890	30.7
495	-0.000000	216.198285	0.000000	30.7
496	-0.125471	215.980927	0.002397	31.6
497	-0.907176	215.764151	0.006432	31.2
498	-0.232200	215.547955	0.003603	31.4
499	-0.654452	215.332335	0.006936	31.1
500	-0.641050	215.117289	0.006556	31.8
501	-0.760324	214.902815	0.006568	30.8
502	-0.097746	214.688911	0.002014	30.5
503	-0.932177	214.475573	0.006070	30.6
504	-0.812688	214.262800	0.005397	31.9
505	-0.000000	214.050588	0.000000	31.1
506	-0.081784	213.838936	0.001474	30.6
507	-0.186692	213.627842	0.002732	32.4
508	-0.718256	213.417302	0.005647	31.4
509	-0.512852	213.207314	0.005957	30.9
510	-0.761040	212.997877	0.006271	32.1
511	-0.730466	212.788987	0.008773	30.5
512	-0.348748	212.580642	0.005168	30.6
513	-0.051858	212.372841	0.001633	30.6
514	-0.000000	212.165581	0.000000	31.4
515	-0.770765	211.958859	0.006747	30.9
516	-0.976685	211.752673	0.007073	31.3
517	-0.358233	211.547021	0.005582	33.7
518	-0.054207	211.341902	0.001742	31.5
519	-0.000895	211.137311	0.000036	30.9
520	-0.000000	210.933248	0.000000	33.8
521	-0.877190	210.729710	0.006168	33.3
522	-1.007027	210.526695	0.007139	31.7
523	-0.290372	210.324200	0.004324	30.3
524	-0.170533	210.122224	0.003289	31.0
525	-0.230903	209.920765	0.002557	33.2
526	-0.976511	209.719820	0.006730	30.5
527	-0.000001	209.519387	0.000001	30.8
528	-0.194165	209.319463	0.002163	31.1
529	-0.127144	209.120048	0.002360	32.4
530	-0.180814	208.921139	0.002185	30.8
531	-0.666852	208.722733	0.004967	29.8
532	-0.750740	208.524829	0.006656	31.0
533	-0.000000	208.327425	0.000000	30.7
534	-0.748660	208.130518	0.005492	31.6
535	-0.743840	207.934107	0.007431	30.2
536	-0.000000	207.738189	0.000000	30.5
537	-0.000000	207.542762	0.000000	30.1
538	-0.000695	207.347825	0.000067	29.8
539	-0.000000	207.153376	0.000000	32.2
540	-0.636390	206.959412	0.006186	30.8
541	0.000000	206.765932	0.000000	30.2
542	-0.470449	206.572933	0.003115	32.6
543	-0.848413	206.380414	0.005172	30.7
544	-0.020855	206.188373	0.000591	30.0
545	-0.432678	205.996807	0.004610	29.8
546	-0.533987	205.805716	0.006188	31.1
547	-0.537424	205.615096	0.005473	31.4
548	-0.000000	205.424946	0.000000	31.1
549	-0.521394	205.235265	0.005777	31.4
550	-0.765098	205.046050	0.007399	31.7
551	-0.807443	204.857299	0.005948	31.3
552	-0.597938	204.669011	0.005560	30.8
553	-0.846265	204.481184	0.006506	34.9
554	-0.467782	204.293816	0.007949	30.8
555	-0.819142	204.106905	0.007411	31.6
556	-0.918556	203.920449	0.006427	31.8
557	-0.445614	203.734447	0.005176	31.3
558	-0.000000	203.548896	0.000000	30.4
559	-0.786728	203.363795	0.006456	30.3
560	-0.955865	203.179143	0.008015	30.9
561	-0.706200	202.994937	0.009204	30.2
562	-0.000000	202.811176	0.000000	30.5
563	-0.635483	202.627857	0.005102	32.5
564	-0.280443	202.444980	0.004083	31.5
565	-0.993705	202.262543	0.007652	31.2
566	-0.107491	202.080543	0.001806	31.5
567	-0.816183	201.898979	0.007005	31.3
568	-0.390243	201.717849	0.002924	30.6
569	-0.685752	201.537153	0.004743	30.2
570	-0.505190	201.356887	0.005464	31.3
571	-0.006652	201.177050	0.001299	28.8
572	-0.000000	200.997642	0.000000	29.9
573	-0.895046	200.818659	0.006117	31.6
574	-0.521265	200.640100	0.006938	30.0
575	-0.430528	200.461965	0.006080	29.3
576	-0.000000	200.284250	0.000000	30.3
577	-0.652403	200.106955	0.006381	31.8
578	-0.921977	199.930078	0.006451	31.8
579	-0.000663	199.753617	0.000043	31.3
580	-0.009415	199.577571	0.000461	30.5
581	-0.004636	199.401938	0.000481	31.6
582	-0.732881	199.226717	0.005113	30.2
583	-0.857038	199.051905	0.006657	30.3
584	-0.265297	198.877502	0.005031	31.5
585	-0.000000	198.703506	0.000000	32.4
586	-0.423062	198.529916	0.006024	31.5
587	-0.523518	198.356729	0.007095	31.3
588	-0.460491	198.183944	0.006729	29.9
589	-0.228874	198.011560	0.002952	31.0
590	-0.478743	197.839576	0.005735	29.1
591	-0.153204	197.667989	0.003103	32.4
592	-0.000000	197.496798	0.000000	31.3
593	-0.670414	197.326002	0.007307	31.6
594	-0.000295	197.155600	0.000101	30.1
595	-0.504163	196.985589	0.006586	32.0
596	-0.201365	196.815969	0.003402	31.0
597	-0.474713	196.646738	0.007098	30.6
598	-0.673567	196.477894	0.004120	29.8
599	-0.000000	196.309436	0.000000	30.5
600	-0.001758	196.141363	0.000103	30.7
601	-0.980256	195.973673	0.006505	30.6
602	-0.976601	195.806365	0.006961	30.6
603	-0.000000	195.639437	0.000000	30.8
604	-0.350531	195.472888	0.004569	30.6
605	-0.906114	195.306717	0.008272	30.4
606	-0.037966	195.140922	0.000631	31.0
607	-0.000000	194.975501	0.000000	31.1
608	-0.000000	194.810454	0.000000	31.4
609	-0.767067	194.645779	0.004585	31.2
610	-0.973225	194.481475	0.008084	32.2
611	-0.563048	194.317540	0.007996	30.3
612	-0.606914	194.153973	0.004312	30.3
613	-0.174363	193.990773	0.002968	31.8
614	-0.000000	193.827938	0.000000	31.7
615	-0.000000	193.665467	0.000000	32.2
616	-0.000000	193.503358	0.000000	34.2
617	-0.937741	193.341611	0.007161	32.8
618	-0.083405	193.180224	0.002212	34.4
619	-0.222087	193.019196	0.004435	34.1
620	-0.290502	192.858525	0.003270	63.6
621	-0.305655	192.698210	0.003758	39.0
622	-0.889702	192.538251	0.008232	30.9
623	-0.004862	192.378644	0.000087	31.1
624	-0.595967	192.219391	0.006120	31.0
625	-0.784642	192.060488	0.008059	31.0
626	-0.585217	191.901935	0.008036	31.3
627	-0.383385	191.743730	0.005487	30.8
628	-0.131160	191.585873	0.003145	29.1
629	-0.688467	191.428362	0.006211	32.4
630	-0.719484	191.271196	0.005945	31.1
631	-0.000000	191.114374	0.000000	30.2
632	-0.969812	190.957893	0.007483	31.9
633	-0.750280	190.801755	0.007083	30.6
634	-0.356996	190.645956	0.004269	31.0
635	-1.010591	190.490495	0.008113	31.0
636	-0.029909	190.335373	0.000264	31.6
637	-0.649760	190.180587	0.006094	30.7
638	-0.661352	190.026136	0.006153	30.7
639	-0.000000	189.872019	0.000000	31.1
640	-0.000000	189.718235	0.000000	30.7
641	-0.711663	189.564782	0.006438	32.1
642	-0.042290	189.411661	0.000810	30.9
643	-0.645719	189.258868	0.007894	32.5
644	-0.390536	189.106404	0.003942	30.6
645	-0.146268	188.954267	0.002777	30.8
646	-0.787569	188.802456	0.006589	30.9
647	-0.781794	188.650969	0.005247	32.2
648	-0.820044	188.499807	0.006839	33.1
649	-0.000000	188.348967	0.000000	32.4
650	-0.261250	188.198448	0.002944	30.7
651	-0.279606	188.048250	0.004011	31.1
652	-0.724238	187.898371	0.004202	30.8
653	-0.078397	187.748810	0.002246	30.2
654	-0.536115	187.599566	0.006085	31.7
655	-0.000000	187.450638	0.000000	29.8
656	-0.621615	187.302025	0.005386	31.4
657	-0.000000	187.153725	0.000000	31.0
658	-0.795266	187.005739	0.006974	31.3
659	-0.748281	186.858064	0.009993	31.0
660	-0.817364	186.710699	0.007832	30.7
661	-0.351198	186.563645	0.004140	32.2
662	-0.000000	186.416898	0.000000	31.2
663	-0.000000	186.270459	0.000000	30.5
664	-0.654428	186.124326	0.005119	31.2
665	-0.546554	185.978499	0.005829	31.2
666	-0.904824	185.832976	0.004989	30.4
667	-0.552305	185.687756	0.006936	32.0
668	-0.840380	185.542838	0.007352	31.4
669	-0.872941	185.398222	0.005394	30.7
670	-1.002086	185.253906	0.009078	30.8
671	-0.000000	185.109889	0.000000	32.1
672	-0.706364	184.966170	0.006393	32.0
673	-0.000000	184.822748	0.000000	31.0
674	0.000000	184.679623	0.000000	31.6
675	-0.386527	184.536792	0.005213	30.7
676	-0.540082	184.394256	0.005841	30.2
677	-0.335086	184.252013	0.003406	31.0
678	-0.000000	184.110062	0.000000	31.4
679	-0.721055	183.968403	0.004305	33.6
680	-0.971450	183.827034	0.008133	32.0
681	-0.359479	183.685954	0.005747	31.1
682	-0.480837	183.545163	0.003668	32.2
683	-0.023287	183.404658	0.000754	31.0
684	-0.157210	183.264441	0.001820	32.8
685	-0.557460	183.124509	0.006816	31.0
686	-0.487206	182.984861	0.007057	31.5
687	-0.616131	182.845497	0.008380	31.3
688	-0.000000	182.706416	0.000000	31.1
689	-0.000000	182.567616	0.000000	31.4
690	-0.000000	182.429098	0.000000	30.5
691	-0.464144	182.290859	0.003642	31.3
692	-0.368931	182.152899	0.003333	31.4
693	-0.657627	182.015217	0.007704	30.3
694	-0.484032	181.877813	0.005128	31.4
695	-0.000000	181.740684	0.000000	31.0
696	-0.448530	181.603832	0.005082	30.6
697	-0.000000	181.467253	0.000000	30.2
698	-0.265544	181.330948	0.003415	31.5
699	-0.251298	181.194916	0.003178	31.1
700	-0.704214	181.059155	0.008209	31.8
701	-0.000000	180.923666	0.000000	30.4
702	-1.020435	180.788446	0.008346	32.1
703	0.000000	180.653496	0.000000	32.0
704	-0.850500	180.518814	0.008338	31.4
705	-0.223937	180.384399	0.003938	31.1
706	-0.169401	180.250251	0.002909	30.6
707	-0.884379	180.116369	0.009352	30.6
708	-0.841523	179.982752	0.005717	30.9
709	-0.536814	179.849398	0.006756	31.3
710	-0.626321	179.716308	0.006405	32.1
711	-0.756205	179.583480	0.007368	31.2
712	-0.712597	179.450913	0.007707	33.8
713	-0.598234	179.318607	0.006186	31.6
714	-0.734785	179.186561	0.009090	30.9
715	-0.501840	179.054774	0.004228	30.8
716	-0.828644	178.923245	0.005665	31.1
717	-0.150014	178.791973	0.002857	30.6
718	-0.702201	178.660958	0.008510	30.7
719	-0.569588	178.530199	0.006024	30.5
720	-0.909579	178.399694	0.007533	32.1
721	-0.000000	178.269444	0.000000	30.8
722	-0.552446	178.139447	0.005892	29.8
723	-0.428050	178.009702	0.006670	32.4
724	-0.036979	177.880209	0.000650	31.1
725	-0.370593	177.750967	0.004785	32.2
726	-0.596528	177.621975	0.006185	31.5
727	-0.635958	177.493232	0.004473	32.6
728	-0.222429	177.364738	0.003643	33.1
729	-0.658085	177.236492	0.007018	31.7
730	-0.888939	177.108492	0.005584	31.6
731	-0.859108	176.980739	0.009223	32.7
732	-0.052944	176.853231	0.001336	34.3
733	-0.706030	176.725968	0.006773	36.9
734	-0.451908	176.598949	0.005148	35.2
735	-0.099179	176.472173	0.003116	32.5
736	-0.537168	176.345639	0.006093	35.3
737	-0.261646	176.219348	0.004720	37.9
738	0.000000	176.093296	0.000000	35.5
739	-0.411636	175.967486	0.005536	34.7
740	-0.227184	175.841914	0.002383	32.7
741	-0.723650	175.716581	0.006110	33.0
742	-0.000000	175.591486	0.000000	37.5
743	-0.410877	175.466629	0.007194	33.0
744	-0.873415	175.342008	0.006014	33.5
745	-0.000000	175.217622	0.000000	36.1
746	-0.697451	175.093472	0.008715	31.7
747	-0.302958	174.969556	0.003352	31.2
748	-0.953242	174.845873	0.006996	32.0
749	-1.002188	174.722423	0.007499	36.2
750	-0.868747	174.599206	0.006248	32.9
751	-0.013379	174.476220	0.000811	30.5
752	-0.676704	174.353464	0.007459	32.1
753	-0.066668	174.230939	0.000956	31.6
754	-0.456623	174.108643	0.004206	32.1
755	-0.155083	173.986576	0.003288	32.6
756	-0.871794	173.864737	0.005452	33.5
757	-0.070800	173.743124	0.002578	31.5
758	-0.315815	173.621739	0.004183	31.2
759	-0.000000	173.500579	0.000000	30.9
760	-0.229406	173.379645	0.003603	30.6
761	-0.000000	173.258935	0.000000	32.0
762	-0.894148	173.138449	0.007756	31.8
763	-0.055191	173.018186	0.000823	31.9
764	-0.496544	172.898146	0.007244	31.2
765	-0.452301	172.778327	0.004810	30.8
766	-0.914841	172.658730	0.008928	31.9
767	-0.053757	172.539353	0.000548	32.1
768	-0.593841	172.420196	0.005122	30.7
769	-0.000000	172.301258	0.000000	30.1
770	-0.551278	172.182539	0.006337	32.7
771	-0.309932	172.064037	0.003439	31.8
772	-0.409481	171.945753	0.005259	31.4
773	-0.718953	171.827686	0.006012	33.1
774	-0.671265	171.709834	0.007911	31.7
775	-0.000000	171.592198	0.000000	30.2
776	-0.772533	171.474776	0.005037	29.8
777	-0.086992	171.357568	0.002032	32.6
778	-0.380303	171.240574	0.005394	31.1
779	-0.000000	171.123793	0.000000	30.2
780	-0.696707	171.007223	0.007107	32.9
781	-0.775735	170.890865	0.007627	31.4
782	-0.003269	170.774718	0.000068	31.6
783	-0.000000	170.658782	0.000000	32.0
784	-0.444430	170.543055	0.006721	30.3
785	-0.012996	170.427537	0.001993	30.5
786	-0.026983	170.312227	0.000931	30.2
787	-0.788061	170.197125	0.007082	31.1
788	-0.074016	170.082231	0.002487	31.3
789	-0.842030	169.967543	0.007525	30.7
790	-0.866048	169.853061	0.007628	30.9
791	-0.136642	169.738784	0.001766	31.7
792	-1.035997	169.624713	0.009194	30.5
793	-0.000000	169.510845	0.000000	30.7
794	-0.260810	169.397181	0.003579	30.8
795	-0.375759	169.283720	0.003642	31.2
796	-0.522401	169.170462	0.004540	31.9
797	-0.000000	169.057405	0.000000	32.0
798	-0.771447	168.944549	0.004637	31.2
799	-0.000000	168.831895	0.000000	31.3
800	-0.847267	168.719440	0.005578	30.8
801	-0.000000	168.607185	0.000000	32.4
802	-0.021467	168.495129	0.000442	30.4
803	-0.347162	168.383271	0.004735	31.1
804	-0.008496	168.271611	0.000654	31.8
805	-0.825775	168.160148	0.005959	34.1
806	-0.711649	168.048882	0.007378	31.1
807	-0.695315	167.937812	0.005845	31.1
808	-0.913840	167.826938	0.005317	31.7
809	-0.643616	167.716258	0.006009	32.0
810	-0.355204	167.605773	0.004202	31.3
811	-0.818528	167.495482	0.008060	32.7
812	-0.693892	167.385384	0.006858	31.9
813	-0.049429	167.275479	0.001791	31.1
814	-0.644530	167.165766	0.005218	31.9
815	-0.924153	167.056245	0.006063	31.4
816	-0.111818	166.946915	0.001097	30.4
817	-0.000000	166.837776	0.000000	31.6
818	-0.931341	166.728826	0.008506	31.0
819	-0.000000	166.620067	0.000000	30.5
820	-0.938214	166.511496	0.005792	31.0
821	-0.000000	166.403113	0.000000	31.1
822	-0.000000	166.294919	0.000000	30.4
823	-0.598765	166.186912	0.004056	32.2
824	-0.861241	166.079091	0.005842	31.9
825	-0.434418	165.971458	0.003854	32.3
826	-0.458004	165.864009	0.005523	31.4
827	-0.045888	165.756747	0.000375	31.0
828	-0.887266	165.649669	0.004803	31.5
829	-0.172866	165.542775	0.002648	30.4
830	-0.000000	165.436065	0.000000	30.5
831	-0.414570	165.329538	0.006212	31.1
832	-1.005455	165.223194	0.007568	31.8
833	-0.005935	165.117032	0.000456	32.4
834	-0.553296	165.011052	0.007301	32.7
835	-0.984149	164.905253	0.008047	32.2
836	-0.000000	164.799635	0.000000	32.4
837	-0.838967	164.694197	0.006814	32.8
838	-0.832320	164.588939	0.006915	32.4
839	-0.201230	164.483859	0.002389	31.8
840	-0.000927	164.378959	0.000015	30.8
841	-0.814818	164.274237	0.006109	29.8
842	-0.040379	164.169692	0.001938	32.2
843	-0.368777	164.065325	0.004957	31.7
844	-0.625165	163.961135	0.007125	31.1
845	-0.585504	163.857120	0.006584	31.5
846	-0.808359	163.753282	0.006989	31.0
847	-0.162061	163.649619	0.002456	31.6
848	-0.000002	163.546130	0.000002	31.7
849	-0.778275	163.442816	0.004802	31.2
850	-0.296704	163.339676	0.004345	31.3
851	-0.805693	163.236709	0.005402	30.6
852	-0.613876	163.133915	0.006753	31.3
853	-0.000000	163.031294	0.000000	30.5
854	-0.000000	162.928844	0.000000	30.0
855	-0.000000	162.826566	0.000000	30.8
856	-0.000000	162.724459	0.000000	32.4
857	-0.000000	162.622523	0.000000	31.4
858	-0.897193	162.520757	0.005591	32.5
859	-0.367615	162.419160	0.003758	31.0
860	-0.746502	162.317733	0.009451	31.8
861	-0.947198	162.216474	0.006567	31.1
862	-0.000000	162.115383	0.000000	31.5
863	-0.684990	162.014461	0.004409	33.7
864	-0.000000	161.913705	0.000000	32.3
865	-0.000000	161.813117	0.000000	30.9
866	-0.000000	161.712695	0.000000	33.3
867	-0.463897	161.612439	0.006964	31.1
868	-0.916871	161.512349	0.007777	33.2
869	-0.739912	161.412424	0.006904	33.0
870	-0.000000	161.312663	0.000000	31.6
871	-0.000066	161.213067	0.000042	30.6
872	-0.265221	161.113635	0.004404	32.0
873	-0.558199	161.014366	0.006273	31.2
874	-0.680333	160.915260	0.005764	31.5
875	-0.000000	160.816316	0.000000	30.5
876	-0.966954	160.717535	0.007582	31.6
877	-0.698203	160.618915	0.006305	31.4
878	-0.778898	160.520456	0.006969	30.8
879	-0.520197	160.422158	0.004885	32.9
880	-0.597593	160.324021	0.007293	31.1
881	-1.022669	160.226043	0.008615	30.7
882	-0.902125	160.128225	0.006236	31.7
883	-0.016835	160.030566	0.000227	30.2
884	-0.015150	159.933066	0.001403	31.0
885	-0.173145	159.835723	0.001667	31.6
886	-0.443353	159.738539	0.005915	31.3
887	-0.585665	159.641512	0.004578	31.4
888	-0.754893	159.544642	0.005776	31.5
889	-0.788728	159.447929	0.004336	31.8
890	-0.761779	159.351372	0.005184	34.2
891	-0.386616	159.254971	0.005018	33.9
892	-0.155135	159.158725	0.002261	34.1
893	-0.261631	159.062634	0.002813	34.2
894	-0.364794	158.966697	0.004622	34.4
895	-0.000002	158.870915	0.000003	32.7
896	-0.398389	158.775286	0.003221	32.9
897	-0.697055	158.679811	0.005310	32.6
898	-0.000000	158.584489	0.000000	31.2
899	-0.004025	158.489319	0.000142	33.5
900	-0.969847	158.394302	0.007039	35.0
901	-0.000000	158.299436	0.000000	31.9
902	-0.509119	158.204721	0.006001	32.5
903	-0.854723	158.110158	0.007780	32.9
904	-0.937748	158.015745	0.006947	31.9
905	-0.696959	157.921482	0.007621	31.5
906	-0.134865	157.827369	0.002336	32.1
907	-0.403206	157.733406	0.003204	30.4
908	-0.187158	157.639591	0.003059	31.0
909	-0.555217	157.545925	0.006077	32.5
910	-0.327234	157.452408	0.004913	31.9
911	-0.705506	157.359038	0.008875	33.3
912	-0.596977	157.265816	0.006188	31.3
913	-0.879007	157.172741	0.005563	33.2
914	-0.334985	157.079813	0.004270	31.7
915	-0.000001	156.987031	0.000000	32.1
916	-0.480908	156.894395	0.004929	31.2
917	-0.441405	156.801904	0.004993	29.8
918	-0.334300	156.709559	0.004773	31.4
919	-0.026513	156.617359	0.000412	31.4
920	-0.719450	156.525304	0.002883	30.4
921	-0.876737	156.433392	0.005449	31.5
922	-0.201018	156.341624	0.004241	31.2
923	-0.509272	156.250000	0.005653	32.5
924	-0.322169	156.158519	0.002669	32.8
925	-0.462523	156.067180	0.005648	31.5
926	-0.018873	155.975984	0.002040	30.0
927	-0.000000	155.884930	0.000000	30.8
928	-0.708796	155.794017	0.004417	30.1
929	-0.918498	155.703246	0.006412	32.5
930	-0.391335	155.612615	0.003392	36.6
931	-0.530061	155.522125	0.005653	31.0
932	-0.870940	155.431775	0.007722	31.7
933	-0.795794	155.341565	0.007507	31.5
934	-0.777731	155.251495	0.005046	33.8
935	-0.515959	155.161563	0.006281	31.5
936	-1.027646	155.071771	0.009296	31.9
937	-0.812091	154.982117	0.007774	31.0
938	-0.653454	154.892601	0.006410	32.0
939	-0.907729	154.803222	0.006074	30.7
940	-0.255351	154.713981	0.004192	31.1
941	-0.000000	154.624878	0.000000	31.6
942	-0.859316	154.535910	0.005872	31.7
943	-0.000004	154.447080	0.000008	31.8
944	-0.303531	154.358385	0.002633	31.0
945	-0.472346	154.269826	0.006617	31.2
946	-0.122128	154.181402	0.001936	32.5
947	-0.484558	154.093114	0.004208	32.3
948	-0.630566	154.004960	0.004938	31.1
949	-0.243727	153.916940	0.004213	31.4
950	-0.000000	153.829054	0.000000	31.4
951	-0.000000	153.741303	0.000000	30.7
952	-0.266080	153.653684	0.004590	30.7
953	-0.903721	153.566198	0.006348	32.2
954	-0.066803	153.478846	0.002584	31.8
955	-0.904865	153.391625	0.005709	32.2
956	-0.000000	153.304537	0.000000	32.0
957	-0.687301	153.217580	0.005205	30.5
958	-0.000000	153.130755	0.000000	32.1
959	-0.665567	153.044061	0.004327	31.5
960	-0.000000	152.957498	0.000000	31.5
961	-0.952098	152.871065	0.007267	35.4
962	-0.464160	152.784762	0.005945	31.3
963	-0.761819	152.698589	0.006035	31.3
964	-0.525286	152.612545	0.005620	30.6
965	-0.596408	152.526631	0.006572	30.7
966	-0.861355	152.440845	0.008619	32.2
967	-0.000000	152.355188	0.000000	31.3
968	-0.478830	152.269660	0.004539	32.4
969	-0.332749	152.184259	0.004610	32.0
970	-0.231106	152.098986	0.004263	30.3
971	-0.000000	152.013840	0.000000	32.3
972	-0.591766	151.928821	0.006234	30.7
973	-1.006380	151.843928	0.007041	30.6
974	-0.748224	151.759163	0.007298	31.6
975	-0.000000	151.674523	0.000000	30.7
976	-0.602509	151.590009	0.005426	31.4
977	-0.915498	151.505620	0.006745	32.0
978	-0.022465	151.421357	0.001370	31.2
979	-0.761927	151.337218	0.005229	30.8
980	-0.000000	151.253204	0.000000	31.0
981	-0.316292	151.169314	0.005288	31.4
982	-0.000000	151.085549	0.000000	32.3
983	-0.285811	151.001907	0.004137	31.1
984	-0.731827	150.918388	0.006785	31.7
985	-0.778700	150.834992	0.006076	32.7
986	-0.000000	150.751719	0.000000	31.1
987	-0.668785	150.668569	0.006325	31.7
988	-0.731532	150.585541	0.007588	31.2
989	-0.558964	150.502634	0.005478	31.3
990	-0.594514	150.419849	0.006258	30.7
991	-0.000000	150.337186	0.000000	30.5
992	-0.000000	150.254644	0.000000	32.8
993	-0.000000	150.172222	0.000000	32.1
994	-0.696805	150.089921	0.007078	31.9
995	-0.306132	150.007740	0.002924	31.6
996	-0.351216	149.925679	0.004475	30.9
997	-0.720416	149.843737	0.006126	32.1
998	-0.147830	149.761915	0.003315	30.6
999	-0.001037	149.680212	0.000044	32.2
1000	-0.680720	149.598627	0.006787	31.4
1001	-0.905872	149.517161	0.007317	31.3
1002	-0.000000	149.435814	0.000000	32.4
1003	-0.000000	149.354584	0.000000	32.4
1004	-0.345835	149.273472	0.003767	31.3
1005	-0.892792	149.192477	0.005525	31.3
1006	-0.633653	149.111599	0.006936	31.2
1007	-1.040337	149.030838	0.007524	32.9
1008	-0.536603	148.950194	0.007525	31.7
1009	-0.943448	148.869666	0.006417	31.8
1010	-0.000000	148.789253	0.000000	31.0
1011	-0.715030	148.708957	0.007313	30.5
1012	-0.204968	148.628776	0.003668	31.8
1013	-0.000000	148.548710	0.000000	31.3
1014	-0.823733	148.468759	0.005167	31.7
1015	-0.795950	148.388923	0.005520	32.1
1016	-0.000000	148.309201	0.000000	30.9
1017	-0.581040	148.229594	0.007189	31.9
1018	-0.834932	148.150100	0.005974	31.0
1019	-0.000000	148.070719	0.000000	31.9
1020	-0.047831	147.991452	0.000720	31.2
1021	-0.051125	147.912298	0.000515	30.2
1022	-0.341421	147.833257	0.005034	32.0
1023	-0.719629	147.754329	0.005793	31.9
1024	-0.789071	147.675512	0.004765	31.2
1025	-0.006036	147.596808	0.000206	35.3
1026	-0.537931	147.518216	0.008261	31.4
1027	-0.878630	147.439735	0.008241	31.5
1028	-0.695140	147.361365	0.005656	32.2
1029	-1.036976	147.283106	0.008551	30.5
1030	-0.887349	147.204958	0.007542	31.2
1031	-0.000220	147.126920	0.000074	31.6
1032	-0.000000	147.048993	0.000000	33.5
1033	-0.001950	146.971175	0.000038	32.1
1034	-0.185094	146.893468	0.003537	30.6
1035	-0.000000	146.815869	0.000000	32.0
1036	-0.770380	146.738380	0.005268	31.8
1037	-0.897943	146.661000	0.006929	31.7
1038	-0.363919	146.583729	0.004166	31.1
1039	-0.820351	146.506566	0.006319	32.6
1040	-0.007903	146.429511	0.000110	31.7
1041	-0.490785	146.352565	0.007909	31.4
1042	-0.441448	146.275726	0.004639	30.6
1043	-0.460096	146.198994	0.006940	32.6
1044	-0.863503	146.122370	0.009868	31.5
1045	-0.000000	146.045853	0.000000	31.1
1046	-0.953661	145.969442	0.006832	31.3
1047	-0.572021	145.893139	0.006477	30.8
1048	-0.000000	145.816941	0.000000	30.4
1049	-0.668165	145.740849	0.003805	31.4
1050	-0.243235	145.664863	0.006484	32.2
1051	-0.316370	145.588983	0.004662	30.6
1052	-0.903390	145.513208	0.007882	31.6
1053	-0.941670	145.437538	0.006174	30.5
1054	-0.000000	145.361973	0.000000	31.7
1055	-0.006212	145.286513	0.000113	30.8
1056	0.000000	145.211157	0.000000	33.0
1057	-0.783277	145.135905	0.008078	31.5
1058	-0.667300	145.060757	0.006138	32.4
1059	-0.000000	144.985712	0.000000	30.9
1060	-0.466127	144.910771	0.004455	31.6
1061	-0.246369	144.835934	0.004234	31.6
1062	-0.025856	144.761199	0.004310	30.0
1063	-0.401377	144.686567	0.002526	31.9
1064	-0.517075	144.612037	0.005885	30.9
1065	-0.744486	144.537610	0.007414	31.3
1066	-0.000000	144.463285	0.000000	32.0
1067	-0.249837	144.389062	0.002681	32.3
1068	-0.642795	144.314940	0.006132	30.4
1069	-0.621402	144.240920	0.008184	30.9
1070	-0.216383	144.167001	0.004407	31.4
1071	-0.000000	144.093182	0.000000	30.7
1072	-0.672408	144.019465	0.007864	32.2
1073	-0.485649	143.945848	0.006530	31.9
1074	-0.000000	143.872331	0.000000	31.1
1075	-0.515277	143.798914	0.006884	31.0
1076	-0.042355	143.725597	0.001232	31.6
1077	-0.841390	143.652380	0.006092	32.4
1078	-0.515498	143.579262	0.003511	30.6
1079	-0.533803	143.506243	0.006501	30.9
1080	-0.878694	143.433323	0.006716	31.7
1081	-0.000000	143.360502	0.000000	31.3
1082	-0.081442	143.287780	0.002953	30.8
1083	-0.386841	143.215155	0.004521	32.3
1084	-0.819832	143.142629	0.006591	29.8
1085	-0.742181	143.070201	0.005037	31.5
1086	-0.539836	142.997870	0.006150	30.8
1087	-0.000000	142.925637	0.000000	31.6
1088	-0.640690	142.853501	0.009662	34.8
1089	-0.709422	142.781462	0.005208	29.7
1090	-0.355538	142.709519	0.003418	32.6
1091	-0.338356	142.637674	0.005492	30.6
1092	-0.000000	142.565924	0.000000	31.3
1093	-0.000000	142.494271	0.000000	30.7
1094	-0.000000	142.422714	0.000000	31.7
1095	-0.215497	142.351252	0.003046	30.2
1096	-0.227392	142.279886	0.004550	30.7
1097	-0.000066	142.208616	0.000022	31.1
1098	-0.879951	142.137440	0.009056	31.1
1099	-1.069498	142.066360	0.008960	31.1
1100	-1.031217	141.995374	0.009854	31.7
1101	-0.577442	141.924483	0.005025	32.1
1102	-0.714435	141.853685	0.006328	30.2
1103	-0.022469	141.782983	0.001068	30.4
1104	-0.972225	141.712373	0.007098	31.7
1105	-0.000000	141.641858	0.000000	29.9
1106	-0.388812	141.571436	0.004899	30.5
1107	-0.000000	141.501108	0.000000	32.0
1108	-0.007032	141.430872	0.001424	31.4
1109	-0.090575	141.360730	0.002005	31.0
1110	-0.000889	141.290680	0.000066	31.6
1111	-0.396826	141.220722	0.005506	33.0
1112	-0.035947	141.150857	0.000828	30.8
1113	-0.822230	141.081084	0.006573	30.7
1114	-0.618686	141.011403	0.006840	31.2
1115	-0.000000	140.941813	0.000000	31.8
1116	-0.000000	140.872315	0.000000	31.1
1117	-1.015662	140.802909	0.006845	31.9
1118	-1.095100	140.733593	0.007169	32.2
1119	-0.129071	140.664369	0.002693	31.1
1120	-0.000000	140.595235	0.000000	34.0
1121	-0.000000	140.526192	0.000000	31.3
1122	-0.000000	140.457239	0.000000	30.7
1123	-0.000000	140.388376	0.000000	31.9
1124	-0.737918	140.319603	0.005225	31.1
1125	-0.504461	140.250920	0.006830	30.8
1126	-0.919375	140.182326	0.007115	30.8
1127	-0.000000	140.113822	0.000000	31.8
1128	-0.000000	140.045407	0.000000	31.3
1129	-0.455500	139.977081	0.005344	30.7
1130	0.000000	139.908844	0.000000	32.8
1131	-0.533353	139.840696	0.002933	30.7
1132	-0.000000	139.772635	0.000000	31.2
1133	-0.654979	139.704664	0.007141	31.1
1134	-0.000000	139.636780	0.000000	31.3
1135	-0.761619	139.568984	0.007057	31.3
1136	-0.735006	139.501276	0.008251	30.6
1137	-0.557067	139.433655	0.007330	31.0
1138	-0.922923	139.366122	0.007939	32.7
1139	-0.000000	139.298676	0.000000	30.8
1140	-0.587968	139.231317	0.005980	30.1
1141	-0.815435	139.164045	0.005699	31.1
1142	-0.728577	139.096859	0.005730	31.7
1143	-0.578600	139.029760	0.006968	31.6
1144	-0.000000	138.962747	0.000000	30.9
1145	-0.270859	138.895820	0.001879	33.1
1146	-0.877797	138.828978	0.005513	30.4
1147	-0.073519	138.762223	0.001053	33.0
1148	-0.000000	138.695553	0.000000	30.2
1149	-0.000000	138.628969	0.000000	30.6
1150	-0.820746	138.562469	0.007757	30.9
1151	-0.612442	138.496055	0.005080	33.8
1152	-0.772010	138.429725	0.007523	30.9
1153	-0.719664	138.363481	0.007397	32.4
1154	-0.956360	138.297320	0.007588	31.8
1155	-0.968192	138.231244	0.006640	30.6
1156	-0.779765	138.165252	0.006385	31.2
1157	-1.028240	138.099344	0.008070	31.2
1158	-0.594365	138.033520	0.008379	32.9
1159	-0.671029	137.967779	0.006560	30.3
1160	-0.000000	137.902122	0.000000	31.6
1161	-0.420195	137.836548	0.003700	30.6
1162	-1.025827	137.771057	0.006579	30.9
1163	-0.736238	137.705649	0.005667	31.2
1164	-0.467758	137.640324	0.005195	31.1
1165	-0.371648	137.575081	0.004609	30.8
1166	-0.365405	137.509921	0.005084	30.4
1167	-0.000000	137.444842	0.000000	30.2
1168	-0.783257	137.379846	0.005009	31.8
1169	-0.550100	137.314932	0.006760	30.0
1170	-0.484482	137.250100	0.005532	30.7
1171	-0.476401	137.185349	0.003909	31.2
1172	-0.827522	137.120680	0.006090	31.9
1173	-0.000000	137.056092	0.000000	30.3
1174	-0.496743	136.991585	0.003944	30.4
1175	-0.458071	136.927158	0.004433	30.5
1176	-0.275081	136.862813	0.003997	30.7
1177	-0.503389	136.798548	0.003973	30.8
1178	-0.618450	136.734363	0.006110	31.4
1179	-1.010334	136.670259	0.007150	32.5
1180	-0.093324	136.606235	0.001589	30.9
1181	-0.832499	136.542291	0.007531	30.7
1182	-0.053589	136.478426	0.002476	31.1
1183	-0.000872	136.414641	0.000132	33.2
1184	-0.628416	136.350936	0.003134	30.7
1185	-0.803136	136.287310	0.006764	30.9
1186	-0.312866	136.223763	0.002409	31.1
1187	-0.552282	136.160295	0.006031	30.9
1188	-0.213682	136.096905	0.002432	32.1
1189	-0.578466	136.033594	0.005647	32.4
1190	-0.000000	135.970362	0.000000	31.0
1191	-0.788797	135.907208	0.007166	32.2
1192	-0.675514	135.844133	0.005563	31.6
1193	-1.016833	135.781135	0.007319	31.3
1194	-0.548256	135.718215	0.004568	30.6
1195	-0.122984	135.655373	0.003583	31.8
1196	-0.352778	135.592608	0.005390	31.1
1197	-0.051397	135.529921	0.001980	31.9
1198	-0.000000	135.467311	0.000000	30.5
1199	-0.000955	135.404778	0.000022	31.8
1200	-0.817915	135.342322	0.005745	31.3
1201	-0.511433	135.279942	0.003975	31.3
1202	-0.010438	135.217640	0.000319	31.0
1203	-0.308383	135.155413	0.002780	30.2
1204	-0.017560	135.093263	0.000905	31.5
1205	-0.113777	135.031190	0.001424	31.9
1206	-0.782858	134.969192	0.006768	31.2
1207	-1.013718	134.907270	0.006529	30.5
1208	-0.698325	134.845424	0.006447	30.2
1209	-0.113061	134.783653	0.001979	31.8
1210	-1.023762	134.721958	0.006767	30.7
1211	-0.081767	134.660338	0.001868	32.0
1212	-0.896427	134.598793	0.006119	30.5
1213	-0.999169	134.537323	0.008106	31.2
1214	-0.753969	134.475927	0.006945	31.5
1215	-0.579819	134.414607	0.007102	32.3
1216	-0.740567	134.353361	0.009158	31.5
1217	-0.814074	134.292189	0.008401	30.6
1218	-0.838789	134.231092	0.005525	30.0
1219	-0.236250	134.170068	0.002379	31.3
1220	-0.876610	134.109119	0.007603	31.2
1221	-0.761895	134.048243	0.005464	31.9
1222	-0.457249	133.987441	0.005748	31.4
1223	-0.913517	133.926713	0.007540	30.4
1224	-0.397605	133.866057	0.004126	31.5
1225	-0.000844	133.805475	0.000072	31.2
1226	-0.253959	133.744966	0.004400	30.9
1227	-0.000000	133.684530	0.000000	31.4
1228	-0.855020	133.624167	0.007100	30.7
1229	-0.000000	133.563877	0.000000	31.1
1230	-0.590933	133.503658	0.006564	31.5
1231	-0.372511	133.443513	0.004594	31.5
1232	-0.681031	133.383439	0.006271	31.5
1233	-0.641842	133.323437	0.005745	30.4
1234	-0.923042	133.263508	0.007931	31.0
1235	-0.000000	133.203650	0.000000	30.4
1236	-0.569243	133.143864	0.005679	30.6
1237	-0.812981	133.084149	0.006637	32.7
1238	-0.000000	133.024506	0.000000	31.6
1239	-0.765193	132.964934	0.004685	31.4
1240	-0.856959	132.905433	0.007138	31.8
1241	-0.793636	132.846003	0.005847	31.6
1242	-0.000000	132.786643	0.000000	30.6
1243	-0.848594	132.727355	0.006064	30.6
1244	-0.614442	132.668137	0.004426	30.8
1245	-0.184049	132.608989	0.003824	31.1
1246	-0.564743	132.549912	0.005976	29.6
1247	-0.460693	132.490904	0.004349	32.9
1248	-0.556366	132.431967	0.006286	32.6
1249	-0.000000	132.373100	0.000000	31.8
1250	-1.027143	132.314302	0.006481	33.0
1251	-0.512595	132.255574	0.005992	31.1
1252	-0.670694	132.196916	0.003889	30.8
1253	-0.649719	132.138326	0.006424	30.3
1254	-0.640696	132.079806	0.006927	32.1
1255	-0.000000	132.021355	0.000000	30.5
1256	-0.694589	131.962973	0.004735	30.2
1257	-0.582550	131.904660	0.006237	32.0
1258	-0.345964	131.846415	0.004585	30.5
1259	-0.768745	131.788239	0.007829	31.0
1260	-0.684834	131.730131	0.007784	32.1
1261	-0.000490	131.672092	0.000020	30.9
1262	-0.598495	131.614121	0.007245	31.3
1263	-0.940308	131.556217	0.006644	30.7
1264	-0.355856	131.498382	0.003354	31.8
1265	-0.243328	131.440614	0.004847	31.3
1266	-0.934683	131.382914	0.006738	31.5
1267	-0.773285	131.325282	0.004140	31.9
1268	-0.000000	131.267717	0.000000	30.6
1269	-0.742245	131.210219	0.005982	31.7
1270	-0.565890	131.152788	0.007369	31.1
1271	-0.000003	131.095424	0.000003	31.6
1272	-0.028727	131.038127	0.003199	31.7
1273	-0.101720	130.980897	0.001577	30.3
1274	-0.009769	130.923733	0.000967	30.6
1275	-0.708971	130.866636	0.005879	31.9
1276	-0.140208	130.809605	0.002658	30.9
1277	-0.406481	130.752641	0.005048	31.3
1278	-0.000000	130.695742	0.000000	30.5
1279	-0.000000	130.638910	0.000000	35.7
1280	-0.604164	130.582143	0.006734	30.4
1281	-0.860002	130.525442	0.005438	32.1
1282	-0.458878	130.468807	0.004266	30.6
1283	-0.812467	130.412237	0.005903	31.7
1284	-0.000000	130.355733	0.000000	30.8
1285	-0.000000	130.299294	0.000000	31.4
1286	-0.392113	130.242920	0.004778	31.3
1287	-1.079461	130.186611	0.007969	30.9
1288	-0.023696	130.130366	0.001217	31.6
1289	-0.000000	130.074187	0.000000	31.6
1290	-0.000000	130.018072	0.000000	31.0
1291	-0.151568	129.962022	0.002625	30.8
1292	-0.221652	129.906036	0.004514	31.8
1293	-0.000000	129.850114	0.000000	31.0
1294	-0.026818	129.794257	0.001129	30.4
1295	-0.795940	129.738463	0.005582	30.7
1296	-0.775564	129.682734	0.007789	30.8
1297	-0.106797	129.627068	0.002738	31.3
1298	-0.415998	129.571466	0.004908	31.1
1299	-0.290895	129.515927	0.002950	32.5
1300	-0.146231	129.460452	0.002719	31.0
1301	-0.053140	129.405040	0.001226	31.2
1302	-0.710502	129.349692	0.007409	30.6
1303	-0.899201	129.294406	0.007711	31.5
1304	-0.930620	129.239183	0.005250	30.2
1305	-0.749258	129.184024	0.005919	30.2
1306	-0.031983	129.128927	0.001040	31.5
1307	-0.699120	129.073892	0.005943	31.5
1308	-0.523461	129.018921	0.006511	32.3
1309	-0.579753	128.964011	0.007638	32.2
1310	-0.641435	128.909164	0.005507	30.5
1311	-0.754463	128.854379	0.006500	33.9
1312	-0.044499	128.799656	0.000760	31.5
1313	-0.000000	128.744995	0.000000	31.2
1314	-0.000000	128.690396	0.000000	31.6
1315	-0.572499	128.635858	0.004699	31.1
1316	-0.209777	128.581382	0.003870	31.7
1317	-0.666327	128.526968	0.007956	32.4
1318	-0.727962	128.472615	0.005915	32.6
1319	-0.001701	128.418323	0.000040	31.0
1320	-0.855752	128.364092	0.006578	33.2
1321	-0.479791	128.309922	0.005104	30.8
1322	-0.071586	128.255814	0.000856	30.6
1323	-0.749764	128.201766	0.006512	31.8
1324	-0.008319	128.147778	0.000086	30.8
1325	-0.264953	128.093852	0.003268	29.9
1326	-0.630394	128.039985	0.006407	32.0
1327	-0.000000	127.986180	0.000000	31.8
1328	-0.424110	127.932434	0.005761	30.3
1329	-0.534758	127.878749	0.006371	30.9
1330	-0.000200	127.825123	0.000021	32.9
1331	-0.000000	127.771558	0.000000	30.7
1332	-0.000000	127.718052	0.000000	32.7
1333	-0.000000	127.664606	0.000000	30.9
1334	-0.090891	127.611220	0.002925	32.0
1335	-0.431207	127.557893	0.003567	30.4
1336	-0.911605	127.504625	0.006546	31.8
1337	-0.000000	127.451417	0.000000	32.2
1338	-0.805549	127.398268	0.007643	30.5
1339	-0.160901	127.345178	0.001319	30.4
1340	0.000000	127.292147	0.000000	31.9
1341	-0.337773	127.239175	0.002818	32.2
1342	-0.635108	127.186261	0.006365	33.4
1343	-0.929575	127.133407	0.005816	31.6
1344	-0.000000	127.080610	0.000000	32.0
1345	-0.474024	127.027872	0.005047	29.9
1346	-0.768046	126.975193	0.005907	30.2
1347	-0.598189	126.922572	0.006824	30.7
1348	-0.170958	126.870008	0.002492	30.9
1349	-0.856900	126.817503	0.005945	30.4
1350	-1.051972	126.765056	0.007536	31.8
1351	-0.742562	126.712667	0.005938	31.2
1352	-0.529369	126.660335	0.005823	30.9
1353	-0.423633	126.608061	0.006208	32.0
1354	-0.228095	126.555844	0.004338	30.8
1355	-0.004300	126.503685	0.000000	32.5
1356	-0.120349	126.451583	0.002211	31.7
1357	-0.524312	126.399538	0.005771	30.7
1358	0.000000	126.347550	0.000000	31.8
1359	-0.608196	126.295619	0.006371	31.6
1360	-0.620149	126.243745	0.007591	31.4
1361	-0.000000	126.191928	0.000000	31.7
1362	-0.000000	126.140168	0.000000	30.7
1363	-0.741100	126.088464	0.007588	30.6
1364	-0.701709	126.036817	0.007435	31.4
1365	-0.000000	125.985226	0.000000	31.4
1366	-0.090976	125.933691	0.002652	30.3
1367	-0.001122	125.882212	0.000048	31.1
1368	-0.005799	125.830790	0.000088	31.4
1369	-0.719208	125.779423	0.005368	31.8
1370	-0.000000	125.728113	0.000000	31.8
1371	-0.000634	125.676858	0.000045	32.3
1372	-0.960085	125.625659	0.007789	29.7
1373	-0.037333	125.574515	0.001339	31.0
1374	-0.743604	125.523427	0.005730	30.4
1375	-0.532813	125.472394	0.004754	31.8
1376	-0.862835	125.421417	0.006922	30.5
1377	-0.540616	125.370495	0.005805	30.9
1378	-0.892344	125.319628	0.005799	32.1
1379	-0.000000	125.268815	0.000000	31.4
1380	-0.134196	125.218058	0.002997	31.4
1381	-0.820801	125.167356	0.006231	30.9
1382	-0.102651	125.116708	0.002472	31.5
1383	-0.591664	125.066115	0.006579	31.3
1384	-0.389424	125.015576	0.002950	31.3
1385	-0.791198	124.965092	0.004980	30.7
1386	-0.795769	124.914662	0.004630	29.6
1387	-0.261498	124.864287	0.003470	30.7
1388	-0.457042	124.813965	0.005467	33.7
1389	-0.013320	124.763698	0.002042	31.0
1390	-0.246646	124.713485	0.004121	30.5
1391	-0.772120	124.663325	0.008703	31.9
1392	-0.000000	124.613219	0.000000	30.5
1393	-0.552133	124.563167	0.005984	30.4
1394	-0.669929	124.513168	0.004284	29.9
1395	-0.598315	124.463223	0.007080	31.5
1396	-0.174422	124.413332	0.002426	32.0
1397	-0.000000	124.363493	0.000000	32.4
1398	-0.473204	124.313708	0.005373	32.3
1399	-0.982703	124.263976	0.008071	31.6
1400	-0.786677	124.214297	0.004493	31.6
1401	-0.000000	124.164671	0.000000	30.0
1402	-0.837849	124.115097	0.005472	31.4
1403	-0.367936	124.065577	0.004445	30.2
1404	-0.000000	124.016109	0.000000	31.2
1405	-0.498611	123.966693	0.005577	32.1
1406	-0.818978	123.917330	0.006269	34.1
1407	-0.585562	123.868020	0.006522	33.0
1408	-0.000000	123.818762	0.000000	31.2
1409	-0.769810	123.769556	0.005965	30.8
1410	-0.534619	123.720402	0.004948	30.9
1411	-0.792937	123.671300	0.006575	29.8
1412	-0.382509	123.622250	0.004770	31.9
1413	-0.000000	123.573252	0.000000	30.8
1414	-0.000000	123.524305	0.000000	31.5
1415	-0.064888	123.475411	0.002406	31.4
1416	-0.392129	123.426568	0.005123	30.9
1417	-0.456918	123.377776	0.006367	31.4
1418	-0.686280	123.329036	0.006099	30.8
1419	-0.472955	123.280347	0.006466	31.0
1420	-0.001250	123.231709	0.000224	30.2
1421	-0.810225	123.183122	0.005973	30.3
1422	-0.000000	123.134587	0.000000	31.9
1423	-0.000000	123.086102	0.000000	31.6
1424	-0.162109	123.037669	0.002097	31.4
1425	-0.822601	122.989286	0.008557	32.0
1426	-0.830115	122.940954	0.007612	30.4
1427	-0.917045	122.892672	0.008882	31.6
1428	-0.827005	122.844441	0.006733	31.2
1429	-0.387396	122.796261	0.005423	31.4
1430	-0.710813	122.748130	0.005113	31.1
1431	-0.784888	122.700050	0.004848	30.9
1432	-0.810343	122.652021	0.007351	32.4
1433	-0.000000	122.604041	0.000000	31.8
1434	-0.810079	122.556111	0.005500	31.0
1435	-0.781230	122.508232	0.005380	31.1
1436	-0.851343	122.460402	0.005149	30.9
1437	-0.215563	122.412622	0.001789	31.4
1438	-0.000000	122.364891	0.000000	31.8
1439	-0.294794	122.317210	0.004238	32.2
1440	-0.000000	122.269579	0.000000	31.6
1441	-0.000000	122.221997	0.000000	31.3
1442	-0.001360	122.174465	0.000037	32.0
1443	-0.358039	122.126981	0.005102	31.0
1444	-0.577277	122.079547	0.006488	31.2
1445	-0.438522	122.032162	0.005901	31.5
1446	-0.052235	121.984826	0.002695	30.3
1447	-0.432148	121.937539	0.005312	30.7
1448	-0.000000	121.890301	0.000000	30.5
1449	-0.000530	121.843112	0.000222	31.5
1450	-0.091014	121.795971	0.002847	30.9
1451	-0.325850	121.748879	0.003885	32.0
1452	-0.560780	121.701835	0.005785	35.1
1453	-0.793426	121.654840	0.006494	31.0
1454	-0.041656	121.607893	0.000360	31.3
1455	-0.069387	121.560994	0.001027	31.1
1456	-0.000000	121.514144	0.000000	30.4
1457	-0.000025	121.467342	0.000012	30.6
1458	-0.885299	121.420588	0.006434	31.0
1459	-0.404644	121.373882	0.006081	32.8
1460	-0.965880	121.327223	0.007659	32.0
1461	-0.519662	121.280613	0.004490	31.1
1462	-0.000000	121.234050	0.000000	31.4
1463	-0.652552	121.187535	0.004379	33.3
1464	-0.000000	121.141067	0.000000	31.6
1465	-0.585296	121.094647	0.007432	30.7
1466	-0.630727	121.048274	0.005266	31.2
1467	-0.449186	121.001949	0.007145	31.1
1468	-0.463772	120.955671	0.004571	30.8
1469	-0.802219	120.909440	0.005611	31.9
1470	-0.000000	120.863256	0.000000	33.1
1471	-0.000000	120.817119	0.000000	32.4
1472	-0.896135	120.771029	0.007515	31.4
1473	-0.827601	120.724986	0.007278	31.3
1474	-0.723102	120.678990	0.006207	30.5
1475	-0.000000	120.633040	0.000000	30.9
1476	-0.420413	120.587137	0.004514	30.1
1477	-0.012664	120.541281	0.000176	32.6
1478	-0.820493	120.495471	0.006889	30.9
1479	-1.026144	120.449707	0.007853	31.4
1480	-0.719207	120.403990	0.006373	32.9
1481	-0.490305	120.358319	0.004546	30.3
1482	-0.357051	120.312694	0.004663	30.7
1483	-0.559262	120.267115	0.005468	32.0
1484	-0.000000	120.221582	0.000000	30.6
1485	-0.807826	120.176096	0.007124	31.3
1486	-0.616005	120.130655	0.004456	31.6
1487	-0.835572	120.085260	0.005755	31.1
1488	-0.674447	120.039910	0.004715	31.2
1489	-1.067231	119.994606	0.006630	31.3
1490	-0.714159	119.949348	0.006157	31.5
1491	-0.124352	119.904135	0.001875	30.6
1492	-0.869569	119.858968	0.008023	30.8
1493	-0.435480	119.813846	0.005932	31.6
1494	-0.786947	119.768769	0.007426	32.4
1495	-0.557772	119.723738	0.003372	31.9
1496	-0.855898	119.678752	0.006402	31.2
1497	-0.244603	119.633810	0.004645	32.2
1498	-0.006057	119.588914	0.000160	31.5
1499	-0.771093	119.544062	0.006553	30.9
1500	-0.500930	119.499256	0.007103	32.7
1501	-0.902933	119.454494	0.006092	32.4
1502	-0.009828	119.409777	0.000068	32.9
1503	-0.905935	119.365104	0.006459	31.5
1504	-0.845060	119.320476	0.006952	30.8
1505	-1.049047	119.275893	0.007573	31.1
1506	-0.344155	119.231353	0.005521	31.1
1507	-1.066004	119.186859	0.008505	31.0
1508	-0.690217	119.142408	0.005806	30.2
1509	-0.528289	119.098002	0.002944	31.1
1510	-0.000000	119.053639	0.000000	31.7
1511	-0.077380	119.009321	0.001048	33.0
1512	-0.835956	118.965047	0.006150	30.7
1513	-0.040701	118.920816	0.002465	30.7
1514	-0.728478	118.876630	0.005824	32.9
1515	-1.015849	118.832487	0.006887	30.5
1516	-0.789653	118.788388	0.005688	30.5
1517	-0.116950	118.744332	0.002011	31.5
1518	-0.128551	118.700320	0.003503	31.7
1519	-0.000000	118.656352	0.000000	31.7
1520	-0.322609	118.612427	0.004504	31.8
1521	-0.000000	118.568545	0.000000	33.2
1522	-0.006849	118.524706	0.000158	31.9
1523	-0.000161	118.480911	0.000012	31.5
1524	-0.874995	118.437159	0.007009	34.8
1525	-0.000001	118.393450	0.000000	32.4
1526	-0.025107	118.349784	0.001671	33.9
1527	-1.030398	118.306160	0.009411	34.8
1528	-0.251579	118.262580	0.004332	33.5
1529	-0.788513	118.219042	0.005225	35.1
1530	-0.000000	118.175548	0.000000	31.6
1531	-0.714485	118.132095	0.006032	33.7
1532	-0.012527	118.088686	0.000280	32.0
1533	-0.003216	118.045319	0.000132	35.2
1534	-1.038661	118.001994	0.007831	32.4
1535	-0.000392	117.958712	0.000016	32.0
1536	-0.505844	117.915472	0.003919	30.7
1537	-0.926314	117.872274	0.006878	32.3
1538	-0.373027	117.829118	0.005789	32.5
1539	-0.000001	117.786005	0.000001	31.5
1540	-0.982057	117.742933	0.008002	32.1
1541	-0.149452	117.699904	0.001369	30.9
1542	-0.953807	117.656916	0.006989	32.0
1543	-0.562034	117.613971	0.004689	31.6
1544	-0.374302	117.571067	0.004595	31.1
1545	-0.000000	117.528205	0.000000	31.4
1546	-0.820461	117.485384	0.006575	32.2
1547	-0.711587	117.442605	0.006162	32.0
1548	-0.422515	117.399867	0.003327	31.4
1549	-0.820451	117.357171	0.005722	32.9
1550	-0.000000	117.314517	0.000000	30.3
1551	-0.010076	117.271903	0.000140	30.3
1552	-0.859244	117.229331	0.007566	32.1
1553	-0.008418	117.186800	0.000235	30.1
1554	-0.924676	117.144311	0.008026	31.0
1555	-0.337149	117.101862	0.004125	32.6
1556	-0.694342	117.059454	0.004869	31.5
1557	-0.000000	117.017087	0.000000	32.0
1558	-0.756728	116.974762	0.006160	31.4
1559	-0.657831	116.932476	0.008072	31.3
1560	-0.864463	116.890232	0.007315	31.4
1561	-0.000000	116.848028	0.000000	29.3
1562	-0.800193	116.805865	0.005969	31.9
1563	-0.009391	116.763743	0.000225	33.4
1564	-0.457530	116.721661	0.006144	32.1
1565	-0.000708	116.679619	0.000093	33.9
1566	-0.649052	116.637618	0.006847	33.2
1567	-0.871279	116.595657	0.005550	32.7
1568	-0.291469	116.553736	0.003633	33.3
1569	-0.966983	116.511855	0.005927	36.8
1570	-0.752426	116.470015	0.007035	34.6
1571	-0.677029	116.428214	0.006790	33.2
1572	-0.000000	116.386454	0.000000	41.0
1573	-0.995960	116.344733	0.007573	31.6
1574	-0.000000	116.303052	0.000000	29.6
1575	-0.677134	116.261412	0.005131	33.1
1576	-0.630333	116.219810	0.005057	33.2
1577	-0.402922	116.178249	0.004107	32.4
1578	-1.065791	116.136727	0.007275	34.2
1579	-0.010417	116.095245	0.000169	31.7
1580	-0.579327	116.053802	0.005451	31.3
1581	-0.520923	116.012398	0.004798	32.2
1582	-0.877789	115.971034	0.008414	30.6
1583	-0.000000	115.929710	0.000000	31.1
1584	-0.000000	115.888424	0.000000	32.1
1585	-0.000000	115.847178	0.000000	31.9
1586	-0.480837	115.805970	0.005010	32.2
1587	-0.154629	115.764802	0.002948	32.6
1588	-0.508906	115.723673	0.005356	31.2
1589	-0.026034	115.682583	0.001642	30.8
1590	-0.249690	115.641532	0.003175	30.3
1591	-0.003635	115.600519	0.000256	31.9
1592	-0.000000	115.559546	0.000000	32.4
1593	-0.796801	115.518610	0.007043	31.6
1594	-0.000000	115.477714	0.000000	32.7
1595	-0.252151	115.436856	0.003694	34.2
1596	-0.183828	115.396037	0.003635	31.5
1597	-0.873460	115.355256	0.005969	31.0
1598	-0.683737	115.314514	0.007151	30.9
1599	-0.413983	115.273810	0.004773	32.0
1600	-0.398938	115.233144	0.004105	30.6
1601	-0.426599	115.192517	0.005611	31.9
1602	-0.890153	115.151927	0.005763	31.6
1603	-0.631985	115.111376	0.005954	32.1
1604	-0.000000	115.070863	0.000000	32.0
1605	-0.714907	115.030388	0.006433	32.6
1606	-0.637837	114.989951	0.006511	31.8
1607	-0.845199	114.949551	0.004584	31.2
1608	-0.196285	114.909190	0.001909	31.8
1609	-1.058057	114.868866	0.009229	32.9
1610	-0.619802	114.828580	0.006393	31.5
1611	-0.788576	114.788332	0.005556	31.2
1612	-0.535004	114.748121	0.004302	32.2
1613	-0.820516	114.707948	0.007387	31.6
1614	-0.716804	114.667812	0.005763	30.5
1615	-0.772848	114.627714	0.008400	31.6
1616	-0.464787	114.587653	0.004449	30.9
1617	-0.877007	114.547629	0.009406	31.7
1618	-0.175883	114.507643	0.002846	32.3
1619	-0.357231	114.467693	0.004313	32.2
1620	-0.881803	114.427781	0.006516	32.9
1621	-0.579992	114.387907	0.005967	31.4
1622	-1.084117	114.348069	0.007328	30.6
1623	-0.967181	114.308268	0.009843	30.8
1624	-0.000000	114.268504	0.000000	30.4
1625	-0.986256	114.228777	0.008334	32.1
1626	-0.971877	114.189086	0.006622	32.1
1627	-0.688810	114.149433	0.005385	32.2
1628	-0.005209	114.109816	0.000322	31.8
1629	-0.943638	114.070235	0.007724	32.6
1630	-0.706593	114.030692	0.005052	31.3
1631	-0.789595	113.991185	0.006720	31.3
1632	-0.925802	113.951714	0.006801	33.0
1633	-0.541715	113.912280	0.005034	30.1
1634	-0.000000	113.872882	0.000000	31.0
1635	-0.417966	113.833521	0.004847	30.6
1636	-0.510965	113.794195	0.006348	30.8
1637	-0.774797	113.754906	0.005375	32.2
1638	-0.000071	113.715653	0.000006	32.0
1639	-0.969819	113.676437	0.007392	32.6
1640	-0.985460	113.637256	0.006391	32.0
1641	-0.839054	113.598111	0.007255	30.7
1642	-0.787533	113.559002	0.007730	30.4
1643	-0.397515	113.519929	0.006507	31.7
1644	-0.706067	113.480892	0.007514	31.0
1645	-0.000638	113.441891	0.000031	30.4
1646	-0.000000	113.402925	0.000000	30.9
1647	-0.886086	113.363995	0.007308	31.8
1648	-0.864992	113.325101	0.006195	32.0
1649	-0.031213	113.286242	0.001476	34.0
1650	-0.409274	113.247419	0.005378	33.1
1651	-0.000000	113.208631	0.000000	32.5
1652	-0.632064	113.169879	0.004668	31.1
1653	-0.829143	113.131162	0.004643	31.2
1654	-0.681057	113.092480	0.004170	30.2
1655	-0.664715	113.053833	0.006785	31.6
1656	-0.000000	113.015222	0.000000	31.4
1657	-0.000000	112.976646	0.000000	31.7
1658	-0.636335	112.938105	0.005506	33.2
1659	-0.026269	112.899599	0.000953	31.2
1660	-0.860736	112.861128	0.005039	32.2
1661	-0.900826	112.822692	0.005949	31.8
1662	-0.000000	112.784291	0.000000	32.1
1663	-0.652829	112.745924	0.007480	31.7
1664	-0.255104	112.707593	0.004117	30.8
1665	-0.504850	112.669296	0.007078	31.0
1666	-0.875654	112.631034	0.005426	31.4
1667	-0.129072	112.592806	0.001806	32.5
1668	-0.684288	112.554613	0.007617	30.8
1669	-0.758880	112.516455	0.005430	31.6
1670	-0.720481	112.478331	0.003206	32.6
1671	-0.544077	112.440241	0.007041	32.0
1672	-0.348597	112.402186	0.004604	31.9
1673	-0.864215	112.364165	0.007988	31.6
1674	-0.468714	112.326179	0.005928	31.6
1675	-0.265521	112.288227	0.002787	31.1
1676	-0.316472	112.250309	0.004512	30.2
1677	-0.878986	112.212425	0.008332	30.6
1678	-0.516076	112.174575	0.003836	31.2
1679	-0.889519	112.136759	0.005699	31.0
1680	-0.000000	112.098977	0.000000	33.3
1681	-0.845394	112.061229	0.005354	32.2
1682	-0.784661	112.023515	0.004676	31.7
1683	-0.435304	111.985834	0.005415	32.3
1684	-1.039775	111.948188	0.007253	32.0
1685	-1.074920	111.910575	0.009464	31.7
1686	-0.133311	111.872996	0.001664	30.3
1687	-0.000000	111.835450	0.000000	30.9
1688	-0.480004	111.797939	0.005241	30.8
1689	-0.473790	111.760460	0.005397	34.1
1690	-0.692394	111.723015	0.006263	31.8
1691	-0.056704	111.685604	0.003242	31.9
1692	-0.000000	111.648226	0.000000	32.0
1693	-0.767370	111.610881	0.005002	32.3
1694	-0.613041	111.573570	0.005846	33.1
1695	-0.656481	111.536292	0.007656	33.2
1696	-0.110445	111.499047	0.001323	33.8
1697	-0.000000	111.461835	0.000000	33.6
1698	-0.726377	111.424656	0.003484	34.7
1699	-0.580788	111.387510	0.006345	34.1
1700	-0.957689	111.350398	0.008206	33.6
1701	-0.568273	111.313318	0.005749	34.5
1702	-0.000000	111.276271	0.000000	34.8
1703	-0.000000	111.239257	0.000000	36.4
1704	-0.622297	111.202276	0.004676	40.0
1705	-1.091126	111.165328	0.007857	37.1
1706	-0.155263	111.128412	0.002493	38.0
1707	-0.057190	111.091529	0.000899	33.7
1708	-0.000000	111.054679	0.000000	38.0
1709	-0.597292	111.017861	0.006463	37.5
1710	-0.669336	110.981076	0.006429	34.0
1711	-0.000007	110.944323	0.000001	33.3
1712	-0.048561	110.907603	0.000988	35.8
1713	-0.861634	110.870915	0.007179	33.0
1714	-1.047825	110.834259	0.007428	37.2
1715	-0.000000	110.797636	0.000000	36.9
1716	-0.794321	110.761045	0.005392	33.6
1717	-0.514297	110.724486	0.005071	34.3
1718	-0.598236	110.687959	0.005787	35.1
1719	-0.946333	110.651465	0.005932	37.3
1720	-0.000000	110.615002	0.000000	32.3
1721	-0.836944	110.578572	0.006634	33.4
1722	-0.740954	110.542173	0.005943	32.0
1723	-0.000000	110.505807	0.000000	31.5
1724	-0.073570	110.469472	0.001086	32.0
1725	-0.594312	110.433169	0.004753	31.5
1726	-0.668631	110.396898	0.006117	31.2
1727	-0.860221	110.360659	0.010632	31.5
1728	-0.009291	110.324451	0.000314	34.5
1729	-0.729116	110.288276	0.005125	31.8
1730	-0.878128	110.252131	0.004925	31.1
1731	-0.561429	110.216019	0.005347	31.6
1732	-0.862393	110.179937	0.007423	30.5
1733	-0.659793	110.143888	0.005601	31.1
1734	-0.891794	110.107869	0.008006	31.4
1735	-0.401715	110.071882	0.004805	32.9
1736	-0.387982	110.035927	0.004826	32.3
1737	-0.856384	110.000003	0.007330	32.8
1738	-0.814391	109.964110	0.007229	32.3
1739	-0.696906	109.928248	0.006210	32.2
1740	-0.762169	109.892417	0.006513	30.6
1741	-0.017468	109.856618	0.000210	32.0
1742	-0.870621	109.820850	0.007162	31.7
1743	-0.874785	109.785112	0.006702	32.0
1744	-0.000000	109.749406	0.000000	32.3
1745	-0.000000	109.713730	0.000000	31.1
1746	-0.000000	109.678086	0.000000	32.5
1747	-0.408040	109.642472	0.004497	31.4
1748	-0.559739	109.606890	0.005392	33.1
1749	-0.302353	109.571337	0.004463	32.5
1750	-0.955224	109.535816	0.006777	31.4
1751	-1.069679	109.500326	0.008515	30.8
1752	-0.430530	109.464866	0.005500	31.6
1753	-0.000000	109.429436	0.000000	30.5
1754	0.000000	109.394038	0.000000	32.7
1755	-1.043989	109.358669	0.006700	31.5
1756	-0.823260	109.323331	0.006008	32.2
1757	-0.087075	109.288024	0.001448	33.1
1758	-0.112064	109.252747	0.004206	30.3
1759	-0.636125	109.217501	0.004443	32.5
1760	-0.884185	109.182284	0.007980	33.1
1761	-0.000000	109.147098	0.000000	32.4
1762	-0.827846	109.111942	0.005452	31.7
1763	-0.787925	109.076817	0.008268	32.7
1764	-0.000000	109.041721	0.000000	31.5
1765	-0.923639	109.006656	0.007043	33.4
1766	-0.860950	108.971620	0.006601	32.2
1767	-0.094362	108.936615	0.001158	32.7
1768	-0.402194	108.901640	0.004158	31.0
1769	-0.826119	108.866694	0.006217	30.9
1770	-0.502958	108.831779	0.003026	32.8
1771	-0.817961	108.796893	0.008013	31.1
1772	-0.060844	108.762037	0.000905	32.7
1773	-0.007944	108.727211	0.000120	31.9
1774	-0.991373	108.692415	0.007810	31.1
1775	-0.001580	108.657648	0.001158	32.0
1776	-0.515446	108.622911	0.005873	33.2
1777	-0.896349	108.588203	0.006599	31.4
1778	-0.207190	108.553525	0.003227	31.4
1779	-0.000000	108.518877	0.000000	32.6
1780	-0.005889	108.484258	0.000190	32.9
1781	0.000000	108.449668	0.000000	33.6
1782	-0.681571	108.415108	0.006573	32.3
1783	-0.189035	108.380578	0.002661	32.8
1784	-0.786689	108.346076	0.007575	33.3
1785	-0.000000	108.311604	0.000000	31.7
1786	-0.475243	108.277161	0.006248	32.0
1787	-0.649620	108.242747	0.005241	32.1
1788	-0.198371	108.208363	0.002733	32.5
1789	-0.749308	108.174007	0.005025	33.0
1790	-0.705543	108.139681	0.005231	31.0
1791	-0.393859	108.105383	0.005962	31.6
1792	-0.041026	108.071115	0.001929	32.0
1793	-0.910920	108.036875	0.006372	32.4
1794	-0.542149	108.002665	0.005955	32.2
1795	-0.000000	107.968483	0.000000	34.0
1796	-0.021225	107.934330	0.000320	32.1
1797	-0.002407	107.900206	0.000081	32.2
1798	-0.585924	107.866111	0.006054	32.9
1799	-0.351632	107.832044	0.004192	32.0
1800	-1.061379	107.798007	0.008977	30.6
1801	-0.000000	107.763997	0.000000	31.6
1802	-0.000000	107.730017	0.000000	31.4
1803	-1.001758	107.696065	0.008626	32.3
1804	-0.757606	107.662141	0.003500	31.0
1805	-0.633107	107.628246	0.007244	31.9
1806	-0.493020	107.594379	0.006416	32.2
1807	-0.941677	107.560541	0.006550	31.2
1808	-0.869234	107.526731	0.006478	33.0
1809	-0.000000	107.492949	0.000000	32.0
1810	0.000000	107.459196	0.000000	33.1
1811	-0.000000	107.425471	0.000000	32.4
1812	-0.000000	107.391774	0.000000	33.7
1813	-0.784064	107.358106	0.005803	32.2
1814	-0.506483	107.324465	0.005482	32.5
1815	-0.253857	107.290853	0.004196	33.1
1816	-0.530946	107.257268	0.006167	31.6
1817	-0.814911	107.223712	0.006234	31.5
1818	-0.901812	107.190184	0.007760	33.7
1819	-0.000000	107.156683	0.000000	33.0
1820	-0.480348	107.123211	0.006067	33.6
1821	-0.000069	107.089766	0.000003	34.7
1822	-0.455560	107.056349	0.003822	32.5
1823	-0.060974	107.022960	0.000819	32.4
1824	-0.411505	106.989599	0.004076	34.4
1825	-0.000000	106.956265	0.000000	32.5
1826	-0.714141	106.922960	0.006797	31.1
1827	-0.619626	106.889681	0.005945	31.3
1828	-0.731833	106.856431	0.005505	30.6
1829	-0.000845	106.823208	0.000114	31.4
1830	-0.539149	106.790012	0.006291	32.3
1831	-0.392914	106.756844	0.005044	33.3
1832	-0.375760	106.723703	0.004385	32.4
1833	-0.623709	106.690590	0.007661	32.4
1834	-0.000000	106.657505	0.000000	32.4
1835	-0.634994	106.624446	0.004437	31.6
1836	-0.543526	106.591415	0.004074	32.1
1837	-0.454719	106.558411	0.005570	31.3
1838	-0.216306	106.525435	0.004471	30.4
1839	-0.026033	106.492485	0.001633	31.5
1840	-0.824233	106.459563	0.008252	32.2
1841	-0.659938	106.426668	0.005864	33.5
1842	-0.598121	106.393800	0.006880	33.2
1843	-1.019819	106.360959	0.008132	32.7
1844	-0.866033	106.328145	0.006188	33.4
1845	-0.803871	106.295358	0.006597	31.2
1846	-0.040864	106.262598	0.001516	31.6
1847	-0.864614	106.229865	0.006970	32.6
1848	-0.018424	106.197158	0.000546	31.5
1849	-0.000000	106.164479	0.000000	31.9
1850	-0.029591	106.131826	0.001926	32.1
1851	-0.571137	106.099201	0.006751	32.1
1852	-0.618955	106.066602	0.006540	30.7
1853	-0.544322	106.034029	0.006711	32.1
1854	-0.462900	106.001483	0.005498	32.8
1855	-0.600150	105.968964	0.005409	32.3
1856	-0.723669	105.936472	0.005806	32.0
1857	-0.825257	105.904006	0.004904	38.4
1858	-0.935510	105.871566	0.007491	31.6
1859	-0.000139	105.839153	0.000046	33.2
1860	-0.000000	105.806767	0.000000	33.6
1861	-0.105985	105.774407	0.001105	33.2
1862	-0.430871	105.742073	0.004933	32.7
1863	-0.000000	105.709766	0.000000	34.5
1864	-0.056965	105.677485	0.002647	35.7
1865	-0.405076	105.645230	0.006921	31.6
1866	-0.150003	105.613001	0.003341	32.0
1867	-0.578881	105.580799	0.004268	32.7
1868	-0.000000	105.548623	0.000000	34.3
1869	-0.611572	105.516473	0.004672	32.1
1870	-0.672435	105.484349	0.006803	34.4
1871	-0.775336	105.452251	0.004901	32.5
1872	-0.806091	105.420179	0.005627	38.4
1873	-0.932081	105.388133	0.006145	33.6
1874	-0.844020	105.356113	0.008045	34.7
1875	-0.007318	105.324119	0.000260	32.5
1876	-0.000152	105.292151	0.000010	31.4
1877	-0.000000	105.260209	0.000000	32.8
1878	-0.195295	105.228293	0.003472	31.2
1879	-0.762126	105.196402	0.005845	32.4
1880	-0.996352	105.164537	0.008062	34.1
1881	-0.841287	105.132698	0.005568	31.5
1882	-0.723980	105.100885	0.005225	31.3
1883	-0.752559	105.069097	0.005775	32.0
1884	-0.639488	105.037335	0.004906	32.1
1885	-0.794204	105.005598	0.006766	31.0
1886	-0.047679	104.973887	0.001416	31.9
1887	-0.759935	104.942202	0.007017	31.6
1888	-0.335146	104.910542	0.003857	30.3
1889	-0.589163	104.878907	0.006355	31.7
1890	-0.000000	104.847298	0.000000	32.2
1891	-0.295882	104.815715	0.003737	32.8
1892	-0.624856	104.784156	0.004820	32.6
1893	-0.625011	104.752623	0.005064	32.1
1894	-0.344186	104.721116	0.004150	31.3
1895	-0.000022	104.689633	0.000032	31.6
1896	-0.957495	104.658176	0.008278	32.2
1897	-0.367230	104.626744	0.004979	31.5
1898	-0.000102	104.595337	0.000004	31.3
1899	-0.789985	104.563955	0.007131	31.0
1900	-0.833678	104.532599	0.008403	32.1
1901	-0.393002	104.501267	0.006073	32.0
1902	-0.920514	104.469960	0.007822	33.3
1903	-1.030878	104.438679	0.007089	33.3
1904	-1.106885	104.407422	0.008644	32.2
1905	-0.528094	104.376191	0.006036	31.5
1906	-0.105583	104.344984	0.001679	32.3
1907	-0.487768	104.313802	0.003932	31.8
1908	-0.629799	104.282645	0.006050	32.3
1909	-0.672022	104.251513	0.006989	32.8
1910	-0.000000	104.220405	0.000000	33.8
1911	-0.000000	104.189323	0.000000	33.0
1912	-0.303389	104.158265	0.003934	32.3
1913	-0.000000	104.127231	0.000000	32.5
1914	-0.000000	104.096222	0.000000	33.3
1915	-0.000000	104.065238	0.000000	31.3
1916	-0.432569	104.034279	0.005262	32.0
1917	-0.348739	104.003344	0.003541	32.6
1918	-0.000000	103.972433	0.000000	32.6
1919	-0.003078	103.941547	0.000108	32.0
1920	-0.037551	103.910686	0.001413	31.7
1921	-0.000000	103.879849	0.000000	32.2
1922	-0.508361	103.849036	0.006268	32.5
1923	-0.716529	103.818248	0.007601	33.0
1924	-0.182466	103.787484	0.002302	33.1
1925	-0.664521	103.756744	0.005894	32.0
1926	-0.000000	103.726029	0.000000	32.9
1927	-0.062793	103.695338	0.002001	32.2
1928	-0.674611	103.664671	0.004196	31.5
1929	-0.854375	103.634028	0.006963	31.2
1930	-1.108325	103.603409	0.009552	30.5
1931	-1.061049	103.572814	0.007872	30.2
1932	-0.009004	103.542244	0.000164	30.1
1933	-0.023082	103.511698	0.000199	36.6
1934	-0.000000	103.481175	0.000000	34.8
1935	-0.268195	103.450677	0.003385	34.1
1936	-0.738201	103.420202	0.005369	36.5
1937	0.000000	103.389752	0.000000	36.6
1938	-0.348353	103.359325	0.004603	35.9
1939	-0.000000	103.328922	0.000000	32.2
1940	-0.007411	103.298543	0.000146	32.4
1941	-1.017496	103.268188	0.006331	32.0
1942	-0.904910	103.237857	0.005019	31.8
1943	-0.042497	103.207549	0.002405	31.9
1944	-0.945671	103.177265	0.005091	31.2
1945	-0.460595	103.147005	0.003255	31.3
1946	-0.047918	103.116768	0.000947	30.9
1947	-0.004129	103.086556	0.000003	31.8
1948	-0.184988	103.056366	0.002549	30.7
1949	-0.000000	103.026200	0.000000	30.6
1950	-0.558348	102.996058	0.004861	32.5
1951	-0.627164	102.965939	0.006198	30.6
1952	-0.502765	102.935844	0.006184	30.1
1953	-0.000000	102.905772	0.000000	30.9
1954	-0.560309	102.875724	0.006672	64.7
1955	-0.639918	102.845699	0.006903	35.4
1956	-0.528245	102.815697	0.004265	31.6
1957	-0.392154	102.785719	0.004834	31.7
1958	-0.784795	102.755764	0.007286	31.4
1959	-0.000000	102.725832	0.000000	31.1
1960	-1.005339	102.695924	0.008096	31.2
1961	-0.002871	102.666038	0.000056	31.5
1962	-1.065372	102.636176	0.008031	30.6
1963	-0.619662	102.606337	0.006017	33.7
1964	-0.974277	102.576521	0.007201	30.7
1965	-0.047036	102.546728	0.000425	30.5
1966	-0.287329	102.516959	0.006086	31.9
1967	-0.755865	102.487212	0.006753	31.0
1968	-0.000000	102.457488	0.000000	30.5
1969	-0.877848	102.427788	0.005736	31.1
1970	-0.719183	102.398110	0.005721	31.6
1971	-0.000000	102.368455	0.000000	30.2
1972	-0.871508	102.338823	0.005056	30.2
1973	-0.674767	102.309214	0.006568	30.8
1974	-0.724030	102.279628	0.006184	30.3
1975	-0.001957	102.250064	0.000034	31.3
1976	-0.579254	102.220524	0.006644	31.1
1977	-0.767227	102.191006	0.004943	31.6
1978	-0.954296	102.161511	0.005534	30.5
1979	-0.000000	102.132038	0.000000	30.5
1980	-0.000051	102.102588	0.000003	30.1
1981	-0.424142	102.073161	0.006217	30.7
1982	-0.000000	102.043757	0.000000	32.3
1983	-1.085469	102.014375	0.007354	32.5
1984	-0.000000	101.985015	0.000000	32.0
1985	-0.004305	101.955678	0.000121	31.3
1986	-0.850981	101.926364	0.006054	31.0
1987	-0.000000	101.897072	0.000000	31.4
1988	-0.007456	101.867802	0.000726	32.0
1989	-0.163658	101.838555	0.001323	30.2
1990	-0.023925	101.809330	0.000556	29.8
1991	-0.000128	101.780128	0.000008	30.4
1992	-1.082462	101.750948	0.008621	30.8
1993	-0.000000	101.721790	0.000000	30.8
1994	-0.008169	101.692654	0.000676	30.3
1995	-0.777062	101.663541	0.005308	32.7
1996	-0.679134	101.634450	0.006017	32.2
1997	-0.000000	101.605381	0.000000	35.5
1998	-0.741955	101.576335	0.005240	33.5
1999	-0.000000	101.547310	0.000000	31.3
