1:ItNr	2:Metric	3:StepSize	4:||Gradient||	Time[ms]
0	-0.090558	627.201626	0.004175	1237.3
1	-0.657646	623.504937	0.020850	5.5
2	-0.000000	619.865785	0.000000	5.4
3	-0.571512	616.282728	0.015954	5.6
4	-0.000000	612.754375	0.000000	5.3
5	-0.012234	609.279381	0.000737	6.6
6	-0.916020	605.856447	0.009684	6.3
7	-0.908266	602.484317	0.010021	5.7
8	-0.279782	599.161779	0.002384	5.5
9	-0.000000	595.887656	0.000000	5.1
10	-0.648524	592.660813	0.013203	4.5
11	-0.007175	589.480151	0.000384	4.4
12	-0.838661	586.344606	0.014820	5.2
13	-0.541155	583.253145	0.017716	4.7
14	-0.581990	580.204771	0.005117	4.8
15	-0.000000	577.198517	0.000000	5.6
16	-0.662987	574.233444	0.012716	4.6
17	-0.695946	571.308645	0.012281	4.6
18	-0.000001	568.423237	0.000001	5.1
19	-0.679236	565.576365	0.030611	4.9
20	-0.043628	562.767201	0.003130	4.9
21	-0.004382	559.994938	0.000338	4.9
22	-1.003374	557.258797	0.017464	4.9
23	-0.996673	554.558018	0.008100	5.3
24	-0.701947	551.891865	0.007130	4.8
25	-0.888399	549.259621	0.020884	5.3
26	-0.393743	546.660592	0.005236	5.0
27	-0.769321	544.094102	0.012435	5.0
28	-0.047054	541.559494	0.000790	5.2
29	-0.000307	539.056129	0.000092	5.3
30	-0.986656	536.583387	0.013930	5.1
31	-0.397988	534.140663	0.012059	5.6
32	-0.286989	531.727370	0.003326	6.0
33	-1.122438	529.342935	0.022193	6.0
34	-1.156433	526.986802	0.019595	6.2
35	-1.100006	524.658430	0.026154	5.6
36	-0.400134	522.357290	0.016351	5.0
37	-0.640056	520.082868	0.028327	5.3
38	-0.929818	517.834665	0.008681	5.1
39	-0.000000	515.612193	0.000000	5.0
40	-0.950603	513.414976	0.018200	6.0
41	-0.772861	511.242551	0.014147	5.0
42	-1.113676	509.094468	0.034671	5.1
43	-0.827299	506.970285	0.028202	5.4
44	-0.123204	504.869574	0.000750	5.7
45	-0.971797	502.791916	0.006185	5.5
46	-0.082368	500.736903	0.002658	5.4
47	-0.951021	498.704137	0.013222	5.1
48	-0.593598	496.693228	0.009847	5.1
49	-0.682233	494.703798	0.003805	5.6
50	-0.000000	492.735476	0.000000	5.1
51	-0.644586	490.787900	0.009355	5.2
52	-0.722461	488.860718	0.024757	5.6
53	-1.167050	486.953585	0.013204	5.4
54	-0.471787	485.066164	0.007136	5.1
55	-0.621073	483.198126	0.013122	5.4
56	-0.778276	481.349149	0.013417	5.3
57	-0.631023	479.518920	0.012367	5.4
58	-0.337672	477.707132	0.003930	5.6
59	-0.899289	475.913485	0.003152	5.7
60	-0.000530	474.137684	0.000027	5.0
61	-1.157361	472.379445	0.019353	6.6
62	-0.000000	470.638485	0.000000	7.5
63	-0.817068	468.914531	0.019352	6.5
64	-1.224929	467.207315	0.011617	6.4
65	-0.591947	465.516573	0.020878	6.4
66	-0.000000	463.842050	0.000000	5.9
67	-0.537856	462.183494	0.007640	6.5
68	-1.112460	460.540658	0.034148	5.4
69	-0.000003	458.913303	0.000002	6.6
70	-1.131740	457.301192	0.045873	5.8
71	-0.477531	455.704096	0.040699	5.6
72	-0.784560	454.121787	0.007707	5.8
73	-0.000575	452.554045	0.000079	5.6
74	-0.000000	451.000653	0.000000	5.8
75	-0.955275	449.461399	0.013122	6.5
76	-0.000000	447.936075	0.000000	5.6
77	-0.383363	446.424477	0.008947	6.8
78	-0.000000	444.926406	0.000000	5.9
79	-0.304621	443.441666	0.003062	5.4
80	-0.814167	441.970065	0.009621	6.5
81	-0.265713	440.511415	0.005178	6.2
82	-0.775360	439.065533	0.009349	5.4
83	-0.000000	437.632238	0.000000	6.1
84	-0.757795	436.211351	0.007939	6.6
85	-0.302449	434.802701	0.005373	6.0
86	-0.393699	433.406117	0.005892	5.9
87	-0.559434	432.021430	0.008177	5.8
88	-0.744257	430.648479	0.006555	6.3
89	-0.000000	429.287101	0.000000	5.5
90	-0.673781	427.937140	0.014418	5.7
91	-1.056078	426.598440	0.009789	6.7
92	-0.746372	425.270849	0.007519	5.6
93	-1.151508	423.954220	0.023502	5.5
94	-0.539772	422.648404	0.006736	6.2
95	-0.833463	421.353259	0.011699	5.7
96	-0.587608	420.068643	0.006378	7.4
97	-0.477103	418.794419	0.006896	6.9
98	-0.096517	417.530451	0.001391	5.6
99	-0.000000	416.276604	0.000000	6.1
100	-0.969817	415.032748	0.025864	6.0
101	-0.926120	413.798754	0.004786	5.9
102	-0.605746	412.574495	0.014714	5.9
103	-0.900882	411.359849	0.014457	5.4
104	-0.611479	410.154691	0.009410	6.4
105	-1.070975	408.958904	0.019358	5.7
106	-0.573914	407.772368	0.011539	5.5
107	-0.542086	406.594968	0.038857	6.1
108	-0.388515	405.426590	0.007704	5.8
109	-1.064384	404.267122	0.012025	5.6
110	0.000000	403.116456	0.000000	6.2
111	-0.000000	401.974481	0.000000	5.8
112	-0.395665	400.841093	0.003973	5.7
113	-0.426728	399.716187	0.007704	6.3
114	-0.971814	398.599660	0.028473	5.8
115	-0.586512	397.491411	0.011827	5.9
116	-0.366007	396.391342	0.007119	5.9
117	-0.000000	395.299353	0.000000	5.7
118	-0.937610	394.215350	0.010413	5.9
119	-1.038499	393.139238	0.013473	6.2
120	-0.577974	392.070924	0.009531	6.3
121	-0.000000	391.010316	0.000000	5.7
122	-0.490792	389.957325	0.009541	5.7
123	-0.000000	388.911862	0.000000	5.6
124	-0.846794	387.873839	0.023590	6.4
125	-0.748844	386.843173	0.011168	5.7
126	-0.531203	385.819777	0.010272	6.3
127	-0.769866	384.803569	0.012586	6.1
128	-0.767417	383.794468	0.011720	5.6
129	-0.857612	382.792393	0.014792	6.5
130	-0.117705	381.797264	0.003180	6.0
131	-0.883382	380.809005	0.013041	6.0
132	0.000000	379.827537	0.000000	6.4
133	-0.984185	378.852786	0.017480	5.9
134	-0.783250	377.884678	0.008777	5.9
135	-0.222105	376.923138	0.002878	6.6
136	-0.478504	375.968095	0.003005	6.2
137	-0.074197	375.019479	0.002655	5.8
138	-0.540498	374.077218	0.006441	6.0
139	-0.779079	373.141244	0.015994	5.7
140	-0.000000	372.211489	0.000000	6.4
141	-0.011415	371.287887	0.001356	6.1
142	-0.174085	370.370370	0.009020	5.8
143	-1.101433	369.458876	0.013923	6.2
144	-0.122770	368.553338	0.001578	5.6
145	-0.499848	367.653696	0.012188	6.2
146	-0.063437	366.759885	0.001630	5.7
147	-0.669562	365.871846	0.006621	5.6
148	-0.968272	364.989518	0.004949	6.3
149	-0.418658	364.112841	0.008600	5.6
150	-0.715505	363.241757	0.010122	5.6
151	-0.929593	362.376208	0.018275	6.2
152	-0.001924	361.516137	0.000235	5.5
153	-0.806692	360.661488	0.006991	5.5
154	-0.808223	359.812206	0.016262	6.3
155	-0.066561	358.968236	0.001713	6.1
156	-0.569517	358.129524	0.010505	6.1
157	-0.691289	357.296018	0.014326	5.9
158	-0.232218	356.467665	0.003931	5.6
159	-0.120902	355.644414	0.003510	6.8
160	-0.141858	354.826213	0.002993	5.6
161	-1.116359	354.013012	0.020034	5.5
162	-0.000206	353.204763	0.000022	6.0
163	-0.000000	352.401415	0.000000	5.6
164	-1.203795	351.602922	0.031244	5.6
165	-1.094623	350.809235	0.011878	7.6
166	-0.198079	350.020308	0.002854	6.1
167	-0.905261	349.236095	0.011894	6.4
168	-0.021096	348.456550	0.000573	6.0
169	-1.048488	347.681627	0.017409	5.9
170	-0.000000	346.911283	0.000000	6.3
171	-1.007030	346.145474	0.010414	7.1
172	-1.037401	345.384157	0.005361	7.1
173	-0.389563	344.627288	0.004503	6.1
174	-0.983262	343.874826	0.019448	5.9
175	-0.946985	343.126729	0.019190	6.8
176	-0.988729	342.382957	0.006054	6.2
177	-1.131515	341.643469	0.024005	5.9
178	-0.583957	340.908224	0.010239	7.1
179	-0.561378	340.177184	0.004962	6.2
180	-0.158588	339.450309	0.002680	8.0
181	-0.268088	338.727561	0.001896	6.8
182	-1.063749	338.008902	0.016500	7.1
183	-0.718709	337.294295	0.007346	5.8
184	-0.986058	336.583703	0.017318	5.7
185	-1.084943	335.877089	0.025057	6.7
186	-0.953864	335.174416	0.006925	6.5
187	-0.050434	334.475651	0.005801	6.4
188	-0.359164	333.780756	0.014945	6.0
189	-0.845000	333.089698	0.029151	6.0
190	-0.993189	332.402443	0.008535	6.5
191	-0.000000	331.718955	0.000000	5.8
192	-1.034396	331.039203	0.016335	6.0
193	-0.000000	330.363153	0.000000	6.4
194	-0.235676	329.690771	0.004293	5.9
195	-0.547741	329.022027	0.007157	6.4
196	-0.859332	328.356888	0.015541	5.8
197	-0.001910	327.695322	0.000030	6.0
198	-0.282730	327.037299	0.002969	6.5
199	-1.041030	326.382787	0.010378	5.8
200	-0.427717	325.731758	0.008316	5.7
201	-0.042151	325.084179	0.002231	6.4
202	-0.075332	324.440023	0.001879	6.0
203	-0.000000	323.799258	0.000000	6.1
204	-0.975822	323.161858	0.014154	7.7
205	-0.069810	322.527792	0.000762	6.5
206	-0.469469	321.897034	0.006867	6.5
207	-0.000014	321.269554	0.000006	5.9
208	-1.021788	320.645325	0.029484	6.3
209	-0.560797	320.024320	0.009637	5.7
210	-1.355105	319.406512	0.027363	5.7
211	-1.164830	318.791875	0.012490	6.6
212	-1.214243	318.180381	0.050161	5.6
213	-1.087877	317.572005	0.011526	5.6
214	-0.000000	316.966721	0.000000	6.2
215	-0.079806	316.364504	0.001160	6.0
216	-0.000000	315.765329	0.000000	6.2
217	-0.227676	315.169170	0.001823	5.7
218	-0.012033	314.576003	0.000338	5.7
219	-0.001640	313.985804	0.000071	6.3
220	-1.161120	313.398548	0.038872	6.4
221	-0.680827	312.814213	0.009176	5.6
222	-0.364378	312.232773	0.005796	6.2
223	-1.070730	311.654207	0.023173	6.5
224	-0.168960	311.078491	0.007535	6.1
225	-0.000000	310.505602	0.000000	6.0
226	-0.733550	309.935518	0.009685	5.6
227	-0.000000	309.368217	0.000000	6.0
228	-1.153919	308.803676	0.035637	6.0
229	-0.672400	308.241874	0.010859	5.7
230	-0.103390	307.682789	0.002599	6.6
231	-0.000040	307.126400	0.000016	5.8
232	-0.064111	306.572687	0.001661	5.7
233	-0.782146	306.021627	0.034590	5.8
234	-0.309087	305.473201	0.005003	5.7
235	-0.814419	304.927388	0.006857	5.9
236	-1.096244	304.384168	0.023841	6.4
237	-0.185846	303.843521	0.003935	6.0
238	-0.570207	303.305427	0.009672	6.9
239	-0.351515	302.769867	0.005662	6.4
240	-0.022704	302.236821	0.000868	5.8
241	-0.872280	301.706270	0.013656	6.6
242	-0.943093	301.178196	0.014327	6.3
243	-0.535384	300.652580	0.011208	6.6
244	-0.401146	300.129402	0.004670	6.1
245	-0.782133	299.608645	0.009451	5.8
246	-0.977678	299.090291	0.018858	6.6
247	-1.243354	298.574321	0.007930	5.9
248	-0.000000	298.060718	0.000000	5.9
249	-0.000000	297.549465	0.000000	6.2
250	-0.066733	297.040543	0.001116	6.1
251	-0.602243	296.533936	0.012617	6.2
252	-0.229724	296.029626	0.004015	6.5
253	-0.794477	295.527597	0.005292	6.1
254	-0.000000	295.027832	0.000000	7.0
255	-0.584440	294.530315	0.004773	7.0
256	-0.783740	294.035028	0.009083	6.3
257	-0.640506	293.541956	0.005050	7.3
258	-1.082907	293.051083	0.010585	5.8
259	-1.091988	292.562393	0.012305	6.8
260	-0.000000	292.075870	0.000000	5.8
261	-1.016449	291.591498	0.020852	6.0
262	-0.738993	291.109263	0.009912	6.2
263	-0.091026	290.629149	0.003731	5.5
264	-0.035768	290.151140	0.002365	5.9
265	-0.671448	289.675222	0.011579	5.8
266	-0.791807	289.201380	0.008211	5.4
267	-0.583794	288.729600	0.009048	6.3
268	-0.068932	288.259866	0.002606	5.8
269	-1.095577	287.792165	0.014786	5.5
270	-0.371095	287.326481	0.006640	6.2
271	-0.819865	286.862802	0.008293	5.8
272	-0.329996	286.401113	0.003759	5.8
273	-0.639087	285.941400	0.024229	6.1
274	-0.673597	285.483649	0.018087	5.5
275	-0.001919	285.027847	0.000216	5.3
276	-1.122713	284.573981	0.027958	6.2
277	-0.736921	284.122037	0.014220	6.4
278	-0.447528	283.672002	0.010115	5.8
279	-0.000000	283.223863	0.000000	5.8
280	-0.965097	282.777607	0.029863	6.0
281	-0.000000	282.333221	0.000000	6.0
282	-0.237092	281.890692	0.003509	5.7
283	-0.000000	281.450008	0.000000	5.9
284	-0.621402	281.011157	0.014997	6.4
285	-0.425121	280.574125	0.010420	5.9
286	-0.780771	280.138901	0.015862	6.4
287	-0.447625	279.705473	0.012205	6.1
288	-1.179079	279.273829	0.010141	5.7
289	-0.625852	278.843956	0.013194	6.5
290	-0.233483	278.415844	0.004201	5.9
291	0.000000	277.989479	0.000000	5.7
292	-0.884529	277.564851	0.011920	7.1
293	-0.962356	277.141949	0.013827	6.6
294	-0.991380	276.720761	0.016172	6.9
295	-1.217671	276.301275	0.021073	5.9
296	-0.000000	275.883480	0.000000	5.9
297	-0.493246	275.467366	0.010330	6.3
298	-0.932496	275.052922	0.013215	6.0
299	-0.954581	274.640136	0.012700	6.0
300	-0.145717	274.228998	0.002015	6.3
301	-1.089011	273.819497	0.021235	6.1
302	-0.629871	273.411623	0.011170	6.5
303	-0.000000	273.005365	0.000000	6.2
304	-0.331957	272.600712	0.005565	5.9
305	-0.000000	272.197655	0.000000	6.5
306	-0.000000	271.796184	0.000000	6.7
307	-0.000127	271.396287	0.000041	6.4
308	-0.003724	270.997956	0.000054	6.0
309	-0.000000	270.601180	0.000000	5.7
310	-0.000000	270.205949	0.000000	6.2
311	-0.440211	269.812254	0.010775	6.4
312	-0.615183	269.420085	0.005904	6.1
313	-0.732923	269.029432	0.011381	5.4
314	-0.000000	268.640287	0.000000	5.5
315	-0.661420	268.252638	0.010657	6.0
316	-0.371827	267.866478	0.002943	6.0
317	-0.142572	267.481796	0.005379	5.5
318	-1.046563	267.098584	0.007175	5.7
319	-0.953223	266.716833	0.009778	5.9
320	-0.393580	266.336533	0.007605	5.5
321	-0.000000	265.957676	0.000000	6.5
322	-0.973644	265.580253	0.010160	5.8
323	-0.244360	265.204254	0.001495	5.8
324	-0.864230	264.829672	0.006399	6.4
325	-0.675979	264.456497	0.009523	5.6
326	-1.131963	264.084721	0.012107	5.7
327	-0.569806	263.714335	0.007656	6.3
328	-0.000000	263.345332	0.000000	5.9
329	-0.001009	262.977702	0.000176	6.3
330	-1.087544	262.611438	0.045934	6.1
331	-0.372306	262.246531	0.004825	6.0
332	-0.678541	261.882973	0.010471	6.3
333	-0.565516	261.520756	0.012413	5.9
334	-0.855764	261.159871	0.005804	6.0
335	-0.256739	260.800312	0.002639	6.6
336	-1.284686	260.442070	0.007909	5.7
337	-0.635303	260.085137	0.006312	6.4
338	-0.349646	259.729505	0.009350	6.3
339	-0.093769	259.375167	0.000483	5.8
340	-0.000000	259.022116	0.000000	7.2
341	-0.000000	258.670343	0.000000	5.9
342	-1.104995	258.319841	0.013600	6.0
343	-1.055473	257.970602	0.016811	6.3
344	-1.078545	257.622620	0.022685	5.8
345	-1.016861	257.275887	0.022414	6.2
346	-0.974945	256.930396	0.006837	7.0
347	-1.104259	256.586139	0.023189	6.5
348	-0.000000	256.243109	0.000000	6.2
349	-0.634438	255.901300	0.010836	5.7
350	-0.069585	255.560703	0.003122	6.5
351	-1.052691	255.221313	0.020704	6.4
352	-0.717164	254.883122	0.017571	5.9
353	-0.893880	254.546124	0.004805	6.6
354	-0.000808	254.210311	0.000168	5.9
355	-0.846536	253.875677	0.012214	6.1
356	-0.501211	253.542215	0.007576	6.3
357	-1.051500	253.209918	0.016387	5.5
358	-0.000004	252.878781	0.000001	6.5
359	-0.205300	252.548795	0.003675	5.8
360	-0.000228	252.219956	0.000045	5.4
361	-0.045262	251.892255	0.002135	6.0
362	-0.850611	251.565688	0.009599	6.8
363	-1.047513	251.240247	0.010046	6.0
364	-1.085228	250.915926	0.011885	6.3
365	-0.849251	250.592720	0.015193	6.2
366	-0.037322	250.270621	0.000323	6.2
367	-0.570222	249.949624	0.008408	5.7
368	-0.018186	249.629723	0.001233	5.7
369	-0.110280	249.310911	0.004510	6.6
370	-0.838213	248.993182	0.007867	5.8
371	-0.781813	248.676531	0.032138	5.6
372	-0.000000	248.360952	0.000000	5.9
373	-0.972398	248.046438	0.012889	5.7
374	-0.000126	247.732984	0.000004	6.1
375	-0.000648	247.420584	0.000097	6.2
376	-1.187851	247.109233	0.036561	5.4
377	-0.921954	246.798924	0.004957	5.9
378	-0.000000	246.489652	0.000000	5.8
379	-0.018538	246.181412	0.001178	5.9
380	-0.000000	245.874197	0.000000	5.8
381	-1.222111	245.568002	0.005747	6.5
382	-0.840945	245.262822	0.007487	7.2
383	-0.003705	244.958652	0.001023	6.2
384	-0.999433	244.655485	0.007890	6.3
385	-0.000000	244.353317	0.000000	6.5
386	-0.457228	244.052142	0.007034	6.2
387	-0.284316	243.751955	0.001761	5.9
388	-0.237539	243.452750	0.006499	6.6
389	-0.144873	243.154523	0.002126	5.9
390	-0.704561	242.857268	0.022774	6.2
391	-1.208973	242.560980	0.031602	6.9
392	-0.277192	242.265654	0.002738	5.7
393	-0.212823	241.971285	0.004217	6.0
394	-0.035003	241.677868	0.003896	6.1
395	-0.843891	241.385397	0.009018	6.2
396	-1.114663	241.093869	0.037018	6.2
397	-0.182260	240.803278	0.005751	6.4
398	-0.424694	240.513619	0.008367	6.2
399	-0.802103	240.224887	0.007103	6.1
400	-1.041976	239.937077	0.005762	5.9
401	-1.024713	239.650186	0.014024	6.5
402	-0.859874	239.364207	0.009917	5.9
403	-0.044317	239.079136	0.001224	6.0
404	-1.043818	238.794969	0.036579	6.5
405	-1.037196	238.511701	0.023085	6.1
406	-0.138159	238.229327	0.002697	6.0
407	-0.018175	237.947843	0.000477	6.2
408	-0.000000	237.667244	0.000000	5.4
409	-0.516653	237.387526	0.011991	6.0
410	-0.802797	237.108684	0.006468	5.7
411	-0.722114	236.830714	0.009856	6.1
412	-0.375623	236.553610	0.002874	6.1
413	-1.007168	236.277370	0.013857	6.0
414	-1.177056	236.001989	0.016620	6.5
415	-0.677022	235.727461	0.006421	7.1
416	-0.894695	235.453784	0.014946	5.7
417	-0.670642	235.180952	0.009046	6.9
418	-0.052390	234.908962	0.000192	5.8
419	-0.802848	234.637809	0.008739	5.3
420	-0.582297	234.367488	0.010368	6.5
421	-1.296869	234.097997	0.025456	6.0
422	-0.321395	233.829331	0.004505	5.8
423	-0.000000	233.561485	0.000000	6.3
424	-0.854250	233.294456	0.011658	5.9
425	-0.875437	233.028239	0.017260	6.4
426	-0.014636	232.762831	0.001109	6.0
427	-1.135507	232.498228	0.019384	5.7
428	-0.536640	232.234425	0.007813	6.1
429	-1.089909	231.971419	0.022759	5.9
430	-0.840423	231.709205	0.012640	5.9
431	-0.140651	231.447781	0.002693	6.0
432	-0.884390	231.187141	0.010406	6.2
433	-0.306430	230.927283	0.003535	7.2
434	-1.288068	230.668202	0.043544	6.0
435	-0.789145	230.409895	0.005711	5.9
436	-0.957034	230.152358	0.010093	6.6
437	-0.032982	229.895587	0.001663	6.2
438	-1.103687	229.639578	0.024900	6.1
439	-0.208487	229.384329	0.003593	6.4
440	-0.062030	229.129834	0.001108	6.2
441	-0.009371	228.876091	0.001011	6.3
442	-0.026452	228.623096	0.000560	6.0
443	-0.347439	228.370846	0.002678	5.9
444	-0.593795	228.119336	0.010379	6.7
445	-1.024518	227.868563	0.013106	5.9
446	-1.034990	227.618525	0.031851	6.0
447	-0.000776	227.369216	0.000101	6.4
448	-0.204552	227.120635	0.001900	6.0
449	-0.000000	226.872777	0.000000	6.4
450	-0.004667	226.625638	0.000236	5.9
451	-1.203970	226.379217	0.029171	6.1
452	-0.438478	226.133509	0.003573	6.6
453	-0.000000	225.888510	0.000000	6.2
454	-0.252344	225.644218	0.004236	6.2
455	-0.661427	225.400630	0.008672	5.9
456	-0.000000	225.157741	0.000000	5.7
457	-1.058883	224.915549	0.024328	6.1
458	-0.736233	224.674051	0.006508	5.8
459	-0.000000	224.433242	0.000000	5.6
460	-0.128514	224.193121	0.003312	6.3
461	-1.094192	223.953684	0.022354	5.8
462	-0.862140	223.714927	0.004722	5.5
463	-0.334296	223.476848	0.005074	5.7
464	-0.000012	223.239444	0.000002	6.0
465	-1.219606	223.002710	0.011988	5.9
466	-0.000000	222.766645	0.000000	6.2
467	-0.092289	222.531245	0.004952	5.7
468	-0.702959	222.296508	0.040218	6.1
469	-1.201575	222.062429	0.019376	5.9
470	-0.530453	221.829007	0.005649	5.7
471	-0.633264	221.596238	0.005639	6.2
472	-0.929394	221.364119	0.005019	5.8
473	-0.763021	221.132647	0.012465	5.8
474	-0.717059	220.901820	0.007964	6.1
475	-1.154784	220.671634	0.011827	5.9
476	-1.201062	220.442086	0.025022	5.8
477	-0.000000	220.213174	0.000000	6.5
478	-0.114256	219.984895	0.002075	5.7
479	-0.148581	219.757246	0.003737	6.2
480	-0.923251	219.530224	0.007748	6.4
481	-0.000000	219.303826	0.000000	5.5
482	-0.000002	219.078050	0.000000	6.1
483	-0.000089	218.852893	0.000019	5.8
484	-0.585683	218.628352	0.002921	5.7
485	-0.750112	218.404424	0.009780	6.4
486	-0.000000	218.181106	0.000000	6.3
487	-0.925500	217.958397	0.011975	6.2
488	-0.875599	217.736292	0.013153	6.1
489	-0.000000	217.514790	0.000000	5.7
490	0.000000	217.293888	0.000000	6.2
491	-0.391954	217.073584	0.004067	5.9
492	-0.054821	216.853873	0.002594	5.9
493	-1.065571	216.634755	0.027398	6.6
494	-0.000000	216.416227	0.000000	6.0
495	-1.230892	216.198285	0.005009	6.4
496	-0.572391	215.980927	0.013210	6.3
497	-0.910442	215.764151	0.013085	5.8
498	-0.373231	215.547955	0.008847	6.2
499	-1.082455	215.332335	0.011200	5.9
500	-0.260319	215.117289	0.006218	5.8
501	-0.245363	214.902815	0.002618	7.0
502	-0.000000	214.688911	0.000000	6.2
503	-0.894839	214.475573	0.006551	6.3
504	-0.396299	214.262800	0.007324	6.2
505	-0.757946	214.050588	0.014768	5.8
506	-0.479175	213.838936	0.005439	6.3
507	-0.792950	213.627842	0.014862	5.9
508	-0.025422	213.417302	0.000934	5.8
509	-0.695844	213.207314	0.011552	6.1
510	-1.048346	212.997877	0.008821	6.0
511	-0.000011	212.788987	0.000003	7.2
512	-0.577906	212.580642	0.013502	5.8
513	-1.219137	212.372841	0.039547	5.6
514	-0.000000	212.165581	0.000000	6.4
515	-0.882151	211.958859	0.006218	6.2
516	-0.515265	211.752673	0.010034	5.6
517	-0.949215	211.547021	0.007751	6.0
518	-0.592697	211.341902	0.025294	6.3
519	-0.657545	211.137311	0.011207	6.0
520	-0.178036	210.933248	0.001540	6.2
521	-0.052479	210.729710	0.002301	5.4
522	-1.066535	210.526695	0.007794	6.0
523	-0.577257	210.324200	0.008784	5.7
524	-1.116988	210.122224	0.009988	5.7
525	-0.032869	209.920765	0.001125	5.9
526	-0.000000	209.719820	0.000000	5.8
527	-0.713296	209.519387	0.028249	5.8
528	-1.122275	209.319463	0.010794	6.5
529	-0.378733	209.120048	0.003602	5.7
530	-0.954574	208.921139	0.014257	5.8
531	-0.001224	208.722733	0.000188	6.0
532	-0.242858	208.524829	0.002924	5.6
533	-0.592332	208.327425	0.002526	6.0
534	-0.633289	208.130518	0.007702	5.9
535	-0.119604	207.934107	0.001305	6.4
536	-0.827051	207.738189	0.006451	6.5
537	-0.000000	207.542762	0.000000	5.7
538	-0.794218	207.347825	0.008582	5.9
539	-1.085110	207.153376	0.005192	6.3
540	-0.195725	206.959412	0.006187	6.0
541	-0.622116	206.765932	0.015575	6.4
542	-0.000002	206.572933	0.000001	6.0
543	-0.175723	206.380414	0.003010	5.9
544	0.000000	206.188373	0.000000	6.8
545	-0.194360	205.996807	0.002833	6.2
546	-0.698158	205.805716	0.026892	5.9
547	-1.096777	205.615096	0.013039	6.5
548	-0.872954	205.424946	0.008005	5.7
549	-0.243120	205.235265	0.001078	6.5
550	-0.579211	205.046050	0.026175	6.3
551	-0.884774	204.857299	0.015935	5.8
552	-0.693614	204.669011	0.007461	6.2
553	-0.988098	204.481184	0.012309	6.7
554	-0.846710	204.293816	0.010269	5.9
555	-0.570389	204.106905	0.009309	6.0
556	-0.649222	203.920449	0.008690	7.6
557	-0.759639	203.734447	0.007400	7.6
558	-1.183089	203.548896	0.023989	6.0
559	-1.074154	203.363795	0.015690	6.2
560	-0.161847	203.179143	0.002629	6.4
561	-1.067813	202.994937	0.029539	5.9
562	-0.244456	202.811176	0.006399	6.4
563	-0.913359	202.627857	0.008981	6.0
564	-0.001476	202.444980	0.000064	5.9
565	-1.161912	202.262543	0.010408	7.2
566	-0.676597	202.080543	0.004572	5.7
567	-1.115962	201.898979	0.007237	6.0
568	-0.000991	201.717849	0.000168	6.1
569	-0.115150	201.537153	0.002603	7.1
570	-0.539183	201.356887	0.004329	5.6
571	-0.021566	201.177050	0.000228	5.9
572	-0.995286	200.997642	0.016689	5.7
573	-0.000000	200.818659	0.000000	6.7
574	-1.172062	200.640100	0.016679	5.6
575	-0.597075	200.461965	0.023104	5.9
576	-0.851552	200.284250	0.008436	6.3
577	-0.000000	200.106955	0.000000	5.1
578	-1.335341	199.930078	0.013465	7.2
579	-0.000000	199.753617	0.000000	6.2
580	-0.658387	199.577571	0.005041	6.1
581	-0.000000	199.401938	0.000000	6.3
582	-0.000000	199.226717	0.000000	6.2
583	-0.882574	199.051905	0.009138	6.3
584	-0.857204	198.877502	0.007418	6.1
585	-0.778636	198.703506	0.005968	5.9
586	-0.876772	198.529916	0.012206	6.2
587	-0.000011	198.356729	0.000003	6.0
588	-0.685795	198.183944	0.004170	5.8
589	-0.572925	198.011560	0.011714	7.2
590	-1.003184	197.839576	0.006798	5.9
591	-0.000000	197.667989	0.000000	6.4
592	-0.327495	197.496798	0.005396	6.5
593	-0.000869	197.326002	0.000029	5.5
594	-1.246202	197.155600	0.015089	7.1
595	-0.000000	196.985589	0.000000	5.9
596	-0.014479	196.815969	0.001164	6.0
597	-0.538875	196.646738	0.005840	6.6
598	-0.595918	196.477894	0.005322	5.8
599	-0.000702	196.309436	0.000031	6.5
600	-1.016304	196.141363	0.009512	5.8
601	-1.095169	195.973673	0.011355	5.9
602	-0.223386	195.806365	0.005043	6.6
603	-0.440001	195.639437	0.005235	6.6
604	-0.938919	195.472888	0.004920	7.1
605	-0.609134	195.306717	0.017884	6.1
606	-0.667435	195.140922	0.005072	5.9
607	-0.672163	194.975501	0.009158	6.4
608	-0.794333	194.810454	0.010957	5.9
609	-0.000000	194.645779	0.000000	5.6
610	-0.759212	194.481475	0.010812	6.9
611	-0.485415	194.317540	0.005500	5.6
612	-0.000002	194.153973	0.000001	6.0
613	-1.020678	193.990773	0.010485	5.9
614	-0.759979	193.827938	0.017783	6.2
615	-0.992540	193.665467	0.014019	6.4
616	-0.035250	193.503358	0.002325	5.8
617	-0.466192	193.341611	0.005336	5.9
618	-0.000000	193.180224	0.000000	6.0
619	-1.045549	193.019196	0.014279	6.4
620	-0.531016	192.858525	0.005340	6.0
621	-0.915882	192.698210	0.007576	5.8
622	-1.215424	192.538251	0.018611	5.6
623	-1.155449	192.378644	0.009552	6.6
624	-1.040000	192.219391	0.009624	5.7
625	-0.554271	192.060488	0.006207	5.7
626	-0.566942	191.901935	0.012462	6.1
627	-0.000000	191.743730	0.000000	5.9
628	-0.896020	191.585873	0.017162	5.8
629	-0.000000	191.428362	0.000000	6.4
630	-0.253148	191.271196	0.003666	5.7
631	-0.000000	191.114374	0.000000	6.1
632	-0.769608	190.957893	0.010247	5.6
633	-1.224960	190.801755	0.036908	5.5
634	-0.972704	190.645956	0.013309	6.4
635	-0.457285	190.490495	0.007116	5.8
636	-1.143783	190.335373	0.006493	6.1
637	-1.057328	190.180587	0.005206	6.3
638	-0.000080	190.026136	0.000019	6.1
639	-0.180929	189.872019	0.005359	6.4
640	-0.957978	189.718235	0.014119	6.2
641	-1.030289	189.564782	0.017202	6.1
642	-0.130741	189.411661	0.004581	6.4
643	-0.759305	189.258868	0.007114	6.1
644	-0.998509	189.106404	0.025005	5.9
645	-0.897816	188.954267	0.010237	6.6
646	-0.000000	188.802456	0.000000	6.1
647	-1.175530	188.650969	0.037394	6.3
648	-0.631286	188.499807	0.004230	6.1
649	-0.882837	188.348967	0.003823	6.0
650	-0.000000	188.198448	0.000000	6.4
651	-0.993736	188.048250	0.018682	6.2
652	-1.219649	187.898371	0.024208	6.2
653	-0.000000	187.748810	0.000000	6.4
654	-0.868327	187.599566	0.009510	6.6
655	-1.088658	187.450638	0.016647	6.5
656	-0.261913	187.302025	0.006284	6.4
657	-0.000000	187.153725	0.000000	5.9
658	-0.001431	187.005739	0.000094	6.9
659	-0.949210	186.858064	0.017246	5.7
660	-1.045862	186.710699	0.013016	6.1
661	-1.142668	186.563645	0.012570	6.0
662	-0.832192	186.416898	0.008937	5.6
663	-0.000025	186.270459	0.000003	6.2
664	-0.000000	186.124326	0.000000	6.2
665	-0.815166	185.978499	0.008992	6.1
666	-1.061606	185.832976	0.018228	6.0
667	-0.545423	185.687756	0.003076	5.6
668	-1.210644	185.542838	0.018025	5.7
669	-0.928503	185.398222	0.008705	6.5
670	-0.913275	185.253906	0.018232	6.0
671	-0.819716	185.109889	0.011318	5.9
672	-1.067667	184.966170	0.015568	6.1
673	-0.000000	184.822748	0.000000	6.4
674	-0.543008	184.679623	0.004893	6.0
675	-0.277679	184.536792	0.001817	5.6
676	-0.000000	184.394256	0.000000	5.7
677	-0.031698	184.252013	0.000822	6.6
678	-0.804231	184.110062	0.043384	5.6
679	-0.720907	183.968403	0.018910	6.0
680	-0.987856	183.827034	0.006056	6.4
681	-1.107516	183.685954	0.037313	5.9
682	-0.193053	183.545163	0.006102	5.9
683	-0.319803	183.404658	0.006883	5.7
684	-0.917625	183.264441	0.008325	5.8
685	-0.943223	183.124509	0.009432	6.7
686	-1.141035	182.984861	0.025251	5.7
687	-0.000449	182.845497	0.000008	5.7
688	-0.972184	182.706416	0.011303	5.9
689	-0.697562	182.567616	0.034482	6.4
690	-0.722790	182.429098	0.009676	6.8
691	-0.846390	182.290859	0.011202	6.0
692	-0.913357	182.152899	0.017750	5.8
693	-0.000000	182.015217	0.000000	6.8
694	-0.184869	181.877813	0.005552	6.0
695	-0.000036	181.740684	0.000016	6.3
696	0.000000	181.603832	0.000000	6.5
697	-0.809463	181.467253	0.007302	5.9
698	0.000000	181.330948	0.000000	6.3
699	-0.622484	181.194916	0.008963	5.8
700	-0.000000	181.059155	0.000000	5.9
701	-0.395789	180.923666	0.006221	6.3
702	-0.000000	180.788446	0.000000	5.4
703	-0.772670	180.653496	0.022479	5.8
704	-0.667703	180.518814	0.010406	6.6
705	-1.034058	180.384399	0.012259	6.4
706	-1.180756	180.250251	0.038409	6.2
707	-0.000000	180.116369	0.000000	5.9
708	-0.000000	179.982752	0.000000	5.8
709	-0.973155	179.849398	0.012250	7.1
710	-0.067469	179.716308	0.002650	5.9
711	-0.225554	179.583480	0.005357	6.0
712	-0.885856	179.450913	0.009903	6.8
713	-0.359813	179.318607	0.003837	6.0
714	-0.000000	179.186561	0.000000	6.1
715	-1.060400	179.054774	0.009998	6.0
716	-1.097686	178.923245	0.008082	5.6
717	-0.000324	178.791973	0.000057	6.4
718	-0.069815	178.660958	0.001967	5.8
719	-1.098697	178.530199	0.018689	5.7
720	-0.729099	178.399694	0.030509	6.2
721	-0.815859	178.269444	0.015558	6.5
722	-1.057821	178.139447	0.014422	6.1
723	-0.108006	178.009702	0.001431	6.0
724	-0.906683	177.880209	0.019652	5.6
725	-0.685974	177.750967	0.005167	6.5
726	-0.497921	177.621975	0.006880	6.0
727	-0.780971	177.493232	0.007249	6.1
728	-1.120456	177.364738	0.018251	6.1
729	-0.637194	177.236492	0.005147	5.8
730	-1.237629	177.108492	0.022651	5.9
731	-0.021012	176.980739	0.000575	5.2
732	-0.580881	176.853231	0.006500	5.8
733	-0.000000	176.725968	0.000000	6.2
734	-0.701775	176.598949	0.009149	6.2
735	-1.051019	176.472173	0.007620	5.8
736	-1.156541	176.345639	0.005873	6.4
737	-0.000000	176.219348	0.000000	5.8
738	-0.000280	176.093296	0.000074	5.9
739	-0.000000	175.967486	0.000000	8.0
740	-1.159399	175.841914	0.010386	5.8
741	-0.257548	175.716581	0.003812	7.0
742	-1.138435	175.591486	0.009564	5.6
743	-0.964897	175.466629	0.013563	6.3
744	-1.138463	175.342008	0.006129	5.9
745	-0.000467	175.217622	0.000095	5.8
746	-0.000767	175.093472	0.000103	6.7
747	-0.803023	174.969556	0.007695	5.9
748	-1.254293	174.845873	0.020968	6.1
749	-0.634933	174.722423	0.010584	5.9
750	-1.125488	174.599206	0.010218	6.1
751	-1.072385	174.476220	0.012167	6.4
752	-0.373534	174.353464	0.006217	6.3
753	-0.886282	174.230939	0.019272	5.9
754	-0.742525	174.108643	0.006205	6.5
755	-0.477213	173.986576	0.008840	6.0
756	-0.005334	173.864737	0.000617	6.1
757	-0.655721	173.743124	0.013813	6.4
758	-0.000251	173.621739	0.000053	6.5
759	-0.131914	173.500579	0.004129	6.7
760	-0.001248	173.379645	0.000393	5.9
761	-0.837806	173.258935	0.018513	5.6
762	-0.775931	173.138449	0.010917	6.1
763	-0.473084	173.018186	0.009432	5.7
764	-0.940294	172.898146	0.005212	5.9
765	-0.001247	172.778327	0.000421	6.5
766	-0.004542	172.658730	0.000561	5.9
767	-1.006732	172.539353	0.007184	5.9
768	-0.264492	172.420196	0.004132	6.6
769	-0.731517	172.301258	0.006476	5.5
770	-0.378484	172.182539	0.008137	6.3
771	-0.784588	172.064037	0.012818	6.3
772	-1.005193	171.945753	0.017410	5.6
773	-1.017046	171.827686	0.021232	6.3
774	-0.670585	171.709834	0.006927	5.8
775	-0.888659	171.592198	0.005508	5.8
776	-0.651988	171.474776	0.015641	6.4
777	-0.939151	171.357568	0.015772	6.1
778	-0.619846	171.240574	0.006504	6.0
779	-0.000000	171.123793	0.000000	5.7
780	-0.238225	171.007223	0.002816	5.8
781	-0.870085	170.890865	0.012221	6.2
782	-0.693583	170.774718	0.010755	5.7
783	-0.185323	170.658782	0.005380	6.2
784	-0.429413	170.543055	0.003413	6.6
785	-1.097567	170.427537	0.014340	5.6
786	-0.512063	170.312227	0.008165	5.7
787	-1.230492	170.197125	0.031962	6.2
788	-0.812756	170.082231	0.003496	5.8
789	-0.009229	169.967543	0.000522	6.3
790	-0.345697	169.853061	0.006071	6.0
791	-1.160539	169.738784	0.006053	5.6
792	-0.000000	169.624713	0.000000	6.1
793	-0.132600	169.510845	0.003962	6.7
794	-1.230769	169.397181	0.003726	5.9
795	-0.430097	169.283720	0.006637	5.5
796	-1.061185	169.170462	0.008163	6.1
797	-0.073552	169.057405	0.001503	6.3
798	-0.314072	168.944549	0.002874	6.4
799	-0.711988	168.831895	0.009317	7.2
800	-0.902599	168.719440	0.014393	7.5
801	-1.162267	168.607185	0.016096	6.4
802	-0.449704	168.495129	0.005991	7.8
803	-0.485997	168.383271	0.008430	6.3
804	-0.000000	168.271611	0.000000	7.0
805	-0.780815	168.160148	0.010317	6.6
806	-0.156155	168.048882	0.005597	6.0
807	-0.779440	167.937812	0.009395	6.8
808	-0.042614	167.826938	0.001857	6.9
809	-0.797697	167.716258	0.014371	7.0
810	0.000000	167.605773	0.000000	7.0
811	-1.129109	167.495482	0.013076	6.7
812	-0.519402	167.385384	0.010871	6.4
813	-0.704041	167.275479	0.008660	6.0
814	-0.733215	167.165766	0.004039	6.3
815	-0.000000	167.056245	0.000000	6.6
816	-0.256063	166.946915	0.002009	6.1
817	-0.000000	166.837776	0.000000	6.8
818	-0.002612	166.728826	0.000163	6.5
819	-0.823055	166.620067	0.012805	7.3
820	-0.921314	166.511496	0.013083	6.7
821	-0.000000	166.403113	0.000000	5.7
822	-0.000000	166.294919	0.000000	6.5
823	-0.540870	166.186912	0.005191	5.8
824	-1.218007	166.079091	0.013079	6.3
825	-0.779100	165.971458	0.011065	6.4
826	-0.898556	165.864009	0.017979	6.6
827	-0.753449	165.756747	0.005850	6.3
828	-0.936562	165.649669	0.016144	5.9
829	-0.815699	165.542775	0.016265	6.2
830	-0.001466	165.436065	0.000221	6.7
831	-0.526077	165.329538	0.007592	6.1
832	-1.066656	165.223194	0.010104	6.2
833	-1.245570	165.117032	0.009832	6.2
834	-0.635322	165.011052	0.015652	6.0
835	-0.005179	164.905253	0.001013	6.9
836	-0.635399	164.799635	0.011268	6.4
837	-0.543339	164.694197	0.012562	6.2
838	-0.000300	164.588939	0.000098	6.5
839	-0.587661	164.483859	0.012113	6.1
840	-0.743002	164.378959	0.006191	6.2
841	-1.201934	164.274237	0.016292	6.8
842	-0.073229	164.169692	0.001626	6.1
843	-0.940412	164.065325	0.011147	6.5
844	-0.000000	163.961135	0.000000	5.8
845	-0.904383	163.857120	0.024323	6.7
846	-1.283385	163.753282	0.028847	6.1
847	-1.165926	163.649619	0.008804	5.9
848	-0.171252	163.546130	0.001353	6.4
849	-1.216664	163.442816	0.027834	6.1
850	-0.003594	163.339676	0.000637	5.8
851	-0.811620	163.236709	0.007650	5.9
852	-0.919648	163.133915	0.016446	5.8
853	-0.139767	163.031294	0.002495	5.9
854	-1.116425	162.928844	0.017774	5.6
855	-0.732024	162.826566	0.004478	5.7
856	-0.527334	162.724459	0.011983	6.0
857	-0.772899	162.622523	0.009395	5.8
858	-0.744167	162.520757	0.007667	5.7
859	-0.628214	162.419160	0.002219	6.6
860	-1.119301	162.317733	0.029210	6.3
861	-1.090124	162.216474	0.028236	5.9
862	-0.729321	162.115383	0.004146	6.4
863	-0.926650	162.014461	0.010957	6.0
864	-1.115418	161.913705	0.024474	6.3
865	-1.107533	161.813117	0.015623	6.1
866	-0.000044	161.712695	0.000003	5.8
867	-0.598423	161.612439	0.005540	6.3
868	-0.634845	161.512349	0.013664	6.0
869	-0.854547	161.412424	0.008102	5.8
870	-1.147233	161.312663	0.033332	6.0
871	-0.408801	161.213067	0.007027	5.5
872	-1.120949	161.113635	0.012910	5.9
873	-0.000000	161.014366	0.000000	5.8
874	-1.252164	160.915260	0.025907	5.8
875	-0.000000	160.816316	0.000000	6.0
876	-0.000000	160.717535	0.000000	6.3
877	-1.323011	160.618915	0.021141	6.8
878	-0.719999	160.520456	0.010097	6.3
879	-0.397203	160.422158	0.003082	6.0
880	-0.739463	160.324021	0.006912	6.2
881	-0.868094	160.226043	0.021447	6.4
882	-0.862784	160.128225	0.015897	6.2
883	-1.057400	160.030566	0.023545	6.5
884	-0.000000	159.933066	0.000000	6.3
885	-0.969483	159.835723	0.010477	6.0
886	-0.704883	159.738539	0.005893	6.5
887	-0.945586	159.641512	0.015439	6.2
888	-0.852073	159.544642	0.024754	6.2
889	-0.025263	159.447929	0.000704	5.7
890	-0.576907	159.351372	0.006697	6.0
891	-0.028059	159.254971	0.000188	7.1
892	-0.709114	159.158725	0.009042	5.8
893	-0.651356	159.062634	0.012672	5.8
894	-0.603958	158.966697	0.007581	6.6
895	-0.800000	158.870915	0.007504	7.0
896	-0.907293	158.775286	0.009265	7.6
897	-0.000000	158.679811	0.000000	6.0
898	-1.125831	158.584489	0.028144	6.4
899	-0.627496	158.489319	0.010537	5.9
900	-0.000013	158.394302	0.000002	6.0
901	-0.774886	158.299436	0.008932	6.9
902	-0.295604	158.204721	0.003257	5.5
903	-0.405310	158.110158	0.004029	5.5
904	-0.000000	158.015745	0.000000	6.1
905	-0.501505	157.921482	0.007178	5.7
906	-0.850974	157.827369	0.007579	5.6
907	-0.687021	157.733406	0.005339	6.2
908	-1.121284	157.639591	0.018688	5.9
909	-0.677638	157.545925	0.012996	6.2
910	-0.000000	157.452408	0.000000	6.7
911	-0.920642	157.359038	0.014807	6.0
912	-0.000000	157.265816	0.000000	5.9
913	-0.960108	157.172741	0.016295	5.5
914	-0.563208	157.079813	0.010846	5.5
915	-0.331156	156.987031	0.003954	6.3
916	-0.665181	156.894395	0.008307	5.7
917	-0.187653	156.801904	0.001991	5.9
918	-1.215015	156.709559	0.018371	6.3
919	-1.274174	156.617359	0.013671	5.7
920	-0.235764	156.525304	0.006232	5.8
921	-0.711295	156.433392	0.008131	5.8
922	-0.474578	156.341624	0.008372	5.8
923	-1.111270	156.250000	0.011268	6.6
924	-1.112357	156.158519	0.017118	5.7
925	-0.000000	156.067180	0.000000	5.5
926	-1.102577	155.975984	0.011330	5.7
927	-0.030771	155.884930	0.001400	7.4
928	-1.157494	155.794017	0.011505	6.1
929	-0.676782	155.703246	0.012664	5.8
930	-0.615549	155.612615	0.006842	6.0
931	-0.439431	155.522125	0.007479	6.7
932	-0.870517	155.431775	0.011880	5.8
933	-0.392491	155.341565	0.004246	6.1
934	-1.078149	155.251495	0.007971	6.3
935	-1.014357	155.161563	0.015382	6.1
936	-0.954051	155.071771	0.010028	6.1
937	-0.582637	154.982117	0.004241	6.1
938	-0.825768	154.892601	0.006717	5.9
939	-0.383107	154.803222	0.005548	6.5
940	-0.672184	154.713981	0.003698	6.1
941	-0.477044	154.624878	0.003799	6.1
942	-0.000000	154.535910	0.000000	6.8
943	-0.781017	154.447080	0.023561	5.9
944	-0.000000	154.358385	0.000000	5.9
945	-0.912359	154.269826	0.006052	6.4
946	-0.893759	154.181402	0.007590	6.4
947	-0.889459	154.093114	0.018571	6.6
948	-0.771747	154.004960	0.014091	5.8
949	-1.129351	153.916940	0.017916	5.7
950	-0.892711	153.829054	0.004679	7.2
951	-1.102841	153.741303	0.009409	6.4
952	-0.392784	153.653684	0.006943	6.0
953	-0.651125	153.566198	0.006797	5.6
954	-0.131774	153.478846	0.004217	5.7
955	-0.901820	153.391625	0.008758	6.2
956	-1.058419	153.304537	0.021408	6.3
957	-1.133394	153.217580	0.022633	5.9
958	-0.010699	153.130755	0.000746	6.2
959	-0.485610	153.044061	0.006089	5.8
960	-1.275313	152.957498	0.012675	6.8
961	-0.603472	152.871065	0.007766	5.7
962	-0.091925	152.784762	0.001470	5.5
963	-0.779526	152.698589	0.007838	6.0
964	-0.838607	152.612545	0.016248	6.0
965	-0.906696	152.526631	0.017221	6.4
966	-0.000000	152.440845	0.000000	6.4
967	-0.000000	152.355188	0.000000	5.5
968	-1.172119	152.269660	0.027858	5.8
969	-0.717330	152.184259	0.006102	6.0
970	-0.995809	152.098986	0.016827	5.8
971	-0.699020	152.013840	0.005425	6.1
972	-0.956609	151.928821	0.009687	6.0
973	-1.143675	151.843928	0.018329	5.5
974	-0.000000	151.759163	0.000000	6.2
975	-0.315252	151.674523	0.004860	6.1
976	-1.142295	151.590009	0.010228	6.0
977	-0.903168	151.505620	0.020361	6.4
978	-0.783865	151.421357	0.009017	5.7
979	-0.980387	151.337218	0.009729	6.5
980	-0.000000	151.253204	0.000000	7.0
981	-1.073983	151.169314	0.006726	6.2
982	-0.599108	151.085549	0.006598	6.2
983	-0.547384	151.001907	0.005714	6.0
984	-0.000000	150.918388	0.000000	5.8
985	-0.865442	150.834992	0.008573	6.3
986	-0.000000	150.751719	0.000000	6.0
987	-0.425054	150.668569	0.006771	6.3
988	-0.029833	150.585541	0.002087	6.3
989	-0.155387	150.502634	0.003212	6.0
990	-1.017716	150.419849	0.013187	6.9
991	-0.000088	150.337186	0.000034	5.8
992	-0.827886	150.254644	0.014655	6.1
993	-0.192216	150.172222	0.005501	6.6
994	-1.253350	150.089921	0.011181	6.0
995	-1.225725	150.007740	0.021774	6.3
996	-0.824487	149.925679	0.008000	6.3
997	-1.174052	149.843737	0.010303	6.3
998	-0.012362	149.761915	0.000544	7.5
999	-0.624349	149.680212	0.006212	6.1
1000	-1.135390	149.598627	0.024184	6.3
1001	-1.189413	149.517161	0.010411	5.7
1002	-1.032742	149.435814	0.010592	5.8
1003	-0.736198	149.354584	0.011478	7.1
1004	-1.002934	149.273472	0.015212	5.7
1005	0.000000	149.192477	0.000000	5.8
1006	-1.176502	149.111599	0.014881	6.1
1007	-0.000000	149.030838	0.000000	5.7
1008	-0.990827	148.950194	0.009708	6.1
1009	-1.097535	148.869666	0.011354	6.1
1010	0.000000	148.789253	0.000000	6.0
1011	-0.749541	148.708957	0.008541	6.4
1012	-0.621839	148.628776	0.010919	5.7
1013	-0.930717	148.548710	0.005764	6.0
1014	-0.895355	148.468759	0.010541	5.9
1015	-0.000000	148.388923	0.000000	6.3
1016	-0.655665	148.309201	0.009793	6.0
1017	-0.791754	148.229594	0.008856	5.5
1018	-0.604847	148.150100	0.004165	5.8
1019	-1.103294	148.070719	0.016115	6.1
1020	-0.768830	147.991452	0.011655	5.9
1021	-1.061626	147.912298	0.010070	5.8
1022	-0.889253	147.833257	0.009882	7.1
1023	-0.000000	147.754329	0.000000	5.6
1024	-0.973108	147.675512	0.018458	5.4
1025	-0.000000	147.596808	0.000000	6.2
1026	-0.094203	147.518216	0.002386	5.8
1027	-0.534894	147.439735	0.007247	6.0
1028	-0.849796	147.361365	0.015120	6.4
1029	-0.774107	147.283106	0.011238	5.8
1030	-0.674865	147.204958	0.011823	5.9
1031	-0.893395	147.126920	0.012909	6.3
1032	-1.181525	147.048993	0.012345	6.1
1033	-0.870391	146.971175	0.020674	6.0
1034	-0.840215	146.893468	0.009114	5.7
1035	-1.057899	146.815869	0.012945	6.0
1036	-0.585265	146.738380	0.007036	6.6
1037	-0.998606	146.661000	0.018826	5.9
1038	-0.000023	146.583729	0.000001	6.6
1039	-0.000000	146.506566	0.000000	5.9
1040	-1.098678	146.429511	0.014486	6.0
1041	-0.260494	146.352565	0.003378	6.3
1042	-0.690128	146.275726	0.012577	6.0
1043	-0.428106	146.198994	0.012738	6.1
1044	-0.000000	146.122370	0.000000	6.4
1045	-1.200506	146.045853	0.028396	6.1
1046	-0.591823	145.969442	0.005219	6.8
1047	-0.849989	145.893139	0.024772	5.8
1048	-0.000000	145.816941	0.000000	5.8
1049	-0.000000	145.740849	0.000000	6.1
1050	-0.052756	145.664863	0.001027	6.8
1051	-0.705993	145.588983	0.009912	6.7
1052	-0.887541	145.513208	0.003755	5.7
1053	-0.000002	145.437538	0.000000	5.7
1054	-0.000000	145.361973	0.000000	6.5
1055	-1.130353	145.286513	0.022002	5.7
1056	-1.230499	145.211157	0.018785	5.5
1057	-0.970368	145.135905	0.011665	7.8
1058	-0.811631	145.060757	0.007058	6.5
1059	-0.055624	144.985712	0.001964	6.1
1060	-1.064673	144.910771	0.006367	5.7
1061	-1.050535	144.835934	0.008900	5.5
1062	-1.044284	144.761199	0.006944	7.0
1063	-1.010731	144.686567	0.007022	5.6
1064	-0.462118	144.612037	0.005954	5.5
1065	-0.283154	144.537610	0.002029	6.4
1066	-0.042824	144.463285	0.000748	5.7
1067	-0.000000	144.389062	0.000000	6.3
1068	-0.531186	144.314940	0.005073	6.7
1069	-0.190401	144.240920	0.005002	5.9
1070	-0.521340	144.167001	0.006164	6.2
1071	-0.775355	144.093182	0.004072	5.8
1072	0.000000	144.019465	0.000000	5.9
1073	-1.001795	143.945848	0.013469	6.5
1074	-0.388152	143.872331	0.006506	5.6
1075	-0.065396	143.798914	0.000726	6.4
1076	-0.003228	143.725597	0.000266	6.2
1077	-1.058424	143.652380	0.016174	6.4
1078	-1.020240	143.579262	0.015937	6.4
1079	-0.822007	143.506243	0.013474	6.2
1080	-0.054725	143.433323	0.001030	6.0
1081	-0.798993	143.360502	0.010677	6.1
1082	-1.088914	143.287780	0.013148	5.8
1083	-1.137196	143.215155	0.012216	6.4
1084	-1.184359	143.142629	0.010845	5.8
1085	-1.242841	143.070201	0.022242	6.0
1086	-0.008656	142.997870	0.000255	7.2
1087	-0.666763	142.925637	0.004383	6.3
1088	-0.063854	142.853501	0.003844	6.8
1089	-1.190876	142.781462	0.010895	6.0
1090	-1.115125	142.709519	0.007432	6.3
1091	-0.000000	142.637674	0.000000	6.7
1092	-0.620429	142.565924	0.010092	5.8
1093	-0.647763	142.494271	0.008185	5.9
1094	-1.051670	142.422714	0.007054	6.6
1095	-1.204750	142.351252	0.008876	5.6
1096	-1.318801	142.279886	0.023785	6.1
1097	-1.149105	142.208616	0.013760	5.6
1098	-0.827145	142.137440	0.007714	5.5
1099	-0.455968	142.066360	0.006295	6.9
1100	-0.000000	141.995374	0.000000	5.7
1101	-1.040427	141.924483	0.006895	5.6
1102	-1.046921	141.853685	0.012022	5.7
1103	-0.000000	141.782983	0.000000	6.3
1104	-0.995252	141.712373	0.008398	6.0
1105	-0.044224	141.641858	0.001364	6.5
1106	-1.319182	141.571436	0.010903	5.4
1107	-0.472951	141.501108	0.009660	6.3
1108	-0.562996	141.430872	0.009033	5.8
1109	-1.180059	141.360730	0.028798	6.1
1110	-1.168652	141.290680	0.009953	6.8
1111	-0.708322	141.220722	0.010997	5.9
1112	-0.000000	141.150857	0.000000	5.7
1113	-1.047844	141.081084	0.010441	5.6
1114	-0.583875	141.011403	0.009592	6.1
1115	-0.721544	140.941813	0.005023	6.1
1116	-0.076980	140.872315	0.003006	6.0
1117	-0.460015	140.802909	0.007363	5.8
1118	-0.171902	140.733593	0.003077	6.2
1119	-1.223341	140.664369	0.016706	6.0
1120	-0.033832	140.595235	0.000925	5.8
1121	-1.168058	140.526192	0.013354	5.9
1122	-0.792230	140.457239	0.005233	6.0
1123	-0.953474	140.388376	0.011310	5.6
1124	-0.916098	140.319603	0.013864	7.0
1125	-0.652742	140.250920	0.005749	5.7
1126	-0.004200	140.182326	0.000901	6.3
1127	-1.157913	140.113822	0.008049	6.1
1128	-0.666404	140.045407	0.009238	6.0
1129	-0.925836	139.977081	0.008044	6.1
1130	-0.000035	139.908844	0.000007	6.0
1131	-1.190339	139.840696	0.012065	6.3
1132	-0.000000	139.772635	0.000000	6.8
1133	-0.000000	139.704664	0.000000	5.7
1134	-1.121789	139.636780	0.020432	6.4
1135	-0.000000	139.568984	0.000000	6.1
1136	-1.115501	139.501276	0.006883	5.9
1137	-1.221333	139.433655	0.016818	7.2
1138	-0.831395	139.366122	0.006747	5.9
1139	-1.140425	139.298676	0.005933	6.2
1140	-0.894171	139.231317	0.019377	6.5
1141	-0.000000	139.164045	0.000000	6.0
1142	-0.000000	139.096859	0.000000	6.6
1143	-0.063021	139.029760	0.001389	5.9
1144	-1.099760	138.962747	0.016573	5.8
1145	-1.283976	138.895820	0.022254	6.1
1146	-1.011445	138.828978	0.014373	5.9
1147	-0.000000	138.762223	0.000000	5.7
1148	-0.000000	138.695553	0.000000	6.2
1149	0.000000	138.628969	0.000000	5.4
1150	-0.020273	138.562469	0.001141	6.1
1151	-0.112819	138.496055	0.002348	6.1
1152	-0.058983	138.429725	0.000513	5.9
1153	-0.191328	138.363481	0.004493	6.1
1154	-0.895473	138.297320	0.008209	5.9
1155	-0.000003	138.231244	0.000001	5.7
1156	-0.302310	138.165252	0.004450	6.4
1157	-0.898426	138.099344	0.013547	6.2
1158	-0.143388	138.033520	0.003357	6.0
1159	-0.754418	137.967779	0.014538	6.3
1160	-0.406353	137.902122	0.004278	5.5
1161	-0.000000	137.836548	0.000000	6.0
1162	-0.926946	137.771057	0.003351	5.8
1163	-0.795783	137.705649	0.006043	5.7
1164	-0.930473	137.640324	0.016101	6.5
1165	-0.998184	137.575081	0.017859	5.7
1166	-0.000000	137.509921	0.000000	5.6
1167	-0.660308	137.444842	0.022787	6.1
1168	-0.610673	137.379846	0.005147	6.3
1169	-0.752039	137.314932	0.006573	6.2
1170	-0.000000	137.250100	0.000000	6.3
1171	-0.000000	137.185349	0.000000	5.7
1172	-0.084969	137.120680	0.000706	6.7
1173	-0.651932	137.056092	0.012015	6.3
1174	-1.106328	136.991585	0.020827	6.7
1175	-0.718607	136.927158	0.006416	6.1
1176	-0.759296	136.862813	0.014017	6.0
1177	-0.041621	136.798548	0.002592	6.2
1178	-0.315830	136.734363	0.004068	6.1
1179	-0.799293	136.670259	0.007773	6.0
1180	-0.243450	136.606235	0.002844	6.4
1181	-1.053031	136.542291	0.005802	6.0
1182	-0.093346	136.478426	0.001585	6.5
1183	-0.000000	136.414641	0.000000	6.8
1184	-1.041216	136.350936	0.011372	5.8
1185	-0.000000	136.287310	0.000000	6.3
1186	-1.192250	136.223763	0.027429	6.0
1187	-1.226438	136.160295	0.014683	6.0
1188	-0.596859	136.096905	0.005483	6.5
1189	-0.000000	136.033594	0.000000	7.1
1190	-1.089038	135.970362	0.012532	6.1
1191	-0.536007	135.907208	0.006977	6.1
1192	-0.843003	135.844133	0.008995	5.9
1193	-0.027002	135.781135	0.000894	6.2
1194	-1.121056	135.718215	0.008745	5.8
1195	-0.000145	135.655373	0.000037	5.8
1196	-0.232477	135.592608	0.004310	6.5
1197	-0.135836	135.529921	0.005986	5.9
1198	-0.000000	135.467311	0.000000	6.1
1199	-0.669778	135.404778	0.008373	6.3
1200	-0.502260	135.342322	0.005463	5.7
1201	-0.454684	135.279942	0.006168	6.3
1202	-0.652589	135.217640	0.009136	5.9
1203	-1.272182	135.155413	0.007411	6.6
1204	-0.989874	135.093263	0.018464	6.7
1205	-1.224323	135.031190	0.010997	5.8
1206	-0.659852	134.969192	0.011852	6.2
1207	-0.026682	134.907270	0.000955	6.3
1208	-1.092776	134.845424	0.006551	6.1
1209	-0.736031	134.783653	0.009264	5.7
1210	-0.882108	134.721958	0.018293	5.4
1211	-1.233443	134.660338	0.007397	5.8
1212	-0.001426	134.598793	0.000106	6.3
1213	-0.773004	134.537323	0.012883	5.9
1214	-0.664050	134.475927	0.005106	6.0
1215	-0.822416	134.414607	0.010040	6.2
1216	-0.000705	134.353361	0.000218	5.6
1217	-0.611628	134.292189	0.005104	7.1
1218	-1.175254	134.231092	0.010524	7.1
1219	-0.558846	134.170068	0.008379	6.1
1220	-1.160199	134.109119	0.011015	6.0
1221	-1.073557	134.048243	0.007758	5.6
1222	-1.053911	133.987441	0.005730	6.2
1223	-0.570074	133.926713	0.006414	6.4
1224	-0.634417	133.866057	0.005648	5.5
1225	-1.149616	133.805475	0.006180	5.8
1226	-0.358213	133.744966	0.002900	6.0
1227	-1.239005	133.684530	0.007735	6.0
1228	-0.665505	133.624167	0.007825	6.5
1229	-1.202749	133.563877	0.017179	6.0
1230	-0.000000	133.503658	0.000000	6.2
1231	-0.948199	133.443513	0.015323	6.4
1232	-0.852576	133.383439	0.009926	5.9
1233	-0.646339	133.323437	0.010383	6.8
1234	-0.494729	133.263508	0.005829	6.0
1235	-1.142401	133.203650	0.008330	6.2
1236	-0.000000	133.143864	0.000000	6.2
1237	-0.000000	133.084149	0.000000	6.0
1238	-1.264395	133.024506	0.023009	7.3
1239	-0.303122	132.964934	0.004295	6.2
1240	-0.000171	132.905433	0.000034	5.9
1241	-0.131816	132.846003	0.004632	6.1
1242	-1.258312	132.786643	0.013807	7.1
1243	-0.000000	132.727355	0.000000	6.2
1244	-0.765853	132.668137	0.008769	5.9
1245	-0.866653	132.608989	0.011279	5.6
1246	-1.196941	132.549912	0.007923	6.1
1247	-1.088255	132.490904	0.011587	5.8
1248	0.000000	132.431967	0.000000	6.0
1249	-1.073139	132.373100	0.008511	6.3
1250	-0.000000	132.314302	0.000000	6.0
1251	-1.182554	132.255574	0.010281	5.9
1252	-0.848872	132.196916	0.008307	6.0
1253	-0.055887	132.138326	0.000829	5.7
1254	-0.000000	132.079806	0.000000	6.0
1255	-0.297647	132.021355	0.003621	5.8
1256	-0.927513	131.962973	0.006698	5.5
1257	-0.476991	131.904660	0.006956	6.0
1258	-1.146083	131.846415	0.011189	5.8
1259	-0.034739	131.788239	0.000770	5.8
1260	-0.883217	131.730131	0.011244	5.7
1261	-0.078896	131.672092	0.001379	6.1
1262	-0.170578	131.614121	0.003332	5.9
1263	-0.796234	131.556217	0.006321	6.4
1264	-0.000000	131.498382	0.000000	5.7
1265	-0.609930	131.440614	0.006296	6.0
1266	-0.000006	131.382914	0.000003	6.0
1267	-0.795457	131.325282	0.009194	6.2
1268	-0.722708	131.267717	0.012469	6.3
1269	-1.045732	131.210219	0.027574	6.3
1270	-0.799875	131.152788	0.006126	5.7
1271	-1.307301	131.095424	0.020216	6.5
1272	-0.002649	131.038127	0.000122	5.7
1273	-0.807987	130.980897	0.013553	6.5
1274	-0.037867	130.923733	0.001490	5.7
1275	-0.990679	130.866636	0.015267	6.2
1276	-0.895645	130.809605	0.009554	5.8
1277	-0.743318	130.752641	0.005022	6.4
1278	-0.811071	130.695742	0.011920	6.3
1279	-1.162179	130.638910	0.021537	6.4
1280	-0.500037	130.582143	0.007536	5.9
1281	-0.950699	130.525442	0.016710	6.3
1282	-1.093342	130.468807	0.010991	6.5
1283	-0.632869	130.412237	0.004325	5.9
1284	-0.611747	130.355733	0.004840	6.6
1285	-0.159614	130.299294	0.004668	6.1
1286	-0.747295	130.242920	0.014338	6.0
1287	-0.520060	130.186611	0.009392	6.5
1288	-1.137110	130.130366	0.008776	6.2
1289	-0.748351	130.074187	0.009864	6.1
1290	-1.014163	130.018072	0.003631	6.7
1291	-0.155341	129.962022	0.004197	6.1
1292	-0.132974	129.906036	0.005260	6.7
1293	-0.000001	129.850114	0.000000	5.7
1294	-1.058394	129.794257	0.008214	6.1
1295	-1.012342	129.738463	0.011758	6.4
1296	-1.067143	129.682734	0.016278	6.1
1297	-0.101552	129.627068	0.002332	6.8
1298	-1.025733	129.571466	0.017170	6.1
1299	-0.879117	129.515927	0.019330	5.9
1300	-0.010589	129.460452	0.001088	6.5
1301	-0.456367	129.405040	0.007158	5.9
1302	-0.737444	129.349692	0.011693	6.1
1303	-0.426220	129.294406	0.004618	6.1
1304	-0.338279	129.239183	0.005459	5.6
1305	-0.405223	129.184024	0.002665	5.9
1306	-0.040228	129.128927	0.001104	5.7
1307	-0.324005	129.073892	0.004544	5.9
1308	-1.095053	129.018921	0.010508	6.6
1309	-0.858380	128.964011	0.004542	5.7
1310	-1.100996	128.909164	0.007116	5.9
1311	-0.772051	128.854379	0.008644	6.0
1312	-1.266990	128.799656	0.025438	5.5
1313	-1.111901	128.744995	0.012567	5.7
1314	-1.204980	128.690396	0.043740	6.2
1315	-0.598950	128.635858	0.004754	6.3
1316	-1.128029	128.581382	0.008887	6.4
1317	-0.503551	128.526968	0.005274	5.9
1318	-0.481512	128.472615	0.004305	5.5
1319	-0.996743	128.418323	0.005642	6.3
1320	-0.000488	128.364092	0.000066	5.8
1321	-1.281052	128.309922	0.025965	5.8
1322	-0.000000	128.255814	0.000000	6.1
1323	-0.938637	128.201766	0.018853	6.0
1324	-0.353902	128.147778	0.005879	6.4
1325	-0.449957	128.093852	0.004520	5.8
1326	-1.193727	128.039985	0.026557	6.0
1327	-0.737725	127.986180	0.011929	6.4
1328	-0.083431	127.932434	0.003096	6.0
1329	-0.152678	127.878749	0.003807	5.8
1330	-0.278990	127.825123	0.002037	6.3
1331	-0.462586	127.771558	0.007315	6.4
1332	-0.748465	127.718052	0.007819	6.8
1333	-0.000000	127.664606	0.000000	6.1
1334	-0.983246	127.611220	0.007505	5.8
1335	-0.000000	127.557893	0.000000	6.3
1336	-0.000000	127.504625	0.000000	6.0
1337	-0.000000	127.451417	0.000000	6.2
1338	-0.100239	127.398268	0.001554	6.0
1339	-0.823430	127.345178	0.007673	6.3
1340	-0.115500	127.292147	0.000929	6.8
1341	-0.059012	127.239175	0.000785	6.6
1342	-1.300831	127.186261	0.021357	6.1
1343	-0.138085	127.133407	0.003883	7.3
1344	-0.991462	127.080610	0.011192	5.7
1345	-0.873263	127.027872	0.011501	6.0
1346	-0.619119	126.975193	0.008021	6.1
1347	-0.237874	126.922572	0.002439	7.1
1348	-0.837284	126.870008	0.007910	6.3
1349	-0.000000	126.817503	0.000000	5.7
1350	-0.000008	126.765056	0.000002	5.9
1351	-1.113819	126.712667	0.005390	6.3
1352	-0.625093	126.660335	0.012481	5.7
1353	-0.668214	126.608061	0.005731	6.1
1354	-0.810649	126.555844	0.009351	5.8
1355	-0.468901	126.503685	0.004280	5.9
1356	-0.313565	126.451583	0.006682	6.0
1357	-1.168539	126.399538	0.025528	5.7
1358	-0.920118	126.347550	0.014453	5.6
1359	-0.727755	126.295619	0.007861	7.2
1360	-0.951777	126.243745	0.003286	5.8
1361	-0.206597	126.191928	0.003437	6.2
1362	-0.500981	126.140168	0.004763	6.0
1363	-0.019086	126.088464	0.000436	5.7
1364	-0.010870	126.036817	0.000600	5.8
1365	-0.609919	125.985226	0.006718	6.7
1366	-1.275162	125.933691	0.009223	5.8
1367	-0.846605	125.882212	0.004676	6.2
1368	-1.225383	125.830790	0.015496	5.7
1369	-0.350899	125.779423	0.004726	5.9
1370	-0.000000	125.728113	0.000000	5.7
1371	-0.208631	125.676858	0.004728	5.7
1372	-1.172288	125.625659	0.014552	6.6
1373	-1.065622	125.574515	0.013377	5.9
1374	-1.092082	125.523427	0.009426	5.7
1375	-0.118964	125.472394	0.001788	6.8
1376	-0.000000	125.421417	0.000000	6.4
1377	-1.180616	125.370495	0.019140	6.1
1378	-0.904778	125.319628	0.014443	6.2
1379	-0.000000	125.268815	0.000000	5.8
1380	-1.272299	125.218058	0.021715	7.4
1381	-0.661248	125.167356	0.008243	6.5
1382	-1.085004	125.116708	0.045654	6.1
1383	-0.856799	125.066115	0.014878	6.1
1384	-1.283467	125.015576	0.008095	5.8
1385	-0.017278	124.965092	0.001695	6.5
1386	-0.637217	124.914662	0.005658	5.8
1387	-0.793574	124.864287	0.012085	6.3
1388	-0.921699	124.813965	0.008149	6.5
1389	-0.755842	124.763698	0.004804	6.0
1390	-0.008377	124.713485	0.000148	6.1
1391	-0.739507	124.663325	0.003738	6.5
1392	-1.146120	124.613219	0.013348	6.0
1393	-1.170138	124.563167	0.020517	6.5
1394	-0.387886	124.513168	0.005302	6.3
1395	-0.347343	124.463223	0.007135	6.0
1396	-0.952655	124.413332	0.022431	6.5
1397	-0.000002	124.363493	0.000001	5.6
1398	-0.592132	124.313708	0.008910	6.3
1399	-0.200742	124.263976	0.005888	6.6
1400	-1.012075	124.214297	0.018950	6.6
1401	-0.790092	124.164671	0.004882	5.9
1402	-0.096256	124.115097	0.002139	6.0
1403	-0.753091	124.065577	0.017049	5.8
1404	-0.754553	124.016109	0.006730	6.4
1405	-0.615154	123.966693	0.011422	5.9
1406	-0.000000	123.917330	0.000000	6.2
1407	-0.795504	123.868020	0.009254	6.1
1408	-0.410760	123.818762	0.004015	6.0
1409	-0.223201	123.769556	0.003150	6.4
1410	-0.681871	123.720402	0.011455	6.0
1411	-0.000466	123.671300	0.000172	5.5
1412	-1.252086	123.622250	0.017214	7.0
1413	-1.106978	123.573252	0.019002	5.5
1414	-0.000000	123.524305	0.000000	6.2
1415	-0.889846	123.475411	0.007475	5.6
1416	-0.000000	123.426568	0.000000	5.6
1417	-0.828394	123.377776	0.007270	5.9
1418	-1.355033	123.329036	0.006946	6.3
1419	-1.239191	123.280347	0.012255	6.4
1420	-0.010975	123.231709	0.001666	6.9
1421	-1.291692	123.183122	0.028556	5.6
1422	-1.201708	123.134587	0.022248	5.9
1423	-0.000000	123.086102	0.000000	6.2
1424	-0.790395	123.037669	0.014492	5.8
1425	-0.894485	122.989286	0.004433	6.9
1426	-0.193603	122.940954	0.006178	5.4
1427	-0.400317	122.892672	0.004139	6.0
1428	-0.562383	122.844441	0.009607	6.1
1429	-0.000000	122.796261	0.000000	5.4
1430	-0.000000	122.748130	0.000000	5.7
1431	-0.827514	122.700050	0.008978	6.7
1432	0.000000	122.652021	0.000000	5.9
1433	-0.547034	122.604041	0.008215	5.9
1434	-0.700309	122.556111	0.006606	6.4
1435	-0.974636	122.508232	0.007279	6.1
1436	-1.144755	122.460402	0.012623	7.2
1437	-1.175262	122.412622	0.010161	5.7
1438	-0.849447	122.364891	0.011833	5.9
1439	0.000000	122.317210	0.000000	6.2
1440	-1.157571	122.269579	0.007913	5.9
1441	-0.648509	122.221997	0.004458	6.9
1442	-0.000000	122.174465	0.000000	6.2
1443	-1.117638	122.126981	0.015229	5.9
1444	-0.879296	122.079547	0.011541	6.5
1445	-1.146089	122.032162	0.026486	6.3
1446	-0.000000	121.984826	0.000000	6.3
1447	-0.000000	121.937539	0.000000	6.3
1448	-1.020637	121.890301	0.010979	5.7
1449	-0.000027	121.843112	0.000006	6.4
1450	-0.000000	121.795971	0.000000	6.4
1451	-1.003750	121.748879	0.006697	6.5
1452	-0.000000	121.701835	0.000000	6.4
1453	-0.565844	121.654840	0.010700	5.9
1454	-0.960277	121.607893	0.012959	6.3
1455	-0.434216	121.560994	0.006924	6.1
1456	-0.842132	121.514144	0.015604	5.9
1457	-0.247336	121.467342	0.004931	6.1
1458	-0.515465	121.420588	0.006002	6.0
1459	-0.437536	121.373882	0.006697	5.9
1460	0.000000	121.327223	0.000000	6.2
1461	-1.058523	121.280613	0.006660	6.0
1462	-0.390020	121.234050	0.008796	5.9
1463	0.000000	121.187535	0.000000	5.9
1464	-1.068930	121.141067	0.013750	5.6
1465	-0.078073	121.094647	0.002733	6.0
1466	-0.333166	121.048274	0.004911	5.7
1467	-0.976893	121.001949	0.006331	5.8
1468	-0.864249	120.955671	0.017352	6.4
1469	-0.886182	120.909440	0.016725	6.1
1470	-0.771721	120.863256	0.015764	6.6
1471	-0.840559	120.817119	0.019768	5.9
1472	-0.577451	120.771029	0.008452	5.7
1473	-1.092277	120.724986	0.011959	6.0
1474	-1.113085	120.678990	0.012358	5.9
1475	-1.201672	120.633040	0.008301	5.6
1476	-0.991047	120.587137	0.010355	6.2
1477	-1.215570	120.541281	0.009547	5.9
1478	-0.386120	120.495471	0.004309	5.8
1479	-0.033330	120.449707	0.000688	6.3
1480	-0.703829	120.403990	0.008887	6.2
1481	-0.806514	120.358319	0.011588	5.7
1482	-1.086408	120.312694	0.020090	5.8
1483	-0.292959	120.267115	0.003251	6.1
1484	-0.842161	120.221582	0.010208	6.1
1485	-1.201847	120.176096	0.005482	5.9
1486	-0.461376	120.130655	0.007704	5.9
1487	-0.798339	120.085260	0.009746	5.9
1488	-1.275011	120.039910	0.024341	6.3
1489	-0.008633	119.994606	0.000500	6.2
1490	-0.869842	119.949348	0.007301	6.5
1491	-0.975630	119.904135	0.008323	6.1
1492	-1.040242	119.858968	0.009528	6.4
1493	-0.900960	119.813846	0.008744	6.3
1494	-0.647812	119.768769	0.012341	6.0
1495	-0.823490	119.723738	0.008607	6.8
1496	-0.186576	119.678752	0.004233	5.8
1497	-0.006840	119.633810	0.000832	6.0
1498	-0.031878	119.588914	0.000245	6.0
1499	-0.457253	119.544062	0.009410	5.9
1500	-0.326590	119.499256	0.003486	6.5
1501	-1.206796	119.454494	0.036839	8.5
1502	-1.205109	119.409777	0.011636	6.0
1503	-0.474169	119.365104	0.005290	6.8
1504	-0.640541	119.320476	0.006363	5.8
1505	-0.000000	119.275893	0.000000	6.0
1506	-0.000000	119.231353	0.000000	6.5
1507	-0.535682	119.186859	0.004948	6.1
1508	-0.000000	119.142408	0.000000	6.4
1509	-0.946742	119.098002	0.015140	5.7
1510	-1.157171	119.053639	0.014997	6.9
1511	-0.000000	119.009321	0.000000	6.1
1512	-0.682880	118.965047	0.004588	5.8
1513	-0.950092	118.920816	0.019654	5.8
1514	-0.000000	118.876630	0.000000	5.6
1515	0.000000	118.832487	0.000000	5.7
1516	-0.006088	118.788388	0.000743	6.2
1517	-1.183169	118.744332	0.011805	6.2
1518	-0.603042	118.700320	0.007018	5.8
1519	-0.000000	118.656352	0.000000	5.9
1520	-0.522645	118.612427	0.004489	5.4
1521	-0.966516	118.568545	0.012055	6.3
1522	-1.165025	118.524706	0.019395	5.8
1523	-0.634351	118.480911	0.006541	5.9
1524	-0.000000	118.437159	0.000000	5.7
1525	-0.000000	118.393450	0.000000	7.1
1526	-0.629598	118.349784	0.005994	6.0
1527	-0.846136	118.306160	0.006247	5.9
1528	-0.559707	118.262580	0.006163	5.5
1529	-0.948512	118.219042	0.007044	5.7
1530	-1.013365	118.175548	0.009957	5.8
1531	-1.093724	118.132095	0.007698	5.8
1532	-0.000000	118.088686	0.000000	6.0
1533	-0.023987	118.045319	0.001859	5.9
1534	-0.584183	118.001994	0.010192	5.8
1535	-1.061846	117.958712	0.013851	7.0
1536	-0.668387	117.915472	0.008295	6.7
1537	-0.833373	117.872274	0.005206	5.7
1538	-0.000000	117.829118	0.000000	6.5
1539	-0.000000	117.786005	0.000000	5.5
1540	-1.033911	117.742933	0.003804	6.8
1541	-0.000000	117.699904	0.000000	7.0
1542	-0.000003	117.656916	0.000001	5.9
1543	-0.592364	117.613971	0.005813	6.8
1544	-0.680739	117.571067	0.009009	5.8
1545	-0.794998	117.528205	0.006840	6.5
1546	-0.224715	117.485384	0.003389	5.7
1547	-0.588032	117.442605	0.005930	6.0
1548	-0.035104	117.399867	0.001382	6.6
1549	-0.000000	117.357171	0.000000	6.0
1550	-1.110200	117.314517	0.014348	5.9
1551	-1.151110	117.271903	0.008045	7.2
1552	-1.201490	117.229331	0.010748	6.0
1553	-0.055522	117.186800	0.000702	6.4
1554	-0.000024	117.144311	0.000005	6.0
1555	-0.986431	117.101862	0.010245	5.9
1556	-0.755958	117.059454	0.013729	6.9
1557	-0.568087	117.017087	0.006881	5.8
1558	-0.726626	116.974762	0.008943	5.9
1559	-1.118749	116.932476	0.017222	6.3
1560	-0.542028	116.890232	0.003163	6.0
1561	-1.050180	116.848028	0.018122	5.7
1562	-1.132761	116.805865	0.010456	6.1
1563	-0.503368	116.763743	0.006920	6.2
1564	-1.232077	116.721661	0.020129	6.2
1565	-0.848178	116.679619	0.008289	5.6
1566	-0.000012	116.637618	0.000003	5.5
1567	-1.097134	116.595657	0.006839	6.3
1568	-0.947558	116.553736	0.006961	5.7
1569	-1.053786	116.511855	0.009655	6.1
1570	-1.228245	116.470015	0.007737	6.1
1571	-0.000000	116.428214	0.000000	5.8
1572	-1.013747	116.386454	0.012116	6.2
1573	-0.080066	116.344733	0.000599	5.9
1574	-1.022774	116.303052	0.008087	5.8
1575	-0.189501	116.261412	0.003567	6.2
1576	-0.000000	116.219810	0.000000	6.0
1577	-0.219153	116.178249	0.004516	5.7
1578	-1.332679	116.136727	0.010603	5.6
1579	-0.136261	116.095245	0.002965	6.0
1580	-0.854387	116.053802	0.006893	6.1
1581	-1.134395	116.012398	0.014326	6.7
1582	-1.151345	115.971034	0.007362	6.5
1583	-0.821754	115.929710	0.014776	6.5
1584	-1.097516	115.888424	0.014052	5.8
1585	-0.796619	115.847178	0.012976	5.9
1586	-0.249687	115.805970	0.005054	6.9
1587	-0.811998	115.764802	0.009218	5.9
1588	-0.522126	115.723673	0.001772	6.5
1589	-0.677304	115.682583	0.009187	6.0
1590	-0.887798	115.641532	0.009527	5.7
1591	-0.000903	115.600519	0.000202	6.5
1592	-0.769960	115.559546	0.004653	5.9
1593	-0.000001	115.518610	0.000000	6.2
1594	-0.752192	115.477714	0.007683	7.0
1595	-0.702386	115.436856	0.014347	6.2
1596	-0.000000	115.396037	0.000000	6.6
1597	-1.042495	115.355256	0.014874	5.9
1598	-0.042200	115.314514	0.001783	5.6
1599	-0.070027	115.273810	0.003521	6.1
1600	-1.061577	115.233144	0.013255	5.7
1601	-0.601626	115.192517	0.005390	5.9
1602	-0.825840	115.151927	0.008770	5.9
1603	-0.570236	115.111376	0.008555	6.0
1604	-0.818210	115.070863	0.013094	6.3
1605	-0.658497	115.030388	0.004894	5.9
1606	-0.631677	114.989951	0.007516	5.6
1607	-0.000001	114.949551	0.000001	6.3
1608	-0.000490	114.909190	0.000168	5.7
1609	-0.709241	114.868866	0.004124	6.2
1610	-0.000000	114.828580	0.000000	6.6
1611	-0.538970	114.788332	0.004752	6.5
1612	-0.045537	114.748121	0.003164	6.5
1613	-0.256921	114.707948	0.002912	5.6
1614	-0.000384	114.667812	0.000086	5.5
1615	-0.800236	114.627714	0.038174	6.7
1616	-1.146870	114.587653	0.021908	6.0
1617	-0.814119	114.547629	0.011543	5.9
1618	-0.825464	114.507643	0.011553	5.9
1619	-0.924846	114.467693	0.021666	5.4
1620	-0.376751	114.427781	0.004615	5.9
1621	-0.581281	114.387907	0.005629	6.6
1622	-1.103243	114.348069	0.010591	6.1
1623	-0.696410	114.308268	0.004857	6.8
1624	-1.187317	114.268504	0.009449	5.8
1625	-0.719328	114.228777	0.009335	5.8
1626	-0.676691	114.189086	0.011001	6.7
1627	-0.297176	114.149433	0.002007	6.2
1628	-0.000000	114.109816	0.000000	6.2
1629	-0.002388	114.070235	0.000377	5.9
1630	-0.428793	114.030692	0.011740	5.9
1631	-0.973572	113.991185	0.008738	7.3
1632	-0.940381	113.951714	0.008293	5.9
1633	-1.235688	113.912280	0.009099	6.4
1634	-0.000000	113.872882	0.000000	5.9
1635	-1.051715	113.833521	0.007803	5.8
1636	-0.797448	113.794195	0.006444	7.2
1637	-0.000000	113.754906	0.000000	6.1
1638	-0.569722	113.715653	0.008397	5.9
1639	-1.039478	113.676437	0.012232	6.6
1640	-0.000000	113.637256	0.000000	5.9
1641	-0.000094	113.598111	0.000023	6.1
1642	-0.000000	113.559002	0.000000	6.5
1643	-1.291294	113.519929	0.028119	5.9
1644	-0.532326	113.480892	0.003946	6.1
1645	-0.000000	113.441891	0.000000	6.4
1646	-0.921560	113.402925	0.005221	6.0
1647	-0.754530	113.363995	0.011265	6.6
1648	-0.962754	113.325101	0.008131	5.5
1649	-0.716440	113.286242	0.009246	6.0
1650	-0.000000	113.247419	0.000000	5.9
1651	-0.197431	113.208631	0.003473	5.7
1652	-0.749122	113.169879	0.025225	7.5
1653	-0.002521	113.131162	0.000440	5.9
1654	-0.233820	113.092480	0.004132	5.7
1655	-0.000000	113.053833	0.000000	6.1
1656	-0.832813	113.015222	0.008479	5.8
1657	-1.000262	112.976646	0.008741	5.9
1658	-1.150226	112.938105	0.005034	5.6
1659	-0.599599	112.899599	0.015125	5.8
1660	-0.329406	112.861128	0.006379	6.0
1661	-1.120492	112.822692	0.011478	7.1
1662	-0.540365	112.784291	0.014463	5.9
1663	-0.000000	112.745924	0.000000	6.2
1664	-0.647827	112.707593	0.005826	5.7
1665	-0.075104	112.669296	0.002710	6.3
1666	-0.895033	112.631034	0.014395	6.2
1667	-0.000000	112.592806	0.000000	6.1
1668	-0.000000	112.554613	0.000000	6.5
1669	-0.888422	112.516455	0.013664	5.8
1670	-0.480402	112.478331	0.005821	5.9
1671	-0.000004	112.440241	0.000001	6.8
1672	-0.576960	112.402186	0.012158	6.1
1673	-0.000001	112.364165	0.000000	6.2
1674	-0.000131	112.326179	0.000030	5.6
1675	-0.554379	112.288227	0.006347	6.1
1676	-0.621705	112.250309	0.011414	6.5
1677	-1.058219	112.212425	0.010536	6.3
1678	-0.747639	112.174575	0.011858	6.1
1679	-0.000013	112.136759	0.000001	6.9
1680	-0.620121	112.098977	0.004931	6.2
1681	-0.053303	112.061229	0.002276	6.7
1682	-1.267182	112.023515	0.016445	6.2
1683	-0.983547	111.985834	0.010037	5.9
1684	-0.743999	111.948188	0.012360	6.7
1685	-0.727172	111.910575	0.013891	5.9
1686	-0.000000	111.872996	0.000000	6.1
1687	-0.036720	111.835450	0.001124	5.8
1688	-0.423309	111.797939	0.006331	5.7
1689	-0.000000	111.760460	0.000000	5.9
1690	-1.318615	111.723015	0.013580	5.8
1691	-0.000000	111.685604	0.000000	5.5
1692	-0.321150	111.648226	0.004465	7.0
1693	-1.110265	111.610881	0.011031	6.2
1694	-0.000000	111.573570	0.000000	5.7
1695	-0.992311	111.536292	0.010801	6.0
1696	-0.000000	111.499047	0.000000	6.9
1697	-0.000000	111.461835	0.000000	6.2
1698	-0.000000	111.424656	0.000000	6.4
1699	-0.000000	111.387510	0.000000	5.9
1700	-0.000000	111.350398	0.000000	6.7
1701	-0.938096	111.313318	0.009794	5.7
1702	-0.361954	111.276271	0.004104	7.3
1703	-0.005544	111.239257	0.000580	5.9
1704	-0.467158	111.202276	0.005655	5.7
1705	-0.922135	111.165328	0.008008	6.3
1706	-0.717374	111.128412	0.002833	6.0
1707	-1.112476	111.091529	0.014392	5.9
1708	-0.068184	111.054679	0.003107	7.1
1709	-0.000000	111.017861	0.000000	5.9
1710	-0.372501	110.981076	0.004752	6.4
1711	-0.142736	110.944323	0.002608	6.1
1712	-0.895347	110.907603	0.011490	6.1
1713	-0.000000	110.870915	0.000000	6.5
1714	-1.316139	110.834259	0.012367	6.0
1715	-0.442928	110.797636	0.008208	6.0
1716	-0.947912	110.761045	0.008313	6.3
1717	-0.066148	110.724486	0.002107	5.9
1718	-1.159436	110.687959	0.010655	6.7
1719	-0.622764	110.651465	0.007138	6.1
1720	-1.106169	110.615002	0.023769	6.0
1721	-0.572119	110.578572	0.007596	5.8
1722	-0.000000	110.542173	0.000000	5.7
1723	-0.723303	110.505807	0.008092	5.8
1724	-0.009497	110.469472	0.000912	6.1
1725	-0.874213	110.433169	0.026913	5.6
1726	-0.918135	110.396898	0.007225	6.0
1727	-0.000000	110.360659	0.000000	6.1
1728	-0.000000	110.324451	0.000000	5.6
1729	-1.057590	110.288276	0.014032	6.5
1730	-0.602781	110.252131	0.005136	5.8
1731	-0.512096	110.216019	0.007565	5.6
1732	-0.801777	110.179937	0.006386	6.8
1733	-0.913154	110.143888	0.010850	6.1
1734	-0.451795	110.107869	0.002703	5.6
1735	-0.989575	110.071882	0.010036	6.2
1736	-0.772605	110.035927	0.007650	5.7
1737	-0.536374	110.000003	0.005455	6.5
1738	-1.022634	109.964110	0.006146	5.7
1739	-1.026615	109.928248	0.017048	6.2
1740	-0.471795	109.892417	0.006138	6.2
1741	-0.693172	109.856618	0.011660	5.8
1742	-0.648867	109.820850	0.006807	5.9
1743	-0.000000	109.785112	0.000000	7.1
1744	-0.454647	109.749406	0.008623	5.8
1745	-0.979630	109.713730	0.014175	6.2
1746	-0.859978	109.678086	0.008457	5.7
1747	-0.447937	109.642472	0.004034	5.6
1748	-0.824584	109.606890	0.006308	6.5
1749	-0.000000	109.571337	0.000000	6.0
1750	-0.677139	109.535816	0.010650	5.9
1751	-0.716722	109.500326	0.005165	6.0
1752	-0.632341	109.464866	0.005086	6.4
1753	-1.156642	109.429436	0.015730	7.0
1754	-0.120401	109.394038	0.004862	5.9
1755	-0.954715	109.358669	0.011185	5.7
1756	-0.036516	109.323331	0.000757	6.3
1757	-0.332952	109.288024	0.005580	6.2
1758	-1.073057	109.252747	0.007286	6.2
1759	-1.002569	109.217501	0.008182	6.5
1760	-0.000000	109.182284	0.000000	5.7
1761	-0.685592	109.147098	0.012204	7.2
1762	-0.970755	109.111942	0.016339	6.0
1763	-1.098187	109.076817	0.006269	5.9
1764	-0.502292	109.041721	0.004995	7.3
1765	-0.000000	109.006656	0.000000	6.0
1766	-1.202589	108.971620	0.006526	6.4
1767	-0.681630	108.936615	0.006311	6.2
1768	-0.547839	108.901640	0.005559	6.3
1769	-0.000163	108.866694	0.000053	6.3
1770	-0.424119	108.831779	0.005257	6.1
1771	-1.012511	108.796893	0.013701	6.1
1772	-0.000000	108.762037	0.000000	6.2
1773	-0.965492	108.727211	0.013785	6.2
1774	-0.793351	108.692415	0.007567	6.3
1775	0.000000	108.657648	0.000000	6.6
1776	-0.782438	108.622911	0.008711	5.8
1777	-0.019504	108.588203	0.000194	6.4
1778	-1.032241	108.553525	0.009809	5.7
1779	-0.000000	108.518877	0.000000	5.8
1780	-0.144605	108.484258	0.002751	6.2
1781	-0.733340	108.449668	0.005903	6.4
1782	-1.036574	108.415108	0.007535	6.6
1783	-0.625176	108.380578	0.005110	5.7
1784	-0.888858	108.346076	0.007022	5.5
1785	-0.950083	108.311604	0.009787	6.3
1786	-0.126669	108.277161	0.003082	6.6
1787	-0.952819	108.242747	0.008308	6.2
1788	-0.572236	108.208363	0.007882	5.8
1789	-0.674980	108.174007	0.007992	5.7
1790	-1.220868	108.139681	0.010245	6.2
1791	-0.545058	108.105383	0.004274	5.9
1792	-1.072662	108.071115	0.008144	5.7
1793	-0.955567	108.036875	0.015124	6.4
1794	-0.610458	108.002665	0.009927	5.9
1795	-0.105534	107.968483	0.004280	5.6
1796	-0.545620	107.934330	0.010098	6.4
1797	-1.094105	107.900206	0.014893	5.7
1798	-0.975235	107.866111	0.015169	6.0
1799	-0.933092	107.832044	0.015586	6.1
1800	-0.597195	107.798007	0.008144	6.4
1801	-0.953073	107.763997	0.012845	6.0
1802	0.000000	107.730017	0.000000	6.0
1803	-0.839938	107.696065	0.010196	6.3
1804	-0.829345	107.662141	0.009186	6.6
1805	-0.650030	107.628246	0.006995	6.3
1806	-0.688802	107.594379	0.008856	6.4
1807	-1.238330	107.560541	0.026128	6.3
1808	-0.636992	107.526731	0.010107	6.0
1809	-0.394611	107.492949	0.004258	6.4
1810	-0.000000	107.459196	0.000000	5.9
1811	-0.592525	107.425471	0.005912	6.1
1812	-0.139937	107.391774	0.003752	6.6
1813	-0.001215	107.358106	0.000205	5.7
1814	-0.500592	107.324465	0.004884	6.8
1815	-0.016414	107.290853	0.001396	6.0
1816	-1.030562	107.257268	0.015760	5.7
1817	-1.228539	107.223712	0.009652	6.4
1818	-1.075350	107.190184	0.018057	6.9
1819	-0.675989	107.156683	0.008206	6.2
1820	-1.327978	107.123211	0.023134	5.8
1821	-0.000000	107.089766	0.000000	5.7
1822	-0.000000	107.056349	0.000000	7.1
1823	-1.224204	107.022960	0.020788	5.9
1824	-0.314795	106.989599	0.003796	5.8
1825	-0.210211	106.956265	0.003329	6.4
1826	-0.574736	106.922960	0.007247	6.1
1827	-0.509898	106.889681	0.005424	5.8
1828	-0.023479	106.856431	0.001728	6.2
1829	-0.178197	106.823208	0.001201	5.8
1830	-0.890771	106.790012	0.007832	6.4
1831	-1.251371	106.756844	0.011509	5.9
1832	-0.000000	106.723703	0.000000	5.7
1833	-0.000597	106.690590	0.000028	6.3
1834	-0.015331	106.657505	0.001197	5.7
1835	-1.071404	106.624446	0.012421	6.1
1836	-0.015250	106.591415	0.001888	7.0
1837	-0.903131	106.558411	0.015940	5.9
1838	-0.767418	106.525435	0.019170	5.9
1839	-0.874268	106.492485	0.010672	5.8
1840	-0.538282	106.459563	0.006572	5.7
1841	-0.053621	106.426668	0.001248	6.6
1842	-0.800678	106.393800	0.011529	5.6
1843	-1.103457	106.360959	0.019828	5.6
1844	-0.991757	106.328145	0.007785	6.4
1845	-0.000000	106.295358	0.000000	5.8
1846	-0.826642	106.262598	0.011677	6.3
1847	-0.136274	106.229865	0.004292	6.2
1848	-0.512261	106.197158	0.005572	5.7
1849	-0.441821	106.164479	0.004863	6.2
1850	-0.884475	106.131826	0.022579	5.7
1851	-0.560856	106.099201	0.008152	5.7
1852	-0.109883	106.066602	0.002643	6.7
1853	-0.045363	106.034029	0.002081	6.7
1854	-0.886168	106.001483	0.009040	6.5
1855	-0.000000	105.968964	0.000000	7.5
1856	-1.165943	105.936472	0.013736	5.7
1857	-0.171938	105.904006	0.004809	6.6
1858	-1.053530	105.871566	0.008817	5.7
1859	-0.000000	105.839153	0.000000	7.0
1860	-0.944306	105.806767	0.010258	6.2
1861	-0.000814	105.774407	0.000075	5.8
1862	-0.734025	105.742073	0.007101	7.1
1863	-0.946476	105.709766	0.014013	5.7
1864	-1.109230	105.677485	0.014382	6.1
1865	-0.952800	105.645230	0.017092	6.6
1866	-0.007928	105.613001	0.000616	6.0
1867	-0.000000	105.580799	0.000000	7.0
1868	-0.374338	105.548623	0.005432	5.8
1869	-0.630489	105.516473	0.004852	5.8
1870	-0.574315	105.484349	0.007124	6.4
1871	-0.162922	105.452251	0.002367	6.6
1872	-0.909381	105.420179	0.008302	6.9
1873	-0.000005	105.388133	0.000002	5.9
1874	-0.000097	105.356113	0.000023	5.6
1875	-1.079182	105.324119	0.004695	6.9
1876	-0.000000	105.292151	0.000000	5.7
1877	-1.088074	105.260209	0.015991	5.8
1878	-0.000000	105.228293	0.000000	6.7
1879	-0.550910	105.196402	0.008041	5.6
1880	-0.000000	105.164537	0.000000	6.2
1881	-0.697688	105.132698	0.007643	5.9
1882	-0.030530	105.100885	0.000974	5.5
1883	-0.880593	105.069097	0.011841	6.6
1884	-0.000000	105.037335	0.000000	5.6
1885	-0.515402	105.005598	0.003077	6.1
1886	-0.000000	104.973887	0.000000	6.8
1887	-0.595891	104.942202	0.006661	5.6
1888	-0.000148	104.910542	0.000005	6.0
1889	-1.069043	104.878907	0.009170	6.7
1890	-0.901924	104.847298	0.005465	5.8
1891	-1.169977	104.815715	0.019787	6.6
1892	-0.000000	104.784156	0.000000	5.5
1893	-0.968417	104.752623	0.005408	5.7
1894	-0.000000	104.721116	0.000000	6.3
1895	-1.101650	104.689633	0.010521	5.8
1896	-0.003869	104.658176	0.000104	5.6
1897	-0.687021	104.626744	0.010268	6.2
1898	-0.000000	104.595337	0.000000	5.6
1899	-0.703046	104.563955	0.005893	6.4
1900	-0.000000	104.532599	0.000000	5.6
1901	-0.541858	104.501267	0.007509	5.6
1902	-1.240045	104.469960	0.022322	6.7
1903	-0.977527	104.438679	0.013660	6.4
1904	-0.835192	104.407422	0.007189	6.0
1905	-0.675280	104.376191	0.007612	6.4
1906	0.000000	104.344984	0.000000	5.7
1907	-1.156139	104.313802	0.007573	6.3
1908	-0.885873	104.282645	0.008641	6.5
1909	-0.931658	104.251513	0.004780	6.5
1910	-0.415041	104.220405	0.003192	6.9
1911	-0.567267	104.189323	0.006186	5.7
1912	-0.000000	104.158265	0.000000	6.0
1913	-0.982251	104.127231	0.006951	6.9
1914	-0.000000	104.096222	0.000000	5.7
1915	-1.229476	104.065238	0.025198	6.8
1916	-0.444951	104.034279	0.002950	5.9
1917	-0.968168	104.003344	0.005306	6.1
1918	-0.534856	103.972433	0.008396	6.9
1919	-0.121681	103.941547	0.001265	6.1
1920	-0.697834	103.910686	0.003940	7.0
1921	-1.001120	103.879849	0.010081	5.7
1922	-0.978078	103.849036	0.011820	6.0
1923	-0.000000	103.818248	0.000000	6.6
1924	-0.463639	103.787484	0.003353	7.0
1925	-0.085439	103.756744	0.002187	6.7
1926	-0.000000	103.726029	0.000000	5.7
1927	-0.881429	103.695338	0.008839	5.4
1928	-1.075220	103.664671	0.005442	6.4
1929	-1.175486	103.634028	0.010024	5.7
1930	-0.000000	103.603409	0.000000	5.7
1931	-0.992090	103.572814	0.010280	6.7
1932	-0.693063	103.542244	0.007758	5.5
1933	-0.000000	103.511698	0.000000	6.1
1934	-1.122494	103.481175	0.011771	6.2
1935	-0.000000	103.450677	0.000000	5.7
1936	-0.021545	103.420202	0.000710	6.8
1937	-0.842369	103.389752	0.012596	5.7
1938	-0.000003	103.359325	0.000001	5.5
1939	-0.000000	103.328922	0.000000	6.5
1940	-0.592711	103.298543	0.005817	5.6
1941	-0.664175	103.268188	0.011701	5.6
1942	-0.536815	103.237857	0.009707	6.1
1943	-0.000000	103.207549	0.000000	6.2
1944	-0.000000	103.177265	0.000000	5.9
1945	-0.469302	103.147005	0.005641	6.1
1946	-0.164810	103.116768	0.003859	5.7
1947	-0.850248	103.086556	0.008491	6.8
1948	-0.606421	103.056366	0.006918	5.7
1949	-0.532508	103.026200	0.003430	5.5
1950	-0.000000	102.996058	0.000000	6.7
1951	-0.071756	102.965939	0.001075	5.8
1952	-1.152722	102.935844	0.009948	6.0
1953	-0.000000	102.905772	0.000000	6.2
1954	-0.586243	102.875724	0.012087	6.1
1955	-0.899269	102.845699	0.008372	7.2
1956	-0.429848	102.815697	0.008610	6.3
1957	-0.753071	102.785719	0.008545	6.0
1958	-0.286084	102.755764	0.006831	6.4
1959	-0.873633	102.725832	0.011783	6.3
1960	-0.750950	102.695924	0.007545	7.1
1961	-1.016173	102.666038	0.005799	5.5
1962	-0.906942	102.636176	0.023062	5.8
1963	-1.028331	102.606337	0.005806	6.8
1964	-0.216377	102.576521	0.003994	5.7
1965	-0.470018	102.546728	0.010021	5.8
1966	-0.565692	102.516959	0.007275	6.8
1967	-1.221969	102.487212	0.007641	5.7
1968	-1.082985	102.457488	0.004411	6.8
1969	-1.236281	102.427788	0.004771	6.2
1970	-0.741851	102.398110	0.004752	5.7
1971	-1.249141	102.368455	0.021349	7.0
1972	-0.740533	102.338823	0.011234	5.9
1973	-1.190758	102.309214	0.004750	6.6
1974	-0.183727	102.279628	0.003464	6.2
1975	-0.000000	102.250064	0.000000	5.8
1976	-0.630193	102.220524	0.005532	6.2
1977	-0.507944	102.191006	0.006911	5.8
1978	-0.448189	102.161511	0.003158	5.8
1979	-1.049645	102.132038	0.010308	6.5
1980	-1.248155	102.102588	0.015316	5.7
1981	-0.000000	102.073161	0.000000	6.0
1982	-0.000000	102.043757	0.000000	6.6
1983	-0.774043	102.014375	0.004767	5.7
1984	-1.034584	101.985015	0.017314	7.0
1985	-0.993791	101.955678	0.012921	5.6
1986	-0.000000	101.926364	0.000000	5.8
1987	-1.132253	101.897072	0.014422	6.6
1988	-1.082376	101.867802	0.011642	5.4
1989	-0.367940	101.838555	0.004947	5.8
1990	-0.969763	101.809330	0.004821	6.4
1991	-0.612614	101.780128	0.007698	5.6
1992	-0.000000	101.750948	0.000000	6.6
1993	-0.974931	101.721790	0.007441	5.8
1994	-1.268558	101.692654	0.008273	5.9
1995	-0.793031	101.663541	0.007396	6.7
1996	-0.414214	101.634450	0.003957	5.7
1997	-0.693119	101.605381	0.008772	5.8
1998	-0.006297	101.576335	0.000421	6.8
1999	-0.312101	101.547310	0.003896	5.8
