1:ItNr	2:Metric	3a:Time	3b:StepSize	4:||Gradient||	Time[ms]
0	-0.523615	0.000000	6.167373	0.015287	1440.7
1	-0.515052	0.000000	6.167373	0.020028	2.5
2	-0.530597	0.999989	5.887041	0.019965	2.2
3	-0.519743	0.226507	6.101561	0.017547	2.3
4	-0.529255	1.226507	5.827044	0.010021	2.2
5	-0.547458	2.185775	5.585961	0.017100	2.2
6	-0.516717	1.245058	5.822185	0.025020	2.3
7	-0.529722	2.245058	5.571715	0.016814	3.3
8	-0.523530	3.245032	5.341912	0.013654	2.9
9	-0.523268	4.245018	5.130313	0.010234	2.5
10	-0.507081	4.958834	4.989239	0.013574	2.4
11	-0.484800	5.958682	4.804197	0.021266	2.5
12	-0.528602	6.958682	4.632365	0.019340	3.0
13	-0.536854	6.017964	4.793656	0.018759	2.4
14	-0.510985	7.014719	4.623100	0.025115	2.3
15	-0.529979	6.074065	4.783723	0.018237	2.2
16	-0.512652	7.073860	4.613360	0.013372	2.1
17	-0.525983	6.133154	4.773306	0.014843	2.3
18	-0.523731	7.133154	4.603637	0.016779	2.2
19	-0.523804	6.192436	4.762899	0.019386	3.1
20	-0.517557	7.191807	4.594059	0.020692	2.3
21	-0.540220	8.191786	4.436688	0.019115	2.1
22	-0.531257	9.191786	4.289737	0.017128	2.0
23	-0.499964	10.190152	4.152427	0.013855	2.2
24	-0.501287	9.249453	4.281559	0.024367	2.0
25	-0.537968	8.308736	4.418984	0.019326	2.0
26	-0.482427	7.368018	4.565523	0.017621	2.7
27	-0.511155	6.431159	4.721450	0.022176	2.1
28	-0.529248	7.431155	4.555384	0.028948	2.0
29	-0.510355	8.431155	4.400603	0.017591	2.0
30	-0.501844	7.490437	4.545906	0.014596	2.0
31	-0.508328	6.765114	4.664661	0.012050	2.0
32	-0.532692	7.765074	4.502503	0.015142	2.0
33	-0.513687	8.603431	4.374994	0.017078	2.2
34	-0.512175	9.603430	4.232037	0.016155	2.5
35	-0.514312	8.662712	4.366251	0.024041	2.0
36	-0.513940	7.721994	4.509256	0.014570	2.1
37	-0.516954	6.841598	4.651846	0.020035	2.1
38	-0.515563	5.900880	4.814520	0.018602	2.1
39	-0.501122	4.960162	4.988984	0.016901	2.1
40	-0.522896	5.960162	4.803934	0.015667	2.1
41	-0.513275	5.019444	4.977617	0.019218	3.0
42	-0.532533	4.078726	5.164331	0.022667	2.6
43	-0.510610	3.311635	5.327278	0.015520	2.5
44	-0.515421	4.310736	5.116992	0.016850	3.0
45	-0.497407	5.310733	4.922509	0.019120	2.9
46	-0.496342	6.310733	4.742269	0.025969	3.3
47	-0.508539	5.370015	4.911443	0.010121	3.9
48	-0.550538	4.429366	5.093121	0.023368	3.1
49	-0.508010	5.429269	4.900432	0.019739	3.4
50	-0.492874	6.429269	4.721775	0.018683	3.0
51	-0.517440	5.488551	4.889465	0.017485	3.7
52	-0.523469	6.488529	4.711596	0.020609	3.0
53	-0.514808	7.488352	4.546238	0.013887	3.1
54	-0.504607	6.547635	4.701486	0.019534	3.4
55	-0.546849	7.547635	4.536797	0.017055	3.0
56	-0.504347	8.547635	4.383255	0.022592	3.7
57	-0.500939	9.543504	4.240340	0.009997	3.2
58	-0.532654	8.613600	4.373492	0.020499	3.2
59	-0.533065	7.817218	4.494356	0.016215	3.0
60	-0.502405	8.786274	4.348138	0.011469	2.8
61	-0.521436	7.850980	4.489097	0.015633	3.8
62	-0.506210	8.850968	4.338715	0.011241	3.0
63	-0.518188	9.840333	4.199528	0.027312	2.8
64	-0.524602	8.899615	4.331656	0.020876	2.9
65	-0.519755	9.899615	4.191471	0.019829	3.3
66	-0.491129	8.958897	4.323084	0.015867	3.8
67	-0.549112	8.018179	4.463231	0.015745	3.1
68	-0.498542	7.077639	4.612739	0.022708	2.9
69	-0.500085	6.136921	4.772643	0.019224	3.2
70	-0.512271	7.136921	4.603021	0.017113	2.9
71	-0.516983	6.196466	4.762194	0.018788	3.7
72	-0.519992	5.472786	4.892376	0.019210	2.7
73	-0.514502	4.532105	5.072627	0.015937	2.5
74	-0.516014	5.532105	4.881438	0.017931	2.7
75	-0.492924	4.591387	5.060876	0.015841	2.6
76	-0.519863	5.502850	4.886827	0.020608	2.3
77	-0.490313	4.562429	5.066609	0.016500	3.9
78	-0.516777	3.849354	5.212000	0.020568	3.1
79	-0.505063	3.656733	5.252717	0.013113	2.9
80	-0.502433	2.716168	5.461035	0.016855	2.5
81	-0.545118	3.716131	5.240093	0.023037	2.6
82	-0.485842	4.716131	5.036327	0.013385	3.2
83	-0.502771	3.775413	5.227555	0.012013	2.7
84	-0.511043	4.758747	5.027994	0.019572	3.0
85	-0.525211	3.820582	5.218042	0.021899	3.1
86	-0.511425	2.879864	5.423600	0.023663	2.7
87	-0.510985	1.945961	5.644341	0.010863	3.4
88	-0.547815	1.005243	5.885635	0.013468	2.7
89	-0.515310	1.998753	5.631385	0.020887	3.1
90	-0.494755	2.997326	5.397053	0.025527	2.7
91	-0.528405	2.056608	5.617254	0.019675	2.6
92	-0.525581	3.056608	5.383753	0.017148	2.7
93	-0.495620	4.056608	5.168889	0.010842	3.4
94	-0.496441	3.116652	5.370349	0.018406	2.6
95	-0.498359	2.184291	5.586318	0.011702	2.4
96	-0.525438	1.243573	5.822573	0.017591	2.8
97	-0.540741	0.302855	6.079694	0.011507	2.7
98	-0.482269	1.298426	5.808250	0.018291	2.5
99	-0.471164	0.358057	6.063980	0.019300	3.6
100	-0.531281	0.471414	6.031966	0.013546	2.8
101	-0.523471	0.000000	6.167373	0.014818	2.6
102	-0.541337	0.000000	6.167373	0.011677	2.6
103	-0.502693	0.999520	5.887166	0.013932	2.7
104	-0.509651	1.946197	5.644283	0.017170	3.3
105	-0.522121	1.097482	5.861067	0.020167	3.4
106	-0.538103	0.156770	6.121673	0.012725	2.7
107	-0.536244	0.000000	6.167373	0.009621	2.6
108	-0.508148	0.000000	6.167373	0.020887	2.7
109	-0.515775	0.000000	6.167373	0.018096	2.6
110	-0.509140	1.000000	5.887038	0.011506	3.5
111	-0.499843	0.123081	6.131437	0.018858	2.6
112	-0.508908	0.522106	6.017758	0.025609	2.6
113	-0.503258	0.000000	6.167373	0.021152	2.6
114	-0.536091	0.000000	6.167373	0.017908	2.6
115	-0.519312	0.000000	6.167373	0.014429	2.6
116	-0.523403	0.000000	6.167373	0.012209	3.7
117	-0.501418	0.944875	5.901826	0.010121	3.5
118	-0.475211	0.013361	6.163452	0.024433	3.1
119	-0.503377	0.000000	6.167373	0.022198	3.2
120	-0.508330	0.000000	6.167373	0.018189	3.8
121	-0.500683	0.000000	6.167373	0.015124	3.8
122	-0.519824	0.000000	6.167373	0.025806	3.0
123	-0.508746	1.000000	5.887038	0.017941	2.9
124	-0.523150	2.000000	5.631080	0.013469	3.1
125	-0.496356	1.059282	5.871217	0.021924	3.1
126	-0.494271	0.119642	6.132435	0.017235	2.7
127	-0.532727	1.110671	5.857571	0.020958	2.6
128	-0.520440	0.169953	6.117861	0.026318	2.4
129	-0.520622	1.169953	5.841908	0.011185	2.3
130	-0.496569	0.229237	6.100777	0.014895	2.4
131	-0.533093	0.000000	6.167373	0.019774	2.6
132	-0.519206	0.000000	6.167373	0.015717	3.0
133	-0.528501	0.000000	6.167373	0.015937	2.3
134	-0.502679	0.000000	6.167373	0.017785	2.6
135	-0.496195	0.132384	6.128738	0.018174	2.6
136	-0.530617	1.131976	5.851933	0.017984	2.4
137	-0.499552	2.131976	5.598953	0.020978	2.3
138	-0.513859	3.131976	5.366939	0.017132	2.8
139	-0.525554	4.131771	5.153430	0.007691	2.3
140	-0.530554	5.131770	4.956221	0.016708	2.4
141	-0.518447	4.231688	5.133023	0.009926	2.3
142	-0.503389	5.210012	4.941426	0.019292	2.3
143	-0.512090	6.210012	4.759823	0.022328	2.3
144	-0.509777	6.831571	4.653522	0.017788	2.8
145	-0.528168	5.890868	4.816313	0.012882	3.2
146	-0.481359	6.890795	4.643641	0.021527	2.7
147	-0.515941	5.950192	4.805711	0.014685	2.7
148	-0.533436	5.010178	4.979391	0.012941	2.3
149	-0.521322	4.069465	5.166239	0.020849	2.3
150	-0.526937	5.069457	4.968068	0.013474	2.9
151	-0.518154	4.128739	5.154052	0.012027	2.8
152	-0.510681	5.122335	4.958011	0.019946	2.7
153	-0.530480	4.181664	5.143220	0.027931	2.4
154	-0.503040	5.180536	4.946989	0.017215	2.3
155	-0.514518	6.180536	4.764985	0.021517	2.3
156	-0.495886	5.239821	4.935812	0.027502	2.8
157	-0.507719	6.239817	4.754615	0.016063	2.5
158	-0.501884	5.299099	4.924687	0.016189	2.3
159	-0.502156	4.988343	4.983574	0.017856	2.6
160	-0.523151	4.252682	5.128756	0.023051	2.6
161	-0.517680	3.708068	5.241803	0.015747	2.8
162	-0.511176	3.629468	5.258531	0.014136	2.8
163	-0.525758	2.691713	5.466672	0.014371	3.1
164	-0.499706	3.691713	5.245275	0.010608	2.9
165	-0.507865	4.656251	5.048081	0.017766	3.0
166	-0.501034	3.722674	5.238706	0.016635	2.6
167	-0.509481	4.722664	5.035048	0.016564	2.7
168	-0.535080	3.781946	5.226177	0.026214	3.8
169	-0.506056	2.841228	5.432389	0.023114	3.1
170	-0.529491	3.841228	5.213705	0.035246	2.9
171	-0.514297	2.936347	5.410802	0.017432	2.7
172	-0.505398	1.997030	5.631807	0.019064	2.6
173	-0.525202	1.056312	5.872008	0.013575	3.4
174	-0.522360	0.216356	6.104480	0.018890	2.7
175	-0.507496	0.067475	6.147620	0.014445	2.8
176	-0.531216	0.265674	6.090324	0.013569	2.8
177	-0.501175	0.000000	6.167373	0.019398	2.8
178	-0.516961	1.000000	5.887038	0.014167	2.6
179	-0.506714	0.059283	6.150012	0.028408	3.6
180	-0.521155	1.059283	5.871217	0.010815	3.0
181	-0.530538	0.578245	6.002102	0.016838	2.7
182	-0.522912	0.000000	6.167373	0.018303	2.4
183	-0.474302	1.000000	5.887038	0.010256	2.3
184	-0.535883	0.081734	6.143462	0.020462	2.5
185	-0.537932	0.220495	6.103290	0.017069	2.9
186	-0.546085	1.220495	5.828620	0.020883	2.3
187	-0.521531	2.220495	5.577609	0.018502	2.3
188	-0.518912	3.016925	5.392648	0.013749	2.3
189	-0.507587	2.367909	5.542423	0.017847	2.3
190	-0.481931	1.427257	5.774885	0.013673	2.3
191	-0.498659	0.486551	6.027716	0.017532	3.2
192	-0.520973	0.000000	6.167373	0.014237	2.9
193	-0.514664	0.000000	6.167373	0.017311	2.5
194	-0.523429	0.000000	6.167373	0.023721	2.4
195	-0.518164	1.000000	5.887038	0.013383	2.3
196	-0.512638	2.000000	5.631080	0.024046	2.3
197	-0.489402	1.172237	5.841307	0.020259	2.9
198	-0.508681	2.172237	5.589224	0.016952	2.6
199	-0.522266	1.231519	5.825730	0.017962	2.3
200	-0.558163	2.231519	5.574962	0.012134	2.3
201	-0.504633	1.939992	5.645810	0.014647	2.3
202	-0.510074	2.939992	5.409978	0.007370	2.3
203	-0.530422	2.579406	5.492710	0.014276	2.3
204	-0.505719	1.931551	5.647888	0.019111	3.2
205	-0.522213	2.815467	5.438265	0.021756	2.4
206	-0.501934	3.815423	5.219127	0.019303	2.4
207	-0.511261	2.875047	5.424694	0.018156	2.6
208	-0.515590	3.875047	5.206617	0.017736	2.4
209	-0.513129	4.875047	5.005395	0.021238	2.3
210	-0.492937	4.845954	5.011029	0.015012	3.1
211	-0.520518	3.905236	5.200305	0.016844	2.6
212	-0.520011	2.968464	5.403552	0.019639	2.4
213	-0.496744	3.968464	5.187137	0.011361	2.3
214	-0.522737	3.027751	5.390219	0.019456	2.3
215	-0.486851	3.299151	5.330015	0.023078	2.3
216	-0.506351	2.448030	5.523485	0.013212	2.5
217	-0.495156	3.363149	5.316014	0.013702	3.1
218	-0.533205	4.354568	5.108146	0.011827	2.7
219	-0.511723	3.434559	5.300478	0.019136	2.3
220	-0.520354	4.433518	5.092289	0.011978	2.3
221	-0.502141	3.492812	5.287871	0.016627	2.3
222	-0.523031	4.474568	5.084084	0.025712	2.3
223	-0.541689	5.474568	4.892047	0.019900	3.3
224	-0.551812	4.533850	5.072280	0.016987	2.4
225	-0.534350	3.593132	5.266301	0.022515	2.3
226	-0.514661	2.652414	5.475755	0.015497	2.3
227	-0.520283	1.714669	5.701815	0.010342	2.3
228	-0.517109	0.812094	5.937753	0.016704	2.3
229	-0.530535	1.755934	5.691475	0.020072	3.0
230	-0.524115	0.815216	5.936904	0.016463	3.3
231	-0.516475	0.000000	6.167373	0.016626	2.8
232	-0.497040	0.997356	5.887745	0.022123	2.5
233	-0.496518	1.997317	5.631737	0.020293	2.3
234	-0.509975	1.056600	5.871931	0.018316	2.3
235	-0.535260	0.115882	6.133527	0.019243	2.9
236	-0.488365	0.000000	6.167373	0.020424	2.4
237	-0.506133	0.000000	6.167373	0.012295	2.3
238	-0.517855	0.000000	6.167373	0.015839	2.3
239	-0.493914	0.000000	6.167373	0.008046	2.3
240	-0.495731	0.929702	5.905909	0.012476	2.3
241	-0.514853	1.827055	5.673743	0.017336	2.4
242	-0.512088	2.827052	5.435621	0.018556	3.2
243	-0.524654	3.823545	5.217419	0.013437	2.4
244	-0.535793	4.610082	5.057181	0.015953	2.3
245	-0.511224	3.669442	5.250011	0.021251	2.3
246	-0.526677	4.669442	5.045487	0.022944	2.4
247	-0.521639	5.669442	4.856301	0.025511	2.3
248	-0.517754	6.669442	4.680789	0.019900	3.2
249	-0.510902	7.669303	4.517544	0.014121	2.5
