1:ItNr	2:Metric	3:StepSize	4:||Gradient||	Time[ms]
0	-0.765837	627.201626	0.018424	730.8
1	-1.099834	623.504937	0.021332	4.9
2	-1.180290	619.865785	0.018047	4.9
3	-0.610997	616.282728	0.048092	5.2
4	0.000000	612.754375	0.000000	5.4
5	-0.375769	609.279381	0.009488	5.1
6	-0.696150	605.856447	0.015674	6.0
7	0.000000	602.484317	0.000000	5.0
8	0.000000	599.161779	0.000000	4.9
9	-0.657814	595.887656	0.022314	5.3
10	-0.000000	592.660813	0.000000	5.0
11	-0.550387	589.480151	0.018153	5.2
12	-0.613016	586.344606	0.009158	5.5
13	-0.247977	583.253145	0.003783	5.3
14	0.000000	580.204771	0.000000	5.2
15	-0.729616	577.198517	0.020770	5.2
16	-0.965423	574.233444	0.036151	5.3
17	-0.834987	571.308645	0.025375	5.1
18	-0.864896	568.423237	0.028912	5.9
19	-0.275925	565.576365	0.009343	5.3
20	0.000000	562.767201	0.000000	5.3
21	-0.998552	559.994938	0.015574	5.3
22	-0.471557	557.258797	0.008319	6.3
23	-0.038411	554.558018	0.000760	5.4
24	-1.108588	551.891865	0.013629	6.2
25	-0.961023	549.259621	0.009186	5.6
26	-0.644288	546.660592	0.019630	5.9
27	-0.667144	544.094102	0.013480	5.6
28	-0.555961	541.559494	0.004493	5.6
29	-0.372190	539.056129	0.009693	5.9
30	0.000000	536.583387	0.000000	5.4
31	-0.740514	534.140663	0.015394	5.5
32	0.000000	531.727370	0.000000	6.4
33	-0.102648	529.342935	0.004544	5.3
34	-1.039152	526.986802	0.012075	5.9
35	-0.280368	524.658430	0.005240	6.1
36	-0.222713	522.357290	0.003527	5.5
37	0.000000	520.082868	0.000000	5.5
38	-0.009988	517.834665	0.000547	6.1
39	-0.827786	515.612193	0.012449	6.5
40	-0.723362	513.414976	0.015981	5.9
41	-0.280913	511.242551	0.009892	6.2
42	-1.057590	509.094468	0.010278	5.6
43	-0.904988	506.970285	0.033102	6.7
44	0.000000	504.869574	0.000000	5.6
45	-0.433733	502.791916	0.015847	6.0
46	-0.289553	500.736903	0.002911	6.2
47	-0.891377	498.704137	0.032558	5.7
48	-0.125436	496.693228	0.005976	5.7
49	0.000000	494.703798	0.000000	5.9
50	-0.000000	492.735476	0.000000	5.7
51	0.000000	490.787900	0.000000	6.1
52	-0.521622	488.860718	0.029384	6.0
53	-0.333415	486.953585	0.010117	5.8
54	-0.913508	485.066164	0.007574	6.7
55	-0.247695	483.198126	0.004621	6.0
56	-0.963962	481.349149	0.014915	5.9
57	-0.342634	479.518920	0.007337	6.3
58	-0.604305	477.707132	0.035641	6.4
59	-0.501086	475.913485	0.004704	5.9
60	-1.027229	474.137684	0.023599	6.2
61	-0.564026	472.379445	0.020535	5.9
62	0.000000	470.638485	0.000000	6.1
63	-0.289869	468.914531	0.010534	5.6
64	-0.598930	467.207315	0.009973	5.7
65	-0.840124	465.516573	0.027130	6.5
66	0.000000	463.842050	0.000000	5.7
67	-0.930441	462.183494	0.011089	5.9
68	-0.580465	460.540658	0.023918	6.2
69	-0.682790	458.913303	0.013084	6.0
70	-0.512845	457.301192	0.006426	5.9
71	-0.273534	455.704096	0.008780	6.3
72	0.000000	454.121787	0.000000	5.8
73	-1.097130	452.554045	0.010322	6.1
74	-0.700725	451.000653	0.009236	6.4
75	-0.773359	449.461399	0.016295	6.1
76	-0.000000	447.936075	0.000000	6.1
77	-0.788623	446.424477	0.017951	6.1
78	-0.019603	444.926406	0.001175	6.3
79	-0.660258	443.441666	0.006992	5.9
80	-0.783571	441.970065	0.008318	5.9
81	-0.692986	440.511415	0.010543	6.8
82	-0.686791	439.065533	0.031348	5.9
83	-0.451074	437.632238	0.008862	6.0
84	-0.492419	436.211351	0.005812	6.2
85	-0.000000	434.802701	0.000000	5.7
86	-0.818047	433.406117	0.010837	6.0
87	-0.079643	432.021430	0.003490	5.8
88	-0.000035	430.648479	0.000032	5.9
89	0.000000	429.287101	0.000000	6.3
90	-0.845330	427.937140	0.024737	5.7
91	-0.180811	426.598440	0.004690	5.5
92	-0.609602	425.270849	0.024830	6.4
93	-0.097833	423.954220	0.003745	6.2
94	-0.594346	422.648404	0.011691	5.7
95	-0.058206	421.353259	0.001838	6.7
96	-0.056718	420.068643	0.002639	6.0
97	-0.031376	418.794419	0.000665	6.4
98	-0.000000	417.530451	0.000000	6.0
99	-0.752285	416.276604	0.011244	5.8
100	-0.908882	415.032748	0.013583	6.4
101	-1.020127	413.798754	0.013097	5.7
102	0.000000	412.574495	0.000000	5.8
103	-0.636610	411.359849	0.018530	6.4
104	-0.983684	410.154691	0.025212	5.7
105	-0.534994	408.958904	0.007528	6.1
106	-0.520649	407.772368	0.008609	6.2
107	-0.558542	406.594968	0.005311	6.4
108	-0.969080	405.426590	0.013326	6.7
109	-0.000001	404.267122	0.000000	6.1
110	-0.551955	403.116456	0.004960	6.1
111	-1.076159	401.974481	0.010607	6.7
112	0.000000	400.841093	0.000000	6.1
113	-0.924849	399.716187	0.019328	6.7
114	-0.063618	398.599660	0.004193	6.3
115	0.000000	397.491411	0.000000	6.0
116	0.000000	396.391342	0.000000	6.3
117	-0.221661	395.299353	0.005873	6.0
118	-0.790241	394.215350	0.008136	6.5
119	-0.124666	393.139238	0.004181	6.4
120	-0.821340	392.070924	0.009673	5.8
121	-0.823696	391.010316	0.008811	6.4
122	-0.000336	389.957325	0.000076	6.1
123	-0.995439	388.911862	0.018603	5.9
124	-0.479345	387.873839	0.006392	7.3
125	-0.860648	386.843173	0.008746	6.1
126	-0.000000	385.819777	0.000000	6.5
127	-0.830672	384.803569	0.029249	6.6
128	-0.817061	383.794468	0.027953	6.2
129	-0.731085	382.792393	0.007791	6.6
130	-1.105879	381.797264	0.033946	5.8
131	-0.234940	380.809005	0.006654	6.8
132	-0.895026	379.827537	0.011883	5.7
133	-0.005568	378.852786	0.000501	5.8
134	-0.991060	377.884678	0.042821	6.4
135	-0.468607	376.923138	0.009407	5.9
136	-0.778801	375.968095	0.009806	5.7
137	-0.558777	375.019479	0.007092	6.4
138	-0.638917	374.077218	0.010045	5.7
139	-0.699337	373.141244	0.008310	6.1
140	-0.099210	372.211489	0.003313	6.1
141	-0.934226	371.287887	0.019442	5.9
142	-0.620807	370.370370	0.013030	6.8
143	-0.343116	369.458876	0.005056	5.8
144	0.000000	368.553338	0.000000	5.9
145	-1.020036	367.653696	0.013838	6.5
146	-0.869380	366.759885	0.022627	6.5
147	-0.546314	365.871846	0.018477	6.3
148	-0.000595	364.989518	0.000055	5.8
149	-0.429423	364.112841	0.031719	5.7
150	0.000000	363.241757	0.000000	6.5
151	-0.421917	362.376208	0.012469	5.9
152	-0.021960	361.516137	0.002061	5.8
153	-0.435675	360.661488	0.010662	6.2
154	-0.577179	359.812206	0.011293	5.8
155	-0.108270	358.968236	0.001968	6.1
156	-0.497042	358.129524	0.010095	6.4
157	-0.448850	357.296018	0.013549	6.0
158	0.000000	356.467665	0.000000	7.0
159	-0.731215	355.644414	0.008720	6.1
160	-0.876023	354.826213	0.016928	6.3
161	-1.043182	354.013012	0.030092	6.5
162	0.000000	353.204763	0.000000	6.1
163	-0.749689	352.401415	0.013570	7.2
164	0.000000	351.602922	0.000000	6.5
165	-0.000000	350.809235	0.000000	6.0
166	-0.493626	350.020308	0.009969	6.6
167	-0.886334	349.236095	0.008058	6.3
168	-0.715427	348.456550	0.007352	7.0
169	0.000000	347.681627	0.000000	6.7
170	-0.728757	346.911283	0.027778	5.9
171	-0.614456	346.145474	0.006330	6.9
172	-0.330609	345.384157	0.005273	6.1
173	-1.066868	344.627288	0.044311	7.4
174	-0.990150	343.874826	0.018098	6.4
175	-0.000869	343.126729	0.000259	5.9
176	-0.942734	342.382957	0.008242	6.8
177	0.000000	341.643469	0.000000	6.0
178	-0.175442	340.908224	0.002435	6.8
179	-0.567591	340.177184	0.009402	6.5
180	-0.689607	339.450309	0.013255	6.2
181	0.000000	338.727561	0.000000	7.4
182	-0.094063	338.008902	0.005020	6.2
183	-0.892824	337.294295	0.010742	7.3
184	-0.559284	336.583703	0.008890	6.1
185	-0.932179	335.877089	0.009469	6.3
186	-0.376992	335.174416	0.006588	6.5
187	-1.013284	334.475651	0.025710	5.9
188	-0.771943	333.780756	0.009212	7.0
189	-0.000078	333.089698	0.000034	5.8
190	0.000000	332.402443	0.000000	5.8
191	-0.777165	331.718955	0.022333	6.7
192	-0.584023	331.039203	0.008044	5.8
193	-0.811122	330.363153	0.007745	5.8
194	-0.377656	329.690771	0.005445	6.6
195	0.000000	329.022027	0.000000	6.1
196	-0.986999	328.356888	0.023384	6.9
197	0.000000	327.695322	0.000000	5.9
198	-0.491788	327.037299	0.019001	6.0
199	0.000000	326.382787	0.000000	6.6
200	-0.310690	325.731758	0.008042	5.8
201	0.000000	325.084179	0.000000	5.7
202	-1.130239	324.440023	0.019519	6.9
203	-0.920999	323.799258	0.025301	6.1
204	-0.986389	323.161858	0.017809	6.9
205	-0.001775	322.527792	0.000404	6.1
206	-0.538155	321.897034	0.006159	6.1
207	-0.017457	321.269554	0.001409	6.7
208	-0.462099	320.645325	0.008959	6.1
209	-0.057436	320.024320	0.002221	6.8
210	-0.409066	319.406512	0.007491	5.9
211	-0.782093	318.791875	0.011896	6.2
212	-1.089299	318.180381	0.013993	6.6
213	0.000000	317.572005	0.000000	7.4
214	-0.628150	316.966721	0.014754	7.2
215	0.000000	316.364504	0.000000	5.7
216	0.000000	315.765329	0.000000	6.1
217	0.000000	315.169170	0.000000	6.6
218	-1.054625	314.576003	0.029357	6.2
219	-1.039343	313.985804	0.026280	6.5
220	-0.878253	313.398548	0.015301	6.0
221	0.000000	312.814213	0.000000	6.1
222	-0.582076	312.232773	0.005421	7.7
223	-1.020085	311.654207	0.019541	6.5
224	-0.535011	311.078491	0.016639	6.4
225	0.000000	310.505602	0.000000	6.1
226	0.000000	309.935518	0.000000	6.1
227	-0.816614	309.368217	0.015755	6.4
228	-0.943639	308.803676	0.011954	7.3
229	0.000000	308.241874	0.000000	6.3
230	-0.443874	307.682789	0.005881	6.5
231	-0.090058	307.126400	0.008148	6.0
232	0.000000	306.572687	0.000000	6.6
233	0.000000	306.021627	0.000000	5.9
234	-0.373983	305.473201	0.014670	6.5
235	-0.574274	304.927388	0.009835	6.4
236	-0.527266	304.384168	0.007654	6.0
237	0.000000	303.843521	0.000000	6.8
238	-0.721166	303.305427	0.006962	5.7
239	-1.041872	302.769867	0.009931	5.9
240	-0.812631	302.236821	0.011939	6.1
241	-0.000000	301.706270	0.000000	6.1
242	-1.000698	301.178196	0.017876	6.9
243	0.000000	300.652580	0.000000	6.1
244	-0.626485	300.129402	0.008182	5.7
245	-0.836907	299.608645	0.013807	6.9
246	-0.164780	299.090291	0.002273	5.7
247	-0.700447	298.574321	0.012277	6.1
248	-0.920094	298.060718	0.016266	6.6
249	-0.992795	297.549465	0.025107	5.7
250	-0.668425	297.040543	0.007772	6.6
251	-0.635718	296.533936	0.013110	5.9
252	0.000000	296.029626	0.000000	6.3
253	-0.743175	295.527597	0.006277	6.4
254	-0.514033	295.027832	0.005581	5.9
255	-0.048523	294.530315	0.003139	5.6
256	-0.344304	294.035028	0.006740	6.3
257	-0.857620	293.541956	0.011353	6.3
258	0.000000	293.051083	0.000000	6.7
259	-0.494784	292.562393	0.007186	6.4
260	0.000000	292.075870	0.000000	6.1
261	-1.017971	291.591498	0.015459	6.6
262	-0.000000	291.109263	0.000000	6.9
263	-1.008004	290.629149	0.022493	6.7
264	-0.000423	290.151140	0.000118	6.0
265	-0.623208	289.675222	0.009967	6.2
266	-0.120459	289.201380	0.003112	7.0
267	0.000000	288.729600	0.000000	6.1
268	0.000000	288.259866	0.000000	6.7
269	-0.798488	287.792165	0.007595	6.1
270	0.000000	287.326481	0.000000	5.9
271	-0.864075	286.862802	0.007119	6.6
272	-0.002131	286.401113	0.000232	6.4
273	-0.134812	285.941400	0.004017	6.1
274	0.000000	285.483649	0.000000	6.3
275	-0.658179	285.027847	0.011462	6.5
276	-0.751819	284.573981	0.009881	6.7
277	-0.596736	284.122037	0.007265	6.0
278	-0.965089	283.672002	0.008525	6.4
279	-0.307569	283.223863	0.003895	6.7
280	-0.934118	282.777607	0.017939	6.8
281	0.000000	282.333221	0.000000	7.4
282	-0.707066	281.890692	0.008421	6.0
283	-0.615131	281.450008	0.007678	6.2
284	-0.646921	281.011157	0.010218	6.9
285	-0.901664	280.574125	0.014413	6.1
286	-0.759990	280.138901	0.008517	6.9
287	-0.252364	279.705473	0.007990	5.9
288	-0.476109	279.273829	0.007267	6.3
289	0.000000	278.843956	0.000000	6.4
290	-0.808464	278.415844	0.007733	6.0
291	-0.180321	277.989479	0.006650	6.0
292	-0.232345	277.564851	0.007317	5.8
293	-0.284158	277.141949	0.004839	5.8
294	-1.093002	276.720761	0.015329	6.9
295	-0.875585	276.301275	0.020760	5.8
296	-1.184584	275.883480	0.012548	5.6
297	-0.030449	275.467366	0.001099	6.8
298	0.000000	275.052922	0.000000	6.3
299	-0.279150	274.640136	0.004071	5.7
300	-0.900021	274.228998	0.031099	6.5
301	-0.426562	273.819497	0.011876	5.9
302	0.000000	273.411623	0.000000	5.9
303	-0.548031	273.005365	0.006854	6.0
304	-0.567582	272.600712	0.012516	6.5
305	0.000000	272.197655	0.000000	7.3
306	-0.008579	271.796184	0.000401	5.9
307	-0.362422	271.396287	0.006915	6.5
308	-0.541975	270.997956	0.005643	5.9
309	-0.853932	270.601180	0.017749	6.2
310	-0.000020	270.205949	0.000014	6.4
311	-0.676853	269.812254	0.009295	5.9
312	-0.692541	269.420085	0.007993	7.0
313	-0.997725	269.029432	0.008378	6.7
314	-0.495966	268.640287	0.010216	6.0
315	-0.866698	268.252638	0.012702	7.1
316	0.000000	267.866478	0.000000	6.5
317	-0.142056	267.481796	0.005233	6.4
318	-0.000261	267.098584	0.000014	6.1
319	0.000000	266.716833	0.000000	5.9
320	-0.441370	266.336533	0.005579	6.9
321	-0.765919	265.957676	0.011176	6.5
322	0.000000	265.580253	0.000000	6.1
323	-0.703385	265.204254	0.011376	6.8
324	-0.247210	264.829672	0.005343	6.1
325	-1.023926	264.456497	0.012487	7.1
326	-0.363217	264.084721	0.003341	6.4
327	-0.198116	263.714335	0.003504	5.8
328	-0.539084	263.345332	0.006102	6.8
329	-0.660863	262.977702	0.006898	5.8
330	-0.380525	262.611438	0.006075	6.3
331	-0.508920	262.246531	0.010306	6.3
332	-0.612662	261.882973	0.009286	6.0
333	-1.168537	261.520756	0.011001	6.5
334	-0.839289	261.159871	0.008377	5.9
335	-0.786138	260.800312	0.013793	5.9
336	-0.000000	260.442070	0.000000	6.4
337	-0.384438	260.085137	0.007262	5.9
338	-1.043375	259.729505	0.009928	6.4
339	-0.000000	259.375167	0.000000	5.8
340	-0.308469	259.022116	0.007007	5.7
341	-0.719435	258.670343	0.005795	6.3
342	-0.024748	258.319841	0.001974	5.7
343	-0.693645	257.970602	0.028492	6.0
344	-1.035860	257.622620	0.014683	6.4
345	-0.025057	257.275887	0.001767	5.8
346	-1.129527	256.930396	0.024587	6.3
347	-0.338797	256.586139	0.009660	6.1
348	-1.050970	256.243109	0.010012	5.8
349	-0.305104	255.901300	0.012580	7.2
350	-0.689234	255.560703	0.007942	7.2
351	-0.620408	255.221313	0.005691	6.5
352	-0.471115	254.883122	0.006185	6.4
353	-0.605890	254.546124	0.007663	6.0
354	-0.671370	254.210311	0.016243	7.5
355	-0.382472	253.875677	0.005119	6.2
356	-0.100627	253.542215	0.002792	6.5
357	-1.017023	253.209918	0.024915	6.2
358	-0.002722	252.878781	0.000531	6.1
359	-0.664811	252.548795	0.008925	6.8
360	-0.475170	252.219956	0.006249	6.1
361	-0.597079	251.892255	0.009188	6.1
362	-0.620525	251.565688	0.006106	6.2
363	0.000000	251.240247	0.000000	6.1
364	-0.068271	250.915926	0.001751	6.9
365	-0.000073	250.592720	0.000003	6.5
366	-0.954413	250.270621	0.009723	6.2
367	-0.526407	249.949624	0.009091	6.8
368	-0.693555	249.629723	0.008161	6.1
369	-0.000044	249.310911	0.000024	7.1
370	0.000000	248.993182	0.000000	5.8
371	-1.116653	248.676531	0.014731	6.4
372	-0.808877	248.360952	0.010581	6.7
373	0.000000	248.046438	0.000000	6.1
374	-0.000001	247.732984	0.000001	6.6
375	-0.909672	247.420584	0.015461	6.2
376	-0.670760	247.109233	0.007543	6.1
377	-0.028938	246.798924	0.001052	7.1
378	0.000000	246.489652	0.000000	6.0
379	0.000000	246.181412	0.000000	6.4
380	0.000000	245.874197	0.000000	6.0
381	-0.173470	245.568002	0.005391	6.1
382	-0.000690	245.262822	0.000109	6.2
383	-0.654414	244.958652	0.007154	6.5
384	-0.306108	244.655485	0.002382	6.0
385	-0.248559	244.353317	0.005598	6.5
386	-0.009265	244.052142	0.000388	5.9
387	-0.196132	243.751955	0.005327	6.2
388	-0.473152	243.452750	0.008098	5.8
389	-0.430291	243.154523	0.005788	6.1
390	-0.925248	242.857268	0.012121	6.3
391	-1.078597	242.560980	0.016192	5.8
392	-0.503978	242.265654	0.003513	5.8
393	0.000000	241.971285	0.000000	6.1
394	-0.880177	241.677868	0.008461	6.2
395	-0.728751	241.385397	0.020114	5.9
396	-0.530862	241.093869	0.006442	6.1
397	-1.001532	240.803278	0.014829	6.9
398	-0.000399	240.513619	0.000156	6.4
399	-0.472671	240.224887	0.005285	6.7
400	-0.000000	239.937077	0.000000	9.5
401	-0.522970	239.650186	0.010789	7.8
402	0.000000	239.364207	0.000000	6.9
403	-0.935321	239.079136	0.007828	6.4
404	-0.750868	238.794969	0.021953	6.5
405	-0.000006	238.511701	0.000002	8.1
406	-1.071312	238.229327	0.008471	6.2
407	-1.041651	237.947843	0.010383	7.2
408	-1.114877	237.667244	0.008257	6.2
409	-0.008999	237.387526	0.000839	5.8
410	-0.000000	237.108684	0.000000	6.4
411	-0.826624	236.830714	0.006393	6.1
412	-0.146035	236.553610	0.004922	7.0
413	0.000000	236.277370	0.000000	6.6
414	0.000000	236.001989	0.000000	6.4
415	-0.000000	235.727461	0.000000	5.9
416	-0.556271	235.453784	0.006294	6.7
417	-0.616517	235.180952	0.008832	7.1
418	-0.314017	234.908962	0.007263	6.2
419	-0.647108	234.637809	0.009432	6.1
420	-0.191672	234.367488	0.005313	6.6
421	0.000000	234.097997	0.000000	6.2
422	-0.720102	233.829331	0.009398	6.3
423	-1.077693	233.561485	0.018736	6.2
424	-0.082445	233.294456	0.003023	5.9
425	-0.198056	233.028239	0.004562	7.1
426	-0.718008	232.762831	0.008477	6.5
427	-0.796911	232.498228	0.008581	8.0
428	-0.153665	232.234425	0.005252	7.4
429	-0.559942	231.971419	0.007573	6.8
430	-0.614887	231.709205	0.006716	6.7
431	-0.476352	231.447781	0.005883	7.3
432	-1.061131	231.187141	0.023321	6.9
433	-0.849396	230.927283	0.026011	6.1
434	0.000000	230.668202	0.000000	6.5
435	-0.000000	230.409895	0.000000	7.4
436	0.000000	230.152358	0.000000	6.1
437	0.000000	229.895587	0.000000	7.1
438	-0.068162	229.639578	0.002171	6.1
439	-0.608125	229.384329	0.006506	6.4
440	-0.815213	229.129834	0.007701	6.4
441	-0.714840	228.876091	0.009697	6.3
442	-1.134583	228.623096	0.010904	7.0
443	-1.123721	228.370846	0.013699	6.2
444	-0.373783	228.119336	0.005043	6.0
445	-0.000000	227.868563	0.000000	6.7
446	-0.024056	227.618525	0.001917	6.0
447	-1.016967	227.369216	0.009479	6.1
448	-0.892232	227.120635	0.011651	6.7
449	-1.145279	226.872777	0.027421	6.4
450	-0.211704	226.625638	0.003286	6.7
451	-0.236000	226.379217	0.006182	6.6
452	-0.412188	226.133509	0.007554	6.5
453	-0.656511	225.888510	0.021140	6.4
454	-1.185297	225.644218	0.038583	6.0
455	0.000000	225.400630	0.000000	6.6
456	-0.896511	225.157741	0.017631	6.1
457	-0.521554	224.915549	0.007620	7.0
458	0.000000	224.674051	0.000000	5.6
459	0.000000	224.433242	0.000000	7.3
460	-0.025952	224.193121	0.002480	8.2
461	0.000000	223.953684	0.000000	5.6
462	-0.596632	223.714927	0.006747	6.6
463	-0.010231	223.476848	0.001496	6.9
464	-0.125378	223.239444	0.003694	6.4
465	-0.704252	223.002710	0.024595	6.4
466	-0.169155	222.766645	0.003732	6.1
467	-0.389199	222.531245	0.003953	7.6
468	-0.661533	222.296508	0.016145	6.5
469	-0.876013	222.062429	0.014442	6.0
470	-0.000000	221.829007	0.000000	6.0
471	-0.284789	221.596238	0.003064	5.7
472	-0.994592	221.364119	0.007382	6.4
473	-0.161379	221.132647	0.005290	6.1
474	-0.253011	220.901820	0.007049	6.0
475	-0.989346	220.671634	0.021063	6.4
476	-0.981478	220.442086	0.014294	6.0
477	-0.226116	220.213174	0.004655	5.9
478	-0.171994	219.984895	0.001469	6.2
479	-0.768723	219.757246	0.005739	5.8
480	-0.281910	219.530224	0.005049	6.0
481	-0.374037	219.303826	0.004825	6.7
482	-0.389062	219.078050	0.007631	5.9
483	-0.000000	218.852893	0.000000	6.5
484	-1.071978	218.628352	0.006486	6.0
485	-1.047247	218.404424	0.017399	5.8
486	-0.065164	218.181106	0.001645	6.1
487	-0.645393	217.958397	0.007644	6.2
488	-0.000000	217.736292	0.000000	6.6
489	-0.000192	217.514790	0.000097	6.4
490	0.000000	217.293888	0.000000	6.0
491	0.000000	217.073584	0.000000	6.9
492	-0.013053	216.853873	0.000949	6.0
493	-0.486836	216.634755	0.006708	6.7
494	-0.846566	216.416227	0.009796	5.6
495	-0.615646	216.198285	0.003557	6.1
496	0.000000	215.980927	0.000000	6.5
497	-0.050548	215.764151	0.002742	6.8
498	-0.621736	215.547955	0.007654	7.1
499	-0.759812	215.332335	0.009159	6.2
500	0.000000	215.117289	0.000000	6.1
501	-0.000000	214.902815	0.000000	6.5
502	-0.971057	214.688911	0.011543	5.9
503	-0.959890	214.475573	0.035456	6.4
504	-0.476502	214.262800	0.006141	6.4
505	-0.678602	214.050588	0.007013	6.6
506	-0.299136	213.838936	0.004454	6.7
507	-0.429693	213.627842	0.005410	6.0
508	-0.066341	213.417302	0.000837	6.1
509	0.000000	213.207314	0.000000	6.5
510	-0.042849	212.997877	0.002492	6.4
511	-0.952519	212.788987	0.010481	6.5
512	-0.040008	212.580642	0.000508	6.7
513	0.000000	212.372841	0.000000	6.4
514	-0.499708	212.165581	0.006680	6.6
515	-0.382388	211.958859	0.007927	6.3
516	-0.000222	211.752673	0.000051	6.2
517	-1.119000	211.547021	0.009203	5.7
518	-0.518186	211.341902	0.006182	5.9
519	-1.148059	211.137311	0.011038	6.3
520	-1.066579	210.933248	0.015702	6.1
521	-0.784864	210.729710	0.005710	5.9
522	-0.413086	210.526695	0.003632	6.5
523	-1.042226	210.324200	0.007675	5.8
524	-0.000001	210.122224	0.000001	6.2
525	0.000000	209.920765	0.000000	5.9
526	0.000000	209.719820	0.000000	5.8
527	-0.464931	209.519387	0.006598	6.7
528	-0.813842	209.319463	0.010088	6.6
529	-0.995297	209.120048	0.020585	6.1
530	-0.645786	208.921139	0.021622	6.1
531	-0.767602	208.722733	0.022663	6.0
532	-1.054459	208.524829	0.015025	6.4
533	-1.040533	208.327425	0.015937	6.2
534	0.000000	208.130518	0.000000	6.0
535	-1.032659	207.934107	0.016784	6.9
536	-0.918283	207.738189	0.011407	6.1
537	-0.993927	207.542762	0.028256	6.8
538	-0.849845	207.347825	0.009050	6.1
539	-0.633562	207.153376	0.009811	6.6
540	-0.001451	206.959412	0.000161	6.2
541	-0.494081	206.765932	0.005981	6.3
542	-0.613123	206.572933	0.006112	6.6
543	-1.063246	206.380414	0.008332	6.4
544	-0.511176	206.188373	0.006436	6.1
545	-0.010908	205.996807	0.000497	6.4
546	-0.006130	205.805716	0.000546	6.6
547	-0.713664	205.615096	0.015710	6.2
548	-1.096983	205.424946	0.023315	6.1
549	-0.034922	205.235265	0.001180	6.7
550	-0.950157	205.046050	0.006909	6.8
551	-0.592600	204.857299	0.005892	6.5
552	-0.945917	204.669011	0.009410	6.3
553	-0.376913	204.481184	0.007939	6.4
554	-0.000000	204.293816	0.000000	6.0
555	-0.944748	204.106905	0.016405	6.6
556	-0.574020	203.920449	0.006492	6.1
557	-0.850718	203.734447	0.008863	5.9
558	-1.201506	203.548896	0.020404	7.1
559	-0.822831	203.363795	0.014519	6.1
560	-0.373106	203.179143	0.004170	6.2
561	-0.115694	202.994937	0.005962	7.0
562	-1.050380	202.811176	0.014395	6.5
563	0.000000	202.627857	0.000000	5.8
564	-0.460898	202.444980	0.008187	5.7
565	-0.516051	202.262543	0.009321	5.8
566	0.000000	202.080543	0.000000	6.4
567	-0.915042	201.898979	0.017069	5.8
568	-0.656692	201.717849	0.008670	6.3
569	-0.784633	201.537153	0.014106	6.0
570	-0.556943	201.356887	0.005572	5.7
571	-0.715929	201.177050	0.005959	6.6
572	-0.259033	200.997642	0.003865	5.9
573	-0.120024	200.818659	0.003143	6.0
574	-0.583130	200.640100	0.006049	6.7
575	0.000000	200.461965	0.000000	5.8
576	-0.651772	200.284250	0.014742	6.1
577	-0.767922	200.106955	0.009006	5.9
578	-0.635752	199.930078	0.007953	5.7
579	-0.603509	199.753617	0.005227	6.0
580	-0.632047	199.577571	0.005628	6.2
581	-0.833831	199.401938	0.007248	6.0
582	-0.561179	199.226717	0.006135	7.6
583	-0.615469	199.051905	0.012101	5.9
584	-0.888052	198.877502	0.012844	6.5
585	-0.369013	198.703506	0.005246	6.3
586	-0.547634	198.529916	0.004761	6.0
587	-0.018930	198.356729	0.000771	6.8
588	-1.086316	198.183944	0.013462	6.0
589	0.000000	198.011560	0.000000	6.7
590	0.000000	197.839576	0.000000	6.2
591	-0.574528	197.667989	0.006373	6.2
592	-1.107013	197.496798	0.013052	6.7
593	-0.000000	197.326002	0.000000	6.0
594	-0.931017	197.155600	0.014890	6.5
595	-0.464430	196.985589	0.005136	6.9
596	-1.163266	196.815969	0.023158	6.3
597	0.000000	196.646738	0.000000	6.7
598	0.000000	196.477894	0.000000	6.4
599	-0.409075	196.309436	0.005352	6.7
600	0.000000	196.141363	0.000000	6.1
601	0.000000	195.973673	0.000000	6.0
602	-0.000004	195.806365	0.000003	7.0
603	0.000000	195.639437	0.000000	6.2
604	-0.732751	195.472888	0.020563	6.0
605	-0.000999	195.306717	0.000194	6.5
606	-0.159480	195.140922	0.005496	6.5
607	-1.086161	194.975501	0.013641	6.6
608	0.000000	194.810454	0.000000	6.1
609	-0.977085	194.645779	0.009472	6.2
610	-0.000528	194.481475	0.000130	6.3
611	-0.000242	194.317540	0.000133	6.7
612	-1.132238	194.153973	0.014448	7.3
613	-0.669808	193.990773	0.006211	5.8
614	-0.698621	193.827938	0.009928	5.8
615	-0.001196	193.665467	0.000495	6.0
616	-0.553537	193.503358	0.006820	6.4
617	-0.992660	193.341611	0.015301	6.7
618	0.000000	193.180224	0.000000	6.3
619	-0.000044	193.019196	0.000011	6.1
620	-0.755687	192.858525	0.006258	6.3
621	-1.059349	192.698210	0.009210	6.2
622	-0.000000	192.538251	0.000000	5.8
623	-0.991745	192.378644	0.010404	6.5
624	-0.123966	192.219391	0.002705	6.5
625	-0.812868	192.060488	0.011500	6.4
626	-0.675815	191.901935	0.020725	5.8
627	-0.601975	191.743730	0.006904	6.0
628	-0.519214	191.585873	0.007527	6.2
629	-0.860990	191.428362	0.022698	6.2
630	-0.136693	191.271196	0.007505	6.2
631	-1.109479	191.114374	0.022977	7.3
632	-0.000224	190.957893	0.000050	5.9
633	-0.709883	190.801755	0.003351	6.5
634	-1.259837	190.645956	0.018009	6.0
635	-0.829127	190.490495	0.006840	6.1
636	-0.887515	190.335373	0.005323	6.8
637	0.000000	190.180587	0.000000	5.8
638	-1.135457	190.026136	0.022927	6.7
639	-0.804633	189.872019	0.011771	6.0
640	-0.623068	189.718235	0.007575	6.2
641	-0.840557	189.564782	0.009890	7.0
642	-0.649773	189.411661	0.005619	6.1
643	-1.182434	189.258868	0.021590	6.4
644	-0.719628	189.106404	0.006112	5.9
645	-1.057988	188.954267	0.028450	6.5
646	-0.078648	188.802456	0.004077	6.4
647	-0.637216	188.650969	0.012605	6.6
648	-1.120260	188.499807	0.012153	6.2
649	-0.605995	188.348967	0.007648	6.9
650	-0.519492	188.198448	0.005836	6.2
651	-0.067377	188.048250	0.001892	6.8
652	-1.085873	187.898371	0.018435	6.1
653	-0.000002	187.748810	0.000000	6.0
654	-1.116535	187.599566	0.011526	6.8
655	-0.556953	187.450638	0.012066	5.9
656	-0.752511	187.302025	0.009281	6.9
657	-0.864380	187.153725	0.012624	5.9
658	-0.394932	187.005739	0.004443	6.1
659	-0.016623	186.858064	0.001406	6.6
660	-0.440205	186.710699	0.014012	5.9
661	-0.000108	186.563645	0.000046	6.1
662	0.000000	186.416898	0.000000	6.4
663	-0.335059	186.270459	0.009302	6.1
664	-0.633231	186.124326	0.013094	6.8
665	-0.039723	185.978499	0.002079	5.6
666	-0.894939	185.832976	0.007660	6.0
667	-0.772810	185.687756	0.007849	6.1
668	-0.947520	185.542838	0.029780	5.8
669	-0.000012	185.398222	0.000012	6.1
670	-1.017775	185.253906	0.023861	6.3
671	-0.483167	185.109889	0.004387	5.9
672	-0.319095	184.966170	0.013297	6.4
673	-0.838930	184.822748	0.011647	5.7
674	0.000000	184.679623	0.000000	5.8
675	-0.000000	184.536792	0.000000	6.7
676	-1.005338	184.394256	0.009568	5.7
677	-0.812454	184.252013	0.009492	6.3
678	-0.960976	184.110062	0.012336	5.7
679	0.000000	183.968403	0.000000	5.9
680	0.000000	183.827034	0.000000	6.6
681	-0.797356	183.685954	0.004914	6.7
682	0.000000	183.545163	0.000000	6.5
683	-0.740933	183.404658	0.011452	6.9
684	-0.269331	183.264441	0.003215	6.1
685	0.000000	183.124509	0.000000	6.9
686	-0.664556	182.984861	0.006540	6.0
687	-0.858511	182.845497	0.009172	6.1
688	-0.545306	182.706416	0.009689	6.7
689	-0.319372	182.567616	0.007133	6.1
690	0.000000	182.429098	0.000000	6.2
691	-0.000025	182.290859	0.000008	6.0
692	-0.588775	182.152899	0.005202	6.2
693	-0.847992	182.015217	0.009543	6.7
694	-0.757695	181.877813	0.008742	6.0
695	-0.853523	181.740684	0.008541	6.0
696	-0.914204	181.603832	0.007468	6.6
697	-0.248932	181.467253	0.004838	6.3
698	-0.719191	181.330948	0.006696	6.9
699	-0.464253	181.194916	0.004316	6.1
700	-0.000000	181.059155	0.000000	5.7
701	0.000000	180.923666	0.000000	6.3
702	-0.337138	180.788446	0.009226	6.2
703	-0.057155	180.653496	0.001392	6.5
704	-1.195948	180.518814	0.034223	5.9
705	-0.875480	180.384399	0.007865	6.1
706	-0.989103	180.250251	0.010345	6.7
707	-0.113341	180.116369	0.002925	6.1
708	-0.000000	179.982752	0.000000	6.2
709	-0.965311	179.849398	0.020178	6.1
710	0.000000	179.716308	0.000000	5.9
711	0.000000	179.583480	0.000000	6.9
712	-0.000000	179.450913	0.000000	5.8
713	-1.029052	179.318607	0.012124	5.9
714	-0.270039	179.186561	0.008083	6.7
715	-0.000001	179.054774	0.000001	6.4
716	-1.083201	178.923245	0.017500	6.9
717	-0.586347	178.791973	0.006836	5.7
718	0.000000	178.660958	0.000000	6.0
719	-0.596899	178.530199	0.006941	7.6
720	-0.609949	178.399694	0.008201	6.2
721	-1.032699	178.269444	0.033724	6.3
722	-0.962399	178.139447	0.005913	5.9
723	0.000000	178.009702	0.000000	5.8
724	-1.128640	177.880209	0.009117	6.6
725	-0.393678	177.750967	0.007110	5.7
726	-0.795859	177.621975	0.007188	5.8
727	0.000000	177.493232	0.000000	7.0
728	-0.738699	177.364738	0.026845	6.0
729	-0.804411	177.236492	0.006582	6.7
730	-0.922815	177.108492	0.010190	6.8
731	-0.382649	176.980739	0.008357	6.1
732	-0.495580	176.853231	0.012001	6.8
733	-1.006683	176.725968	0.009008	5.9
734	-0.498313	176.598949	0.006858	6.6
735	-0.542417	176.472173	0.006648	6.1
736	-0.517600	176.345639	0.010608	6.2
737	-1.122414	176.219348	0.007580	6.5
738	-0.562482	176.093296	0.009589	6.1
739	-0.459855	175.967486	0.005587	6.2
740	-0.409670	175.841914	0.009215	6.0
741	-0.912653	175.716581	0.008748	6.1
742	-0.417700	175.591486	0.006538	7.3
743	-0.624905	175.466629	0.008127	6.2
744	-0.000000	175.342008	0.000000	5.9
745	0.000000	175.217622	0.000000	7.3
746	-0.001722	175.093472	0.000164	6.1
747	-0.817981	174.969556	0.005431	6.6
748	-1.215189	174.845873	0.014415	7.2
749	-0.660038	174.722423	0.006558	6.6
750	-0.300131	174.599206	0.005115	6.7
751	0.000000	174.476220	0.000000	5.7
752	-1.195584	174.353464	0.014504	6.7
753	-0.258483	174.230939	0.007461	6.2
754	-0.645350	174.108643	0.009042	6.2
755	-0.198385	173.986576	0.002044	6.3
756	-1.011849	173.864737	0.006297	6.2
757	-0.789282	173.743124	0.014623	6.7
758	-0.600734	173.621739	0.006507	6.0
759	-0.000001	173.500579	0.000000	6.1
760	-0.487837	173.379645	0.005496	6.5
761	-0.762805	173.258935	0.008529	5.7
762	-1.105672	173.138449	0.018170	6.0
763	0.000000	173.018186	0.000000	6.3
764	-0.943313	172.898146	0.025206	6.0
765	-0.741198	172.778327	0.005525	6.3
766	-0.001823	172.658730	0.000705	6.3
767	-0.689838	172.539353	0.005501	6.1
768	-1.080197	172.420196	0.009733	6.6
769	-0.323824	172.301258	0.002937	5.9
770	-0.037467	172.182539	0.001302	6.0
771	-0.324105	172.064037	0.004614	6.2
772	-1.011606	171.945753	0.010228	6.1
773	-0.078558	171.827686	0.001147	7.4
774	-1.177561	171.709834	0.036079	5.9
775	-0.128746	171.592198	0.003670	5.8
776	-0.996001	171.474776	0.004355	6.5
777	-0.743551	171.357568	0.007912	6.0
778	-0.993907	171.240574	0.006899	6.8
779	0.000000	171.123793	0.000000	5.6
780	-0.029898	171.007223	0.002831	5.9
781	-0.813319	170.890865	0.008713	7.0
782	-0.504242	170.774718	0.006713	6.4
783	-0.367269	170.658782	0.006726	6.2
784	-0.000000	170.543055	0.000000	6.9
785	-0.982713	170.427537	0.005331	6.1
786	0.000000	170.312227	0.000000	6.6
787	0.000000	170.197125	0.000000	5.9
788	-0.926188	170.082231	0.017855	5.9
789	0.000000	169.967543	0.000000	7.6
790	-1.155836	169.853061	0.014835	5.9
791	-0.052658	169.738784	0.001866	6.8
792	-0.242434	169.624713	0.003561	6.1
793	0.000000	169.510845	0.000000	6.1
794	-0.785677	169.397181	0.012928	7.5
795	-0.971209	169.283720	0.004987	6.3
796	-0.389684	169.170462	0.005665	6.6
797	-0.559329	169.057405	0.007368	6.3
798	-1.031548	168.944549	0.008358	6.5
799	0.000000	168.831895	0.000000	6.2
800	-0.469477	168.719440	0.007539	6.0
801	-1.012409	168.607185	0.013014	6.7
802	-0.528471	168.495129	0.005394	6.1
803	-1.001881	168.383271	0.014136	6.4
804	-0.852421	168.271611	0.012703	7.0
805	-0.916908	168.160148	0.010984	6.0
806	-0.000000	168.048882	0.000000	6.8
807	-0.000007	167.937812	0.000005	6.4
808	-1.048660	167.826938	0.005276	6.3
809	-0.802413	167.716258	0.008435	6.5
810	-0.000000	167.605773	0.000000	5.8
811	-1.108082	167.495482	0.010142	6.6
812	-1.006671	167.385384	0.007433	6.1
813	0.000000	167.275479	0.000000	6.3
814	-0.356715	167.165766	0.005255	6.2
815	-0.811425	167.056245	0.014543	7.0
816	-0.425973	166.946915	0.006413	6.2
817	-0.000000	166.837776	0.000000	6.7
818	-0.000000	166.728826	0.000000	6.2
819	-0.445204	166.620067	0.006797	6.4
820	-0.129926	166.511496	0.003316	6.1
821	0.000000	166.403113	0.000000	5.7
822	-0.383662	166.294919	0.004687	6.1
823	-0.787084	166.186912	0.005861	5.7
824	-1.076888	166.079091	0.037742	6.0
825	-0.333227	165.971458	0.004706	6.4
826	-0.485661	165.864009	0.006745	5.7
827	-0.700271	165.756747	0.008309	6.3
828	-0.489138	165.649669	0.002389	5.8
829	-0.789724	165.542775	0.004788	6.0
830	-0.873876	165.436065	0.006407	6.2
831	-0.664359	165.329538	0.005317	6.1
832	-0.777560	165.223194	0.011136	7.1
833	-0.154909	165.117032	0.001888	34.9
834	-1.192287	165.011052	0.013264	7.1
835	-0.685189	164.905253	0.004249	9.6
836	-0.923463	164.799635	0.011873	11.0
837	-0.128138	164.694197	0.002134	6.7
838	-0.903729	164.588939	0.009405	6.1
839	-0.169712	164.483859	0.005710	6.4
840	0.000000	164.378959	0.000000	6.9
841	-0.000000	164.274237	0.000000	6.4
842	-0.458759	164.169692	0.011909	6.7
843	-0.657187	164.065325	0.007500	6.0
844	-1.099934	163.961135	0.029107	6.3
845	-0.000002	163.857120	0.000001	6.5
846	-0.771920	163.753282	0.004052	6.0
847	-0.538890	163.649619	0.006146	6.8
848	-0.040130	163.546130	0.003668	6.3
849	-0.151501	163.442816	0.006033	5.9
850	0.000000	163.339676	0.000000	6.7
851	-1.279087	163.236709	0.022430	6.1
852	-0.000000	163.133915	0.000000	7.4
853	0.000000	163.031294	0.000000	6.3
854	0.000000	162.928844	0.000000	5.9
855	-0.010007	162.826566	0.001086	6.6
856	-1.134382	162.724459	0.022704	6.5
857	-0.479159	162.622523	0.007760	6.7
858	-0.637968	162.520757	0.007840	6.5
859	-0.000001	162.419160	0.000000	6.1
860	-0.991932	162.317733	0.011198	7.1
861	-0.001488	162.216474	0.000135	6.0
862	-0.571503	162.115383	0.006101	6.3
863	-0.569069	162.014461	0.005349	6.0
864	-0.000063	161.913705	0.000008	6.0
865	-0.854020	161.813117	0.028216	7.3
866	-0.000000	161.712695	0.000000	5.5
867	-0.983227	161.612439	0.005068	6.4
868	-1.125200	161.512349	0.011995	6.5
869	-0.000000	161.412424	0.000000	6.0
870	-0.155914	161.312663	0.004834	6.9
871	0.000000	161.213067	0.000000	7.6
872	-0.000000	161.113635	0.000000	7.1
873	-0.010481	161.014366	0.000603	6.5
874	-0.000000	160.915260	0.000000	6.6
875	-0.324786	160.816316	0.006467	6.8
876	-0.813812	160.717535	0.007111	6.2
877	-0.724884	160.618915	0.010200	6.7
878	-0.001647	160.520456	0.000313	6.5
879	-1.214715	160.422158	0.016214	6.2
880	0.000000	160.324021	0.000000	6.7
881	-0.001274	160.226043	0.000125	6.0
882	0.000000	160.128225	0.000000	6.8
883	-0.455148	160.030566	0.005735	6.6
884	0.000000	159.933066	0.000000	6.3
885	-0.000000	159.835723	0.000000	7.9
886	-1.034856	159.738539	0.009199	6.0
887	-0.103073	159.641512	0.003701	6.5
888	-0.847043	159.544642	0.006810	6.5
889	-0.600040	159.447929	0.007172	6.6
890	-1.168039	159.351372	0.022766	6.7
891	-0.310558	159.254971	0.004012	5.9
892	0.000000	159.158725	0.000000	6.7
893	-0.440391	159.062634	0.008941	5.8
894	-1.056351	158.966697	0.008354	6.1
895	-0.671388	158.870915	0.008711	6.8
896	-0.842804	158.775286	0.014571	5.9
897	-0.852602	158.679811	0.006305	5.9
898	-0.779760	158.584489	0.011905	7.0
899	-0.396573	158.489319	0.004536	5.9
900	-0.000000	158.394302	0.000000	6.7
901	-0.524160	158.299436	0.007601	6.0
902	-0.710014	158.204721	0.006807	6.0
903	-0.000000	158.110158	0.000000	6.2
904	0.000000	158.015745	0.000000	6.0
905	-0.998044	157.921482	0.008455	6.3
906	0.000000	157.827369	0.000000	6.7
907	0.000000	157.733406	0.000000	6.1
908	-0.203137	157.639591	0.004454	6.5
909	-0.880622	157.545925	0.008479	5.8
910	-0.136873	157.452408	0.003712	6.3
911	-1.088710	157.359038	0.014878	5.9
912	-0.558118	157.265816	0.007511	6.3
913	-1.291708	157.172741	0.014692	6.2
914	-1.008505	157.079813	0.016339	5.8
915	-0.576094	156.987031	0.005972	6.0
916	-0.000043	156.894395	0.000023	6.1
917	-1.092473	156.801904	0.008812	5.8
918	-1.200416	156.709559	0.024388	6.0
919	-0.312538	156.617359	0.004919	6.0
920	-0.573944	156.525304	0.010746	6.3
921	-0.759151	156.433392	0.005092	7.0
922	-1.152938	156.341624	0.042848	6.2
923	-1.005939	156.250000	0.010204	6.6
924	-1.158595	156.158519	0.011022	7.4
925	-0.787080	156.067180	0.017796	6.3
926	-1.069522	155.975984	0.007299	6.7
927	-0.946719	155.884930	0.008529	6.5
928	-0.516536	155.794017	0.002243	6.5
929	-0.882586	155.703246	0.011837	6.1
930	-0.662805	155.612615	0.006593	6.0
931	-0.434456	155.522125	0.004354	7.3
932	-0.000000	155.431775	0.000000	6.1
933	-1.044937	155.341565	0.021707	6.4
934	-1.027418	155.251495	0.009290	6.2
935	-0.609224	155.161563	0.009416	6.2
936	0.000000	155.071771	0.000000	7.3
937	-0.030723	154.982117	0.000412	5.9
938	-0.000015	154.892601	0.000007	6.4
939	-0.427768	154.803222	0.005778	6.9
940	0.000000	154.713981	0.000000	6.0
941	-0.323782	154.624878	0.002389	6.8
942	-0.821274	154.535910	0.011024	6.8
943	-0.586184	154.447080	0.006357	6.4
944	-1.085188	154.358385	0.011938	6.3
945	-0.007094	154.269826	0.000405	5.8
946	0.000000	154.181402	0.000000	6.0
947	-0.652528	154.093114	0.008367	6.1
948	-0.935097	154.004960	0.006026	5.7
949	-1.071616	153.916940	0.017932	6.2
950	-0.010360	153.829054	0.000155	6.0
951	-0.958313	153.741303	0.011568	5.8
952	-0.648020	153.653684	0.006221	6.8
953	-0.877285	153.566198	0.006040	5.8
954	-0.045175	153.478846	0.003197	6.7
955	-0.038074	153.391625	0.000636	5.7
956	-0.928300	153.304537	0.009634	5.6
957	-1.073841	153.217580	0.013438	6.4
958	-0.800216	153.130755	0.020833	6.6
959	-0.224124	153.044061	0.002370	5.8
960	-0.003390	152.957498	0.000212	6.1
961	-0.771803	152.871065	0.006762	5.9
962	-1.074418	152.784762	0.005720	6.7
963	-0.837338	152.698589	0.010849	6.0
964	-1.155272	152.612545	0.017553	5.9
965	-0.041204	152.526631	0.001957	6.6
966	-0.696406	152.440845	0.019475	6.1
967	-0.613065	152.355188	0.017016	6.0
968	-0.438749	152.269660	0.007568	7.0
969	-1.023565	152.184259	0.033842	6.0
970	-0.386457	152.098986	0.008352	7.2
971	-0.847546	152.013840	0.010206	6.1
972	-0.000000	151.928821	0.000000	6.1
973	-0.833050	151.843928	0.006437	6.4
974	-1.096856	151.759163	0.008780	6.3
975	-0.571751	151.674523	0.004737	6.3
976	-0.851842	151.590009	0.018216	6.2
977	-1.057704	151.505620	0.013711	6.1
978	-0.553983	151.421357	0.007546	6.5
979	0.000000	151.337218	0.000000	5.9
980	-0.722720	151.253204	0.011575	6.1
981	-0.840632	151.169314	0.005041	6.2
982	-0.480080	151.085549	0.008430	6.0
983	-1.147113	151.001907	0.018546	7.1
984	-0.884704	150.918388	0.007158	6.0
985	-0.424459	150.834992	0.006266	6.1
986	-0.000210	150.751719	0.000145	6.3
987	-0.560586	150.668569	0.004258	5.9
988	-1.109217	150.585541	0.041468	6.3
989	-0.880875	150.502634	0.016059	6.2
990	-0.690154	150.419849	0.005871	6.2
991	-0.695214	150.337186	0.004771	6.5
992	-0.093691	150.254644	0.002787	6.5
993	-0.536886	150.172222	0.004186	6.2
994	-1.008228	150.089921	0.008851	6.8
995	-0.008938	150.007740	0.000213	5.9
996	-1.119072	149.925679	0.033156	7.4
997	0.000000	149.843737	0.000000	5.7
998	-0.964171	149.761915	0.036872	6.0
999	-0.753175	149.680212	0.006259	7.0
1000	-1.048401	149.598627	0.005270	5.8
1001	-0.001630	149.517161	0.000169	6.6
1002	-0.506180	149.435814	0.006486	5.8
1003	-0.826960	149.354584	0.005846	5.7
1004	-0.865061	149.273472	0.021496	6.7
1005	-0.803013	149.192477	0.006945	5.9
1006	-1.129781	149.111599	0.017956	6.0
1007	0.000000	149.030838	0.000000	7.2
1008	-0.784930	148.950194	0.006780	6.1
1009	-0.000000	148.869666	0.000000	6.9
1010	-0.617642	148.789253	0.009784	6.2
1011	-0.890292	148.708957	0.014904	5.8
1012	-0.570426	148.628776	0.009611	7.2
1013	-0.308669	148.548710	0.002950	5.8
1014	0.000000	148.468759	0.000000	6.5
1015	0.000000	148.388923	0.000000	6.1
1016	-1.063428	148.309201	0.006916	6.0
1017	-0.747377	148.229594	0.009849	6.8
1018	-0.639483	148.150100	0.005899	6.3
1019	-0.448345	148.070719	0.018676	6.7
1020	-0.746553	147.991452	0.008527	6.2
1021	-1.210764	147.912298	0.017118	6.0
1022	0.000000	147.833257	0.000000	6.5
1023	-0.795278	147.754329	0.006975	5.7
1024	-1.015992	147.675512	0.007960	6.2
1025	-0.869347	147.596808	0.006731	6.6
1026	-0.099914	147.518216	0.003036	7.2
1027	-0.501733	147.439735	0.005209	6.6
1028	0.000000	147.361365	0.000000	6.0
1029	-0.687723	147.283106	0.015061	6.4
1030	-0.645532	147.204958	0.005895	6.9
1031	-0.426075	147.126920	0.006526	6.1
1032	-0.239493	147.048993	0.007353	6.5
1033	-0.952668	146.971175	0.004795	6.2
1034	-0.563365	146.893468	0.011748	6.5
1035	-0.851589	146.815869	0.006788	7.3
1036	-1.279004	146.738380	0.025430	6.2
1037	-0.994495	146.661000	0.007876	7.4
1038	-0.796797	146.583729	0.008875	6.1
1039	-0.865760	146.506566	0.010589	6.1
1040	0.000000	146.429511	0.000000	7.3
1041	-0.225361	146.352565	0.008532	6.5
1042	-0.421301	146.275726	0.005189	6.5
1043	-0.000000	146.198994	0.000000	5.9
1044	0.000000	146.122370	0.000000	5.8
1045	-0.902854	146.045853	0.006412	6.8
1046	-0.014929	145.969442	0.000925	5.9
1047	-0.000051	145.893139	0.000015	6.1
1048	-0.000225	145.816941	0.000068	5.7
1049	-0.538748	145.740849	0.005855	5.9
1050	-0.352779	145.664863	0.007610	6.4
1051	-0.972612	145.588983	0.008996	6.3
1052	-0.852313	145.513208	0.020072	6.0
1053	-0.820109	145.437538	0.008004	6.2
1054	-0.398359	145.361973	0.005175	5.8
1055	-0.000000	145.286513	0.000000	6.3
1056	0.000000	145.211157	0.000000	6.2
1057	0.000000	145.135905	0.000000	5.9
1058	-0.841853	145.060757	0.012312	6.5
1059	0.000000	144.985712	0.000000	6.5
1060	-0.813123	144.910771	0.006498	6.8
1061	-0.645845	144.835934	0.007492	6.5
1062	-0.405600	144.761199	0.005050	5.9
1063	-0.000000	144.686567	0.000000	6.8
1064	0.000000	144.612037	0.000000	5.7
1065	0.000000	144.537610	0.000000	6.0
1066	-0.558775	144.463285	0.005229	6.7
1067	-0.826994	144.389062	0.006084	6.2
1068	-0.709094	144.314940	0.007506	6.3
1069	-0.285600	144.240920	0.003747	6.2
1070	-0.896703	144.167001	0.026203	6.2
1071	-0.925806	144.093182	0.007745	6.6
1072	-0.588579	144.019465	0.006627	6.2
1073	-0.825246	143.945848	0.015244	6.2
1074	-0.916191	143.872331	0.006641	6.8
1075	-0.707581	143.798914	0.010596	6.6
1076	-0.271695	143.725597	0.006559	6.8
1077	-1.071424	143.652380	0.031116	6.3
1078	-1.162908	143.579262	0.010531	6.2
1079	-1.081715	143.506243	0.008901	6.8
1080	-1.185770	143.433323	0.013035	5.7
1081	-0.751997	143.360502	0.009186	6.9
1082	-0.724644	143.287780	0.008102	6.5
1083	-0.521265	143.215155	0.004385	5.9
1084	-0.282751	143.142629	0.007376	6.4
1085	-0.738176	143.070201	0.016348	6.0
1086	0.000000	142.997870	0.000000	7.1
1087	-0.539477	142.925637	0.005437	6.4
1088	-1.041905	142.853501	0.006841	6.0
1089	-0.578149	142.781462	0.007307	6.2
1090	-0.182392	142.709519	0.005516	7.0
1091	-0.575005	142.637674	0.005770	7.2
1092	-0.757091	142.565924	0.009449	6.3
1093	-0.917292	142.494271	0.011704	6.2
1094	-0.746810	142.422714	0.008571	6.2
1095	-0.416222	142.351252	0.003264	5.9
1096	-0.838260	142.279886	0.007608	6.1
1097	-0.674761	142.208616	0.014304	6.5
1098	0.000000	142.137440	0.000000	5.9
1099	-0.091542	142.066360	0.001736	6.0
1100	-0.850520	141.995374	0.004265	6.2
1101	0.000000	141.924483	0.000000	5.5
1102	-0.971999	141.853685	0.010802	6.6
1103	-0.948591	141.782983	0.011188	6.0
1104	-0.217232	141.712373	0.003370	6.0
1105	-0.252314	141.641858	0.004408	7.1
1106	-1.065735	141.571436	0.014020	6.2
1107	-0.575220	141.501108	0.005691	6.5
1108	-0.936387	141.430872	0.014954	6.2
1109	-0.331655	141.360730	0.005689	6.1
1110	0.000000	141.290680	0.000000	6.0
1111	-0.592278	141.220722	0.007995	6.0
1112	-0.810758	141.150857	0.008694	6.1
1113	-0.535399	141.081084	0.005554	6.2
1114	-0.256171	141.011403	0.004681	6.2
1115	0.000000	140.941813	0.000000	6.6
1116	-0.143271	140.872315	0.003746	5.7
1117	0.000000	140.802909	0.000000	6.0
1118	-0.028918	140.733593	0.000634	7.9
1119	0.000000	140.664369	0.000000	6.1
1120	0.000000	140.595235	0.000000	7.1
1121	0.000000	140.526192	0.000000	5.9
1122	-1.210605	140.457239	0.021390	6.6
1123	-0.616547	140.388376	0.008894	6.5
1124	0.000000	140.319603	0.000000	6.4
1125	-0.641545	140.250920	0.006171	6.7
1126	-1.127685	140.182326	0.017149	6.5
1127	-0.155172	140.113822	0.003261	6.6
1128	-0.093936	140.045407	0.003885	6.6
1129	-0.197510	139.977081	0.003927	6.3
1130	0.000000	139.908844	0.000000	6.2
1131	-0.027297	139.840696	0.001848	6.1
1132	-0.107296	139.772635	0.004203	6.7
1133	-0.080674	139.704664	0.000929	6.7
1134	-1.139290	139.636780	0.014852	5.8
1135	-0.198126	139.568984	0.006943	6.7
1136	0.000000	139.501276	0.000000	6.1
1137	0.000000	139.433655	0.000000	6.2
1138	-0.047304	139.366122	0.002644	6.6
1139	0.000000	139.298676	0.000000	6.4
1140	-0.750376	139.231317	0.007915	6.2
1141	-0.263312	139.164045	0.004425	6.9
1142	-0.335408	139.096859	0.006376	6.6
1143	-0.483933	139.029760	0.005303	6.4
1144	-1.140287	138.962747	0.022598	5.9
1145	-0.747324	138.895820	0.007956	5.9
1146	0.000000	138.828978	0.000000	5.9
1147	-1.149048	138.762223	0.024159	5.8
1148	-1.140202	138.695553	0.010466	6.6
1149	-0.815710	138.628969	0.006890	6.1
1150	-0.000289	138.562469	0.000051	5.9
1151	0.000000	138.496055	0.000000	6.4
1152	-0.005483	138.429725	0.000323	5.9
1153	-1.109070	138.363481	0.012188	6.5
1154	-0.065608	138.297320	0.001986	6.1
1155	-0.360763	138.231244	0.006100	5.8
1156	-0.848256	138.165252	0.006408	6.7
1157	-0.000002	138.099344	0.000002	6.5
1158	-0.322399	138.033520	0.008163	6.6
1159	-0.454395	137.967779	0.004686	6.3
1160	0.000000	137.902122	0.000000	5.9
1161	-0.696632	137.836548	0.004898	6.7
1162	-0.233234	137.771057	0.005581	6.0
1163	-0.628758	137.705649	0.008413	6.2
1164	-0.944869	137.640324	0.031447	7.0
1165	-1.007184	137.575081	0.009653	6.0
1166	-0.926639	137.509921	0.011852	6.7
1167	-0.463839	137.444842	0.003204	6.0
1168	-0.786363	137.379846	0.007691	6.3
1169	-0.036899	137.314932	0.002900	7.2
1170	0.000000	137.250100	0.000000	6.1
1171	-1.209837	137.185349	0.009720	6.4
1172	-1.022371	137.120680	0.005233	6.6
1173	-0.000000	137.056092	0.000000	6.3
1174	-0.919622	136.991585	0.012307	6.8
1175	-0.868142	136.927158	0.007856	6.0
1176	-1.013998	136.862813	0.005590	6.3
1177	-0.616673	136.798548	0.007340	6.4
1178	-0.861496	136.734363	0.006604	6.0
1179	-0.733285	136.670259	0.008224	6.7
1180	-0.567126	136.606235	0.004434	6.9
1181	0.000000	136.542291	0.000000	6.5
1182	-1.113123	136.478426	0.022085	6.3
1183	-0.209757	136.414641	0.004694	6.2
1184	-0.494360	136.350936	0.008660	6.7
1185	-0.085350	136.287310	0.003330	5.9
1186	-0.005041	136.223763	0.000453	6.0
1187	-0.332839	136.160295	0.007546	6.3
1188	-0.879782	136.096905	0.008006	5.9
1189	-0.037265	136.033594	0.001854	6.1
1190	-0.311421	135.970362	0.004081	6.3
1191	-0.485331	135.907208	0.004291	6.4
1192	-0.358623	135.844133	0.003992	5.6
1193	-0.853453	135.781135	0.008978	5.9
1194	0.000000	135.718215	0.000000	5.8
1195	-0.326952	135.655373	0.004782	6.4
1196	-0.736524	135.592608	0.006390	6.0
1197	0.000000	135.529921	0.000000	6.3
1198	-0.018332	135.467311	0.001802	6.0
1199	-0.746033	135.404778	0.007896	5.9
1200	-0.618473	135.342322	0.005983	7.0
1201	-0.703307	135.279942	0.013809	6.2
1202	-0.016986	135.217640	0.001453	6.1
1203	-0.115498	135.155413	0.002567	6.0
1204	-0.675258	135.093263	0.011085	6.2
1205	-0.257836	135.031190	0.004798	6.9
1206	-0.417823	134.969192	0.005439	6.2
1207	-0.673411	134.907270	0.015545	6.4
1208	-0.222059	134.845424	0.006177	7.8
1209	-0.780712	134.783653	0.005498	6.4
1210	0.000000	134.721958	0.000000	7.4
1211	0.000000	134.660338	0.000000	6.2
1212	-0.597664	134.598793	0.005379	6.4
1213	-0.545997	134.537323	0.010379	5.9
1214	-0.854415	134.475927	0.007526	6.0
1215	-0.259177	134.414607	0.007991	7.1
1216	0.000000	134.353361	0.000000	6.2
1217	-0.953867	134.292189	0.006759	6.3
1218	-0.807732	134.231092	0.012465	6.4
1219	-0.602526	134.170068	0.005305	6.1
1220	0.000000	134.109119	0.000000	6.6
1221	-0.638630	134.048243	0.008142	6.2
1222	0.000000	133.987441	0.000000	6.3
1223	-0.608578	133.926713	0.005852	6.9
1224	-0.745683	133.866057	0.007279	6.2
1225	-0.717494	133.805475	0.018601	6.2
1226	-1.269619	133.744966	0.020505	6.5
1227	-0.020597	133.684530	0.000355	6.6
1228	-0.773981	133.624167	0.005013	6.8
1229	-0.477226	133.563877	0.004954	6.1
1230	-0.000000	133.503658	0.000000	6.4
1231	-0.870293	133.443513	0.004906	6.4
1232	-0.567323	133.383439	0.003383	6.1
1233	-0.505234	133.323437	0.005226	6.5
1234	-0.404220	133.263508	0.010313	5.9
1235	-1.058236	133.203650	0.012145	5.8
1236	-0.633490	133.143864	0.005919	6.4
1237	-0.915736	133.084149	0.011060	5.7
1238	-0.591341	133.024506	0.004748	7.1
1239	-0.849769	132.964934	0.006619	6.2
1240	-0.673407	132.905433	0.011437	5.8
1241	-1.214095	132.846003	0.009351	6.3
1242	-0.189681	132.786643	0.004669	6.9
1243	-1.021732	132.727355	0.021996	6.1
1244	-0.000000	132.668137	0.000000	6.1
1245	-0.750302	132.608989	0.008209	5.9
1246	0.000000	132.549912	0.000000	6.4
1247	-0.863869	132.490904	0.011904	6.0
1248	-0.000000	132.431967	0.000000	5.8
1249	-0.507081	132.373100	0.005534	6.3
1250	0.000000	132.314302	0.000000	5.8
1251	-0.868738	132.255574	0.005352	6.6
1252	-0.013363	132.196916	0.000947	5.9
1253	-0.971590	132.138326	0.009298	5.9
1254	-0.374989	132.079806	0.003388	6.8
1255	0.000000	132.021355	0.000000	5.9
1256	-0.000000	131.962973	0.000000	6.2
1257	-0.061838	131.904660	0.002901	6.2
1258	-0.812756	131.846415	0.008321	7.1
1259	-0.267635	131.788239	0.004084	6.7
1260	-0.685147	131.730131	0.006193	6.3
1261	-0.728775	131.672092	0.009613	6.0
1262	-0.087476	131.614121	0.003381	6.7
1263	-0.234034	131.556217	0.007510	6.3
1264	-0.621079	131.498382	0.005669	6.4
1265	-0.242723	131.440614	0.005923	6.1
1266	-1.173744	131.382914	0.013054	6.1
1267	-0.817065	131.325282	0.009655	6.5
1268	0.000000	131.267717	0.000000	6.2
1269	-0.235286	131.210219	0.004683	6.2
1270	-0.465138	131.152788	0.006347	6.5
1271	-0.453973	131.095424	0.005154	5.9
1272	-0.516336	131.038127	0.005193	6.4
1273	-0.058684	130.980897	0.001230	7.2
1274	-0.761554	130.923733	0.005111	6.4
1275	-0.711170	130.866636	0.007756	6.8
1276	-0.367335	130.809605	0.005517	6.0
1277	-0.783444	130.752641	0.011166	6.9
1278	-0.157202	130.695742	0.003577	6.2
1279	-0.439015	130.638910	0.006047	6.1
1280	-1.116715	130.582143	0.008274	6.4
1281	0.000000	130.525442	0.000000	6.2
1282	-0.445961	130.468807	0.003393	7.2
1283	0.000000	130.412237	0.000000	6.3
1284	-0.998697	130.355733	0.011643	6.0
1285	-0.044472	130.299294	0.003220	6.6
1286	0.000000	130.242920	0.000000	5.9
1287	-0.000000	130.186611	0.000000	6.2
1288	-1.018285	130.130366	0.008065	6.2
1289	-1.094556	130.074187	0.009656	5.8
1290	-1.084534	130.018072	0.006105	6.4
1291	-0.799304	129.962022	0.008897	6.4
1292	0.000000	129.906036	0.000000	5.5
1293	-0.662714	129.850114	0.007538	6.6
1294	0.000000	129.794257	0.000000	6.0
1295	-1.092093	129.738463	0.011395	6.4
1296	0.000000	129.682734	0.000000	5.7
1297	-1.212927	129.627068	0.015105	6.5
1298	-0.312753	129.571466	0.002277	6.5
1299	-0.279692	129.515927	0.005470	5.9
1300	-0.000014	129.460452	0.000004	5.7
1301	-0.000000	129.405040	0.000000	6.4
1302	-0.817895	129.349692	0.013680	6.4
1303	-0.852496	129.294406	0.009126	6.5
1304	-0.155771	129.239183	0.004525	6.0
1305	-0.773433	129.184024	0.009420	6.3
1306	-0.608391	129.128927	0.007380	7.0
1307	-0.861001	129.073892	0.013677	7.5
1308	0.000000	129.018921	0.000000	7.8
1309	0.000000	128.964011	0.000000	6.6
1310	-0.001181	128.909164	0.000286	6.8
1311	-0.007108	128.854379	0.001199	7.0
1312	-0.327568	128.799656	0.005580	6.3
1313	-0.112132	128.744995	0.003467	6.6
1314	-0.857295	128.690396	0.012665	6.0
1315	-0.977652	128.635858	0.008405	6.2
1316	-0.907135	128.581382	0.007632	6.4
1317	-0.952402	128.526968	0.008261	6.2
1318	0.000000	128.472615	0.000000	6.6
1319	-1.049278	128.418323	0.010281	5.7
1320	-1.079401	128.364092	0.010786	6.1
1321	-0.890125	128.309922	0.008210	6.3
1322	-0.759734	128.255814	0.006012	6.7
1323	-1.028238	128.201766	0.008155	7.0
1324	-1.070554	128.147778	0.009077	6.2
1325	-0.004318	128.093852	0.000520	6.2
1326	-0.647850	128.039985	0.004163	7.2
1327	-0.705745	127.986180	0.011601	5.9
1328	-1.101211	127.932434	0.013664	7.1
1329	-0.099579	127.878749	0.005028	6.1
1330	-0.000000	127.825123	0.000000	5.7
1331	0.000000	127.771558	0.000000	6.8
1332	0.000000	127.718052	0.000000	5.9
1333	-1.120138	127.664606	0.010972	6.6
1334	-0.148306	127.611220	0.003282	6.7
1335	-0.650327	127.557893	0.017037	6.0
1336	-0.000748	127.504625	0.000042	6.5
1337	-0.734395	127.451417	0.007656	6.6
1338	0.000000	127.398268	0.000000	6.6
1339	-0.942010	127.345178	0.009281	6.6
1340	-0.019406	127.292147	0.001234	6.4
1341	-0.607982	127.239175	0.004494	6.9
1342	-0.181655	127.186261	0.008652	6.5
1343	-1.018913	127.133407	0.006386	6.4
1344	-0.838595	127.080610	0.004710	6.3
1345	-1.085742	127.027872	0.006437	5.9
1346	-1.117532	126.975193	0.012863	6.4
1347	-0.548017	126.922572	0.009487	6.1
1348	-0.513485	126.870008	0.006628	5.9
1349	-0.019705	126.817503	0.000333	6.5
1350	-0.705831	126.765056	0.008048	5.7
1351	-0.542146	126.712667	0.006539	6.1
1352	-0.663265	126.660335	0.004538	6.1
1353	0.000000	126.608061	0.000000	6.0
1354	-0.023398	126.555844	0.000274	6.2
1355	-0.813974	126.503685	0.016252	6.2
1356	0.000000	126.451583	0.000000	5.9
1357	-0.676696	126.399538	0.007538	6.5
1358	-0.555062	126.347550	0.010143	6.0
1359	-0.258535	126.295619	0.007638	5.5
1360	-0.472599	126.243745	0.003292	6.4
1361	-0.030717	126.191928	0.001249	5.9
1362	-0.432575	126.140168	0.006660	6.8
1363	-0.622237	126.088464	0.007615	6.0
1364	0.000000	126.036817	0.000000	6.0
1365	0.000000	125.985226	0.000000	7.0
1366	-0.686790	125.933691	0.007192	6.2
1367	-0.133775	125.882212	0.002491	6.7
1368	-0.691615	125.830790	0.006216	6.0
1369	-0.794000	125.779423	0.008470	6.5
1370	-0.089855	125.728113	0.001715	8.4
1371	-0.312827	125.676858	0.008469	6.6
1372	-0.480742	125.625659	0.009490	6.8
1373	-1.019270	125.574515	0.010382	6.8
1374	-0.354364	125.523427	0.006706	6.3
1375	-0.615716	125.472394	0.005261	6.6
1376	-0.000799	125.421417	0.000294	5.9
1377	-0.003990	125.370495	0.001154	7.3
1378	-1.032575	125.319628	0.005358	5.8
1379	-1.191337	125.268815	0.023480	6.3
1380	-1.085613	125.218058	0.007695	6.6
1381	-0.569532	125.167356	0.004221	5.9
1382	-0.644187	125.116708	0.004857	7.3
1383	-0.520989	125.066115	0.005088	6.1
1384	-0.136557	125.015576	0.005854	6.1
1385	0.000000	124.965092	0.000000	6.9
1386	-0.962855	124.914662	0.005871	6.0
1387	-0.156804	124.864287	0.001987	6.7
1388	-0.681863	124.813965	0.010273	6.1
1389	-1.076188	124.763698	0.010483	6.5
1390	-0.837841	124.713485	0.006007	6.9
1391	-0.633746	124.663325	0.007644	6.6
1392	-0.542400	124.613219	0.005821	7.0
1393	-0.000000	124.563167	0.000000	6.2
1394	0.000000	124.513168	0.000000	6.1
1395	-1.007622	124.463223	0.012021	7.3
1396	-0.000000	124.413332	0.000000	6.2
1397	-0.723105	124.363493	0.005246	7.0
1398	-0.823539	124.313708	0.007029	6.3
1399	-0.797720	124.263976	0.005314	6.3
1400	-0.544003	124.214297	0.006940	7.2
1401	-0.323129	124.164671	0.005973	5.9
1402	0.000000	124.115097	0.000000	6.9
1403	-0.523627	124.065577	0.006194	5.9
1404	-0.785686	124.016109	0.003871	6.0
1405	-0.732155	123.966693	0.012308	6.5
1406	-0.966335	123.917330	0.006995	6.5
1407	-0.038148	123.868020	0.001555	6.7
1408	-0.000000	123.818762	0.000000	5.9
1409	-0.674647	123.769556	0.004333	6.0
1410	-0.864397	123.720402	0.006225	6.4
1411	-0.735146	123.671300	0.005612	6.0
1412	-0.599100	123.622250	0.006553	6.5
1413	-0.018133	123.573252	0.001976	6.4
1414	-0.769647	123.524305	0.005464	5.9
1415	-1.158773	123.475411	0.007305	7.0
1416	-0.933295	123.426568	0.012583	6.0
1417	0.000000	123.377776	0.000000	6.5
1418	-0.079602	123.329036	0.002229	6.6
1419	-0.097163	123.280347	0.002951	5.8
1420	-0.114515	123.231709	0.005480	6.7
1421	-0.514368	123.183122	0.004431	5.9
1422	-0.000000	123.134587	0.000000	6.5
1423	-0.665425	123.086102	0.005744	7.1
1424	-1.033386	123.037669	0.009681	6.6
1425	-1.035431	122.989286	0.013440	6.6
1426	0.000000	122.940954	0.000000	6.7
1427	-0.785234	122.892672	0.002363	6.1
1428	-0.538673	122.844441	0.004006	6.8
1429	-0.675789	122.796261	0.010368	6.1
1430	0.000000	122.748130	0.000000	6.2
1431	-0.331802	122.700050	0.002319	6.4
1432	-0.964416	122.652021	0.010849	6.1
1433	-0.569554	122.604041	0.006790	7.5
1434	-0.623135	122.556111	0.005341	6.1
1435	0.000000	122.508232	0.000000	6.7
1436	-0.373107	122.460402	0.006747	6.7
1437	-0.417076	122.412622	0.005414	6.0
1438	-0.776005	122.364891	0.005734	7.7
1439	-1.081116	122.317210	0.012539	6.5
1440	-0.001888	122.269579	0.000508	7.2
1441	-0.576100	122.221997	0.003541	6.2
1442	0.000000	122.174465	0.000000	5.4
1443	0.000000	122.126981	0.000000	6.5
1444	-0.870820	122.079547	0.009462	6.1
1445	-0.081179	122.032162	0.002487	6.2
1446	-0.632314	121.984826	0.007899	6.6
1447	-0.844893	121.937539	0.006388	6.5
1448	-0.790784	121.890301	0.011768	6.5
1449	-0.005273	121.843112	0.000663	5.8
1450	-1.040395	121.795971	0.020150	5.9
1451	-0.719408	121.748879	0.004241	6.4
1452	-0.605719	121.701835	0.005937	6.1
1453	-0.806996	121.654840	0.006601	6.2
1454	-0.008266	121.607893	0.000845	6.5
1455	-0.734527	121.560994	0.010212	6.5
1456	-0.884517	121.514144	0.014521	6.7
1457	-0.815312	121.467342	0.008934	6.1
1458	0.000000	121.420588	0.000000	6.0
1459	-0.553367	121.373882	0.004179	6.4
1460	-0.653606	121.327223	0.003400	6.1
1461	-0.929025	121.280613	0.009570	7.1
1462	-0.000004	121.234050	0.000003	5.7
1463	-0.000014	121.187535	0.000007	6.1
1464	-1.214904	121.141067	0.009314	6.1
1465	-0.520742	121.094647	0.006569	6.1
1466	-1.139039	121.048274	0.013597	6.1
1467	-0.642240	121.001949	0.009480	6.3
1468	-0.317654	120.955671	0.005615	5.7
1469	-0.893680	120.909440	0.013378	6.9
1470	-0.000000	120.863256	0.000000	5.2
1471	-0.000053	120.817119	0.000010	5.9
1472	0.000000	120.771029	0.000000	7.2
1473	-0.076289	120.724986	0.002913	6.3
1474	0.000000	120.678990	0.000000	6.3
1475	-1.133019	120.633040	0.011325	6.7
1476	-0.900570	120.587137	0.007894	6.2
1477	-0.453467	120.541281	0.005023	6.9
1478	-0.182083	120.495471	0.004247	6.0
1479	-0.000409	120.449707	0.000204	6.4
1480	-0.727376	120.403990	0.008710	6.6
1481	-0.311062	120.358319	0.005897	6.0
1482	-0.577897	120.312694	0.008642	6.9
1483	0.000000	120.267115	0.000000	6.0
1484	-0.109753	120.221582	0.002676	5.7
1485	-1.142312	120.176096	0.010140	7.4
1486	-0.530170	120.130655	0.006943	6.1
1487	-0.098290	120.085260	0.003340	6.5
1488	-0.184663	120.039910	0.005095	6.4
1489	-0.955209	119.994606	0.012692	6.5
1490	-0.081344	119.949348	0.002424	7.4
1491	-0.464410	119.904135	0.006266	6.4
1492	-0.336843	119.858968	0.003815	6.9
1493	-1.160602	119.813846	0.016640	5.8
1494	-0.604508	119.768769	0.005325	5.6
1495	-0.429016	119.723738	0.003207	6.7
1496	-0.929340	119.678752	0.005800	5.9
1497	-1.119882	119.633810	0.011054	6.5
1498	-1.003536	119.588914	0.009305	6.0
1499	-0.468914	119.544062	0.004893	6.1
1500	-1.067820	119.499256	0.009797	6.8
1501	-1.223042	119.454494	0.029374	6.1
1502	-0.000000	119.409777	0.000000	5.8
1503	-0.842480	119.365104	0.006646	6.5
1504	-0.921669	119.320476	0.018145	5.8
1505	-0.832164	119.275893	0.004490	6.3
1506	-0.663359	119.231353	0.005809	6.3
1507	-1.068570	119.186859	0.009387	5.8
1508	-0.965828	119.142408	0.015610	6.6
1509	-0.000000	119.098002	0.000000	5.7
1510	-0.944100	119.053639	0.012160	5.7
1511	-0.535190	119.009321	0.010776	6.6
1512	-0.502656	118.965047	0.006751	6.1
1513	-0.025773	118.920816	0.001328	6.1
1514	0.000000	118.876630	0.000000	5.8
1515	-0.816876	118.832487	0.010452	5.8
1516	-0.732365	118.788388	0.006564	6.9
1517	-1.063190	118.744332	0.016650	5.9
1518	0.000000	118.700320	0.000000	6.7
1519	-0.000000	118.656352	0.000000	6.8
1520	-1.090774	118.612427	0.009605	5.8
1521	-0.478089	118.568545	0.007278	6.8
1522	-1.059131	118.524706	0.006485	6.4
1523	-0.862623	118.480911	0.007499	6.0
1524	-0.004504	118.437159	0.000048	6.7
1525	-1.101800	118.393450	0.013839	6.0
1526	-0.787709	118.349784	0.004829	7.0
1527	-1.107395	118.306160	0.025959	6.3
1528	-0.341386	118.262580	0.006199	5.8
1529	-0.512690	118.219042	0.006971	6.4
1530	-0.817410	118.175548	0.006464	6.1
1531	-0.443571	118.132095	0.005711	7.7
1532	-0.215427	118.088686	0.004799	6.2
1533	-0.346369	118.045319	0.009816	6.2
1534	-0.214878	118.001994	0.002559	6.9
1535	0.000000	117.958712	0.000000	6.0
1536	-0.946953	117.915472	0.005601	6.9
1537	-0.351736	117.872274	0.005662	6.3
1538	-0.823493	117.829118	0.007032	6.7
1539	0.000000	117.786005	0.000000	7.3
1540	-0.037576	117.742933	0.004358	6.1
1541	-1.102845	117.699904	0.006509	6.8
1542	0.000000	117.656916	0.000000	14.4
1543	-1.049343	117.613971	0.009643	8.0
1544	0.000000	117.571067	0.000000	7.6
1545	-0.736492	117.528205	0.008814	6.0
1546	-0.849560	117.485384	0.011527	6.1
1547	-0.026732	117.442605	0.001865	6.2
1548	-1.102307	117.399867	0.017829	5.4
1549	-0.000000	117.357171	0.000000	6.1
1550	-0.115433	117.314517	0.004043	5.9
1551	-0.347697	117.271903	0.005885	5.8
1552	0.000000	117.229331	0.000000	6.7
1553	-0.866766	117.186800	0.007797	6.2
1554	-0.516247	117.144311	0.006134	5.7
1555	-0.982708	117.101862	0.010408	6.6
1556	-1.032756	117.059454	0.012102	5.6
1557	-0.804007	117.017087	0.004618	6.1
1558	-0.374038	116.974762	0.003334	6.0
1559	-0.551933	116.932476	0.005045	5.9
1560	-0.399559	116.890232	0.005917	7.1
1561	-0.198890	116.848028	0.005989	5.9
1562	-0.871496	116.805865	0.004774	5.9
1563	0.000000	116.763743	0.000000	6.5
1564	-1.114178	116.721661	0.012839	6.0
1565	-0.262978	116.679619	0.001839	7.0
1566	-0.492710	116.637618	0.006815	5.8
1567	-0.896732	116.595657	0.006110	5.9
1568	-1.145313	116.553736	0.016104	7.2
1569	0.000000	116.511855	0.000000	6.6
1570	-0.915882	116.470015	0.007708	6.8
1571	-0.639906	116.428214	0.006202	6.1
1572	-1.140095	116.386454	0.024870	6.1
1573	-1.008891	116.344733	0.009910	6.3
1574	-1.075449	116.303052	0.008845	5.8
1575	-0.097431	116.261412	0.003770	5.9
1576	-0.828694	116.219810	0.005313	6.3
1577	-0.971949	116.178249	0.010065	6.1
1578	-0.036504	116.136727	0.004890	6.5
1579	-0.650898	116.095245	0.012033	6.1
1580	-0.352593	116.053802	0.010026	5.9
1581	-0.942283	116.012398	0.007170	6.3
1582	-1.288179	115.971034	0.011165	5.9
1583	-0.969405	115.929710	0.007106	6.1
1584	-1.064869	115.888424	0.011957	7.3
1585	-0.949797	115.847178	0.005775	5.9
1586	0.000000	115.805970	0.000000	7.1
1587	0.000000	115.764802	0.000000	5.7
1588	-1.102732	115.723673	0.005523	5.9
1589	-0.020113	115.682583	0.002148	6.6
1590	-1.199650	115.641532	0.014861	6.0
1591	0.000000	115.600519	0.000000	6.3
1592	-0.738663	115.559546	0.010039	5.9
1593	-0.996416	115.518610	0.011099	5.8
1594	-1.129742	115.477714	0.010723	6.9
1595	-1.131469	115.436856	0.008348	5.9
1596	-0.996488	115.396037	0.013123	5.9
1597	-1.118517	115.355256	0.010119	6.3
1598	-1.121666	115.314514	0.009858	5.8
1599	-0.042334	115.273810	0.002131	6.7
1600	-0.878999	115.233144	0.008495	6.0
1601	-0.875478	115.192517	0.008481	5.9
1602	-0.052240	115.151927	0.001675	6.3
1603	-0.648812	115.111376	0.011427	6.3
1604	-0.000659	115.070863	0.000275	6.2
1605	-0.984522	115.030388	0.006463	6.6
1606	-0.399939	114.989951	0.004442	5.8
1607	-0.783899	114.949551	0.007498	6.5
1608	-0.964349	114.909190	0.009097	6.2
1609	-0.000000	114.868866	0.000000	5.7
1610	-0.879675	114.828580	0.009965	6.8
1611	-1.071038	114.788332	0.009758	6.0
1612	-1.087897	114.748121	0.011474	5.8
1613	-1.098970	114.707948	0.009703	6.6
1614	-0.571210	114.667812	0.012768	5.7
1615	-0.499170	114.627714	0.005227	6.9
1616	-0.813386	114.587653	0.014680	5.9
1617	-0.698296	114.547629	0.009307	6.0
1618	-0.853508	114.507643	0.009400	6.7
1619	-0.975071	114.467693	0.007292	6.4
1620	0.000000	114.427781	0.000000	6.5
1621	-0.166251	114.387907	0.003761	6.4
1622	-0.901270	114.348069	0.006813	6.1
1623	-0.757410	114.308268	0.010382	6.6
1624	-0.949945	114.268504	0.008972	5.6
1625	-0.534793	114.228777	0.005228	6.1
1626	-0.083828	114.189086	0.001415	6.3
1627	-0.801226	114.149433	0.011641	5.9
1628	-0.494368	114.109816	0.006125	6.9
1629	-0.477244	114.070235	0.004587	5.7
1630	-0.139241	114.030692	0.005612	5.8
1631	-0.394708	113.991185	0.005498	7.0
1632	-0.001626	113.951714	0.000208	5.6
1633	0.000000	113.912280	0.000000	5.8
1634	-0.999321	113.872882	0.006559	6.0
1635	-0.717387	113.833521	0.004909	6.1
1636	-0.333317	113.794195	0.003823	6.7
1637	-0.505333	113.754906	0.004667	5.9
1638	0.000000	113.715653	0.000000	6.2
1639	-1.001668	113.676437	0.006434	6.5
1640	0.000000	113.637256	0.000000	6.0
1641	-0.081539	113.598111	0.002003	5.7
1642	-0.000000	113.559002	0.000000	6.3
1643	-0.000000	113.519929	0.000000	5.8
1644	-1.002856	113.480892	0.010763	6.5
1645	-0.601530	113.441891	0.004590	6.0
1646	-0.659114	113.402925	0.008280	6.1
1647	-0.357900	113.363995	0.008705	6.9
1648	-0.764012	113.325101	0.008201	6.1
1649	-0.722791	113.286242	0.006294	6.9
1650	-0.083001	113.247419	0.003418	6.2
1651	-0.222900	113.208631	0.005418	6.0
1652	-0.828719	113.169879	0.004412	7.2
1653	-0.998727	113.131162	0.005011	6.0
1654	-0.854087	113.092480	0.006256	5.8
1655	-0.625618	113.053833	0.006139	8.0
1656	-0.046200	113.015222	0.000915	6.2
1657	-0.000000	112.976646	0.000000	6.8
1658	-0.082601	112.938105	0.003878	6.6
1659	-1.090992	112.899599	0.017285	6.4
1660	-0.349683	112.861128	0.002271	6.4
1661	-0.555259	112.822692	0.010211	6.0
1662	0.000000	112.784291	0.000000	6.9
1663	-0.225247	112.745924	0.002602	5.8
1664	0.000000	112.707593	0.000000	5.8
1665	-1.062657	112.669296	0.014165	6.3
1666	-0.386544	112.631034	0.006023	5.8
1667	-0.965480	112.592806	0.007431	6.4
1668	-0.938586	112.554613	0.006684	6.6
1669	-0.000000	112.516455	0.000000	5.8
1670	-1.106021	112.478331	0.006849	6.7
1671	-0.765941	112.440241	0.007605	5.9
1672	-0.890958	112.402186	0.005881	5.9
1673	-0.000000	112.364165	0.000000	7.6
1674	-0.913198	112.326179	0.005329	6.5
1675	-0.991877	112.288227	0.017360	6.8
1676	-0.000000	112.250309	0.000000	5.8
1677	-0.669428	112.212425	0.009208	5.8
1678	-1.013120	112.174575	0.007604	7.6
1679	-0.944722	112.136759	0.005912	6.1
1680	-1.107618	112.098977	0.017984	6.8
1681	-0.013097	112.061229	0.001281	5.9
1682	-1.079640	112.023515	0.008813	5.8
1683	-0.060453	111.985834	0.002976	6.5
1684	-1.157280	111.948188	0.009131	5.8
1685	-1.242296	111.910575	0.014892	6.4
1686	-0.997391	111.872996	0.006038	6.3
1687	-0.588727	111.835450	0.007260	5.9
1688	-0.214838	111.797939	0.005196	7.0
1689	-0.017367	111.760460	0.001198	5.7
1690	-0.690680	111.723015	0.011999	5.9
1691	-0.619785	111.685604	0.007773	6.1
1692	0.000000	111.648226	0.000000	6.3
1693	-0.757975	111.610881	0.004909	6.4
1694	-1.019444	111.573570	0.006205	6.1
1695	-1.033503	111.536292	0.010084	5.7
1696	-0.668902	111.499047	0.006029	6.5
1697	-1.188535	111.461835	0.009757	5.9
1698	-0.683344	111.424656	0.005276	5.7
1699	-0.663537	111.387510	0.009647	6.7
1700	0.000000	111.350398	0.000000	5.8
1701	0.000000	111.313318	0.000000	6.2
1702	-0.315320	111.276271	0.003541	6.3
1703	-0.511822	111.239257	0.013985	5.8
1704	-0.954514	111.202276	0.004350	6.8
1705	-0.942489	111.165328	0.007989	6.0
1706	-0.956044	111.128412	0.006157	6.0
1707	-0.000003	111.091529	0.000001	7.3
1708	-0.748932	111.054679	0.004819	5.9
1709	-0.713235	111.017861	0.009203	6.8
1710	-0.509418	110.981076	0.006217	7.1
1711	0.000000	110.944323	0.000000	6.6
1712	-0.742365	110.907603	0.009245	6.3
1713	-0.000000	110.870915	0.000000	5.9
1714	-0.915219	110.834259	0.005879	7.0
1715	-0.912028	110.797636	0.010995	6.0
1716	-0.484509	110.761045	0.008033	6.2
1717	-1.010860	110.724486	0.012364	6.9
1718	-0.776632	110.687959	0.008612	6.2
1719	-0.052885	110.651465	0.001450	7.2
1720	0.000000	110.615002	0.000000	5.9
1721	-0.510037	110.578572	0.006681	6.5
1722	-0.630911	110.542173	0.013036	6.7
1723	-0.635894	110.505807	0.006038	5.9
1724	-0.000000	110.469472	0.000000	6.4
1725	-0.312435	110.433169	0.006902	6.4
1726	-0.693834	110.396898	0.006678	6.1
1727	-0.018028	110.360659	0.000794	6.5
1728	-0.770087	110.324451	0.018968	6.1
1729	-0.999036	110.288276	0.009111	6.4
1730	-0.771350	110.252131	0.008050	6.1
1731	-0.403073	110.216019	0.006109	5.6
1732	-0.685837	110.179937	0.005797	6.9
1733	-1.076163	110.143888	0.007594	6.0
1734	-0.023004	110.107869	0.000904	5.7
1735	-1.110688	110.071882	0.007534	6.5
1736	-0.051656	110.035927	0.002472	6.4
1737	-0.876788	110.000003	0.009559	7.0
1738	-0.793493	109.964110	0.009369	6.1
1739	-0.485807	109.928248	0.011445	6.0
1740	0.000000	109.892417	0.000000	6.6
1741	-0.000000	109.856618	0.000000	5.8
1742	-0.981290	109.820850	0.013239	6.0
1743	-0.355574	109.785112	0.004595	6.6
1744	-0.024410	109.749406	0.000664	6.2
1745	-0.511721	109.713730	0.004806	7.2
1746	-0.003478	109.678086	0.000207	5.8
1747	-0.671719	109.642472	0.008470	5.9
1748	-0.118003	109.606890	0.004596	6.8
1749	-1.025044	109.571337	0.004972	5.8
1750	-0.615922	109.535816	0.005882	7.4
1751	-0.000000	109.500326	0.000000	5.8
1752	-0.608570	109.464866	0.008698	6.7
1753	-0.023093	109.429436	0.001148	6.9
1754	-0.913895	109.394038	0.008333	5.8
1755	-0.835845	109.358669	0.004969	7.4
1756	-0.186438	109.323331	0.005838	5.9
1757	-0.991397	109.288024	0.008130	6.4
1758	0.000000	109.252747	0.000000	6.8
1759	-0.286734	109.217501	0.006151	6.2
1760	-0.779533	109.182284	0.012755	7.3
1761	0.000000	109.147098	0.000000	6.2
1762	-0.272984	109.111942	0.003958	6.0
1763	-0.692434	109.076817	0.001966	7.1
1764	-0.742862	109.041721	0.003921	6.2
1765	-0.000000	109.006656	0.000000	6.5
1766	-0.970859	108.971620	0.010943	5.8
1767	-0.516793	108.936615	0.006633	5.8
1768	-0.752504	108.901640	0.009514	7.1
1769	-0.626721	108.866694	0.015823	5.9
1770	-1.043857	108.831779	0.006966	6.0
1771	-0.418597	108.796893	0.006162	7.2
1772	-0.609579	108.762037	0.012300	5.9
1773	-0.245716	108.727211	0.004854	6.6
1774	-0.221744	108.692415	0.004372	5.8
1775	-0.730972	108.657648	0.009351	6.0
1776	0.000000	108.622911	0.000000	6.2
1777	-0.705715	108.588203	0.010190	6.4
1778	-0.744393	108.553525	0.005246	6.5
1779	-1.284571	108.518877	0.026463	5.6
1780	0.000000	108.484258	0.000000	6.2
1781	-0.989510	108.449668	0.006015	6.7
1782	-0.560602	108.415108	0.006797	5.8
1783	-0.726464	108.380578	0.008885	6.0
1784	-0.104042	108.346076	0.005134	8.5
1785	-0.844070	108.311604	0.005730	5.8
1786	-0.533417	108.277161	0.006416	6.6
1787	-1.003929	108.242747	0.007772	5.7
1788	-0.000469	108.208363	0.000022	5.9
1789	-0.246157	108.174007	0.004402	6.9
1790	-0.555171	108.139681	0.005340	5.8
1791	-0.224708	108.105383	0.002598	6.3
1792	-1.045423	108.071115	0.006274	6.3
1793	-0.921183	108.036875	0.029341	5.9
1794	-0.922039	108.002665	0.006145	6.4
1795	-1.158804	107.968483	0.009855	5.9
1796	-0.975788	107.934330	0.008842	6.1
1797	-0.806833	107.900206	0.023261	6.2
1798	-1.073400	107.866111	0.009476	5.9
1799	-0.616247	107.832044	0.006641	7.0
1800	-0.520935	107.798007	0.007180	6.2
1801	-0.689519	107.763997	0.004943	5.9
1802	-0.951740	107.730017	0.006634	7.0
1803	-0.355131	107.696065	0.006555	6.0
1804	-0.928434	107.662141	0.012920	6.9
1805	0.000000	107.628246	0.000000	6.4
1806	-0.720520	107.594379	0.013765	6.1
1807	-0.988230	107.560541	0.006168	7.5
1808	0.000000	107.526731	0.000000	6.3
1809	0.000000	107.492949	0.000000	7.8
1810	-0.982707	107.459196	0.009724	6.5
1811	-0.000000	107.425471	0.000000	6.6
1812	-0.647343	107.391774	0.007785	6.9
1813	-0.853294	107.358106	0.009680	6.6
1814	-0.987469	107.324465	0.006903	7.1
1815	-0.773323	107.290853	0.017724	6.4
1816	-1.113856	107.257268	0.013362	6.8
1817	0.000000	107.223712	0.000000	7.6
1818	-0.744735	107.190184	0.005036	7.9
1819	-0.666039	107.156683	0.008744	6.4
1820	-0.000000	107.123211	0.000000	5.7
1821	-0.208997	107.089766	0.002621	6.5
1822	0.000000	107.056349	0.000000	6.0
1823	-0.822987	107.022960	0.009893	5.8
1824	-0.210690	106.989599	0.006374	6.3
1825	-0.034505	106.956265	0.001343	5.9
1826	-0.990220	106.922960	0.007411	6.7
1827	0.000000	106.889681	0.000000	7.2
1828	-0.000000	106.856431	0.000000	6.1
1829	-0.781704	106.823208	0.005100	6.5
1830	-0.564383	106.790012	0.007293	5.7
1831	-0.062379	106.756844	0.002798	5.9
1832	-1.083778	106.723703	0.013741	6.3
1833	0.000000	106.690590	0.000000	6.2
1834	-1.155387	106.657505	0.014209	7.2
1835	-0.189656	106.624446	0.003976	5.9
1836	-0.840412	106.591415	0.012360	6.0
1837	-0.000000	106.558411	0.000000	6.6
1838	-0.848986	106.525435	0.014280	5.8
1839	-0.568661	106.492485	0.005755	6.3
1840	-0.207147	106.459563	0.004676	6.2
1841	-0.114498	106.426668	0.003246	5.7
1842	-1.004227	106.393800	0.007484	6.8
1843	-0.556797	106.360959	0.004675	5.9
1844	-0.826169	106.328145	0.008678	6.0
1845	-0.615786	106.295358	0.005186	6.7
1846	-0.831684	106.262598	0.008609	6.1
1847	-0.642191	106.229865	0.005084	6.3
1848	-0.635372	106.197158	0.007098	6.3
1849	0.000000	106.164479	0.000000	5.9
1850	0.000000	106.131826	0.000000	7.1
1851	-0.907337	106.099201	0.008443	5.8
1852	-0.415032	106.066602	0.007088	6.3
1853	-0.549709	106.034029	0.007211	6.0
1854	-0.401073	106.001483	0.007639	6.0
1855	-1.013629	105.968964	0.010825	7.5
1856	-0.425714	105.936472	0.004663	6.0
1857	-1.150790	105.904006	0.012701	6.1
1858	-0.971860	105.871566	0.006276	7.0
1859	-0.474727	105.839153	0.004869	6.1
1860	-0.176941	105.806767	0.005831	6.4
1861	0.000000	105.774407	0.000000	6.4
1862	-0.857031	105.742073	0.008737	6.1
1863	-0.499644	105.709766	0.004930	7.1
1864	-0.463125	105.677485	0.008211	6.3
1865	-0.698232	105.645230	0.006738	7.2
1866	0.000000	105.613001	0.000000	6.0
1867	0.000000	105.580799	0.000000	5.0
1868	-1.052040	105.548623	0.006483	6.4
1869	-0.006319	105.516473	0.000811	6.0
1870	0.000000	105.484349	0.000000	6.0
1871	0.000000	105.452251	0.000000	6.5
1872	0.000000	105.420179	0.000000	5.7
1873	-1.124893	105.388133	0.013610	6.5
1874	-0.124111	105.356113	0.002087	5.8
1875	-0.989088	105.324119	0.016798	6.1
1876	0.000000	105.292151	0.000000	6.5
1877	-1.176427	105.260209	0.014899	5.8
1878	0.000000	105.228293	0.000000	6.0
1879	-0.569813	105.196402	0.009512	7.0
1880	-0.000160	105.164537	0.000050	6.2
1881	-0.895786	105.132698	0.006603	7.1
1882	-0.741867	105.100885	0.006014	6.0
1883	-0.982535	105.069097	0.007179	5.6
1884	0.000000	105.037335	0.000000	6.4
1885	-0.815842	105.005598	0.010859	6.0
1886	0.000000	104.973887	0.000000	6.9
1887	-0.683856	104.942202	0.010422	5.9
1888	-0.582298	104.910542	0.004494	5.7
1889	-0.187744	104.878907	0.001828	7.0
1890	-0.809086	104.847298	0.006469	5.8
1891	-0.829829	104.815715	0.008534	5.9
1892	-0.001389	104.784156	0.000297	7.1
1893	-0.001017	104.752623	0.000201	5.9
1894	-0.459601	104.721116	0.006052	6.5
1895	-0.684356	104.689633	0.007703	6.2
1896	-0.342170	104.658176	0.004784	6.1
1897	0.000000	104.626744	0.000000	6.5
1898	0.000000	104.595337	0.000000	5.8
1899	-1.142631	104.563955	0.010846	6.0
1900	-0.133125	104.532599	0.004908	6.0
1901	-0.938817	104.501267	0.006235	5.9
1902	-0.028999	104.469960	0.001222	6.4
1903	-0.429429	104.438679	0.005564	5.9
1904	-1.194201	104.407422	0.013445	6.0
1905	-0.135652	104.376191	0.005636	6.5
1906	0.000000	104.344984	0.000000	6.0
1907	-0.799235	104.313802	0.009907	6.4
1908	-0.705518	104.282645	0.006618	6.1
1909	-0.002212	104.251513	0.000221	6.0
1910	-0.906324	104.220405	0.007515	7.1
1911	-0.982285	104.189323	0.010339	5.8
1912	-0.487035	104.158265	0.004530	6.2
1913	0.000000	104.127231	0.000000	6.8
1914	-0.000000	104.096222	0.000000	6.5
1915	0.000000	104.065238	0.000000	7.1
1916	-0.056740	104.034279	0.000848	5.9
1917	-1.094555	104.003344	0.006169	6.1
1918	-1.118866	103.972433	0.006118	6.5
1919	-0.445376	103.941547	0.002857	5.9
1920	-0.115156	103.910686	0.004535	7.6
1921	-1.015737	103.879849	0.011685	6.0
1922	0.000000	103.849036	0.000000	6.0
1923	-0.742034	103.818248	0.010015	7.4
1924	-0.709088	103.787484	0.009462	5.9
1925	-1.064539	103.756744	0.013046	6.7
1926	-0.309281	103.726029	0.006198	6.2
1927	-0.768836	103.695338	0.011210	5.8
1928	0.000000	103.664671	0.000000	7.0
1929	-0.510450	103.634028	0.005013	5.5
1930	-0.730033	103.603409	0.007692	5.6
1931	-0.787099	103.572814	0.012471	6.7
1932	0.000000	103.542244	0.000000	6.7
1933	0.000000	103.511698	0.000000	6.5
1934	-1.078572	103.481175	0.010256	5.9
1935	-1.051786	103.450677	0.014839	6.0
1936	-0.548463	103.420202	0.005237	6.4
1937	-0.633896	103.389752	0.005715	6.1
1938	-0.829943	103.359325	0.023671	5.8
1939	-0.334225	103.328922	0.006033	6.1
1940	-0.037055	103.298543	0.002342	6.2
1941	-0.535382	103.268188	0.004947	7.0
1942	0.000000	103.237857	0.000000	5.9
1943	-1.106475	103.207549	0.012516	5.7
1944	-0.793863	103.177265	0.005728	6.9
1945	0.000000	103.147005	0.000000	5.6
1946	0.000000	103.116768	0.000000	6.1
1947	-0.998471	103.086556	0.008095	6.6
1948	-1.066919	103.056366	0.006778	6.0
1949	-1.026572	103.026200	0.006333	6.7
1950	-0.085162	102.996058	0.002307	5.7
1951	-0.000000	102.965939	0.000000	6.0
1952	0.000000	102.935844	0.000000	6.8
1953	-0.496328	102.905772	0.007928	6.1
1954	-0.169473	102.875724	0.003296	6.9
1955	-0.712409	102.845699	0.011066	5.9
1956	-0.416807	102.815697	0.006294	5.5
1957	-1.018040	102.785719	0.008147	6.9
1958	-0.557417	102.755764	0.007020	5.9
1959	-0.593627	102.725832	0.003121	6.0
1960	-0.922379	102.695924	0.003477	6.2
1961	-0.448913	102.666038	0.009625	6.0
1962	-0.025219	102.636176	0.001241	6.7
1963	-0.730540	102.606337	0.007365	6.9
1964	-1.073132	102.576521	0.017562	6.0
1965	-1.071865	102.546728	0.009667	6.8
1966	-0.956877	102.516959	0.004285	5.5
1967	-0.681101	102.487212	0.006284	6.9
1968	-0.313516	102.457488	0.005686	7.1
1969	-0.802242	102.427788	0.012137	6.3
1970	-0.000000	102.398110	0.000000	6.7
1971	0.000000	102.368455	0.000000	6.5
1972	-0.851227	102.338823	0.007567	7.1
1973	-0.035183	102.309214	0.001904	5.9
1974	-0.628890	102.279628	0.007949	6.0
1975	0.000000	102.250064	0.000000	6.4
1976	-0.037042	102.220524	0.002659	6.1
1977	0.000000	102.191006	0.000000	6.8
1978	-0.249035	102.161511	0.005548	6.4
1979	-1.180314	102.132038	0.018914	6.3
1980	-1.090775	102.102588	0.018584	7.0
1981	-0.857976	102.073161	0.005115	6.2
1982	-1.044614	102.043757	0.011891	7.2
1983	0.000000	102.014375	0.000000	6.1
1984	-0.885282	101.985015	0.005988	6.2
1985	-0.046734	101.955678	0.001785	6.7
1986	-0.488230	101.926364	0.006363	6.2
1987	-1.067201	101.897072	0.007827	6.9
1988	-0.828167	101.867802	0.008363	6.2
1989	-0.000032	101.838555	0.000009	6.1
1990	0.000000	101.809330	0.000000	6.6
1991	0.000000	101.780128	0.000000	5.8
1992	0.000000	101.750948	0.000000	5.4
1993	-0.000000	101.721790	0.000000	6.9
1994	-0.483788	101.692654	0.006768	5.7
1995	-0.525507	101.663541	0.007418	6.3
1996	-0.972990	101.634450	0.006167	6.9
1997	-0.000372	101.605381	0.000024	6.5
1998	-0.476683	101.576335	0.006198	7.1
1999	-0.058537	101.547310	0.002076	5.8
