1:ItNr	2:Metric	3a:Time	3b:StepSize	4:||Gradient||	Time[ms]
0	-0.650688	0.000000	15.768918	0.010975	834.9
1	-0.643557	0.000000	15.768918	0.012150	2.3
2	-0.639145	0.000000	15.768918	0.020396	2.2
3	-0.661914	0.000000	15.768918	0.014161	2.2
4	-0.668614	0.000000	15.768918	0.011043	3.0
5	-0.674756	0.000000	15.768918	0.015767	2.7
6	-0.678537	0.000000	15.768918	0.016403	2.3
7	-0.677768	0.000000	15.768918	0.014291	2.2
8	-0.697506	0.667744	15.282961	0.011896	2.3
9	-0.673292	0.303257	15.544444	0.012276	2.1
10	-0.675656	1.176822	14.932134	0.015680	2.9
11	-0.653840	0.812334	15.181653	0.010034	2.4
12	-0.657143	0.447963	15.439568	0.011579	2.2
13	-0.677902	0.083477	15.706483	0.017019	2.2
14	-0.697578	0.000000	15.768918	0.011298	2.4
15	-0.677157	0.000000	15.768918	0.008277	2.2
16	-0.645707	0.998899	15.052903	0.005334	2.9
17	-0.683842	0.636034	15.305360	0.008908	2.1
18	-0.654216	0.271722	15.567488	0.015035	2.0
19	-0.639072	0.000000	15.768918	0.008066	2.1
20	-0.650899	0.999910	15.052211	0.009551	2.3
21	-0.680791	1.998705	14.398519	0.017706	2.4
22	-0.697567	2.825357	13.898943	0.011233	2.3
23	-0.709346	2.460943	14.114833	0.012198	2.7
24	-0.684183	3.460934	13.537802	0.007966	2.1
25	-0.644683	4.331932	13.072326	0.012001	2.2
26	-0.685136	5.295396	12.593356	0.010750	2.2
27	-0.645636	6.295396	12.131983	0.008977	2.1
28	-0.695994	5.933042	12.295205	0.011211	2.2
29	-0.670834	6.007075	12.261501	0.012765	2.2
30	-0.669755	7.006861	11.823791	0.011443	2.6
31	-0.707310	7.975354	11.428584	0.014109	2.1
32	-0.674361	7.670636	11.550050	0.017545	2.2
33	-0.665752	8.670636	11.160775	0.007329	2.1
34	-0.683326	9.555376	10.837611	0.014769	2.2
35	-0.670937	9.191109	10.968371	0.009648	2.2
36	-0.698820	8.890257	11.078770	0.014258	2.2
37	-0.672526	8.538947	11.210531	0.015471	3.1
38	-0.670708	9.538947	10.843441	0.015373	2.6
39	-0.697647	10.538947	10.499630	0.007300	2.3
40	-0.679025	11.538500	10.177091	0.014184	2.3
41	-0.658386	11.174013	10.292384	0.013358	2.2
42	-0.652041	12.174013	9.982129	0.010211	2.2
43	-0.683431	12.541541	9.872751	0.010491	2.8
44	-0.684391	13.534553	9.588868	0.010116	2.3
45	-0.703814	13.170066	9.691151	0.017474	2.2
46	-0.686479	14.159279	9.418489	0.011048	2.2
47	-0.719356	13.794793	9.517151	0.008859	2.2
48	-0.693449	13.430514	9.617843	0.009034	2.2
49	-0.654519	13.066062	9.720739	0.011133	2.2
50	-0.669447	14.017736	9.456559	0.018114	2.9
51	-0.680244	13.655388	9.555434	0.011343	2.2
52	-0.717289	14.655318	9.287458	0.015754	2.1
53	-0.665282	15.655316	9.034086	0.014036	2.2
54	-0.691914	16.655240	8.794189	0.006938	2.1
55	-0.674701	16.291372	8.879997	0.012693	2.2
56	-0.702388	17.289955	8.648411	0.011232	2.1
57	-0.677865	18.285589	8.429230	0.009137	2.9
58	-0.670591	19.285589	8.219994	0.016625	2.3
59	-0.662535	18.921449	8.294972	0.007144	2.1
60	-0.678552	18.557211	8.371351	0.010356	2.1
61	-0.668778	18.432292	8.397870	0.011133	2.3
62	-0.659185	19.432241	8.190179	0.011025	2.3
63	-0.659266	19.068984	8.264429	0.007134	2.3
64	-0.662171	19.844986	8.107416	0.015161	2.8
65	-0.677950	19.497157	8.177050	0.013608	2.2
66	-0.677998	20.496811	7.980066	0.013784	2.2
67	-0.667372	21.064432	7.872382	0.009918	2.0
68	-0.707912	20.699945	7.941192	0.011544	2.2
69	-0.672058	21.699890	7.755226	0.006991	2.2
70	-0.681154	21.335753	7.821930	0.016317	2.1
71	-0.691892	22.335378	7.641500	0.014625	3.0
72	-0.641269	23.333081	7.469530	0.011028	2.5
73	-0.704802	22.968594	7.531450	0.011151	2.5
74	-0.693814	22.605274	7.594202	0.015958	2.3
75	-0.647112	23.605274	7.423949	0.008581	2.2
76	-0.699439	23.240800	7.485111	0.015359	2.1
77	-0.689788	24.223086	7.322527	0.016402	2.6
78	-0.672408	23.867411	7.380575	0.009368	2.8
79	-0.677947	24.695867	7.246767	0.011828	2.5
80	-0.701077	24.331379	7.305034	0.010197	2.2
81	-0.685280	23.970737	7.363617	0.013332	2.2
82	-0.691478	23.606383	7.423764	0.015226	2.1
83	-0.665188	24.606318	7.260996	0.013071	2.1
84	-0.692321	24.291866	7.311407	0.010668	2.8
85	-0.678341	23.932968	7.369807	0.009942	2.1
86	-0.676641	23.568585	7.430060	0.012795	2.3
87	-0.666911	23.222543	7.488201	0.012938	2.4
88	-0.619403	24.222543	7.322615	0.008347	3.0
89	-0.642397	23.941172	7.368461	0.012005	2.7
90	-0.654153	23.606641	7.423722	0.014546	3.6
91	-0.709302	23.242153	7.484882	0.009269	2.5
92	-0.690219	24.242153	7.319441	0.014934	2.4
93	-0.660864	23.877666	7.378888	0.008050	2.5
94	-0.682724	24.877649	7.218053	0.009305	2.6
95	-0.678231	24.513313	7.275833	0.010925	2.7
96	-0.698734	24.148969	7.334548	0.015037	3.2
97	-0.703618	25.146999	7.175922	0.009322	2.1
98	-0.679273	26.125102	7.026983	0.011511	2.1
99	-0.698942	25.760615	7.081756	0.013453	2.1
100	-0.667985	26.760615	6.933480	0.009236	2.1
101	-0.677717	27.760615	6.791286	0.012098	2.2
102	-0.666486	27.396159	6.842429	0.015143	2.2
103	-0.692984	28.396159	6.703907	0.016449	2.9
104	-0.696608	29.396159	6.570883	0.008058	2.5
105	-0.679219	30.137802	6.475587	0.010742	2.4
106	-0.682755	31.137665	6.351402	0.010583	2.4
107	-0.657103	32.137665	6.231875	0.011687	2.1
108	-0.669351	31.773177	6.274917	0.008857	2.2
109	-0.679851	31.409475	6.318462	0.014268	2.4
110	-0.663923	31.264837	6.335948	0.016670	2.8
111	-0.701075	30.900349	6.380444	0.014084	2.2
112	-0.680170	30.535861	6.425570	0.010599	2.1
113	-0.684571	31.535857	6.303262	0.009977	2.1
114	-0.662560	31.171863	6.347239	0.015625	2.2
115	-0.674403	30.807397	6.391892	0.015758	2.2
116	-0.698928	31.807397	6.270850	0.014643	2.8
117	-0.681217	32.807397	6.154308	0.009220	2.9
118	-0.640873	32.443805	6.196177	0.010331	2.5
119	-0.634930	32.113083	6.234759	0.015508	2.3
120	-0.708132	33.113082	6.119542	0.011908	2.0
121	-0.660557	32.857929	6.148534	0.012958	2.2
122	-0.687848	32.580406	6.180380	0.015153	2.2
123	-0.628616	32.215918	6.222711	0.011456	3.2
124	-0.662021	33.215902	6.107936	0.014474	2.4
125	-0.672218	32.851583	6.149258	0.011974	2.4
126	-0.718806	33.851571	6.037152	0.013052	2.0
127	-0.696857	34.851571	5.929059	0.008939	2.1
128	-0.657672	35.845944	5.825346	0.011352	2.2
129	-0.652781	36.845943	5.724641	0.011504	2.2
130	-0.672632	37.838285	5.628092	0.011103	2.9
131	-0.644772	37.473798	5.663174	0.008673	2.5
132	-0.668154	38.473776	5.567955	0.009408	2.4
133	-0.653218	38.109303	5.602287	0.006913	2.1
134	-0.655949	39.052640	5.514283	0.012345	2.1
135	-0.660705	38.688411	5.547933	0.011277	2.2
136	-0.644020	39.688411	5.456516	0.014376	2.2
137	-0.665093	40.356000	5.397146	0.012396	2.7
138	-0.695873	41.356000	5.310592	0.016641	2.2
139	-0.678085	40.991513	5.341816	0.015156	2.3
140	-0.671546	40.716487	5.365621	0.007864	2.4
141	-0.680262	40.352002	5.397498	0.012726	2.3
142	-0.693038	41.352002	5.310933	0.013032	2.3
143	-0.669701	40.996567	5.341381	0.010567	2.9
144	-0.671051	41.996254	5.256619	0.011217	2.2
145	-0.677364	42.822271	5.188585	0.012214	2.2
146	-0.644557	43.797102	5.110526	0.009027	2.2
147	-0.696500	44.797101	5.032855	0.012017	2.2
148	-0.650168	45.797101	4.957510	0.007640	2.2
149	-0.688857	45.432613	4.984710	0.013978	2.1
150	-0.672046	46.431646	4.910859	0.010724	2.8
151	-0.692754	47.423119	4.839699	0.013749	3.1
152	-0.688357	47.058631	4.865618	0.015373	2.4
153	-0.639162	48.058631	4.795161	0.005282	2.2
154	-0.655840	49.023107	4.729114	0.010387	2.1
155	-0.674446	48.665605	4.753383	0.010911	2.2
156	-0.678343	48.304735	4.778134	0.009696	2.3
157	-0.672940	49.231155	4.715105	0.012203	3.1
158	-0.678487	48.867753	4.739630	0.011095	2.3
159	-0.652725	49.867406	4.672773	0.006784	2.1
160	-0.683851	49.521359	4.695702	0.007249	2.1
161	-0.659122	50.520657	4.630093	0.008524	2.1
162	-0.667045	50.156191	4.653808	0.011924	2.2
163	-0.699317	51.147898	4.589840	0.007823	2.5
164	-0.662788	52.143335	4.527375	0.007681	2.9
165	-0.683532	51.785170	4.549653	0.009338	2.7
166	-0.735019	52.122804	4.528646	0.011898	2.4
167	-0.678309	51.811499	4.548008	0.010903	2.2
168	-0.668785	51.447160	4.570880	0.010755	2.2
169	-0.692916	51.082673	4.593993	0.010109	2.4
170	-0.638812	50.718185	4.617340	0.006634	2.9
171	-0.689763	50.485270	4.632385	0.008225	2.1
172	-0.674170	50.828714	4.610235	0.015182	2.2
173	-0.707688	51.828690	4.546934	0.013028	2.2
174	-0.652179	51.464203	4.569805	0.008990	2.2
175	-0.667175	52.458701	4.507938	0.011501	2.1
176	-0.693230	52.094217	4.530417	0.014457	2.1
177	-0.665502	53.094217	4.469273	0.008841	2.9
178	-0.690457	53.449268	4.447959	0.012412	2.2
179	-0.706930	54.378106	4.393149	0.013009	2.2
180	-0.652376	55.378106	4.335631	0.009046	2.3
181	-0.677564	55.104888	4.351196	0.017407	2.2
182	-0.666056	56.104888	4.294764	0.011091	2.2
183	-0.698545	55.740403	4.315162	0.014181	2.5
184	-0.669730	56.711044	4.261264	0.011388	2.7
185	-0.657501	56.959079	4.247706	0.010390	2.6
186	-0.690363	57.601581	4.212985	0.010342	2.2
187	-0.666478	58.601494	4.160064	0.011140	2.2
188	-0.673114	59.594280	4.108819	0.012418	2.1
189	-0.667526	59.229826	4.127483	0.011334	2.2
190	-0.675259	58.865416	4.146316	0.006730	2.7
191	-0.701338	58.501047	4.165320	0.012468	2.5
192	-0.709550	59.501043	4.113578	0.010812	2.1
193	-0.679070	60.496618	4.063325	0.009862	2.1
194	-0.722318	60.139733	4.081198	0.011297	2.1
195	-0.684156	61.138860	4.031554	0.015181	2.1
196	-0.678015	62.138860	3.983063	0.013370	2.5
197	-0.675364	61.774372	4.000602	0.011469	3.0
198	-0.676446	62.215945	3.979373	0.012377	2.5
199	-0.655924	63.165692	3.934469	0.010364	2.2
200	-0.699914	62.869437	3.948367	0.005929	2.3
201	-0.690304	63.808050	3.904668	0.009635	2.1
202	-0.662714	63.516247	3.918149	0.011982	2.1
203	-0.697222	64.516246	3.872332	0.009501	2.1
204	-0.748632	64.168618	3.888137	0.015999	3.1
205	-0.675667	63.804131	3.904848	0.008015	2.6
206	-0.657205	63.439643	3.921704	0.020701	2.6
207	-0.648028	63.075171	3.938705	0.009009	2.1
208	-0.693549	62.754322	3.953793	0.010902	2.2
209	-0.638911	63.737898	3.907901	0.011773	2.2
210	-0.685033	64.737898	3.862321	0.015044	2.4
211	-0.681413	65.737898	3.817792	0.020087	2.4
212	-0.661072	66.737898	3.774279	0.009767	2.2
213	-0.678043	67.737861	3.731747	0.012771	2.1
214	-0.684348	68.737861	3.690162	0.013110	2.2
215	-0.650082	69.624953	3.654041	0.012005	2.1
216	-0.656373	69.261153	3.668769	0.009500	2.1
217	-0.658484	68.896665	3.683644	0.009209	2.1
218	-0.689892	68.681713	3.692473	0.010518	2.9
219	-0.651314	69.605811	3.654813	0.014079	2.2
220	-0.708119	69.906441	3.642726	0.014081	2.1
221	-0.695410	69.541962	3.657390	0.011743	2.3
222	-0.687548	70.541962	3.617437	0.013261	2.1
223	-0.669071	71.541938	3.578348	0.012255	2.4
224	-0.698415	72.236607	3.551687	0.012470	2.7
225	-0.714656	73.194222	3.515580	0.011309	2.5
226	-0.675482	73.195934	3.515516	0.018770	2.6
227	-0.659468	72.833549	3.529093	0.008837	2.3
228	-0.643719	72.469069	3.542854	0.010487	2.2
229	-0.685924	73.319948	3.510893	0.010800	2.2
230	-0.683765	72.955461	3.524513	0.013446	2.2
231	-0.693907	73.930535	3.488312	0.009696	2.9
232	-0.678034	73.566048	3.501757	0.009349	2.5
233	-0.658589	74.459622	3.468978	0.014560	2.2
234	-0.649488	75.459608	3.433015	0.011144	2.2
235	-0.643139	75.981757	3.414532	0.009485	2.4
236	-0.635530	76.981757	3.379683	0.009624	2.2
237	-0.696337	77.973815	3.345807	0.009788	2.2
238	-0.671727	78.049732	3.343243	0.010038	2.9
239	-0.669812	79.049732	3.309827	0.009917	2.2
240	-0.680665	78.685278	3.321928	0.012910	2.1
241	-0.670647	79.685277	3.288934	0.011032	2.3
242	-0.671384	80.685247	3.256591	0.018097	2.4
243	-0.656689	80.322567	3.268248	0.006509	2.3
244	-0.644383	79.958080	3.280047	0.008743	2.6
245	-0.694139	80.836492	3.251755	0.010449	3.0
246	-0.668094	80.532206	3.261500	0.013657	2.5
247	-0.691473	80.167983	3.273242	0.009493	2.6
248	-0.691215	81.167828	3.241209	0.009167	2.1
249	-0.670451	82.157561	3.210112	0.007719	2.2
