1:ItNr	2:Metric	3:StepSize	4:||Gradient||	Time[ms]
0	-0.825410	627.201626	0.008563	745.9
1	-0.951114	623.504937	0.009221	7.3
2	-0.000000	619.865785	0.000000	7.4
3	-0.000000	616.282728	0.000000	7.3
4	-0.026765	612.754375	0.000634	8.5
5	-0.615231	609.279381	0.006857	7.1
6	-0.784697	605.856447	0.008489	7.9
7	-0.107935	602.484317	0.002249	8.2
8	-0.790583	599.161779	0.014776	8.2
9	-0.432038	595.887656	0.006581	7.4
10	-0.434183	592.660813	0.010613	8.3
11	-0.103437	589.480151	0.002103	7.5
12	-0.612564	586.344606	0.011110	8.9
13	-0.000000	583.253145	0.000000	7.7
14	-0.000000	580.204771	0.000000	8.7
15	-0.821903	577.198517	0.006080	7.4
16	-1.107781	574.233444	0.009321	8.6
17	-0.472530	571.308645	0.006322	7.5
18	-0.427466	568.423237	0.006353	8.3
19	-0.003894	565.576365	0.000901	8.4
20	-0.000002	562.767201	0.000002	8.8
21	-0.000000	559.994938	0.000000	7.8
22	-0.551342	557.258797	0.007299	8.6
23	-0.805728	554.558018	0.008893	7.7
24	-0.739509	551.891865	0.008852	8.9
25	-0.556888	549.259621	0.006720	7.9
26	-0.991289	546.660592	0.007212	8.9
27	-0.591785	544.094102	0.005498	9.1
28	-0.724084	541.559494	0.006724	8.5
29	-0.436177	539.056129	0.009990	7.8
30	-1.096092	536.583387	0.013474	8.5
31	-0.451290	534.140663	0.006744	9.0
32	-0.935491	531.727370	0.008513	10.3
33	-0.561962	529.342935	0.007954	9.8
34	-0.778105	526.986802	0.007663	8.2
35	-0.826574	524.658430	0.013978	8.8
36	-0.000000	522.357290	0.000000	8.0
37	-0.778369	520.082868	0.010488	8.8
38	-1.076300	517.834665	0.010092	8.2
39	-0.938586	515.612193	0.007515	9.3
40	-0.196563	513.414976	0.005961	8.0
41	-0.680804	511.242551	0.008565	9.4
42	-0.438598	509.094468	0.005051	8.4
43	-0.000000	506.970285	0.000000	9.1
44	-0.859552	504.869574	0.006101	7.9
45	-0.927652	502.791916	0.008832	8.9
46	-0.210944	500.736903	0.005625	8.2
47	-0.000000	498.704137	0.000000	8.8
48	-0.961645	496.693228	0.012860	9.0
49	-0.961559	494.703798	0.009803	8.7
50	-0.109774	492.735476	0.002766	7.6
51	-0.967506	490.787900	0.008481	8.8
52	-0.974751	488.860718	0.006830	7.9
53	-0.227509	486.953585	0.005056	9.1
54	-0.478613	485.066164	0.006662	8.0
55	-0.000000	483.198126	0.000000	8.5
56	-0.957911	481.349149	0.009125	8.4
57	-0.574984	479.518920	0.006630	8.7
58	-0.268014	477.707132	0.007420	8.6
59	-0.703441	475.913485	0.008095	8.5
60	-0.422985	474.137684	0.007868	9.1
61	-0.000000	472.379445	0.000000	8.2
62	-0.890746	470.638485	0.008232	9.3
63	-0.742710	468.914531	0.006630	8.3
64	-0.006527	467.207315	0.000077	9.3
65	-0.418984	465.516573	0.005564	8.0
66	-0.087755	463.842050	0.004497	9.4
67	-0.656707	462.183494	0.009902	8.5
68	-0.466938	460.540658	0.006163	8.6
69	-0.257078	458.913303	0.004962	8.2
70	-0.801593	457.301192	0.009333	9.2
71	-0.000000	455.704096	0.000000	8.3
72	-0.238054	454.121787	0.004982	8.9
73	-0.837734	452.554045	0.006649	8.1
74	-0.308035	451.000653	0.004785	9.1
75	-0.000000	449.461399	0.000000	8.9
76	-0.566211	447.936075	0.007482	8.4
77	-0.000000	446.424477	0.000000	8.9
78	-0.000000	444.926406	0.000000	8.3
79	-0.000000	443.441666	0.000000	9.3
80	-0.479114	441.970065	0.007779	8.0
81	-0.805295	440.511415	0.008744	9.0
82	-0.687297	439.065533	0.007368	8.5
83	-0.502920	437.632238	0.006747	8.9
84	-0.830741	436.211351	0.007992	8.1
85	-0.728716	434.802701	0.011282	9.0
86	-0.000000	433.406117	0.000000	8.1
87	-0.144413	432.021430	0.002405	9.0
88	-0.000000	430.648479	0.000000	7.8
89	-0.207828	429.287101	0.003337	8.4
90	-0.702559	427.937140	0.009391	7.9
91	-0.480275	426.598440	0.008416	9.2
92	-0.899149	425.270849	0.005211	8.1
93	-1.006838	423.954220	0.025505	9.4
94	-0.225641	422.648404	0.005763	8.3
95	-0.013230	421.353259	0.000363	9.1
96	-0.979384	420.068643	0.008065	8.7
97	-0.620049	418.794419	0.006677	8.6
98	-0.331172	417.530451	0.006908	9.0
99	-0.515916	416.276604	0.006545	9.1
100	-0.387700	415.032748	0.009471	9.9
101	-0.724339	413.798754	0.012369	8.4
102	-0.220620	412.574495	0.005053	9.1
103	-0.912520	411.359849	0.005568	8.3
104	-0.000000	410.154691	0.000000	9.0
105	-0.828667	408.958904	0.009720	8.5
106	-0.631961	407.772368	0.006577	9.2
107	-0.359634	406.594968	0.003435	8.5
108	-0.835595	405.426590	0.006854	8.6
109	-0.438603	404.267122	0.007217	8.7
110	-0.400792	403.116456	0.006549	8.8
111	-0.867560	401.974481	0.007879	9.6
112	-1.020861	400.841093	0.009380	8.7
113	-0.917852	399.716187	0.009016	10.2
114	-0.034271	398.599660	0.001282	9.1
115	-0.488808	397.491411	0.006876	9.1
116	-0.024081	396.391342	0.001084	8.5
117	-0.522902	395.299353	0.006509	9.0
118	-0.404988	394.215350	0.005295	8.2
119	-0.645468	393.139238	0.007957	10.0
120	-0.653868	392.070924	0.008911	8.8
121	-0.221308	391.010316	0.005036	8.4
122	-0.057722	389.957325	0.001297	9.7
123	-0.014511	388.911862	0.000766	9.3
124	-0.673147	387.873839	0.006849	9.3
125	-0.402955	386.843173	0.004003	8.3
126	-0.000005	385.819777	0.000009	9.9
127	-0.198296	384.803569	0.002743	8.9
128	-0.249918	383.794468	0.003432	9.9
129	-0.152873	382.792393	0.004121	9.5
130	-0.000000	381.797264	0.000000	8.5
131	-0.000000	380.809005	0.000000	9.5
132	-0.000000	379.827537	0.000000	8.0
133	-0.922244	378.852786	0.012310	9.4
134	-1.029427	377.884678	0.007676	8.4
135	-1.001633	376.923138	0.029638	9.2
136	-0.964629	375.968095	0.015708	8.1
137	-0.262978	375.019479	0.004856	8.9
138	-0.928526	374.077218	0.008389	7.7
139	-0.644381	373.141244	0.009419	9.4
140	-0.500849	372.211489	0.007433	8.7
141	-0.694403	371.287887	0.009065	9.1
142	-0.019104	370.370370	0.000581	8.6
143	-0.007947	369.458876	0.000781	8.6
144	-0.068663	368.553338	0.002562	9.2
145	-0.000000	367.653696	0.000000	8.4
146	-0.000000	366.759885	0.000000	9.8
147	-0.094100	365.871846	0.002772	8.4
148	-0.897494	364.989518	0.006765	9.8
149	-0.852216	364.112841	0.007350	8.7
150	-0.018246	363.241757	0.000518	9.5
151	-0.500694	362.376208	0.006008	8.4
152	-0.688828	361.516137	0.007123	8.9
153	-0.897442	360.661488	0.009299	9.2
154	-0.257757	359.812206	0.002537	8.4
155	-0.588290	358.968236	0.004854	9.6
156	-0.843851	358.129524	0.006642	8.3
157	-0.263781	357.296018	0.004372	9.2
158	-0.000000	356.467665	0.000000	8.2
159	-0.794193	355.644414	0.005616	9.4
160	-0.308096	354.826213	0.004029	8.0
161	-0.001025	354.013012	0.000052	8.9
162	-0.000000	353.204763	0.000000	8.2
163	-0.006762	352.401415	0.000251	8.6
164	-0.280757	351.602922	0.003244	8.6
165	-0.846470	350.809235	0.008194	9.2
166	-0.905471	350.020308	0.010185	7.9
167	-0.561740	349.236095	0.005738	9.1
168	-0.558516	348.456550	0.007245	8.9
169	-0.585953	347.681627	0.006909	8.4
170	-1.016975	346.911283	0.011897	9.2
171	-0.928950	346.145474	0.010219	8.4
172	-0.000000	345.384157	0.000000	9.3
173	-0.513103	344.627288	0.005248	8.5
174	-0.415101	343.874826	0.005462	9.3
175	-0.406925	343.126729	0.005169	8.9
176	-0.000000	342.382957	0.000000	9.3
177	-0.894618	341.643469	0.012421	8.2
178	-0.565728	340.908224	0.009408	9.0
179	-0.979670	340.177184	0.011195	8.4
180	-0.543899	339.450309	0.003821	9.2
181	-0.000000	338.727561	0.000000	8.8
182	-0.361649	338.008902	0.005374	8.6
183	-0.896447	337.294295	0.007172	9.1
184	-0.568643	336.583703	0.006819	8.4
185	-0.930195	335.877089	0.008757	9.4
186	-0.000000	335.174416	0.000000	8.5
187	-0.896696	334.475651	0.005268	9.2
188	-0.747919	333.780756	0.008805	8.9
189	-0.831289	333.089698	0.007425	9.5
190	-0.300146	332.402443	0.004296	8.3
191	-0.000000	331.718955	0.000000	8.7
192	-0.706463	331.039203	0.014138	9.0
193	-0.000000	330.363153	0.000000	9.2
194	-0.734677	329.690771	0.018409	9.4
195	-0.497735	329.022027	0.009558	8.3
196	-0.063142	328.356888	0.002307	9.9
197	-0.434375	327.695322	0.005463	8.4
198	-0.000000	327.037299	0.000000	9.1
199	-0.693948	326.382787	0.010071	9.0
200	-0.479335	325.731758	0.005830	9.4
201	-0.000000	325.084179	0.000000	8.4
202	-0.660082	324.440023	0.007161	9.1
203	-0.416326	323.799258	0.006085	9.3
204	-0.693514	323.161858	0.011294	8.4
205	-0.508359	322.527792	0.007744	9.2
206	-1.110137	321.897034	0.013781	8.5
207	-0.481538	321.269554	0.005282	9.2
208	-0.819771	320.645325	0.006042	8.0
209	-0.053996	320.024320	0.000873	9.2
210	-1.057138	319.406512	0.018048	9.2
211	-0.000047	318.791875	0.000035	9.3
212	-0.001363	318.180381	0.000686	8.2
213	-0.235865	317.572005	0.007552	9.3
214	-0.709061	316.966721	0.005578	9.3
215	-0.000000	316.364504	0.000000	8.7
216	-0.200216	315.765329	0.003948	9.7
217	-0.508150	315.169170	0.006712	8.2
218	-0.000000	314.576003	0.000000	9.4
219	-0.432875	313.985804	0.007158	8.4
220	-0.970459	313.398548	0.007474	9.1
221	-0.975963	312.814213	0.008209	8.2
222	-0.218523	312.232773	0.005840	9.5
223	-0.014370	311.654207	0.000876	9.0
224	-0.000000	311.078491	0.000000	8.6
225	-0.600370	310.505602	0.009223	8.7
226	-0.704760	309.935518	0.007789	9.0
227	-0.006030	309.368217	0.000603	9.1
228	-0.639406	308.803676	0.005597	8.3
229	-0.146902	308.241874	0.002483	9.7
230	-0.000000	307.682789	0.000000	8.1
231	-0.597087	307.126400	0.006589	9.2
232	-0.710474	306.572687	0.010687	8.1
233	-0.976093	306.021627	0.012831	8.8
234	-0.000000	305.473201	0.000000	8.9
235	-0.000000	304.927388	0.000000	8.9
236	-0.855086	304.384168	0.007325	8.3
237	-0.886970	303.843521	0.007655	8.9
238	-0.564502	303.305427	0.006958	8.7
239	-0.586838	302.769867	0.008392	9.2
240	-0.594861	302.236821	0.007468	9.1
241	-0.982199	301.706270	0.014798	8.7
242	-0.663024	301.178196	0.006921	9.3
243	-1.008863	300.652580	0.008290	8.1
244	-0.889545	300.129402	0.006652	8.9
245	-0.032193	299.608645	0.000496	8.8
246	-0.914073	299.090291	0.012408	9.5
247	-0.046697	298.574321	0.002659	8.3
248	-0.668709	298.060718	0.007905	9.5
249	-0.387830	297.549465	0.004948	8.2
250	-0.564538	297.040543	0.006220	9.4
251	-0.431448	296.533936	0.005181	8.3
252	-0.441369	296.029626	0.008787	9.1
253	-0.101348	295.527597	0.000674	9.0
254	-0.149036	295.027832	0.003565	8.2
255	-0.402243	294.530315	0.007164	9.3
256	-0.000000	294.035028	0.000000	7.9
257	-0.225286	293.541956	0.003829	9.2
258	-0.836310	293.051083	0.008421	8.5
259	-0.000000	292.562393	0.000000	8.4
260	-1.003422	292.075870	0.013923	8.3
261	-0.789200	291.591498	0.010889	8.7
262	-0.944419	291.109263	0.012841	8.0
263	-0.628597	290.629149	0.013433	9.0
264	-0.000000	290.151140	0.000000	8.3
265	-0.236205	289.675222	0.004309	9.1
266	-0.601591	289.201380	0.008617	8.4
267	-0.000000	288.729600	0.000000	9.4
268	-0.422319	288.259866	0.006779	8.2
269	-0.325159	287.792165	0.004482	8.8
270	-0.840503	287.326481	0.007564	8.6
271	-0.000000	286.862802	0.000000	9.5
272	-0.894425	286.401113	0.008135	9.2
273	-0.740082	285.941400	0.008251	8.5
274	-0.001763	285.483649	0.000529	9.4
275	-0.721789	285.027847	0.009871	8.4
276	-0.331262	284.573981	0.005286	9.5
277	-0.669069	284.122037	0.004762	8.3
278	-0.021538	283.672002	0.000989	8.9
279	-0.671553	283.223863	0.006844	8.7
280	-1.052395	282.777607	0.017956	9.0
281	-0.000010	282.333221	0.000001	8.4
282	-0.445559	281.890692	0.006453	10.4
283	-0.000000	281.450008	0.000000	9.7
284	-1.150072	281.011157	0.007660	8.3
285	-0.603831	280.574125	0.013331	9.2
286	-0.774013	280.138901	0.010353	8.2
287	-0.690183	279.705473	0.007091	10.0
288	-0.000000	279.273829	0.000000	8.7
289	-0.143566	278.843956	0.001832	8.9
290	-0.305994	278.415844	0.004391	8.4
291	-0.744215	277.989479	0.018915	9.6
292	-0.144610	277.564851	0.002386	8.8
293	-0.887182	277.141949	0.007027	9.1
294	-0.878715	276.720761	0.009476	9.3
295	-0.419129	276.301275	0.011866	8.4
296	-0.697003	275.883480	0.008215	9.3
297	-0.000000	275.467366	0.000000	8.5
298	-0.000000	275.052922	0.000000	9.1
299	-0.787050	274.640136	0.006233	8.1
300	-0.000000	274.228998	0.000000	9.2
301	-0.000000	273.819497	0.000000	8.2
302	-0.021221	273.411623	0.000319	8.7
303	-1.070340	273.005365	0.019454	8.3
304	-1.122428	272.600712	0.022007	8.7
305	-0.455641	272.197655	0.008526	8.3
306	-0.987518	271.796184	0.008385	8.8
307	-1.023910	271.396287	0.010978	7.9
308	-0.000000	270.997956	0.000000	8.6
309	-0.021720	270.601180	0.000257	8.6
310	-0.889403	270.205949	0.008826	8.6
311	-0.915525	269.812254	0.007923	8.9
312	-0.636055	269.420085	0.007071	8.6
313	-0.863954	269.029432	0.012123	9.4
314	-0.022161	268.640287	0.000345	8.4
315	-0.000000	268.252638	0.000000	9.1
316	-0.040779	267.866478	0.001133	8.2
317	-0.448512	267.481796	0.007065	9.0
318	-0.394192	267.098584	0.005701	9.7
319	-0.830227	266.716833	0.006440	9.0
320	-0.086957	266.336533	0.001681	8.3
321	-0.684828	265.957676	0.006505	9.2
322	-0.000000	265.580253	0.000000	8.7
323	-0.000000	265.204254	0.000000	8.6
324	-0.616086	264.829672	0.007306	9.0
325	-0.000000	264.456497	0.000000	8.6
326	-0.000000	264.084721	0.000000	9.3
327	-0.787702	263.714335	0.012870	8.9
328	-0.000000	263.345332	0.000000	8.8
329	-0.859434	262.977702	0.005579	8.5
330	-0.944608	262.611438	0.017446	9.4
331	-0.000000	262.246531	0.000000	8.3
332	-0.126907	261.882973	0.003945	9.1
333	-0.321150	261.520756	0.009343	9.0
334	-0.054913	261.159871	0.002266	8.9
335	-0.000000	260.800312	0.000000	8.8
336	-0.726580	260.442070	0.006501	8.5
337	-0.767800	260.085137	0.008109	9.2
338	-0.472344	259.729505	0.006465	8.8
339	-0.940376	259.375167	0.014355	9.3
340	-0.432028	259.022116	0.005363	9.0
341	-0.507998	258.670343	0.007896	9.3
342	-0.000000	258.319841	0.000000	8.2
343	-0.506535	257.970602	0.005355	9.8
344	-0.004655	257.622620	0.000271	8.2
345	-0.000000	257.275887	0.000000	8.9
346	-0.351924	256.930396	0.004615	8.4
347	-0.619568	256.586139	0.011269	9.4
348	-0.000000	256.243109	0.000000	9.2
349	-0.000287	255.901300	0.000006	8.6
350	-0.792037	255.560703	0.007701	9.3
351	-0.000000	255.221313	0.000000	8.0
352	-0.024447	254.883122	0.003148	9.2
353	-0.801526	254.546124	0.006044	8.9
354	-0.859239	254.210311	0.007618	8.8
355	-0.859414	253.875677	0.005545	7.9
356	-0.643163	253.542215	0.005714	9.1
357	-0.380926	253.209918	0.004625	8.5
358	-0.006083	252.878781	0.000738	8.7
359	-0.000000	252.548795	0.000000	7.9
360	-0.694111	252.219956	0.005802	8.9
361	-0.430150	251.892255	0.006847	8.0
362	-0.903537	251.565688	0.012187	9.4
363	-0.530081	251.240247	0.005788	8.5
364	-0.002070	250.915926	0.000026	9.3
365	-0.549947	250.592720	0.007829	8.9
366	-0.876482	250.270621	0.007719	8.4
367	-0.190280	249.949624	0.001383	9.6
368	-0.589873	249.629723	0.006850	8.9
369	-0.000005	249.310911	0.000002	8.8
370	-0.049301	248.993182	0.000510	8.2
371	-0.752671	248.676531	0.006684	9.7
372	-0.607286	248.360952	0.008093	8.4
373	-0.645665	248.046438	0.008564	9.4
374	-0.553272	247.732984	0.010165	8.4
375	-0.000000	247.420584	0.000000	8.8
376	-0.730742	247.109233	0.006645	8.7
377	-0.000000	246.798924	0.000000	9.4
378	-0.023966	246.489652	0.000589	9.7
379	-0.042802	246.181412	0.000548	8.5
380	-0.188724	245.874197	0.003258	9.1
381	-0.849164	245.568002	0.006742	8.1
382	-0.000000	245.262822	0.000000	9.5
383	-0.633974	244.958652	0.008863	8.0
384	-0.825806	244.655485	0.008258	9.3
385	-0.447226	244.353317	0.007480	8.3
386	-0.240435	244.052142	0.002232	8.8
387	-1.022606	243.751955	0.012922	8.5
388	-0.000000	243.452750	0.000000	9.3
389	-0.796909	243.154523	0.009598	9.3
390	-0.832427	242.857268	0.011190	8.5
391	-0.878033	242.560980	0.014429	9.5
392	-0.531238	242.265654	0.006001	8.2
393	-1.250488	241.971285	0.011424	9.2
394	-0.000000	241.677868	0.000000	8.4
395	-0.592082	241.385397	0.007411	9.3
396	-0.018695	241.093869	0.001945	8.2
397	-0.540889	240.803278	0.009987	8.9
398	-0.000000	240.513619	0.000000	8.0
399	-0.896954	240.224887	0.005887	9.3
400	-0.000000	239.937077	0.000000	7.9
401	-0.742325	239.650186	0.007256	9.2
402	-1.009576	239.364207	0.010764	8.2
403	-0.453913	239.079136	0.005434	9.7
404	-0.955012	238.794969	0.007801	9.4
405	-0.107387	238.511701	0.002087	8.5
406	-0.990465	238.229327	0.008860	9.7
407	-0.359764	237.947843	0.005014	8.5
408	-0.676017	237.667244	0.006868	9.4
409	-0.818719	237.387526	0.007422	8.1
410	-0.000000	237.108684	0.000000	8.7
411	-0.482095	236.830714	0.003192	8.2
412	-0.000000	236.553610	0.000000	9.2
413	-0.082806	236.277370	0.002420	8.5
414	-0.000000	236.001989	0.000000	9.1
415	-0.227247	235.727461	0.004104	8.2
416	-0.381055	235.453784	0.006106	8.5
417	-0.000038	235.180952	0.000057	8.2
418	-0.095063	234.908962	0.003552	8.3
419	-0.653831	234.637809	0.008213	8.9
420	-0.386492	234.367488	0.003932	8.3
421	-0.615248	234.097997	0.005849	9.3
422	-0.000480	233.829331	0.000443	8.2
423	-0.864372	233.561485	0.008695	9.3
424	-0.065372	233.294456	0.002896	7.8
425	-0.873528	233.028239	0.005991	9.2
426	-0.794308	232.762831	0.006690	8.8
427	-0.142337	232.498228	0.003742	8.5
428	-0.818683	232.234425	0.007326	8.5
429	-1.095850	231.971419	0.022154	9.2
430	-0.089016	231.709205	0.001907	8.8
431	-0.420534	231.447781	0.005446	11.2
432	-0.946239	231.187141	0.004540	11.7
433	-0.266689	230.927283	0.003644	8.5
434	-0.771220	230.668202	0.004498	10.8
435	-0.398408	230.409895	0.005166	10.2
436	-0.006918	230.152358	0.000466	11.8
437	-0.000000	229.895587	0.000000	11.1
438	-0.518063	229.639578	0.008732	9.1
439	-0.483065	229.384329	0.007680	8.7
440	-0.000000	229.129834	0.000000	9.4
441	-0.747226	228.876091	0.014040	8.3
442	-0.789131	228.623096	0.007604	9.2
443	-1.010087	228.370846	0.008029	8.4
444	-0.000000	228.119336	0.000000	9.1
445	-0.601414	227.868563	0.006241	8.3
446	-0.946910	227.618525	0.011367	9.4
447	-0.000000	227.369216	0.000000	8.4
448	-0.000000	227.120635	0.000000	9.1
449	-0.956865	226.872777	0.007792	8.3
450	-0.715892	226.625638	0.005651	8.7
451	-0.000000	226.379217	0.000000	8.4
452	-0.000426	226.133509	0.000280	8.6
453	-0.000000	225.888510	0.000000	7.8
454	-0.642240	225.644218	0.009646	8.5
455	-0.125365	225.400630	0.003621	9.2
456	-0.968087	225.157741	0.009939	8.4
457	-0.802730	224.915549	0.009705	8.5
458	-0.224170	224.674051	0.006628	8.5
459	-0.885391	224.433242	0.007486	9.3
460	-0.005721	224.193121	0.000416	8.5
461	-0.452986	223.953684	0.006324	9.3
462	-0.898564	223.714927	0.005627	8.9
463	-0.733757	223.476848	0.009483	10.0
464	-0.953087	223.239444	0.005207	8.4
465	-0.000000	223.002710	0.000000	9.2
466	-0.352854	222.766645	0.007656	8.2
467	-0.725716	222.531245	0.008759	9.0
468	-0.449225	222.296508	0.003803	9.0
469	-0.991407	222.062429	0.005010	8.2
470	-0.819095	221.829007	0.010060	9.0
471	-0.708293	221.596238	0.011806	8.4
472	-0.000000	221.364119	0.000000	9.7
473	-0.287538	221.132647	0.003790	9.1
474	-0.955480	220.901820	0.006203	9.2
475	-1.126765	220.671634	0.011336	8.9
476	-0.000000	220.442086	0.000001	9.3
477	-0.060430	220.213174	0.001460	8.2
478	-0.514878	219.984895	0.005636	9.4
479	-0.743557	219.757246	0.007572	8.5
480	-0.583409	219.530224	0.005187	8.2
481	-0.515350	219.303826	0.007018	8.9
482	-0.000000	219.078050	0.000000	8.9
483	-0.828422	218.852893	0.005374	9.7
484	-0.594755	218.628352	0.007156	8.1
485	-1.130859	218.404424	0.012706	9.0
486	-0.000000	218.181106	0.000000	8.6
487	-0.808513	217.958397	0.006429	9.4
488	-0.506401	217.736292	0.006182	9.0
489	-0.465721	217.514790	0.007475	8.9
490	-0.517400	217.293888	0.004680	8.3
491	-0.915971	217.073584	0.005701	8.8
492	-0.737633	216.853873	0.005877	8.3
493	-0.819464	216.634755	0.006415	8.9
494	-0.946132	216.416227	0.011453	8.7
495	-0.912569	216.198285	0.005798	8.2
496	-0.000000	215.980927	0.000000	9.1
497	-0.584677	215.764151	0.006828	9.5
498	-0.137644	215.547955	0.002426	9.4
499	-0.393414	215.332335	0.005947	8.1
500	-0.000000	215.117289	0.000000	9.3
501	-0.007525	214.902815	0.000143	8.6
502	-0.000000	214.688911	0.000000	9.0
503	-0.388998	214.475573	0.004155	8.1
504	-0.541973	214.262800	0.006653	9.0
505	-0.204942	214.050588	0.002876	7.9
506	-0.926127	213.838936	0.007344	9.1
507	-0.586481	213.627842	0.006095	8.1
508	-0.860261	213.417302	0.006393	9.2
509	-0.000000	213.207314	0.000000	8.7
510	-0.854068	212.997877	0.007163	8.1
511	-0.898314	212.788987	0.007532	9.8
512	-0.649336	212.580642	0.007910	8.4
513	-0.000000	212.372841	0.000000	9.2
514	-1.054306	212.165581	0.016691	8.6
515	-0.511449	211.958859	0.005775	9.3
516	-0.447967	211.752673	0.005535	8.7
517	-0.000000	211.547021	0.000000	8.8
518	-0.593410	211.341902	0.005545	9.1
519	-0.000000	211.137311	0.000000	9.5
520	-0.000000	210.933248	0.000000	8.8
521	-0.000000	210.729710	0.000000	9.5
522	-0.036167	210.526695	0.001313	9.3
523	-0.667047	210.324200	0.006415	8.3
524	-0.240526	210.122224	0.003744	9.0
525	-0.141298	209.920765	0.003862	8.5
526	-0.756356	209.719820	0.007709	8.8
527	-0.045980	209.519387	0.000620	8.6
528	-0.017701	209.319463	0.000215	8.8
529	-0.288835	209.120048	0.006326	8.6
530	-0.875781	208.921139	0.006004	9.0
531	-0.437634	208.722733	0.011899	8.5
532	-0.285939	208.524829	0.004530	9.0
533	-0.169769	208.327425	0.004021	8.7
534	-0.912618	208.130518	0.008478	9.2
535	-0.306209	207.934107	0.004703	9.2
536	-0.554902	207.738189	0.005535	8.4
537	-0.000000	207.542762	0.000000	9.2
538	-0.000000	207.347825	0.000000	8.5
539	-0.624948	207.153376	0.008940	9.4
540	-0.393673	206.959412	0.006315	8.1
541	-0.141782	206.765932	0.004074	10.1
542	-0.000000	206.572933	0.000000	13.2
543	-0.051114	206.380414	0.002279	10.7
544	-0.724695	206.188373	0.006548	12.8
545	-0.746795	205.996807	0.006959	11.1
546	-0.000000	205.805716	0.000000	9.6
547	-0.707133	205.615096	0.010111	10.8
548	-0.713325	205.424946	0.009749	9.6
549	-0.967125	205.235265	0.011279	8.8
550	-1.011359	205.046050	0.019360	9.6
551	-0.293386	204.857299	0.004776	8.5
552	-0.000000	204.669011	0.000000	9.2
553	-0.868520	204.481184	0.005757	8.3
554	-0.006285	204.293816	0.001328	8.8
555	-0.000001	204.106905	0.000001	8.6
556	-0.000000	203.920449	0.000000	9.3
557	-0.370952	203.734447	0.005216	8.5
558	-0.885935	203.548896	0.009269	8.8
559	-0.950100	203.363795	0.007035	8.7
560	-0.744073	203.179143	0.006793	8.7
561	-0.000000	202.994937	0.000000	9.1
562	-0.805210	202.811176	0.006372	8.5
563	-0.855058	202.627857	0.006955	9.3
564	-0.391831	202.444980	0.005170	8.5
565	-0.867602	202.262543	0.007444	9.7
566	-1.051939	202.080543	0.011088	8.5
567	-0.763325	201.898979	0.007471	10.1
568	-0.000030	201.717849	0.000021	8.3
569	-0.181750	201.537153	0.004604	9.0
570	-0.937307	201.356887	0.008239	8.7
571	-0.076392	201.177050	0.000719	8.6
572	-0.738169	200.997642	0.007942	10.3
573	-0.752475	200.818659	0.006710	8.5
574	-0.742746	200.640100	0.005460	9.3
575	-0.000000	200.461965	0.000000	8.8
576	-0.787123	200.284250	0.007443	9.2
577	-1.000053	200.106955	0.010601	8.3
578	-0.769934	199.930078	0.006867	8.9
579	-0.875791	199.753617	0.010437	8.2
580	-0.000000	199.577571	0.000000	9.5
581	-0.788521	199.401938	0.004823	9.3
582	-0.620118	199.226717	0.008837	8.5
583	-0.373431	199.051905	0.005718	9.2
584	-0.628353	198.877502	0.006060	8.4
585	-0.744225	198.703506	0.006560	10.1
586	-0.000000	198.529916	0.000000	8.2
587	-0.000000	198.356729	0.000000	9.4
588	-1.031329	198.183944	0.016429	8.3
589	-0.981879	198.011560	0.010432	9.5
590	-0.651662	197.839576	0.004585	8.6
591	-0.000000	197.667989	0.000000	10.3
592	-0.248427	197.496798	0.004084	8.8
593	-0.556808	197.326002	0.007371	8.4
594	-0.674384	197.155600	0.007721	9.2
595	-0.527704	196.985589	0.005917	8.3
596	-0.498953	196.815969	0.005114	9.4
597	-0.422435	196.646738	0.006532	8.5
598	-0.881143	196.477894	0.008079	9.3
599	-0.000039	196.309436	0.000022	8.4
600	-0.359997	196.141363	0.009397	9.1
601	-0.896415	195.973673	0.010302	8.5
602	-0.796889	195.806365	0.006822	9.3
603	-0.002201	195.639437	0.000256	9.2
604	-0.878593	195.472888	0.011030	8.9
605	-0.106336	195.306717	0.002927	9.6
606	-0.000000	195.140922	0.000000	8.3
607	-0.453869	194.975501	0.005031	9.3
608	-0.471417	194.810454	0.006441	8.9
609	-0.469509	194.645779	0.006579	8.6
610	-0.829043	194.481475	0.006911	8.1
611	-0.340513	194.317540	0.003541	9.4
612	-0.442505	194.153973	0.006674	8.3
613	-0.324512	193.990773	0.005535	9.0
614	-0.710338	193.827938	0.008225	8.2
615	-0.018455	193.665467	0.000401	8.3
616	-0.000000	193.503358	0.000000	8.3
617	-0.743700	193.341611	0.005046	8.9
618	-0.681251	193.180224	0.007258	9.0
619	-0.000000	193.019196	0.000000	8.5
620	-0.569682	192.858525	0.006094	9.0
621	-0.735701	192.698210	0.010764	8.4
622	-0.605860	192.538251	0.007435	9.1
623	-0.108093	192.378644	0.002326	9.0
624	-0.722574	192.219391	0.007647	9.3
625	-0.321258	192.060488	0.005996	8.9
626	-0.000000	191.901935	0.000000	9.1
627	-1.045179	191.743730	0.010496	8.0
628	-0.006169	191.585873	0.000442	9.0
629	-0.690376	191.428362	0.008229	8.1
630	-0.000000	191.271196	0.000000	8.8
631	-1.002561	191.114374	0.011908	8.2
632	-0.709651	190.957893	0.005448	9.6
633	-0.233426	190.801755	0.003373	9.2
634	-0.500712	190.645956	0.005719	8.2
635	-0.075512	190.490495	0.002114	9.6
636	-0.456543	190.335373	0.005240	8.4
637	-0.918818	190.180587	0.006342	9.4
638	-0.262604	190.026136	0.002675	8.8
639	-0.232507	189.872019	0.003653	9.1
640	-0.897894	189.718235	0.006689	8.4
641	-0.000000	189.564782	0.000000	8.7
642	-0.757598	189.411661	0.005139	8.0
643	-0.795975	189.258868	0.009374	9.0
644	-0.000207	189.106404	0.000118	8.2
645	-1.047378	188.954267	0.008126	9.0
646	-0.148665	188.802456	0.004663	8.2
647	-0.540641	188.650969	0.003940	9.2
648	-0.086944	188.499807	0.003454	8.5
649	-0.009935	188.348967	0.000262	9.2
650	-0.818976	188.198448	0.007133	9.0
651	-0.592254	188.048250	0.007525	7.9
652	-0.845595	187.898371	0.007249	9.1
653	-0.957413	187.748810	0.005116	8.0
654	-0.356469	187.599566	0.010558	9.2
655	-0.594072	187.450638	0.008324	7.9
656	-0.017867	187.302025	0.002188	8.8
657	-0.388486	187.153725	0.002451	8.6
658	-0.855167	187.005739	0.005375	9.5
659	-0.559387	186.858064	0.007913	8.5
660	-0.000000	186.710699	0.000000	9.0
661	-0.391818	186.563645	0.004795	8.5
662	-0.000000	186.416898	0.000000	10.1
663	-0.728738	186.270459	0.007135	9.3
664	-0.426145	186.124326	0.005305	8.5
665	-0.938046	185.978499	0.005731	9.3
666	-0.000000	185.832976	0.000000	8.7
667	-0.742505	185.687756	0.006884	9.4
668	-0.670744	185.542838	0.006870	8.2
669	-0.000000	185.398222	0.000000	8.7
670	-0.853901	185.253906	0.005930	8.1
671	-0.859442	185.109889	0.005634	9.0
672	-0.480831	184.966170	0.005579	8.2
673	-0.018149	184.822748	0.001646	8.9
674	-0.000000	184.679623	0.000000	8.0
675	-0.493662	184.536792	0.007338	9.2
676	-0.005826	184.394256	0.000427	8.4
677	-0.846521	184.252013	0.005893	8.5
678	-0.539552	184.110062	0.006804	8.6
679	-0.000000	183.968403	0.000000	8.4
680	-0.000000	183.827034	0.000000	7.7
681	-0.000000	183.685954	0.000000	8.4
682	-0.978804	183.545163	0.011593	8.8
683	-0.679312	183.404658	0.007163	8.4
684	-0.883925	183.264441	0.009332	9.6
685	-0.000000	183.124509	0.000000	8.4
686	-0.200219	182.984861	0.007194	9.7
687	-1.136336	182.845497	0.011687	8.9
688	-0.000000	182.706416	0.000000	9.5
689	-0.923172	182.567616	0.009566	8.2
690	-0.936104	182.429098	0.007783	9.1
691	-0.000558	182.290859	0.000129	8.1
692	-0.166021	182.152899	0.002839	9.5
693	-0.107618	182.015217	0.001721	8.8
694	-1.060440	181.877813	0.010190	8.3
695	-0.712868	181.740684	0.006442	8.9
696	-0.602560	181.603832	0.003435	8.5
697	-1.021036	181.467253	0.013604	9.3
698	-0.924238	181.330948	0.007914	8.4
699	-0.811661	181.194916	0.006530	8.8
700	-0.015828	181.059155	0.000185	8.8
701	-0.000000	180.923666	0.000000	8.8
702	-0.533283	180.788446	0.005665	8.0
703	-0.016251	180.653496	0.000550	9.1
704	-0.269895	180.518814	0.003252	8.6
705	-0.932922	180.384399	0.011833	8.6
706	-0.000000	180.250251	0.000000	8.2
707	-0.062301	180.116369	0.001395	8.5
708	-0.000000	179.982752	0.000000	7.7
709	-0.957135	179.849398	0.008899	8.8
710	-0.806119	179.716308	0.006027	8.3
711	-0.701396	179.583480	0.007951	8.9
712	-0.000000	179.450913	0.000000	8.1
713	-0.405182	179.318607	0.008941	9.0
714	-1.102490	179.186561	0.008539	8.7
715	-0.880011	179.054774	0.008883	8.4
716	-0.391152	178.923245	0.003121	9.4
717	-0.019903	178.791973	0.000852	8.8
718	-0.478321	178.660958	0.006160	9.1
719	-0.000000	178.530199	0.000000	8.2
720	-0.998868	178.399694	0.007193	9.7
721	-0.000000	178.269444	0.000000	8.4
722	-0.973558	178.139447	0.006010	9.2
723	-0.150322	178.009702	0.002259	8.5
724	-0.614693	177.880209	0.008503	10.0
725	-0.443179	177.750967	0.004938	8.8
726	-0.760998	177.621975	0.006385	8.4
727	-0.524406	177.493232	0.006097	9.2
728	-0.770919	177.364738	0.006110	8.3
729	-0.298290	177.236492	0.004502	9.1
730	-0.913929	177.108492	0.009538	8.2
731	-0.902240	176.980739	0.007281	9.1
732	-0.430924	176.853231	0.007448	8.3
733	-0.678469	176.725968	0.006525	8.7
734	-0.000003	176.598949	0.000003	8.3
735	-0.687017	176.472173	0.007065	9.2
736	-0.000000	176.345639	0.000000	8.0
737	-0.890115	176.219348	0.006739	9.1
738	-0.956854	176.093296	0.010371	8.9
739	-0.000000	175.967486	0.000000	8.8
740	-0.319983	175.841914	0.002986	7.9
741	-0.859791	175.716581	0.005175	8.7
742	-0.290919	175.591486	0.004340	8.1
743	-0.976848	175.466629	0.010828	8.5
744	-0.608986	175.342008	0.006537	8.3
745	-0.764514	175.217622	0.006426	9.1
746	-0.618575	175.093472	0.008509	8.0
747	-0.221628	174.969556	0.003572	8.6
748	-0.656063	174.845873	0.006614	8.7
749	-0.000000	174.722423	0.000000	9.4
750	-0.000000	174.599206	0.000000	9.2
751	-0.030258	174.476220	0.003218	8.8
752	-1.003829	174.353464	0.008429	9.1
753	-0.347812	174.230939	0.004370	8.5
754	-0.096669	174.108643	0.001619	9.4
755	-0.041002	173.986576	0.001929	8.6
756	-0.999647	173.864737	0.011934	8.8
757	-0.000000	173.743124	0.000000	8.4
758	-0.169102	173.621739	0.003196	9.0
759	-0.787485	173.500579	0.004278	8.5
760	-0.861099	173.379645	0.007369	8.6
761	-0.441985	173.258935	0.005427	8.5
762	-0.054394	173.138449	0.001488	10.2
763	-0.780360	173.018186	0.007439	9.4
764	-0.000000	172.898146	0.000000	8.3
765	-0.017579	172.778327	0.000743	8.9
766	-0.019648	172.658730	0.000380	8.6
767	-1.099803	172.539353	0.010996	8.8
768	-0.000000	172.420196	0.000000	8.2
769	-0.767394	172.301258	0.007849	8.9
770	-0.055836	172.182539	0.001604	7.9
771	-0.667624	172.064037	0.007563	9.0
772	-0.787599	171.945753	0.005829	7.9
773	-0.019129	171.827686	0.000544	9.4
774	-0.792432	171.709834	0.005513	8.1
775	-0.000000	171.592198	0.000000	9.1
776	-0.339579	171.474776	0.004368	7.7
777	-0.640640	171.357568	0.005980	8.6
778	-0.132848	171.240574	0.003374	8.0
779	-0.658037	171.123793	0.008363	8.7
780	-0.366497	171.007223	0.004795	8.5
781	-0.000000	170.890865	0.000000	8.1
782	-0.629710	170.774718	0.005180	8.7
783	-1.022951	170.658782	0.009220	8.8
784	-0.000000	170.543055	0.000000	9.3
785	-0.627145	170.427537	0.006547	8.4
786	-0.833782	170.312227	0.006989	9.0
787	-0.000000	170.197125	0.000000	8.5
788	-0.000000	170.082231	0.000000	9.0
789	-0.010164	169.967543	0.000345	8.3
790	-0.054656	169.853061	0.003579	8.8
791	-0.580992	169.738784	0.006978	8.5
792	-0.563226	169.624713	0.010998	8.9
793	-0.043196	169.510845	0.001967	8.2
794	-0.000931	169.397181	0.000222	9.5
795	-0.153692	169.283720	0.002997	8.5
796	-0.532555	169.170462	0.009470	8.9
797	-1.018940	169.057405	0.007189	9.3
798	-0.630405	168.944549	0.007915	8.3
799	-1.015082	168.831895	0.007075	9.0
800	-0.952524	168.719440	0.006518	8.7
801	-0.801250	168.607185	0.006636	9.2
802	-0.448315	168.495129	0.005281	8.3
803	-1.024942	168.383271	0.010587	9.1
804	-0.552336	168.271611	0.005213	8.1
805	-0.000000	168.160148	0.000000	8.8
806	-0.000013	168.048882	0.000002	8.0
807	-0.992181	167.937812	0.008561	9.1
808	-0.394721	167.826938	0.005165	8.1
809	-0.009885	167.716258	0.000898	9.1
810	-0.926070	167.605773	0.007256	8.3
811	-0.000000	167.495482	0.000000	9.8
812	-0.753228	167.385384	0.007976	8.7
813	-0.410301	167.275479	0.006083	8.3
814	-0.366450	167.165766	0.007208	9.4
815	-0.929391	167.056245	0.007051	8.2
816	-0.894333	166.946915	0.005167	9.1
817	-0.811489	166.837776	0.009432	8.5
818	-0.741535	166.728826	0.006507	9.7
819	-0.155118	166.620067	0.004232	8.0
820	-0.000000	166.511496	0.000000	8.9
821	-0.000000	166.403113	0.000000	8.5
822	-0.814897	166.294919	0.005003	8.9
823	-0.631902	166.186912	0.005345	8.8
824	-0.962131	166.079091	0.006636	9.8
825	-0.819719	165.971458	0.005817	9.0
826	-0.547137	165.864009	0.005086	8.4
827	-0.603114	165.756747	0.005826	9.5
828	-0.606980	165.649669	0.005842	8.1
829	-0.553506	165.542775	0.005439	8.8
830	-0.000000	165.436065	0.000000	8.0
831	-0.635913	165.329538	0.004533	9.3
832	-0.712138	165.223194	0.003753	8.5
833	-0.000000	165.117032	0.000000	9.1
834	-0.806845	165.011052	0.006158	8.1
835	-0.000000	164.905253	0.000000	9.7
836	-0.976931	164.799635	0.007040	7.9
837	-0.474220	164.694197	0.005880	8.3
838	-0.914186	164.588939	0.009552	8.1
839	-0.947988	164.483859	0.006203	9.1
840	-0.000000	164.378959	0.000000	8.3
841	-0.000000	164.274237	0.000000	8.7
842	-0.799083	164.169692	0.004594	8.6
843	-0.000000	164.065325	0.000000	8.4
844	-0.754908	163.961135	0.005565	9.7
845	-0.571899	163.857120	0.005953	8.0
846	-0.000000	163.753282	0.000000	9.4
847	-0.146634	163.649619	0.003313	8.6
848	-1.051799	163.546130	0.007532	9.1
849	-0.000000	163.442816	0.000000	8.7
850	-0.801762	163.339676	0.008693	9.6
851	-0.490198	163.236709	0.005369	8.2
852	-0.902145	163.133915	0.006311	8.8
853	-0.103675	163.031294	0.002318	7.9
854	-0.952359	162.928844	0.017108	9.1
855	-0.680773	162.826566	0.005378	8.6
856	-0.628254	162.724459	0.006223	9.0
857	-0.602712	162.622523	0.006781	8.7
858	-0.000000	162.520757	0.000000	8.4
859	-1.052219	162.419160	0.006477	9.4
860	-0.000000	162.317733	0.000000	8.1
861	-0.000000	162.216474	0.000000	9.4
862	-0.415128	162.115383	0.003490	9.1
863	-0.941002	162.014461	0.010949	9.1
864	-0.000000	161.913705	0.000000	8.2
865	-0.495266	161.813117	0.005804	9.3
866	-0.502922	161.712695	0.004151	7.7
867	-0.000000	161.612439	0.000000	8.9
868	-0.041579	161.512349	0.001535	8.2
869	-0.621480	161.412424	0.004811	8.7
870	-0.000000	161.312663	0.000000	8.0
871	-0.856493	161.213067	0.012616	8.8
872	-0.744390	161.113635	0.007620	8.2
873	-0.577150	161.014366	0.005293	9.1
874	-0.398262	160.915260	0.004567	9.1
875	-0.914347	160.816316	0.009058	9.0
876	-0.123717	160.717535	0.001968	8.8
877	-0.377033	160.618915	0.006597	8.1
878	-0.019434	160.520456	0.000167	9.2
879	-0.143213	160.422158	0.003922	8.2
880	-0.080870	160.324021	0.001618	9.0
881	-0.279620	160.226043	0.003990	8.1
882	-0.186918	160.128225	0.002783	9.0
883	-0.000000	160.030566	0.000000	8.1
884	-0.000000	159.933066	0.000000	9.4
885	-0.182437	159.835723	0.002480	8.3
886	-0.699429	159.738539	0.007718	9.0
887	-0.811228	159.641512	0.008175	8.4
888	-0.077924	159.544642	0.002241	9.5
889	-0.676106	159.447929	0.004716	8.7
890	-0.000000	159.351372	0.000000	8.6
891	-0.673854	159.254971	0.006391	9.0
892	-0.556794	159.158725	0.005817	8.5
893	-0.844747	159.062634	0.006789	9.0
894	-0.000000	158.966697	0.000000	8.8
895	-0.074548	158.870915	0.001569	9.1
896	-0.996386	158.775286	0.008896	8.3
897	-0.000000	158.679811	0.000000	9.2
898	-1.046647	158.584489	0.006733	8.3
899	-0.497225	158.489319	0.004310	8.8
900	-0.136271	158.394302	0.004047	8.3
901	-0.468818	158.299436	0.005562	8.9
902	-0.866219	158.204721	0.004689	8.4
903	-0.508824	158.110158	0.003814	8.6
904	-0.966272	158.015745	0.008771	8.2
905	-0.801847	157.921482	0.005462	8.8
906	-0.850186	157.827369	0.011469	8.2
907	-0.885615	157.733406	0.005018	8.9
908	-0.779328	157.639591	0.006593	8.6
909	-0.780446	157.545925	0.005839	8.5
910	-0.000000	157.452408	0.000000	8.7
911	-1.103455	157.359038	0.008575	8.7
912	-0.650792	157.265816	0.005884	9.2
913	-0.000000	157.172741	0.000000	9.1
914	-0.381630	157.079813	0.005907	9.6
915	-0.000000	156.987031	0.000000	8.8
916	-0.766896	156.894395	0.007022	8.8
917	-0.000000	156.801904	0.000000	7.6
918	-0.443696	156.709559	0.004467	9.1
919	-0.411289	156.617359	0.005986	8.8
920	-1.128945	156.525304	0.011452	8.7
921	-0.912581	156.433392	0.007414	8.3
922	-0.700909	156.341624	0.005635	8.8
923	-0.573859	156.250000	0.003826	8.8
924	-0.556297	156.158519	0.007356	9.7
925	-1.038835	156.067180	0.008153	9.5
926	-1.148141	155.975984	0.011230	9.4
927	-0.787400	155.884930	0.005770	9.3
928	-0.458175	155.794017	0.006674	8.7
929	-0.878463	155.703246	0.013141	9.3
930	-0.000000	155.612615	0.000000	8.5
931	-0.702827	155.522125	0.007115	8.1
932	-0.000000	155.431775	0.000000	7.9
933	-0.456811	155.341565	0.006873	8.6
934	-0.979917	155.251495	0.005103	8.0
935	-0.133703	155.161563	0.002882	9.9
936	-0.417400	155.071771	0.003246	8.6
937	-0.058101	154.982117	0.004977	9.3
938	-0.000000	154.892601	0.000000	9.4
939	-0.692892	154.803222	0.004570	8.3
940	-1.076480	154.713981	0.009881	9.1
941	-0.774992	154.624878	0.004628	8.2
942	-0.000000	154.535910	0.000000	9.4
943	-0.000246	154.447080	0.000095	8.2
944	-0.960823	154.358385	0.006591	9.5
945	-0.000048	154.269826	0.000002	8.4
946	-0.711617	154.181402	0.006248	9.3
947	-0.000000	154.093114	0.000000	8.8
948	-0.062982	154.004960	0.003806	8.9
949	-0.000000	153.916940	0.000000	9.2
950	-0.394425	153.829054	0.006095	8.8
951	-0.081422	153.741303	0.001865	9.4
952	-0.598661	153.653684	0.003881	8.2
953	-0.953452	153.566198	0.015724	9.0
954	-0.527091	153.478846	0.006159	8.2
955	-0.498669	153.391625	0.005460	9.1
956	-0.639672	153.304537	0.006882	8.4
957	-0.888411	153.217580	0.007996	9.1
958	-0.744780	153.130755	0.006282	7.9
959	-0.000000	153.044061	0.000000	9.0
960	-0.569917	152.957498	0.005643	8.2
961	-0.005199	152.871065	0.000344	9.2
962	-0.000000	152.784762	0.000000	8.1
963	-0.770863	152.698589	0.008721	8.7
964	-0.787606	152.612545	0.005864	8.3
965	-0.539590	152.526631	0.006161	8.9
966	-0.875550	152.440845	0.007282	8.4
967	-0.706331	152.355188	0.006418	8.4
968	-1.002695	152.269660	0.008313	9.4
969	-0.805184	152.184259	0.006653	8.4
970	-0.000000	152.098986	0.000000	9.4
971	-1.032241	152.013840	0.006477	8.4
972	-0.044056	151.928821	0.000852	9.3
973	-0.471744	151.843928	0.005053	8.7
974	-0.996767	151.759163	0.008078	9.0
975	-0.000000	151.674523	0.000000	8.3
976	-0.675834	151.590009	0.006735	8.5
977	-0.617488	151.505620	0.006352	8.2
978	-0.517128	151.421357	0.006262	9.1
979	-0.146999	151.337218	0.005188	8.3
980	-0.671408	151.253204	0.006659	8.9
981	-0.338516	151.169314	0.003578	9.1
982	-0.896335	151.085549	0.012106	8.4
983	-0.928135	151.001907	0.004421	9.0
984	-0.747102	150.918388	0.007871	8.2
985	-1.285214	150.834992	0.014431	9.4
986	-0.565354	150.751719	0.008380	9.1
987	-0.986091	150.668569	0.008861	9.2
988	-0.543961	150.585541	0.005468	8.2
989	-0.000000	150.502634	0.000000	8.4
990	-0.000000	150.419849	0.000000	8.1
991	-0.460150	150.337186	0.005628	9.4
992	-0.773658	150.254644	0.003861	7.8
993	-0.348350	150.172222	0.002889	8.6
994	-0.501685	150.089921	0.004044	8.3
995	-0.030683	150.007740	0.000332	9.0
996	-0.061147	149.925679	0.000656	8.1
997	-0.974882	149.843737	0.006754	9.1
998	-0.348275	149.761915	0.004278	9.0
999	-0.671974	149.680212	0.009085	8.7
1000	-0.709527	149.598627	0.006153	9.6
1001	-0.547573	149.517161	0.005437	8.2
1002	-0.000000	149.435814	0.000000	9.2
1003	-0.000000	149.354584	0.000000	8.2
1004	-0.000000	149.273472	0.000000	9.3
1005	-0.810865	149.192477	0.007329	8.5
1006	-0.000000	149.111599	0.000000	9.1
1007	-0.001937	149.030838	0.000141	8.4
1008	-0.000000	148.950194	0.000000	8.7
1009	-0.156259	148.869666	0.003236	8.5
1010	-0.135292	148.789253	0.001386	8.8
1011	-0.733684	148.708957	0.006277	8.6
1012	-0.319639	148.628776	0.007303	9.5
1013	-0.000057	148.548710	0.000085	9.1
1014	-0.288397	148.468759	0.003929	8.3
1015	-0.000000	148.388923	0.000000	9.1
1016	-0.712426	148.309201	0.007106	8.1
1017	-0.622052	148.229594	0.004787	9.3
1018	-0.000125	148.150100	0.000021	8.0
1019	-0.000000	148.070719	0.000000	9.4
1020	-0.842863	147.991452	0.006684	8.1
1021	-0.000000	147.912298	0.000000	9.1
1022	-1.094525	147.833257	0.008536	8.8
1023	-0.098058	147.754329	0.002439	9.4
1024	-0.000000	147.675512	0.000000	8.3
1025	-0.961485	147.596808	0.014022	8.7
1026	-0.000000	147.518216	0.000000	8.1
1027	-0.000655	147.439735	0.000362	8.4
1028	-0.725775	147.361365	0.006231	8.4
1029	-0.000000	147.283106	0.000000	8.8
1030	-0.000000	147.204958	0.000000	8.9
1031	-0.912522	147.126920	0.011353	8.4
1032	-0.531901	147.048993	0.003053	9.1
1033	-0.794677	146.971175	0.004842	9.7
1034	-0.153559	146.893468	0.004166	9.6
1035	-0.755614	146.815869	0.004518	8.4
1036	-0.664511	146.738380	0.005948	9.0
1037	-0.000000	146.661000	0.000000	8.4
1038	-0.882891	146.583729	0.004282	9.4
1039	-0.194436	146.506566	0.004310	8.3
1040	-0.024934	146.429511	0.001214	8.7
1041	-0.777232	146.352565	0.010333	8.6
1042	-1.099098	146.275726	0.006318	8.7
1043	-1.092195	146.198994	0.006948	9.2
1044	-0.957419	146.122370	0.008323	8.3
1045	-0.706496	146.045853	0.004857	8.8
1046	-0.496952	145.969442	0.005149	9.4
1047	-0.763478	145.893139	0.004464	9.1
1048	-1.093448	145.816941	0.009170	8.1
1049	-0.953653	145.740849	0.008053	9.3
1050	-0.507302	145.664863	0.004382	8.2
1051	-0.000000	145.588983	0.000000	8.8
1052	-0.798872	145.513208	0.006325	8.4
1053	-0.487760	145.437538	0.006282	9.0
1054	-0.005513	145.361973	0.000449	8.3
1055	-0.761904	145.286513	0.005379	9.0
1056	-0.399752	145.211157	0.005282	7.7
1057	-0.451962	145.135905	0.005530	9.3
1058	-0.460798	145.060757	0.008833	8.9
1059	-0.601618	144.985712	0.005986	8.4
1060	-0.000000	144.910771	0.000000	9.2
1061	-0.354542	144.835934	0.004553	8.4
1062	-0.735579	144.761199	0.006466	9.1
1063	-0.879743	144.686567	0.007430	8.4
1064	-1.042872	144.612037	0.009528	9.4
1065	-0.000000	144.537610	0.000000	8.3
1066	-0.506127	144.463285	0.003759	9.6
1067	-0.049866	144.389062	0.002018	8.2
1068	-0.832327	144.314940	0.008600	9.6
1069	-0.621939	144.240920	0.004848	8.7
1070	-0.153451	144.167001	0.002503	9.1
1071	-0.014299	144.093182	0.000253	9.2
1072	-0.769884	144.019465	0.006129	8.7
1073	-0.995095	143.945848	0.007589	9.2
1074	-0.264842	143.872331	0.005045	8.3
1075	-0.925797	143.798914	0.006090	9.0
1076	-0.941212	143.725597	0.006529	8.2
1077	-0.738976	143.652380	0.008103	9.2
1078	-1.033647	143.579262	0.008303	8.0
1079	-0.753719	143.506243	0.006043	8.8
1080	-0.808284	143.433323	0.008116	8.1
1081	-0.384449	143.360502	0.009780	9.3
1082	-0.857879	143.287780	0.006691	8.3
1083	-0.684794	143.215155	0.007275	8.6
1084	-0.511272	143.142629	0.005496	8.0
1085	-0.914207	143.070201	0.010682	8.9
1086	-0.795060	142.997870	0.008388	7.9
1087	-0.000000	142.925637	0.000000	9.4
1088	-0.866555	142.853501	0.006541	8.7
1089	-0.380721	142.781462	0.004962	8.5
1090	-0.995232	142.709519	0.006547	9.6
1091	-0.962343	142.637674	0.010605	8.6
1092	-0.407854	142.565924	0.005024	9.4
1093	-0.019730	142.494271	0.000583	8.6
1094	-0.144946	142.422714	0.002515	9.4
1095	-0.859642	142.351252	0.004720	8.9
1096	-0.000000	142.279886	0.000000	8.9
1097	-1.025457	142.208616	0.006978	8.6
1098	-0.000000	142.137440	0.000000	9.3
1099	-0.908743	142.066360	0.011971	8.6
1100	-0.088363	141.995374	0.004397	9.1
1101	-0.168139	141.924483	0.002874	9.6
1102	-0.765025	141.853685	0.005019	8.3
1103	-0.663472	141.782983	0.007177	9.1
1104	-0.765644	141.712373	0.007584	9.2
1105	-1.022747	141.641858	0.008102	9.7
1106	-0.000000	141.571436	0.000000	8.3
1107	-0.239617	141.501108	0.002015	9.2
1108	-0.570763	141.430872	0.006989	8.1
1109	-0.517159	141.360730	0.006020	9.5
1110	-0.000000	141.290680	0.000000	8.3
1111	-0.958970	141.220722	0.004887	8.5
1112	-0.567556	141.150857	0.006040	8.7
1113	-0.000000	141.081084	0.000000	7.9
1114	-0.888564	141.011403	0.008546	8.9
1115	-0.420177	140.941813	0.005090	8.3
1116	-0.637612	140.872315	0.006537	8.7
1117	-0.611155	140.802909	0.003493	9.5
1118	-0.345352	140.733593	0.004601	8.9
1119	-0.000000	140.664369	0.000000	7.5
1120	-0.597202	140.595235	0.007067	9.1
1121	-0.000000	140.526192	0.000000	8.0
1122	-0.380095	140.457239	0.007345	9.6
1123	-0.000000	140.388376	0.000000	8.6
1124	-0.631243	140.319603	0.006984	9.4
1125	-0.006148	140.250920	0.000308	8.0
1126	-0.679662	140.182326	0.006080	9.3
1127	-0.000000	140.113822	0.000000	8.9
1128	-0.379606	140.045407	0.004925	9.3
1129	-0.807086	139.977081	0.005697	9.0
1130	-0.000000	139.908844	0.000000	8.7
1131	-0.000000	139.840696	0.000000	9.5
1132	-0.454166	139.772635	0.007557	8.3
1133	-0.096705	139.704664	0.002608	9.1
1134	-0.355566	139.636780	0.004247	8.2
1135	-0.907644	139.568984	0.007962	9.9
1136	-0.000000	139.501276	0.000000	8.3
1137	-0.576363	139.433655	0.006891	8.9
1138	-0.998298	139.366122	0.008293	8.1
1139	-1.155009	139.298676	0.008417	9.0
1140	-0.645758	139.231317	0.006971	8.0
1141	-0.845886	139.164045	0.006038	8.8
1142	-0.634330	139.096859	0.007150	8.1
1143	-1.147704	139.029760	0.012215	8.8
1144	-0.000000	138.962747	0.000000	8.6
1145	-0.720209	138.895820	0.005606	8.3
1146	-0.000000	138.828978	0.000000	9.1
1147	-0.000000	138.762223	0.000000	8.0
1148	-0.302413	138.695553	0.003530	9.1
1149	-0.016016	138.628969	0.000638	8.0
1150	-0.995892	138.562469	0.008813	9.2
1151	-0.000000	138.496055	0.000000	8.0
1152	-0.784791	138.429725	0.007333	8.8
1153	-0.532340	138.363481	0.004214	8.8
1154	-0.000000	138.297320	0.000000	9.3
1155	-0.000000	138.231244	0.000000	8.5
1156	-0.100815	138.165252	0.002293	8.8
1157	-0.788232	138.099344	0.005975	8.3
1158	-0.006222	138.033520	0.000533	8.8
1159	-0.414107	137.967779	0.003940	8.2
1160	-0.001315	137.902122	0.000078	8.8
1161	-0.000787	137.836548	0.000200	8.1
1162	-0.000000	137.771057	0.000000	9.0
1163	-0.420669	137.705649	0.005146	9.1
1164	-0.927641	137.640324	0.006126	8.6
1165	-1.026384	137.575081	0.007259	8.9
1166	-1.031515	137.509921	0.008453	9.4
1167	-0.036932	137.444842	0.003225	9.2
1168	-0.883510	137.379846	0.004734	8.2
1169	-0.306638	137.314932	0.004040	9.1
1170	-0.768911	137.250100	0.009409	8.2
1171	-0.000000	137.185349	0.000000	9.1
1172	-0.700096	137.120680	0.006396	8.0
1173	-0.979633	137.056092	0.007940	8.8
1174	-0.602478	136.991585	0.005995	7.9
1175	-0.002856	136.927158	0.000217	8.9
1176	-0.000000	136.862813	0.000000	8.1
1177	-0.001802	136.798548	0.000388	9.0
1178	-1.169987	136.734363	0.014398	8.4
1179	-0.000000	136.670259	0.000000	8.5
1180	-1.184149	136.606235	0.015893	8.1
1181	-0.711294	136.542291	0.007430	8.6
1182	-0.529781	136.478426	0.006996	8.4
1183	-0.778400	136.414641	0.006356	8.4
1184	-0.624667	136.350936	0.005855	8.6
1185	-0.558154	136.287310	0.002936	8.6
1186	-1.010860	136.223763	0.010621	9.3
1187	-0.001528	136.160295	0.000096	8.2
1188	-0.391544	136.096905	0.005226	9.5
1189	-1.105080	136.033594	0.010230	8.4
1190	-0.898135	135.970362	0.005281	8.9
1191	-0.737023	135.907208	0.009058	8.9
1192	-0.000050	135.844133	0.000018	9.1
1193	-0.221076	135.781135	0.004945	8.2
1194	-0.018165	135.718215	0.001500	9.1
1195	-0.006452	135.655373	0.000953	7.9
1196	-0.995207	135.592608	0.005796	8.9
1197	-0.010513	135.529921	0.000372	8.5
1198	-0.887432	135.467311	0.007609	8.5
1199	-0.952843	135.404778	0.005929	8.4
1200	-0.629392	135.342322	0.005576	8.0
1201	-0.000000	135.279942	0.000000	8.6
1202	-0.007418	135.217640	0.000537	8.2
1203	-0.684955	135.155413	0.008622	8.0
1204	-0.000002	135.093263	0.000001	9.2
1205	-0.344697	135.031190	0.005163	8.8
1206	-0.305536	134.969192	0.005407	8.3
1207	-0.041522	134.907270	0.002256	9.0
1208	-0.784597	134.845424	0.007523	8.3
1209	-0.014262	134.783653	0.001013	8.9
1210	-0.000000	134.721958	0.000000	8.3
1211	-0.000000	134.660338	0.000000	8.9
1212	-0.207934	134.598793	0.003515	8.3
1213	-0.020290	134.537323	0.001031	9.0
1214	-0.921376	134.475927	0.007297	8.2
1215	-0.633214	134.414607	0.008100	9.2
1216	-0.966139	134.353361	0.006040	8.4
1217	-0.931196	134.292189	0.006555	9.4
1218	-1.135134	134.231092	0.013209	8.4
1219	-0.000000	134.170068	0.000000	9.6
1220	-0.000992	134.109119	0.000775	8.5
1221	-0.627275	134.048243	0.004788	8.3
1222	-0.471229	133.987441	0.006968	9.1
1223	-0.000000	133.926713	0.000000	8.2
1224	-1.024533	133.866057	0.007592	9.1
1225	-0.711087	133.805475	0.007185	8.3
1226	-0.000000	133.744966	0.000000	9.6
1227	-0.934645	133.684530	0.005952	8.2
1228	-0.000000	133.624167	0.000000	9.1
1229	-1.019525	133.563877	0.005613	9.1
1230	-0.559083	133.503658	0.007227	9.1
1231	-0.312113	133.443513	0.004943	8.2
1232	-0.000000	133.383439	0.000000	9.3
1233	-0.963205	133.323437	0.006779	7.9
1234	-0.690919	133.263508	0.006051	8.5
1235	-0.005062	133.203650	0.000367	8.3
1236	-1.056834	133.143864	0.007943	8.1
1237	-0.870817	133.084149	0.007964	7.9
1238	-0.000000	133.024506	0.000000	8.7
1239	-0.956876	132.964934	0.007384	8.3
1240	-0.544759	132.905433	0.006788	9.4
1241	-1.219231	132.846003	0.007547	8.8
1242	-0.000000	132.786643	0.000000	8.0
1243	-0.249385	132.727355	0.002875	9.5
1244	-0.814157	132.668137	0.005560	8.0
1245	-0.000000	132.608989	0.000000	9.2
1246	-0.602778	132.549912	0.007599	8.3
1247	-0.849341	132.490904	0.006453	8.8
1248	-0.634624	132.431967	0.004982	8.1
1249	-0.000000	132.373100	0.000000	9.4
1250	-0.918405	132.314302	0.007534	8.3
1251	-0.719678	132.255574	0.007937	9.5
1252	-0.698778	132.196916	0.006193	8.1
1253	-0.000000	132.138326	0.000000	9.6
1254	-0.000000	132.079806	0.000000	8.7
1255	-0.004153	132.021355	0.000595	8.9
1256	-1.055276	131.962973	0.008689	9.0
1257	-0.792952	131.904660	0.007934	8.3
1258	-0.000000	131.846415	0.000000	9.3
1259	-0.189308	131.788239	0.002513	8.5
1260	-0.696932	131.730131	0.014249	8.9
1261	-0.479517	131.672092	0.006627	8.1
1262	-0.000000	131.614121	0.000000	9.8
1263	-0.657947	131.556217	0.006286	8.1
1264	-0.796727	131.498382	0.009684	9.0
1265	-0.488614	131.440614	0.005543	9.0
1266	-0.132121	131.382914	0.001608	8.2
1267	-0.000000	131.325282	0.000000	7.8
1268	-0.000000	131.267717	0.000000	8.9
1269	-0.835706	131.210219	0.006534	8.3
1270	-0.535254	131.152788	0.007344	8.6
1271	-0.000000	131.095424	0.000000	8.2
1272	-0.000000	131.038127	0.000000	8.9
1273	-0.835230	130.980897	0.005495	8.1
1274	-0.983411	130.923733	0.007348	8.6
1275	-0.000427	130.866636	0.000496	8.5
1276	-0.902357	130.809605	0.007580	8.7
1277	-0.081030	130.752641	0.002121	8.8
1278	-0.944368	130.695742	0.005736	9.0
1279	-0.455302	130.638910	0.004757	9.2
1280	-1.029221	130.582143	0.007691	8.3
1281	-0.832609	130.525442	0.004091	9.0
1282	-0.000000	130.468807	0.000000	8.3
1283	-1.078676	130.412237	0.007261	9.6
1284	-0.086789	130.355733	0.002200	8.3
1285	-0.000000	130.299294	0.000000	9.2
1286	-0.674583	130.242920	0.005221	8.5
1287	-0.302480	130.186611	0.004499	9.1
1288	-0.869339	130.130366	0.005760	8.7
1289	-0.026124	130.074187	0.001188	9.2
1290	-1.040066	130.018072	0.006148	9.3
1291	-0.000000	129.962022	0.000000	8.5
1292	-0.582859	129.906036	0.004034	9.6
1293	-0.284645	129.850114	0.007189	8.3
1294	-0.174706	129.794257	0.004794	9.0
1295	-1.002224	129.738463	0.005919	8.0
1296	-0.873347	129.682734	0.009815	8.8
1297	-0.952153	129.627068	0.005651	7.9
1298	-0.953903	129.571466	0.006871	9.1
1299	-0.707847	129.515927	0.006597	8.3
1300	-0.314205	129.460452	0.003502	9.3
1301	-0.000000	129.405040	0.000000	8.6
1302	-0.858287	129.349692	0.007096	9.0
1303	-0.491633	129.294406	0.004835	8.0
1304	-0.000000	129.239183	0.000000	8.4
1305	-0.077461	129.184024	0.002948	8.3
1306	-0.000000	129.128927	0.000000	8.4
1307	-0.544199	129.073892	0.006540	8.7
1308	-0.954724	129.018921	0.009070	8.3
1309	-0.000000	128.964011	0.000000	8.7
1310	-0.924050	128.909164	0.007653	7.9
1311	-0.001559	128.854379	0.000024	9.5
1312	-0.000000	128.799656	0.000000	8.0
1313	-0.608144	128.744995	0.005764	9.0
1314	-0.000000	128.690396	0.000000	9.3
1315	-0.000000	128.635858	0.000000	9.4
1316	-0.799107	128.581382	0.006304	8.6
1317	-1.031749	128.526968	0.006333	8.6
1318	-0.327261	128.472615	0.003719	8.5
1319	-0.568539	128.418323	0.006584	9.4
1320	-0.915667	128.364092	0.006433	8.4
1321	-0.666018	128.309922	0.004173	9.0
1322	-0.967767	128.255814	0.006839	9.0
1323	-0.193480	128.201766	0.003038	8.5
1324	-0.060485	128.147778	0.002184	9.2
1325	-0.026038	128.093852	0.001951	8.5
1326	-0.819748	128.039985	0.007405	9.3
1327	-0.120036	127.986180	0.002389	9.0
1328	-0.930401	127.932434	0.007687	9.0
1329	-0.000000	127.878749	0.000000	8.3
1330	-0.000000	127.825123	0.000000	8.9
1331	-0.000000	127.771558	0.000000	8.1
1332	-0.410041	127.718052	0.005330	9.3
1333	-0.000134	127.664606	0.000094	8.2
1334	-0.557608	127.611220	0.005105	8.8
1335	-0.461673	127.557893	0.006050	8.0
1336	-0.000000	127.504625	0.000000	8.7
1337	-0.040737	127.451417	0.000532	7.8
1338	-0.518418	127.398268	0.005562	9.8
1339	-0.000000	127.345178	0.000000	9.3
1340	-0.231252	127.292147	0.004275	8.3
1341	-1.207735	127.239175	0.008889	9.3
1342	-0.532111	127.186261	0.006429	8.4
1343	-0.029895	127.133407	0.000267	9.0
1344	-0.618157	127.080610	0.006366	8.2
1345	-0.500408	127.027872	0.004848	9.1
1346	-0.803151	126.975193	0.009074	8.5
1347	-0.000000	126.922572	0.000000	8.6
1348	-0.507823	126.870008	0.005537	8.1
1349	-0.766204	126.817503	0.008069	9.8
1350	-0.281809	126.765056	0.004072	8.4
1351	-0.000000	126.712667	0.000000	9.4
1352	-0.000000	126.660335	0.000000	8.7
1353	-0.087341	126.608061	0.002570	8.7
1354	-0.052287	126.555844	0.001730	9.2
1355	-0.522917	126.503685	0.005763	8.3
1356	-0.640748	126.451583	0.005875	9.1
1357	-0.000000	126.399538	0.000000	8.2
1358	-0.000000	126.347550	0.000000	8.9
1359	-1.087492	126.295619	0.007919	8.0
1360	-0.042814	126.243745	0.001655	9.1
1361	-0.571695	126.191928	0.005391	8.2
1362	-0.791485	126.140168	0.005752	9.0
1363	-0.471960	126.088464	0.006203	8.5
1364	-0.543998	126.036817	0.006334	8.5
1365	-0.110066	125.985226	0.001182	8.2
1366	-0.577661	125.933691	0.006871	8.7
1367	-0.000000	125.882212	0.000000	7.7
1368	-0.101890	125.830790	0.005788	9.4
1369	-0.179576	125.779423	0.001608	7.5
1370	-0.571960	125.728113	0.005438	8.8
1371	-0.765083	125.676858	0.006663	8.0
1372	-0.640216	125.625659	0.004158	8.5
1373	-0.485847	125.574515	0.006390	8.6
1374	-0.892827	125.523427	0.006148	9.1
1375	-0.855138	125.472394	0.005923	8.5
1376	-0.188931	125.421417	0.005959	9.0
1377	-0.525777	125.370495	0.005490	9.1
1378	-0.000000	125.319628	0.000000	8.2
1379	-0.583493	125.268815	0.006522	9.5
1380	-0.000000	125.218058	0.000000	8.4
1381	-0.907773	125.167356	0.005037	9.1
1382	-0.982602	125.116708	0.007397	8.2
1383	-0.000000	125.066115	0.000000	9.5
1384	-0.875952	125.015576	0.004994	8.3
1385	-0.000000	124.965092	0.000000	9.2
1386	-0.019087	124.914662	0.000510	8.3
1387	-0.635858	124.864287	0.005573	9.2
1388	-1.024615	124.813965	0.006118	8.1
1389	-0.691887	124.763698	0.006293	8.5
1390	-0.349558	124.713485	0.004482	8.1
1391	-1.017862	124.663325	0.007499	8.5
1392	-0.937261	124.613219	0.006537	8.1
1393	-0.000000	124.563167	0.000000	8.4
1394	-0.505278	124.513168	0.004253	8.2
1395	-0.000000	124.463223	0.000000	8.5
1396	-0.000557	124.413332	0.000041	8.5
1397	-0.000000	124.363493	0.000000	8.3
1398	-0.013379	124.313708	0.000488	8.5
1399	-1.076830	124.263976	0.008504	8.7
1400	-0.000000	124.214297	0.000000	8.8
1401	-0.807792	124.164671	0.006631	8.3
1402	-0.681883	124.115097	0.006858	9.2
1403	-0.501810	124.065577	0.005938	8.5
1404	-0.000000	124.016109	0.000000	9.3
1405	-0.000000	123.966693	0.000000	8.3
1406	-0.756792	123.917330	0.008193	9.4
1407	-0.413478	123.868020	0.002998	8.4
1408	-0.413300	123.818762	0.004891	8.8
1409	-0.000000	123.769556	0.000000	8.6
1410	-0.000000	123.720402	0.000000	8.9
1411	-0.585946	123.671300	0.006752	8.3
1412	-0.490008	123.622250	0.004253	8.8
1413	-0.423202	123.573252	0.003753	8.8
1414	-0.263183	123.524305	0.004241	8.6
1415	-0.654721	123.475411	0.002982	8.8
1416	-0.806040	123.426568	0.006515	8.5
1417	-0.750824	123.377776	0.004147	9.3
1418	-0.000000	123.329036	0.000000	8.2
1419	-0.000000	123.280347	0.000000	8.5
1420	-0.206203	123.231709	0.003912	7.9
1421	-1.062056	123.183122	0.013307	9.0
1422	-0.849329	123.134587	0.006294	7.9
1423	-0.959151	123.086102	0.006492	9.0
1424	-0.381685	123.037669	0.005172	8.9
1425	-0.795397	122.989286	0.005447	8.9
1426	-0.038886	122.940954	0.001585	8.0
1427	-0.719377	122.892672	0.005563	9.3
1428	-0.512877	122.844441	0.007571	8.2
1429	-0.806718	122.796261	0.007898	8.8
1430	-0.949279	122.748130	0.006944	8.3
1431	-0.742768	122.700050	0.008071	8.1
1432	-0.000000	122.652021	0.000000	8.5
1433	-1.043325	122.604041	0.006200	8.7
1434	-0.963065	122.556111	0.009147	8.9
1435	-0.333019	122.508232	0.005755	9.0
1436	-0.000000	122.460402	0.000000	8.8
1437	-0.023547	122.412622	0.000840	8.1
1438	-0.308000	122.364891	0.006218	9.5
1439	-0.494997	122.317210	0.005114	8.4
1440	-0.447986	122.269579	0.005576	9.5
1441	-0.021681	122.221997	0.000689	8.5
1442	-0.581710	122.174465	0.005642	8.7
1443	-0.618457	122.126981	0.007893	8.2
1444	-0.121540	122.079547	0.002235	8.8
1445	-0.000000	122.032162	0.000000	8.4
1446	-0.839106	121.984826	0.006451	9.1
1447	-0.704450	121.937539	0.007752	8.3
1448	-0.936285	121.890301	0.007996	9.7
1449	-0.000000	121.843112	0.000000	8.9
1450	-0.751226	121.795971	0.008395	8.6
1451	-0.000655	121.748879	0.000014	9.5
1452	-0.827782	121.701835	0.005211	7.9
1453	-0.000000	121.654840	0.000000	8.8
1454	-0.605608	121.607893	0.006069	7.9
1455	-0.078792	121.560994	0.002117	9.5
1456	-0.052284	121.514144	0.001920	8.0
1457	-0.653464	121.467342	0.004072	8.6
1458	-1.029359	121.420588	0.007642	8.2
1459	-1.100790	121.373882	0.008422	8.5
1460	-1.060288	121.327223	0.007295	8.3
1461	-1.247026	121.280613	0.009261	9.1
1462	-0.555624	121.234050	0.006972	7.9
1463	-0.944272	121.187535	0.006114	8.9
1464	-0.170033	121.141067	0.003144	8.1
1465	-0.458433	121.094647	0.004642	8.6
1466	-0.000000	121.048274	0.000000	7.5
1467	-0.907457	121.001949	0.011835	9.3
1468	-0.033775	120.955671	0.002765	8.3
1469	-0.937770	120.909440	0.011261	8.6
1470	-0.368563	120.863256	0.003513	8.4
1471	-0.855849	120.817119	0.008590	8.5
1472	-0.585314	120.771029	0.006297	9.0
1473	-0.815083	120.724986	0.006056	9.2
1474	-0.330939	120.678990	0.003776	9.0
1475	-0.892567	120.633040	0.007947	8.2
1476	-0.000000	120.587137	0.000000	9.3
1477	-1.193274	120.541281	0.008548	9.0
1478	-0.901087	120.495471	0.008488	9.3
1479	-0.463344	120.449707	0.006207	8.1
1480	-0.002301	120.403990	0.000784	8.3
1481	-0.487379	120.358319	0.004303	8.6
1482	-0.898637	120.312694	0.006804	9.3
1483	-0.926275	120.267115	0.007559	8.3
1484	-0.051978	120.221582	0.000328	9.2
1485	-0.557230	120.176096	0.006972	8.8
1486	-0.031169	120.130655	0.000759	8.3
1487	-0.000498	120.085260	0.000141	8.3
1488	-0.130724	120.039910	0.002761	8.3
1489	-1.129114	119.994606	0.007463	8.2
1490	-0.000000	119.949348	0.000000	8.7
1491	-0.175697	119.904135	0.005208	8.2
1492	-0.141122	119.858968	0.003657	8.2
1493	-0.873799	119.813846	0.008147	8.9
1494	-0.918872	119.768769	0.007562	8.6
1495	-0.116037	119.723738	0.003860	8.2
1496	-1.045478	119.678752	0.006805	9.1
1497	-0.027201	119.633810	0.004060	9.3
1498	-0.058336	119.588914	0.001303	8.2
1499	-0.720420	119.544062	0.005988	9.4
1500	-0.077021	119.499256	0.001439	8.0
1501	-1.032513	119.454494	0.006498	9.6
1502	-0.115532	119.409777	0.002039	8.3
1503	-1.116562	119.365104	0.008229	8.5
1504	-0.064183	119.320476	0.001550	7.8
1505	-0.774290	119.275893	0.004599	9.1
1506	-0.302358	119.231353	0.003558	8.3
1507	-1.078690	119.186859	0.007254	9.7
1508	-0.000000	119.142408	0.000000	9.1
1509	-0.152906	119.098002	0.004399	9.1
1510	-0.000000	119.053639	0.000000	9.1
1511	-0.529349	119.009321	0.004972	8.5
1512	-0.011038	118.965047	0.000175	9.4
1513	-0.000187	118.920816	0.000009	8.5
1514	-0.643137	118.876630	0.004116	8.4
1515	-0.000000	118.832487	0.000000	8.0
1516	-0.000000	118.788388	0.000000	9.0
1517	-0.748405	118.744332	0.008456	8.1
1518	-0.003047	118.700320	0.000215	8.8
1519	-1.130639	118.656352	0.008374	8.2
1520	-0.952512	118.612427	0.008770	8.7
1521	-0.450660	118.568545	0.005013	8.5
1522	-0.154016	118.524706	0.005510	8.6
1523	-0.571164	118.480911	0.006203	7.9
1524	-0.293987	118.437159	0.002419	9.4
1525	-0.529973	118.393450	0.004950	8.4
1526	-0.000000	118.349784	0.000000	8.0
1527	-0.841228	118.306160	0.006600	8.3
1528	-0.641094	118.262580	0.006000	8.6
1529	-0.030206	118.219042	0.001570	8.4
1530	-0.000000	118.175548	0.000000	8.3
1531	-0.000000	118.132095	0.000000	9.3
1532	-0.605365	118.088686	0.006185	8.5
1533	-0.000000	118.045319	0.000000	8.8
1534	-0.809293	118.001994	0.007092	9.8
1535	-1.073271	117.958712	0.013306	9.7
1536	-0.863716	117.915472	0.011499	8.3
1537	-1.091272	117.872274	0.007206	8.4
1538	-0.000000	117.829118	0.000000	8.2
1539	-0.220872	117.786005	0.002032	8.7
1540	-1.038779	117.742933	0.006343	8.5
1541	-0.628372	117.699904	0.004305	9.0
1542	-0.844715	117.656916	0.006273	7.9
1543	-0.364698	117.613971	0.005131	9.8
1544	-0.347786	117.571067	0.004090	9.1
1545	-0.911532	117.528205	0.008091	8.6
1546	-0.000000	117.485384	0.000000	8.7
1547	-0.025805	117.442605	0.002005	9.6
1548	-0.596594	117.399867	0.005236	8.2
1549	-0.563945	117.357171	0.006323	8.1
1550	-0.315003	117.314517	0.002523	8.8
1551	-0.000000	117.271903	0.000000	7.9
1552	-0.000000	117.229331	0.000000	8.9
1553	-0.000000	117.186800	0.000000	8.2
1554	-1.087814	117.144311	0.008243	8.9
1555	-0.959666	117.101862	0.005102	8.1
1556	-0.517558	117.059454	0.004868	8.9
1557	-0.557833	117.017087	0.006624	8.1
1558	-1.040972	116.974762	0.006857	8.8
1559	-0.000000	116.932476	0.000000	8.2
1560	-0.000000	116.890232	0.000000	8.5
1561	-1.132298	116.848028	0.006758	8.3
1562	-0.000000	116.805865	0.000000	9.5
1563	-0.600507	116.763743	0.006728	8.6
1564	-0.467487	116.721661	0.007332	8.6
1565	-0.671330	116.679619	0.007052	8.9
1566	-0.191016	116.637618	0.002683	8.4
1567	-0.954250	116.595657	0.011469	8.8
1568	-0.757436	116.553736	0.005161	8.5
1569	-0.962643	116.511855	0.006325	9.2
1570	-0.457304	116.470015	0.006398	8.4
1571	-0.000000	116.428214	0.000000	9.0
1572	-0.536305	116.386454	0.006592	9.3
1573	-0.001360	116.344733	0.000126	9.1
1574	-0.900194	116.303052	0.005084	8.7
1575	-0.000000	116.261412	0.000000	9.1
1576	-0.926402	116.219810	0.006950	8.8
1577	-0.271796	116.178249	0.005564	8.7
1578	-0.000000	116.136727	0.000000	8.6
1579	-0.000000	116.095245	0.000000	8.4
1580	-1.025970	116.053802	0.006618	8.4
1581	-0.353250	116.012398	0.005113	8.2
1582	-0.000000	115.971034	0.000000	8.6
1583	-0.522570	115.929710	0.004001	8.1
1584	-1.013576	115.888424	0.006305	8.3
1585	-0.118324	115.847178	0.001739	9.1
1586	-0.768305	115.805970	0.005690	9.0
1587	-0.134447	115.764802	0.002809	8.2
1588	-0.661986	115.723673	0.006987	9.0
1589	-0.950703	115.682583	0.004703	8.3
1590	-0.000000	115.641532	0.000000	9.4
1591	-1.092048	115.600519	0.008476	8.0
1592	-0.032335	115.559546	0.001730	8.8
1593	-0.748573	115.518610	0.007387	8.6
1594	-0.870546	115.477714	0.006463	8.5
1595	-0.506581	115.436856	0.005274	8.4
1596	-0.963185	115.396037	0.007068	8.9
1597	-0.025356	115.355256	0.001171	8.8
1598	-0.000000	115.314514	0.000000	9.1
1599	-0.244694	115.273810	0.004383	8.8
1600	-0.000000	115.233144	0.000000	8.3
1601	-0.903946	115.192517	0.006164	9.4
1602	-0.000943	115.151927	0.000812	8.4
1603	-0.000000	115.111376	0.000000	9.3
1604	-0.224769	115.070863	0.003386	8.0
1605	-0.000000	115.030388	0.000000	8.9
1606	-0.532367	114.989951	0.005355	8.1
1607	-0.808265	114.949551	0.005648	9.0
1608	-0.930874	114.909190	0.007930	8.1
1609	-0.661639	114.868866	0.010142	9.1
1610	-1.031005	114.828580	0.007230	8.4
1611	-0.616299	114.788332	0.005897	8.8
1612	-0.958020	114.748121	0.007257	8.2
1613	-0.000000	114.707948	0.000000	8.3
1614	-0.817753	114.667812	0.008754	8.4
1615	-1.198872	114.627714	0.007689	8.6
1616	-0.508171	114.587653	0.004927	8.5
1617	-0.400704	114.547629	0.005525	8.0
1618	-0.848312	114.507643	0.005551	8.2
1619	-0.776229	114.467693	0.004814	8.7
1620	-1.054723	114.427781	0.008261	8.1
1621	-0.348213	114.387907	0.003933	8.6
1622	-0.870695	114.348069	0.006336	8.0
1623	-1.139787	114.308268	0.007234	9.2
1624	-0.555613	114.268504	0.006393	8.5
1625	-0.848031	114.228777	0.008889	8.6
1626	-0.728407	114.189086	0.006105	8.9
1627	-0.869834	114.149433	0.006687	8.8
1628	-0.593044	114.109816	0.005239	8.9
1629	-0.100933	114.070235	0.002753	8.2
1630	-0.433296	114.030692	0.005121	9.1
1631	-0.507891	113.991185	0.005534	8.2
1632	-0.882629	113.951714	0.008555	9.3
1633	-0.226031	113.912280	0.004605	8.4
1634	-0.791792	113.872882	0.004701	9.6
1635	-0.000003	113.833521	0.000003	8.3
1636	-0.859863	113.794195	0.005202	9.5
1637	-1.049883	113.754906	0.009321	9.2
1638	-0.536274	113.715653	0.005738	8.3
1639	-0.000000	113.676437	0.000000	8.9
1640	-0.007818	113.637256	0.000033	8.2
1641	-0.802014	113.598111	0.005937	8.5
1642	-0.817655	113.559002	0.007492	7.9
1643	-0.728608	113.519929	0.007601	9.0
1644	-0.000000	113.480892	0.000000	7.9
1645	-0.995784	113.441891	0.007146	8.9
1646	-0.783775	113.402925	0.007411	8.7
1647	-0.004243	113.363995	0.000292	8.9
1648	-0.002556	113.325101	0.000277	8.6
1649	-0.142503	113.286242	0.004686	9.2
1650	-0.000000	113.247419	0.000000	8.3
1651	-0.002345	113.208631	0.000143	8.3
1652	-0.365286	113.169879	0.005381	8.2
1653	-0.000000	113.131162	0.000000	8.5
1654	-0.007339	113.092480	0.000524	8.2
1655	-0.690732	113.053833	0.005472	8.6
1656	-0.620586	113.015222	0.005637	8.2
1657	-0.014748	112.976646	0.000508	8.7
1658	-0.713238	112.938105	0.004474	8.4
1659	-0.005334	112.899599	0.001240	8.7
1660	-0.501955	112.861128	0.004590	8.8
1661	-1.102229	112.822692	0.012741	8.6
1662	-0.853009	112.784291	0.006310	8.6
1663	-0.005341	112.745924	0.000462	8.1
1664	-1.025351	112.707593	0.006393	8.8
1665	-0.460572	112.669296	0.003193	8.3
1666	-0.698229	112.631034	0.006811	9.3
1667	-1.026049	112.592806	0.010049	8.1
1668	-0.000000	112.554613	0.000000	9.2
1669	-0.000098	112.516455	0.000028	8.5
1670	-0.309834	112.478331	0.001699	9.5
1671	-1.069913	112.440241	0.005975	8.0
1672	-0.488551	112.402186	0.005748	9.4
1673	-0.101523	112.364165	0.001514	8.6
1674	-0.623321	112.326179	0.005504	8.4
1675	-0.679924	112.288227	0.004925	8.3
1676	-0.511223	112.250309	0.005012	8.8
1677	-0.591437	112.212425	0.006750	8.4
1678	-0.478201	112.174575	0.009918	8.5
1679	-0.197324	112.136759	0.003481	8.6
1680	-0.000000	112.098977	0.000000	8.4
1681	-0.860956	112.061229	0.006086	9.1
1682	-0.000000	112.023515	0.000000	8.4
1683	-1.084624	111.985834	0.006795	9.2
1684	-0.779489	111.948188	0.007554	8.1
1685	-0.023463	111.910575	0.001331	8.9
1686	-0.699842	111.872996	0.005732	8.2
1687	-0.878533	111.835450	0.005055	9.1
1688	-0.356647	111.797939	0.004466	8.1
1689	-0.959530	111.760460	0.006593	8.9
1690	-0.671728	111.723015	0.005976	7.8
1691	-0.185866	111.685604	0.004222	8.5
1692	-0.930551	111.648226	0.006535	8.3
1693	-0.300798	111.610881	0.006750	10.0
1694	-0.619467	111.573570	0.004981	7.8
1695	-0.821303	111.536292	0.008171	9.4
1696	-0.811034	111.499047	0.007178	8.8
1697	-0.000000	111.461835	0.000000	9.1
1698	-0.000000	111.424656	0.000000	9.2
1699	-0.012611	111.387510	0.000230	8.5
1700	-0.735017	111.350398	0.007462	9.3
1701	-0.209265	111.313318	0.002047	8.3
1702	-0.015820	111.276271	0.000658	9.1
1703	-0.889804	111.239257	0.006230	8.4
1704	-0.747581	111.202276	0.005830	9.5
1705	-0.747183	111.165328	0.007216	8.6
1706	-0.841945	111.128412	0.006628	9.2
1707	-0.943173	111.091529	0.008077	8.7
1708	-0.000001	111.054679	0.000001	8.8
1709	-0.958854	111.017861	0.007267	8.6
1710	-0.801979	110.981076	0.006360	8.9
1711	-1.047260	110.944323	0.005866	9.1
1712	-0.974328	110.907603	0.006740	8.4
1713	-0.449187	110.870915	0.006642	8.9
1714	-0.000000	110.834259	0.000000	8.2
1715	-0.394609	110.797636	0.004293	8.8
1716	-0.942340	110.761045	0.006057	8.3
1717	-0.000000	110.724486	0.000000	8.7
1718	-0.937984	110.687959	0.007887	8.2
1719	-0.718233	110.651465	0.005897	8.6
1720	-0.000000	110.615002	0.000000	8.1
1721	-0.524903	110.578572	0.003160	8.5
1722	-0.678110	110.542173	0.004734	9.2
1723	-0.488792	110.505807	0.005375	8.7
1724	-1.103054	110.469472	0.005759	8.5
1725	-0.000000	110.433169	0.000000	8.4
1726	-0.799902	110.396898	0.006541	8.2
1727	-1.076791	110.360659	0.006012	8.7
1728	-0.386283	110.324451	0.002905	8.7
1729	-0.897881	110.288276	0.006223	7.5
1730	-1.048417	110.252131	0.006638	8.7
1731	-0.030291	110.216019	0.001760	8.6
1732	-0.974437	110.179937	0.006972	9.1
1733	-0.762979	110.143888	0.005681	9.2
1734	-0.000000	110.107869	0.000000	9.1
1735	-0.000000	110.071882	0.000000	7.9
1736	-0.466872	110.035927	0.005046	9.3
1737	-0.873422	110.000003	0.007791	8.5
1738	-0.000000	109.964110	0.000000	8.7
1739	-0.487975	109.928248	0.005161	8.4
1740	-0.000000	109.892417	0.000000	9.3
1741	-0.000000	109.856618	0.000000	8.4
1742	-0.615509	109.820850	0.006332	9.0
1743	-0.195740	109.785112	0.004511	8.5
1744	-0.017552	109.749406	0.003000	8.1
1745	-0.078503	109.713730	0.002805	8.3
1746	-0.001296	109.678086	0.000142	8.9
1747	-0.264174	109.642472	0.005557	8.9
1748	-0.056899	109.606890	0.000668	8.3
1749	-0.122421	109.571337	0.002924	9.1
1750	-0.377099	109.535816	0.005066	8.0
1751	-0.472190	109.500326	0.005101	9.4
1752	-0.482607	109.464866	0.004964	8.2
1753	-0.867042	109.429436	0.005617	8.5
1754	-0.732369	109.394038	0.007826	7.8
1755	-0.000000	109.358669	0.000000	8.9
1756	-0.000000	109.323331	0.000000	8.0
1757	-0.000000	109.288024	0.000000	8.9
1758	-0.225190	109.252747	0.002790	8.4
1759	-0.800370	109.217501	0.005696	10.1
1760	-0.071064	109.182284	0.000726	8.0
1761	-0.041404	109.147098	0.001167	9.0
1762	-0.375530	109.111942	0.005331	8.5
1763	-0.002615	109.076817	0.000093	9.4
1764	-0.708713	109.041721	0.007259	8.9
1765	-0.197848	109.006656	0.003312	8.2
1766	-0.754980	108.971620	0.005655	8.9
1767	-0.505121	108.936615	0.005461	8.2
1768	-0.402672	108.901640	0.005430	8.5
1769	-0.213314	108.866694	0.004481	9.2
1770	-0.030303	108.831779	0.003742	9.3
1771	-0.781551	108.796893	0.004551	8.2
1772	-0.300504	108.762037	0.003918	9.4
1773	-0.538901	108.727211	0.006460	8.1
1774	-0.411315	108.692415	0.003181	8.8
1775	-0.705397	108.657648	0.005981	8.7
1776	-0.903227	108.622911	0.005781	8.6
1777	-0.000000	108.588203	0.000000	8.2
1778	-0.681998	108.553525	0.005693	8.5
1779	-0.787280	108.518877	0.004402	8.1
1780	-0.109019	108.484258	0.002938	8.9
1781	-0.039896	108.449668	0.000755	8.0
1782	-0.865300	108.415108	0.006543	9.6
1783	-0.015201	108.380578	0.000523	8.5
1784	-0.000000	108.346076	0.000000	8.3
1785	-0.000000	108.311604	0.000000	8.8
1786	-0.086756	108.277161	0.002822	8.1
1787	-0.000000	108.242747	0.000000	8.5
1788	-0.974082	108.208363	0.006320	8.3
1789	-1.059155	108.174007	0.006368	8.5
1790	-0.019349	108.139681	0.000470	8.4
1791	-0.000000	108.105383	0.000000	9.1
1792	-1.038287	108.071115	0.006821	7.9
1793	-0.698735	108.036875	0.007841	9.4
1794	-0.123259	108.002665	0.002855	7.9
1795	-0.933003	107.968483	0.008665	8.9
1796	-1.011387	107.934330	0.010683	8.8
1797	-0.643274	107.900206	0.006855	9.0
1798	-0.000000	107.866111	0.000000	8.3
1799	-0.709888	107.832044	0.007924	8.4
1800	-0.731159	107.798007	0.005908	7.8
1801	-0.988727	107.763997	0.009665	9.5
1802	-1.022980	107.730017	0.008865	8.0
1803	-0.000000	107.696065	0.000000	8.9
1804	-1.007862	107.662141	0.006911	8.0
1805	-0.742224	107.628246	0.006498	8.5
1806	-0.922369	107.594379	0.004819	8.2
1807	-0.603061	107.560541	0.006897	8.6
1808	-1.258535	107.526731	0.010549	8.3
1809	-0.000000	107.492949	0.000000	9.2
1810	-0.002510	107.459196	0.000175	8.8
1811	-1.079634	107.425471	0.007648	8.3
1812	-0.649071	107.391774	0.005576	9.1
1813	-0.497442	107.358106	0.004435	8.7
1814	-1.033701	107.324465	0.007959	8.9
1815	-0.744514	107.290853	0.006777	8.7
1816	-0.232268	107.257268	0.004040	8.8
1817	-0.504949	107.223712	0.003729	8.2
1818	-0.535929	107.190184	0.004910	9.3
1819	-0.734237	107.156683	0.006005	8.1
1820	-0.110948	107.123211	0.001103	8.6
1821	-0.000000	107.089766	0.000000	8.7
1822	-0.811336	107.056349	0.006159	8.5
1823	-0.000000	107.022960	0.000000	7.9
1824	-0.000000	106.989599	0.000000	8.8
1825	-0.388911	106.956265	0.005384	8.3
1826	-0.856298	106.922960	0.003914	8.3
1827	-0.514051	106.889681	0.006727	8.1
1828	-0.964886	106.856431	0.007665	8.5
1829	-0.654025	106.823208	0.005199	7.9
1830	-0.967303	106.790012	0.005996	8.9
1831	-0.838436	106.756844	0.007847	8.4
1832	-0.425733	106.723703	0.006358	9.1
1833	-0.653700	106.690590	0.006739	8.5
1834	-0.174695	106.657505	0.004639	9.0
1835	-0.226696	106.624446	0.003299	9.1
1836	-0.646925	106.591415	0.007356	8.3
1837	-0.604111	106.558411	0.004987	9.4
1838	-0.685527	106.525435	0.005000	8.4
1839	-0.471511	106.492485	0.007774	9.0
1840	-0.567662	106.459563	0.004984	8.5
1841	-1.012113	106.426668	0.007736	9.1
1842	-0.922259	106.393800	0.009344	8.2
1843	-0.493469	106.360959	0.003992	9.2
1844	-0.901999	106.328145	0.006967	8.3
1845	-0.754671	106.295358	0.006534	9.1
1846	-1.164397	106.262598	0.010143	8.5
1847	-0.444320	106.229865	0.006081	8.4
1848	-0.000000	106.197158	0.000000	8.4
1849	-1.107407	106.164479	0.009078	8.3
1850	-0.042427	106.131826	0.001401	8.7
1851	-0.000000	106.099201	0.000000	8.5
1852	-0.000005	106.066602	0.000004	8.7
1853	-0.000000	106.034029	0.000000	8.2
1854	-1.125790	106.001483	0.008024	8.9
1855	-0.554446	105.968964	0.005954	8.3
1856	-0.746463	105.936472	0.005933	9.0
1857	-0.000000	105.904006	0.000000	9.2
1858	-0.000000	105.871566	0.000000	9.3
1859	-0.490693	105.839153	0.006471	8.3
1860	-0.000000	105.806767	0.000000	9.2
1861	-0.453214	105.774407	0.005620	8.4
1862	-0.055393	105.742073	0.001391	9.3
1863	-0.000000	105.709766	0.000000	8.2
1864	-0.401678	105.677485	0.004485	8.5
1865	-1.019501	105.645230	0.005969	8.7
1866	-0.905709	105.613001	0.006177	8.3
1867	-0.737140	105.580799	0.004814	8.8
1868	-0.778915	105.548623	0.005863	8.1
1869	-0.887241	105.516473	0.007084	8.5
1870	-0.563740	105.484349	0.006729	9.8
1871	-0.485444	105.452251	0.006350	8.9
1872	-1.032935	105.420179	0.011252	8.4
1873	-1.128046	105.388133	0.007117	9.6
1874	-0.000000	105.356113	0.000000	8.5
1875	-0.046310	105.324119	0.001840	8.8
1876	-1.181234	105.292151	0.007245	8.3
1877	-0.705002	105.260209	0.008040	8.8
1878	-0.468826	105.228293	0.007738	7.9
1879	-0.000000	105.196402	0.000000	8.6
1880	-0.686227	105.164537	0.005525	8.2
1881	-0.178347	105.132698	0.001975	8.6
1882	-0.749889	105.100885	0.007348	8.4
1883	-1.005476	105.069097	0.005948	8.9
1884	-0.014738	105.037335	0.000768	8.2
1885	-0.777420	105.005598	0.006246	8.7
1886	-0.736938	104.973887	0.006659	8.2
1887	-0.221365	104.942202	0.003161	8.6
1888	-0.004780	104.910542	0.000499	7.8
1889	-0.316658	104.878907	0.003471	8.6
1890	-0.354892	104.847298	0.004634	8.5
1891	-0.004554	104.815715	0.001401	8.0
1892	-0.968322	104.784156	0.008363	8.5
1893	-0.634654	104.752623	0.004915	8.6
1894	-0.647139	104.721116	0.008691	8.4
1895	-0.000000	104.689633	0.000000	9.3
1896	-1.119413	104.658176	0.012552	9.2
1897	-0.753429	104.626744	0.006022	8.1
1898	-0.187055	104.595337	0.001383	8.8
1899	-0.984561	104.563955	0.005365	8.3
1900	-0.425558	104.532599	0.007403	9.0
1901	-0.000000	104.501267	0.000000	8.0
1902	-0.624989	104.469960	0.006777	8.4
1903	-0.621461	104.438679	0.006506	8.3
1904	-0.822230	104.407422	0.006019	9.1
1905	-0.826609	104.376191	0.005416	8.0
1906	-0.189317	104.344984	0.003225	9.2
1907	-1.178297	104.313802	0.006144	9.0
1908	-0.624340	104.282645	0.004814	8.7
1909	-1.063336	104.251513	0.007713	8.3
1910	-0.000000	104.220405	0.000000	8.9
1911	-0.000044	104.189323	0.000034	8.9
1912	-0.698481	104.158265	0.005741	8.3
1913	-0.000000	104.127231	0.000000	8.7
1914	-0.048179	104.096222	0.002120	8.5
1915	-0.780558	104.065238	0.005533	9.0
1916	-0.223620	104.034279	0.005075	8.6
1917	-0.015493	104.003344	0.001016	9.1
1918	-0.000000	103.972433	0.000000	8.0
1919	-1.001287	103.941547	0.008435	9.2
1920	-0.873933	103.910686	0.006756	9.1
1921	-0.346373	103.879849	0.002083	8.9
1922	-0.143319	103.849036	0.005893	8.0
1923	-0.579253	103.818248	0.006695	8.9
1924	-0.513952	103.787484	0.004189	8.1
1925	-0.000000	103.756744	0.000000	8.0
1926	-0.071311	103.726029	0.004600	8.2
1927	-0.945948	103.695338	0.005628	9.2
1928	-0.000000	103.664671	0.000000	8.2
1929	-0.269136	103.634028	0.003915	8.7
1930	-0.000000	103.603409	0.000000	8.2
1931	-0.984129	103.572814	0.008120	9.4
1932	-0.746253	103.542244	0.006958	8.6
1933	-0.618445	103.511698	0.008190	8.9
1934	-0.979703	103.481175	0.008394	8.8
1935	-1.135029	103.450677	0.006811	8.2
1936	-0.475825	103.420202	0.002153	8.5
1937	-0.000000	103.389752	0.000000	7.7
1938	-0.000000	103.359325	0.000000	8.7
1939	-0.622953	103.328922	0.006970	8.6
1940	-0.000000	103.298543	0.000000	8.7
1941	-0.909837	103.268188	0.008676	8.2
1942	-0.713281	103.237857	0.007743	8.7
1943	-0.746283	103.207549	0.006294	8.3
1944	-0.000000	103.177265	0.000000	8.0
1945	-0.691098	103.147005	0.003328	9.1
1946	-0.000000	103.116768	0.000000	9.6
1947	-0.000000	103.086556	0.000000	7.4
1948	-0.109578	103.056366	0.004679	8.4
1949	-0.534306	103.026200	0.005614	8.2
1950	-0.666356	102.996058	0.004073	8.8
1951	-0.778520	102.965939	0.006553	8.3
1952	-0.872331	102.935844	0.006997	9.4
1953	-1.092662	102.905772	0.006928	7.7
1954	-0.771832	102.875724	0.003675	8.6
1955	-1.208166	102.845699	0.009546	8.7
1956	-0.001063	102.815697	0.000037	8.8
1957	-0.788341	102.785719	0.005212	8.9
1958	-0.000000	102.755764	0.000000	9.6
1959	-0.353450	102.725832	0.004182	8.5
1960	-0.962275	102.695924	0.006552	8.1
1961	-0.000000	102.666038	0.000000	8.8
1962	-0.818744	102.636176	0.007103	8.3
1963	-1.026599	102.606337	0.009324	9.4
1964	-0.806641	102.576521	0.007033	8.5
1965	-0.000000	102.546728	0.000000	8.8
1966	-0.906657	102.516959	0.004751	8.6
1967	-0.079753	102.487212	0.002827	8.5
1968	-0.000000	102.457488	0.000000	9.4
1969	-0.000000	102.427788	0.000000	8.8
1970	-0.000000	102.398110	0.000000	8.2
1971	-0.692239	102.368455	0.006309	8.1
1972	-0.873182	102.338823	0.008401	8.1
1973	-0.551396	102.309214	0.006193	8.7
1974	-0.829359	102.279628	0.005321	8.2
1975	-0.207987	102.250064	0.002825	8.7
1976	-0.628667	102.220524	0.007199	8.1
1977	-0.272323	102.191006	0.003133	8.9
1978	-0.562372	102.161511	0.005855	9.0
1979	-0.125677	102.132038	0.001969	8.3
1980	-0.889794	102.102588	0.010825	8.6
1981	-0.974313	102.073161	0.007611	9.4
1982	-1.135580	102.043757	0.006888	8.4
1983	-0.815601	102.014375	0.004593	8.0
1984	-0.000000	101.985015	0.000000	8.8
1985	-0.000000	101.955678	0.000000	8.3
1986	-0.063106	101.926364	0.001389	8.5
1987	-0.000000	101.897072	0.000000	8.0
1988	-0.671742	101.867802	0.004151	9.4
1989	-0.196096	101.838555	0.001954	8.5
1990	-0.284977	101.809330	0.006914	8.9
1991	-0.658136	101.780128	0.005220	8.2
1992	-0.851877	101.750948	0.007528	8.6
1993	-1.154573	101.721790	0.007704	9.0
1994	-0.894976	101.692654	0.006489	8.4
1995	-0.135686	101.663541	0.002898	8.2
1996	-0.048327	101.634450	0.003263	8.7
1997	-0.400515	101.605381	0.003314	8.0
1998	-0.095065	101.576335	0.000501	9.3
1999	-0.315797	101.547310	0.001676	8.5
