1:ItNr	2:Metric	3:StepSize	4:||Gradient||	Time[ms]
0	-0.052612	627.201626	0.001379	750.4
1	-1.359268	623.504937	0.009191	4.7
2	-0.000009	619.865785	0.000002	5.1
3	-0.974326	616.282728	0.006537	4.6
4	-1.464980	612.754375	0.027666	4.8
5	-1.413166	609.279381	0.013358	5.4
6	-0.574939	605.856447	0.016549	4.8
7	-0.010656	602.484317	0.001220	4.8
8	-1.304719	599.161779	0.012250	5.1
9	-0.111917	595.887656	0.001139	6.1
10	-1.100022	592.660813	0.036215	4.8
11	-1.190609	589.480151	0.011334	5.1
12	-1.583351	586.344606	0.005739	5.5
13	-1.077824	583.253145	0.012366	5.1
14	-0.558174	580.204771	0.004055	5.0
15	-0.718600	577.198517	0.009335	5.2
16	-1.145024	574.233444	0.012644	5.1
17	-0.092500	571.308645	0.002513	5.3
18	-0.493503	568.423237	0.014935	5.9
19	-0.809367	565.576365	0.007482	5.2
20	-1.068990	562.767201	0.009073	5.2
21	-0.887383	559.994938	0.012510	5.7
22	-0.820720	557.258797	0.013559	5.0
23	-0.000000	554.558018	0.000000	5.1
24	-0.000024	551.891865	0.000005	5.7
25	-0.943061	549.259621	0.019894	5.1
26	-0.364208	546.660592	0.009124	5.3
27	-0.682607	544.094102	0.004950	5.8
28	0.000000	541.559494	0.000000	4.7
29	-0.066429	539.056129	0.001743	5.2
30	-1.443660	536.583387	0.012428	6.3
31	-1.454406	534.140663	0.006145	5.5
32	-1.076252	531.727370	0.004955	5.6
33	-0.484755	529.342935	0.005133	5.9
34	-0.000001	526.986802	0.000000	5.5
35	-0.662563	524.658430	0.007223	5.4
36	-0.019715	522.357290	0.001155	6.4
37	-1.169674	520.082868	0.014059	5.3
38	-0.686908	517.834665	0.007797	5.7
39	-0.995504	515.612193	0.019526	5.7
40	-1.218410	513.414976	0.015545	5.4
41	-1.205451	511.242551	0.023486	6.6
42	-0.785209	509.094468	0.007733	5.5
43	-1.278180	506.970285	0.015226	5.1
44	-1.265262	504.869574	0.021106	5.9
45	-0.000000	502.791916	0.000000	5.5
46	-0.096954	500.736903	0.001760	5.7
47	-0.674678	498.704137	0.009141	5.6
48	-0.000044	496.693228	0.000011	5.8
49	-1.408450	494.703798	0.017202	5.6
50	-0.769617	492.735476	0.004847	6.2
51	-0.000000	490.787900	0.000000	4.8
52	-0.931215	488.860718	0.014299	5.5
53	-0.998376	486.953585	0.005829	6.4
54	-1.066106	485.066164	0.016474	5.4
55	-0.013166	483.198126	0.001512	5.5
56	-1.498256	481.349149	0.012193	6.3
57	-1.226712	479.518920	0.010353	5.3
58	-0.135162	477.707132	0.004450	6.1
59	-0.754421	475.913485	0.009428	6.3
60	-0.064239	474.137684	0.000791	5.5
61	-1.034000	472.379445	0.014845	6.2
62	-0.153253	470.638485	0.004099	5.6
63	-1.558438	468.914531	0.015481	5.7
64	-1.052869	467.207315	0.010059	6.5
65	-0.000000	465.516573	0.000000	5.5
66	-1.559097	463.842050	0.007419	5.8
67	-0.898339	462.183494	0.015374	6.0
68	-0.644355	460.540658	0.010730	6.0
69	-1.458069	458.913303	0.013330	5.6
70	-0.428251	457.301192	0.003968	6.5
71	-1.092692	455.704096	0.012999	5.5
72	-0.901361	454.121787	0.009842	6.2
73	-1.049767	452.554045	0.011146	5.9
74	-0.323374	451.000653	0.002546	5.6
75	-1.113311	449.461399	0.012355	6.9
76	-1.316753	447.936075	0.020837	5.4
77	-0.418725	446.424477	0.014517	5.7
78	-0.335053	444.926406	0.007329	5.9
79	-0.438383	443.441666	0.009598	5.5
80	-0.000000	441.970065	0.000000	5.7
81	-0.000000	440.511415	0.000000	6.0
82	-1.642960	439.065533	0.010555	5.8
83	-0.769989	437.632238	0.007125	6.1
84	-1.143281	436.211351	0.017945	6.6
85	-0.000000	434.802701	0.000000	5.6
86	-0.860162	433.406117	0.008529	6.1
87	-0.911089	432.021430	0.010344	5.6
88	-1.017648	430.648479	0.007231	5.6
89	-0.000017	429.287101	0.000004	6.4
90	-0.481760	427.937140	0.008170	5.8
91	-0.101226	426.598440	0.003478	5.7
92	-1.265080	425.270849	0.004529	6.7
93	-0.034372	423.954220	0.001516	5.5
94	-0.571971	422.648404	0.010891	5.6
95	-1.235309	421.353259	0.004921	5.8
96	-0.539728	420.068643	0.006369	5.8
97	-0.428232	418.794419	0.004519	5.9
98	-1.328981	417.530451	0.012551	5.9
99	-0.443374	416.276604	0.002996	5.7
100	-0.961239	415.032748	0.005595	6.7
101	-1.210136	413.798754	0.006270	5.6
102	-1.069810	412.574495	0.025034	5.6
103	-1.172143	411.359849	0.006205	5.8
104	-0.005185	410.154691	0.000169	6.0
105	-1.021392	408.958904	0.013229	5.8
106	-0.876364	407.772368	0.019981	6.6
107	-1.300832	406.594968	0.027233	5.6
108	-1.418237	405.426590	0.016923	6.5
109	-1.438950	404.267122	0.024434	5.9
110	-1.364221	403.116456	0.014457	5.7
111	-1.085201	401.974481	0.014132	5.9
112	-0.231714	400.841093	0.003690	5.8
113	-0.254016	399.716187	0.003840	5.7
114	-1.169887	398.599660	0.015127	6.0
115	-0.648314	397.491411	0.010228	5.7
116	-0.000000	396.391342	0.000000	5.7
117	-1.162229	395.299353	0.015570	6.9
118	-0.642814	394.215350	0.007754	5.5
119	-0.139561	393.139238	0.003362	5.3
120	-0.216923	392.070924	0.003556	6.1
121	-0.334445	391.010316	0.004008	5.7
122	-1.214047	389.957325	0.010699	6.5
123	-0.844056	388.911862	0.013726	5.5
124	-0.001991	387.873839	0.000301	5.8
125	-1.582192	386.843173	0.005607	6.8
126	-1.412066	385.819777	0.034082	5.6
127	-0.000000	384.803569	0.000000	5.6
128	-0.518337	383.794468	0.006445	6.5
129	-0.000018	382.792393	0.000004	5.8
130	-0.446346	381.797264	0.008713	5.9
131	-0.326513	380.809005	0.003817	5.8
132	-0.000000	379.827537	0.000000	5.9
133	-0.966438	378.852786	0.005299	6.9
134	-0.315831	377.884678	0.005496	5.5
135	-0.554755	376.923138	0.006927	5.5
136	-1.037432	375.968095	0.012427	6.6
137	-0.334846	375.019479	0.005416	5.9
138	-0.793931	374.077218	0.008541	5.7
139	-1.092985	373.141244	0.011846	6.2
140	-0.397934	372.211489	0.005264	5.6
141	-1.236167	371.287887	0.017324	6.2
142	-0.858539	370.370370	0.004928	5.7
143	-1.076140	369.458876	0.026862	5.6
144	-1.396708	368.553338	0.014402	6.1
145	-0.001509	367.653696	0.000220	5.7
146	-1.275575	366.759885	0.010374	5.7
147	-0.000588	365.871846	0.000111	5.9
148	-0.017282	364.989518	0.001286	5.8
149	-0.974499	364.112841	0.015144	5.4
150	-1.184412	363.241757	0.008758	6.3
151	-0.663316	362.376208	0.008612	5.7
152	-1.203573	361.516137	0.012622	5.9
153	-0.000000	360.661488	0.000000	5.7
154	-0.900029	359.812206	0.010593	5.5
155	-0.011310	358.968236	0.000657	6.0
156	-0.989954	358.129524	0.015674	6.5
157	-0.544445	357.296018	0.006416	5.9
158	-0.000000	356.467665	0.000000	6.4
159	-1.585622	355.644414	0.021916	5.7
160	-1.271846	354.826213	0.006613	5.6
161	-1.548397	354.013012	0.015837	6.3
162	-0.423262	353.204763	0.008445	5.8
163	-0.098419	352.401415	0.005176	5.7
164	-0.759442	351.602922	0.012207	6.4
165	-0.129221	350.809235	0.003447	5.7
166	-1.300305	350.020308	0.017114	6.0
167	-0.722599	349.236095	0.013876	6.4
168	-0.000000	348.456550	0.000000	5.7
169	-0.156386	347.681627	0.005399	6.7
170	-1.317166	346.911283	0.010894	5.9
171	-0.000000	346.145474	0.000000	5.7
172	-1.187365	345.384157	0.013551	6.0
173	-0.576473	344.627288	0.010461	6.7
174	-1.032730	343.874826	0.012441	6.2
175	-1.393023	343.126729	0.024598	6.2
176	-0.000001	342.382957	0.000000	5.7
177	-0.295936	341.643469	0.014884	6.4
178	-1.012656	340.908224	0.012205	6.0
179	-0.444781	340.177184	0.006209	6.1
180	-1.201587	339.450309	0.006971	6.3
181	-1.624031	338.727561	0.013593	6.0
182	-0.701536	338.008902	0.008892	6.4
183	-0.003602	337.294295	0.000427	6.8
184	-0.778471	336.583703	0.013194	5.9
185	-0.283153	335.877089	0.003898	7.0
186	-0.269665	335.174416	0.003334	5.9
187	-1.378796	334.475651	0.022708	6.6
188	-0.000000	333.780756	0.000000	6.2
189	-1.239454	333.089698	0.009295	6.3
190	-1.245527	332.402443	0.011313	6.7
191	-0.816445	331.718955	0.001491	6.5
192	-0.000003	331.039203	0.000001	6.4
193	-0.635409	330.363153	0.008827	6.0
194	-1.297459	329.690771	0.009220	5.9
195	-0.694621	329.022027	0.010791	6.5
196	-0.058818	328.356888	0.002126	5.6
197	-0.006942	327.695322	0.000710	5.9
198	-0.051378	327.037299	0.002249	6.1
199	-1.156581	326.382787	0.008838	5.6
200	-0.920516	325.731758	0.003534	5.7
201	-0.479986	325.084179	0.003870	6.3
202	-0.663494	324.440023	0.006858	5.8
203	-0.130715	323.799258	0.001804	5.9
204	-0.937517	323.161858	0.007059	6.1
205	-1.157431	322.527792	0.007848	5.7
206	-0.003495	321.897034	0.000456	6.2
207	-0.000000	321.269554	0.000000	5.9
208	-0.000956	320.645325	0.000142	6.3
209	-0.979779	320.024320	0.010299	5.6
210	-0.221972	319.406512	0.003298	5.7
211	-1.437436	318.791875	0.010944	5.8
212	-1.243284	318.180381	0.006765	6.2
213	-0.679110	317.572005	0.006177	5.6
214	-0.207801	316.966721	0.003415	5.8
215	-1.371526	316.364504	0.015835	6.0
216	-0.380112	315.765329	0.003057	5.7
217	-0.000000	315.169170	0.000000	6.4
218	-0.000000	314.576003	0.000000	5.8
219	-1.450192	313.985804	0.013859	5.7
220	-1.218566	313.398548	0.010008	6.4
221	-1.389640	312.814213	0.014486	5.6
222	-0.010007	312.232773	0.000662	5.4
223	-0.000071	311.654207	0.000014	5.9
224	-1.401387	311.078491	0.017366	6.9
225	-0.014089	310.505602	0.001310	5.7
226	-0.000005	309.935518	0.000001	5.7
227	-1.578734	309.368217	0.013322	5.9
228	-1.011953	308.803676	0.005347	6.3
229	-1.470776	308.241874	0.009829	6.8
230	-0.507679	307.682789	0.010311	5.7
231	-1.359025	307.126400	0.010151	6.6
232	-0.303236	306.572687	0.004618	6.1
233	-1.124933	306.021627	0.008586	6.8
234	-0.660284	305.473201	0.007159	6.1
235	-0.540128	304.927388	0.003787	6.1
236	-0.565517	304.384168	0.013816	6.3
237	-0.000000	303.843521	0.000000	5.8
238	-0.000000	303.305427	0.000000	6.0
239	-0.124239	302.769867	0.005872	6.6
240	-0.968075	302.236821	0.017130	6.4
241	-0.016483	301.706270	0.000798	6.2
242	-1.380096	301.178196	0.017423	6.0
243	-0.514400	300.652580	0.004928	5.7
244	-1.186904	300.129402	0.011309	6.0
245	-0.502931	299.608645	0.006792	5.7
246	-0.724019	299.090291	0.008643	5.7
247	-1.488073	298.574321	0.012423	6.8
248	-1.376718	298.060718	0.012937	6.0
249	-0.804174	297.549465	0.006815	5.6
250	-0.090357	297.040543	0.003145	6.0
251	-0.275631	296.533936	0.003465	5.6
252	-0.840922	296.029626	0.008137	5.9
253	-0.462550	295.527597	0.012354	6.3
254	-0.868378	295.027832	0.011750	5.4
255	-0.000058	294.530315	0.000011	6.3
256	-1.421087	294.035028	0.005754	6.4
257	-0.190470	293.541956	0.003875	5.7
258	-0.054685	293.051083	0.001496	6.7
259	-0.868202	292.562393	0.006516	6.2
260	-0.000000	292.075870	0.000000	6.2
261	-1.129512	291.591498	0.005514	6.3
262	-1.225629	291.109263	0.025651	5.6
263	-0.769726	290.629149	0.016121	6.3
264	-1.152800	290.151140	0.007418	5.8
265	-1.242189	289.675222	0.005650	5.8
266	-1.174404	289.201380	0.023853	6.9
267	-0.028374	288.729600	0.001567	5.7
268	-0.833541	288.259866	0.012600	5.7
269	-0.658763	287.792165	0.006673	6.0
270	-0.635670	287.326481	0.007232	5.8
271	-0.944846	286.862802	0.014575	6.4
272	-0.347598	286.401113	0.004261	5.5
273	-0.383278	285.941400	0.013303	5.6
274	-1.054314	285.483649	0.002487	7.0
275	-0.754982	285.027847	0.008103	6.0
276	-0.126467	284.573981	0.002564	6.1
277	-1.390948	284.122037	0.008155	6.9
278	-1.214935	283.672002	0.008738	5.8
279	-0.427233	283.223863	0.003094	6.5
280	-1.516588	282.777607	0.006159	6.1
281	-0.037325	282.333221	0.001445	5.9
282	-0.004957	281.890692	0.000253	7.1
283	-1.416279	281.450008	0.010359	6.1
284	-1.441703	281.011157	0.003614	6.4
285	-1.516292	280.574125	0.006498	6.5
286	-0.357215	280.138901	0.008705	5.9
287	-0.000142	279.705473	0.000027	6.8
288	-0.755833	279.273829	0.017465	5.9
289	-1.036942	278.843956	0.009670	6.4
290	-0.000000	278.415844	0.000000	6.7
291	-0.409675	277.989479	0.005400	6.2
292	-0.620653	277.564851	0.005988	6.3
293	-0.874522	277.141949	0.012272	5.9
294	-1.428703	276.720761	0.012269	6.0
295	-0.085062	276.301275	0.004777	6.6
296	-0.893368	275.883480	0.006977	5.8
297	-0.810756	275.467366	0.005242	6.1
298	-0.833974	275.052922	0.012387	6.7
299	-0.707788	274.640136	0.003904	6.0
300	-0.527169	274.228998	0.011742	6.3
301	-1.370570	273.819497	0.024144	5.6
302	-1.191779	273.411623	0.009613	5.9
303	-1.364404	273.005365	0.017223	6.3
304	-0.045633	272.600712	0.001721	5.5
305	-1.031094	272.197655	0.014603	6.2
306	-1.363381	271.796184	0.012781	5.7
307	-1.531534	271.396287	0.012431	5.7
308	-0.064391	270.997956	0.001101	6.2
309	-1.164699	270.601180	0.008132	6.9
310	-0.000000	270.205949	0.000000	5.9
311	-0.077516	269.812254	0.003261	6.8
312	-0.383671	269.420085	0.011262	5.8
313	-0.213620	269.029432	0.002640	6.6
314	-0.671773	268.640287	0.003761	5.8
315	-1.057883	268.252638	0.019435	5.6
316	-1.048409	267.866478	0.024559	6.3
317	-1.139038	267.481796	0.010839	5.7
318	-1.417490	267.098584	0.014005	5.7
319	-1.031110	266.716833	0.007484	7.0
320	-0.005173	266.336533	0.000330	5.7
321	-0.804154	265.957676	0.009421	5.8
322	-0.000000	265.580253	0.000000	5.8
323	-0.390152	265.204254	0.007322	5.6
324	-0.000000	264.829672	0.000000	6.2
325	-0.451613	264.456497	0.007531	5.8
326	-0.000001	264.084721	0.000000	5.8
327	-1.373277	263.714335	0.009576	6.1
328	-0.465078	263.345332	0.003500	6.2
329	-0.628006	262.977702	0.017528	6.1
330	-0.001539	262.611438	0.000270	6.1
331	-0.695468	262.246531	0.005066	5.5
332	-0.948824	261.882973	0.007935	6.1
333	-0.825540	261.520756	0.002632	6.2
334	-0.000219	261.159871	0.000040	5.9
335	-0.395694	260.800312	0.010183	7.3
336	-0.716394	260.442070	0.006602	5.4
337	-0.750383	260.085137	0.012231	5.8
338	-1.220444	259.729505	0.007339	6.2
339	-1.001229	259.375167	0.010244	6.0
340	-1.199204	259.022116	0.013626	6.6
341	-0.803459	258.670343	0.017519	6.2
342	-0.000000	258.319841	0.000000	5.7
343	-1.378058	257.970602	0.012877	7.4
344	-0.000017	257.622620	0.000004	5.7
345	-1.041161	257.275887	0.012824	5.8
346	-1.227044	256.930396	0.006125	6.8
347	-1.441012	256.586139	0.016295	6.3
348	-0.000000	256.243109	0.000000	6.4
349	-1.599177	255.901300	0.008871	6.3
350	-0.878254	255.560703	0.013791	5.8
351	-1.369420	255.221313	0.004497	7.0
352	-0.550739	254.883122	0.006957	5.8
353	-1.126596	254.546124	0.018835	6.1
354	-1.161905	254.210311	0.009245	6.0
355	-0.007672	253.875677	0.000833	6.0
356	-0.210521	253.542215	0.002821	6.2
357	-1.310481	253.209918	0.008383	6.5
358	-0.687405	252.878781	0.016557	6.0
359	-0.000000	252.548795	0.000000	6.5
360	-0.874475	252.219956	0.007831	5.5
361	-0.761586	251.892255	0.006221	5.9
362	-0.004825	251.565688	0.000325	5.7
363	-1.408933	251.240247	0.015084	5.7
364	-0.385393	250.915926	0.007204	5.9
365	-0.750462	250.592720	0.010020	5.9
366	-0.164883	250.270621	0.002576	5.4
367	-1.073537	249.949624	0.006480	6.0
368	-0.626950	249.629723	0.012563	5.7
369	-1.297098	249.310911	0.016365	5.7
370	-0.000977	248.993182	0.000152	6.1
371	-0.484810	248.676531	0.010117	5.8
372	-0.000000	248.360952	0.000000	5.8
373	-1.032302	248.046438	0.009113	6.2
374	-1.527639	247.732984	0.009094	5.8
375	-1.396780	247.420584	0.011080	5.5
376	-0.689012	247.109233	0.009130	6.0
377	-0.000000	246.798924	0.000000	6.2
378	-0.987371	246.489652	0.009280	6.1
379	-0.000035	246.181412	0.000008	5.9
380	-0.584545	245.874197	0.008532	5.6
381	-1.351812	245.568002	0.009156	6.0
382	-1.656687	245.262822	0.009574	6.6
383	-0.144306	244.958652	0.003247	5.7
384	-1.483398	244.655485	0.016201	6.5
385	-0.511955	244.353317	0.011177	5.7
386	-0.000007	244.052142	0.000002	6.0
387	-0.303114	243.751955	0.004023	6.3
388	-0.012561	243.452750	0.000940	6.0
389	-0.000000	243.154523	0.000000	6.7
390	-0.773225	242.857268	0.013855	6.0
391	-1.505342	242.560980	0.014235	6.0
392	-0.906850	242.265654	0.010145	6.5
393	-0.008301	241.971285	0.000324	5.8
394	-1.235485	241.677868	0.009774	6.2
395	-1.331276	241.385397	0.005399	6.5
396	-1.084097	241.093869	0.009747	6.0
397	-0.000000	240.803278	0.000000	7.4
398	-1.278841	240.513619	0.002692	7.4
399	-0.011775	240.224887	0.001073	7.0
400	-0.139605	239.937077	0.003272	6.1
401	-0.010695	239.650186	0.000563	6.0
402	-0.000000	239.364207	0.000000	6.0
403	-0.324505	239.079136	0.008220	5.6
404	-1.636644	238.794969	0.013256	5.9
405	-1.399568	238.511701	0.023252	6.6
406	-0.434899	238.229327	0.016154	5.8
407	-0.000000	237.947843	0.000000	6.4
408	-0.180232	237.667244	0.004621	6.1
409	-1.122535	237.387526	0.010503	5.6
410	-1.134857	237.108684	0.004839	6.9
411	-0.000000	236.830714	0.000000	5.5
412	-1.494989	236.553610	0.008284	5.6
413	-0.359272	236.277370	0.020852	6.1
414	-1.224370	236.001989	0.013635	6.4
415	-1.489208	235.727461	0.008385	6.3
416	-1.053243	235.453784	0.013489	5.7
417	-0.694611	235.180952	0.006264	5.6
418	-0.530682	234.908962	0.007709	6.0
419	-0.612410	234.637809	0.013399	5.9
420	-1.070370	234.367488	0.009245	5.8
421	-1.066862	234.097997	0.006364	6.5
422	-1.264295	233.829331	0.012116	5.7
423	-1.259879	233.561485	0.005890	5.7
424	-0.521313	233.294456	0.008356	6.6
425	-1.283750	233.028239	0.009518	5.6
426	-0.914458	232.762831	0.017526	6.0
427	-0.000000	232.498228	0.000000	5.7
428	-0.528114	232.234425	0.005248	5.8
429	-1.352730	231.971419	0.004846	6.2
430	-1.150861	231.709205	0.009646	5.7
431	-0.223172	231.447781	0.009152	5.6
432	-1.112622	231.187141	0.010404	6.8
433	-0.084824	230.927283	0.001896	6.0
434	-0.853435	230.668202	0.006379	5.7
435	-0.000000	230.409895	0.000000	5.9
436	-0.034401	230.152358	0.001941	5.8
437	-0.753776	229.895587	0.005594	5.7
438	-1.463369	229.639578	0.011801	6.0
439	-0.948285	229.384329	0.007355	6.1
440	-0.101150	229.129834	0.001520	6.1
441	-1.288387	228.876091	0.009273	5.7
442	-0.000000	228.623096	0.000000	5.9
443	-0.806710	228.370846	0.010785	6.1
444	-0.000152	228.119336	0.000023	6.0
445	-0.000000	227.868563	0.000000	5.4
446	-0.331180	227.618525	0.002752	7.0
447	-1.224099	227.369216	0.011366	5.7
448	-1.153570	227.120635	0.005154	6.2
449	-0.050132	226.872777	0.002021	6.0
450	-0.231480	226.625638	0.004240	6.0
451	-1.026319	226.379217	0.013706	6.6
452	-0.751355	226.133509	0.003842	5.7
453	-0.000000	225.888510	0.000000	6.2
454	-0.035687	225.644218	0.001634	6.5
455	-0.160364	225.400630	0.004156	6.1
456	-1.556085	225.157741	0.011844	6.3
457	-0.555452	224.915549	0.003831	6.0
458	-0.136372	224.674051	0.002443	5.9
459	-0.981687	224.433242	0.004906	7.1
460	-0.676746	224.193121	0.007745	5.9
461	-0.000000	223.953684	0.000000	5.8
462	-1.148608	223.714927	0.025387	6.5
463	-0.716548	223.476848	0.017756	5.8
464	-0.536437	223.239444	0.006681	5.8
465	-0.345110	223.002710	0.006173	6.8
466	-1.310770	222.766645	0.009214	6.4
467	-1.134823	222.531245	0.018011	5.8
468	-1.379902	222.296508	0.018402	5.8
469	-1.297934	222.062429	0.007525	5.7
470	-0.863749	221.829007	0.013133	6.7
471	-1.502181	221.596238	0.014279	6.0
472	-0.598099	221.364119	0.006667	6.0
473	-0.483809	221.132647	0.004287	6.1
474	-1.315012	220.901820	0.012716	5.9
475	-0.000000	220.671634	0.000000	6.2
476	-1.354149	220.442086	0.008193	6.1
477	-0.791782	220.213174	0.011242	5.8
478	-0.811901	219.984895	0.007806	6.4
479	-1.298273	219.757246	0.013658	5.5
480	-1.438580	219.530224	0.007728	5.7
481	-0.935586	219.303826	0.008023	6.6
482	-1.476817	219.078050	0.007400	5.3
483	-0.005279	218.852893	0.000549	5.5
484	-1.573246	218.628352	0.016460	6.9
485	-1.338689	218.404424	0.006448	6.0
486	-1.517712	218.181106	0.030077	6.1
487	-1.118037	217.958397	0.005818	5.8
488	-0.027801	217.736292	0.001469	5.6
489	-1.124688	217.514790	0.024700	6.3
490	-0.517427	217.293888	0.007129	5.7
491	-1.507709	217.073584	0.010357	5.7
492	-0.016719	216.853873	0.000797	6.2
493	-0.000000	216.634755	0.000000	5.7
494	-1.494351	216.416227	0.014862	6.6
495	-0.250555	216.198285	0.003804	6.1
496	-0.000000	215.980927	0.000000	5.9
497	-0.751419	215.764151	0.008070	6.9
498	-0.017720	215.547955	0.000934	6.2
499	-0.201623	215.332335	0.006585	6.2
500	-0.795208	215.117289	0.007453	6.2
501	-1.284313	214.902815	0.020319	6.0
502	-1.004735	214.688911	0.010114	6.9
503	-1.174642	214.475573	0.007252	5.8
504	-0.123877	214.262800	0.005630	6.2
505	-1.444916	214.050588	0.008463	6.5
506	-0.588819	213.838936	0.009894	5.6
507	-0.049586	213.627842	0.003499	6.2
508	-0.093041	213.417302	0.002363	6.1
509	-0.822402	213.207314	0.001365	5.9
510	-1.353879	212.997877	0.008373	6.9
511	-0.716565	212.788987	0.014255	6.2
512	-0.103210	212.580642	0.001437	5.9
513	-0.434607	212.372841	0.014727	6.1
514	-0.197370	212.165581	0.002700	5.6
515	-0.000000	211.958859	0.000000	6.2
516	-0.710450	211.752673	0.005673	6.1
517	-1.281161	211.547021	0.011901	5.8
518	-0.768719	211.341902	0.007508	6.6
519	-0.861814	211.137311	0.008346	5.6
520	-1.337650	210.933248	0.018403	5.6
521	-0.135287	210.729710	0.003552	6.3
522	-0.000367	210.526695	0.000068	5.0
523	-1.493794	210.324200	0.010246	5.8
524	-1.545024	210.122224	0.024299	7.1
525	-1.663342	209.920765	0.005618	5.6
526	-0.413144	209.719820	0.011894	6.0
527	-1.383383	209.519387	0.007800	12.3
528	-0.000000	209.319463	0.000000	9.7
529	-1.527573	209.120048	0.005976	6.9
530	-0.458951	208.921139	0.012138	6.4
531	-0.331727	208.722733	0.005492	5.7
532	-1.193136	208.524829	0.005477	5.9
533	-1.310405	208.327425	0.008873	5.8
534	-1.335392	208.130518	0.019321	5.9
535	-0.113770	207.934107	0.003277	6.7
536	-0.000000	207.738189	0.000000	5.6
537	-0.000000	207.542762	0.000000	4.9
538	-0.795368	207.347825	0.006885	6.0
539	-0.132307	207.153376	0.004143	5.5
540	-0.188895	206.959412	0.005311	5.9
541	-0.812115	206.765932	0.010342	6.3
542	-0.048945	206.572933	0.002646	5.7
543	-0.744695	206.380414	0.002738	5.7
544	-0.000000	206.188373	0.000000	6.9
545	-1.324136	205.996807	0.012109	5.4
546	-1.247387	205.805716	0.004167	5.9
547	-0.000000	205.615096	0.000000	5.7
548	-0.655807	205.424946	0.011023	5.8
549	-1.005582	205.235265	0.010551	6.3
550	-0.586756	205.046050	0.008306	5.7
551	-0.949244	204.857299	0.005616	6.4
552	-1.234912	204.669011	0.020747	6.3
553	-1.255067	204.481184	0.015655	5.6
554	-1.493224	204.293816	0.005244	5.9
555	-0.392216	204.106905	0.006404	6.0
556	-0.864670	203.920449	0.009066	5.5
557	-1.050734	203.734447	0.010475	6.1
558	-0.000000	203.548896	0.000000	5.6
559	-0.000000	203.363795	0.000000	6.5
560	-0.538044	203.179143	0.005072	6.9
561	-1.593192	202.994937	0.008861	5.6
562	-1.077771	202.811176	0.015460	5.6
563	-1.232848	202.627857	0.007462	6.0
564	-1.423694	202.444980	0.012687	5.6
565	-0.481347	202.262543	0.004408	5.7
566	-1.107600	202.080543	0.016275	5.5
567	-1.489215	201.898979	0.010166	5.5
568	-0.097476	201.717849	0.004629	6.3
569	-0.692653	201.537153	0.006047	5.8
570	-1.163114	201.356887	0.011848	5.9
571	-0.940567	201.177050	0.011930	6.1
572	-0.069557	200.997642	0.002218	5.9
573	-0.010434	200.818659	0.000568	5.5
574	-1.028809	200.640100	0.007909	6.2
575	-0.000000	200.461965	0.000000	5.5
576	-0.000177	200.284250	0.000029	5.8
577	-0.451479	200.106955	0.009802	6.4
578	-0.961536	199.930078	0.005107	5.6
579	-1.097842	199.753617	0.014488	5.7
580	-0.034433	199.577571	0.001680	5.7
581	-0.000000	199.401938	0.000000	5.4
582	-1.228414	199.226717	0.014175	6.0
583	-1.218119	199.051905	0.012338	6.2
584	-0.159653	198.877502	0.004047	5.8
585	-0.000001	198.703506	0.000000	6.1
586	-1.081469	198.529916	0.007613	6.2
587	-1.536968	198.356729	0.016028	5.7
588	-0.140818	198.183944	0.003866	6.4
589	-0.997545	198.011560	0.006956	5.6
590	-1.369500	197.839576	0.010521	5.6
591	-1.453607	197.667989	0.007399	6.2
592	-0.000000	197.496798	0.000000	5.7
593	-0.009986	197.326002	0.000704	6.5
594	-0.000000	197.155600	0.000000	5.7
595	-0.766388	196.985589	0.007433	5.5
596	0.000000	196.815969	0.000000	6.1
597	-0.422982	196.646738	0.005917	5.8
598	-1.127227	196.477894	0.014015	5.8
599	-0.237844	196.309436	0.003051	6.1
600	-0.345138	196.141363	0.006565	5.5
601	-0.137151	195.973673	0.001302	5.7
602	-0.699963	195.806365	0.006556	6.6
603	-0.724924	195.639437	0.003083	6.4
604	-1.324901	195.472888	0.009677	7.1
605	-1.052810	195.306717	0.010050	6.0
606	-1.474501	195.140922	0.016201	5.9
607	-0.000000	194.975501	0.000000	6.2
608	-1.210767	194.810454	0.009690	5.7
609	-0.589011	194.645779	0.003959	6.3
610	-1.228811	194.481475	0.016788	6.6
611	-0.409144	194.317540	0.003033	5.8
612	-0.000000	194.153973	0.000000	6.4
613	-0.666236	193.990773	0.006121	6.0
614	-0.519233	193.827938	0.005922	6.2
615	-0.545548	193.665467	0.006678	6.8
616	-0.797147	193.503358	0.005391	6.0
617	-0.000000	193.341611	0.000000	5.9
618	-1.271226	193.180224	0.010631	6.2
619	-0.142484	193.019196	0.003616	5.8
620	-0.993906	192.858525	0.010683	6.3
621	-0.715418	192.698210	0.010061	6.6
622	-0.709677	192.538251	0.016199	5.8
623	-1.533609	192.378644	0.011669	6.2
624	-0.000000	192.219391	0.000000	5.5
625	-1.291356	192.060488	0.021444	5.8
626	-1.518678	191.901935	0.013289	6.1
627	-0.000082	191.743730	0.000014	5.6
628	-1.588669	191.585873	0.010757	6.1
629	-0.374632	191.428362	0.008187	5.7
630	-1.408300	191.271196	0.011439	5.9
631	-1.104499	191.114374	0.007064	6.3
632	-1.011853	190.957893	0.003941	5.9
633	-1.002520	190.801755	0.010926	5.8
634	-1.508573	190.645956	0.005819	6.7
635	-0.609448	190.490495	0.007544	5.6
636	-0.429709	190.335373	0.016939	5.7
637	-0.902996	190.180587	0.014485	6.0
638	-0.375395	190.026136	0.004756	5.5
639	-0.791762	189.872019	0.004078	6.3
640	-0.000038	189.718235	0.000007	6.1
641	-1.022102	189.564782	0.008278	5.6
642	-0.000000	189.411661	0.000000	6.4
643	-1.051447	189.258868	0.006925	6.0
644	-0.000579	189.106404	0.000093	5.7
645	-1.527440	188.954267	0.010414	5.7
646	-0.049668	188.802456	0.001866	5.7
647	-1.138500	188.650969	0.008429	5.7
648	-0.095653	188.499807	0.002391	6.3
649	-0.160758	188.348967	0.004833	5.7
650	-1.512458	188.198448	0.026005	6.3
651	-1.449302	188.048250	0.013823	5.9
652	-1.474652	187.898371	0.014835	5.8
653	-0.014537	187.748810	0.001472	6.7
654	-0.645326	187.599566	0.005009	5.7
655	-0.743936	187.450638	0.006850	5.8
656	-0.777440	187.302025	0.021979	6.9
657	-1.487418	187.153725	0.010183	6.7
658	-0.816533	187.005739	0.003565	7.2
659	-0.864962	186.858064	0.013019	6.1
660	-0.872043	186.710699	0.012455	6.0
661	-0.000016	186.563645	0.000003	6.0
662	-0.959420	186.416898	0.014796	6.1
663	-1.474862	186.270459	0.009234	6.4
664	-1.444786	186.124326	0.012487	6.0
665	-1.356341	185.978499	0.013106	6.1
666	-1.392175	185.832976	0.008104	6.2
667	-1.324097	185.687756	0.012509	6.0
668	-1.595467	185.542838	0.006286	6.4
669	-0.000642	185.398222	0.000141	6.4
670	-0.045613	185.253906	0.003173	5.6
671	-0.097283	185.109889	0.004488	5.6
672	-1.474899	184.966170	0.012686	6.0
673	-0.533012	184.822748	0.005791	5.5
674	-0.865437	184.679623	0.024483	6.0
675	-0.000000	184.536792	0.000000	6.4
676	-0.000306	184.394256	0.000068	5.6
677	-0.488236	184.252013	0.010642	6.0
678	-0.005712	184.110062	0.000531	5.7
679	-0.862880	183.968403	0.007764	5.9
680	-1.048135	183.827034	0.014389	6.2
681	-0.161740	183.685954	0.003627	5.8
682	-1.045435	183.545163	0.006949	5.7
683	-0.252221	183.404658	0.004120	6.5
684	-1.023708	183.264441	0.006462	5.8
685	-1.629047	183.124509	0.017012	6.1
686	-1.263060	182.984861	0.008272	5.8
687	-0.136579	182.845497	0.003030	5.7
688	-0.526503	182.706416	0.004187	6.4
689	-0.659404	182.567616	0.006981	5.5
690	-1.365494	182.429098	0.010092	5.6
691	-0.016334	182.290859	0.001050	6.7
692	-0.001861	182.152899	0.000295	6.0
693	-0.648687	182.015217	0.005418	5.9
694	-0.725023	181.877813	0.013543	5.8
695	-1.058906	181.740684	0.009587	5.6
696	-1.131798	181.603832	0.005822	5.9
697	-1.194811	181.467253	0.011355	6.6
698	-0.000560	181.330948	0.000084	5.5
699	-0.821220	181.194916	0.011820	6.3
700	-0.971112	181.059155	0.010669	5.8
701	-0.006110	180.923666	0.000437	5.9
702	-1.284390	180.788446	0.007727	6.0
703	-0.771728	180.653496	0.019113	5.7
704	-1.011788	180.518814	0.006545	6.0
705	-1.153454	180.384399	0.004094	6.1
706	-1.019939	180.250251	0.005074	5.8
707	-0.436777	180.116369	0.003448	7.3
708	-1.195349	179.982752	0.009155	5.8
709	-1.410175	179.849398	0.010480	5.8
710	-1.522823	179.716308	0.013003	6.6
711	-1.108840	179.583480	0.012964	6.2
712	-0.795730	179.450913	0.008889	6.4
713	-1.136164	179.318607	0.011134	6.4
714	-0.000000	179.186561	0.000000	6.3
715	-0.967655	179.054774	0.004055	6.9
716	-0.818254	178.923245	0.006769	5.9
717	-0.155079	178.791973	0.002266	5.9
718	-1.397332	178.660958	0.004099	6.1
719	-0.753592	178.530199	0.006437	5.9
720	-0.874286	178.399694	0.009733	6.8
721	-0.472465	178.269444	0.015152	6.3
722	-0.742975	178.139447	0.007254	5.8
723	-1.209610	178.009702	0.011242	6.6
724	-1.463666	177.880209	0.006288	5.6
725	-1.092292	177.750967	0.020051	5.6
726	-0.781765	177.621975	0.009055	6.1
727	-0.000000	177.493232	0.000000	5.8
728	-0.825103	177.364738	0.010846	6.1
729	-0.053917	177.236492	0.001405	5.9
730	-0.443788	177.108492	0.007530	5.8
731	-0.000004	176.980739	0.000001	6.6
732	-1.573753	176.853231	0.012801	5.8
733	-1.463288	176.725968	0.018704	5.7
734	-1.055950	176.598949	0.011262	6.3
735	-0.384264	176.472173	0.008304	5.4
736	-0.116862	176.345639	0.002120	5.7
737	-0.719177	176.219348	0.007616	6.3
738	-1.333457	176.093296	0.009596	5.6
739	-0.840716	175.967486	0.006164	6.1
740	-0.794357	175.841914	0.006929	5.7
741	-1.347046	175.716581	0.008865	5.5
742	-1.076950	175.591486	0.011402	6.2
743	-0.074167	175.466629	0.003286	5.7
744	-0.223534	175.342008	0.002640	5.5
745	-0.648300	175.217622	0.006216	6.0
746	-1.054248	175.093472	0.007851	6.3
747	-1.613101	174.969556	0.015278	5.7
748	-1.113184	174.845873	0.022681	6.6
749	-1.087526	174.722423	0.008012	5.9
750	-1.024938	174.599206	0.010208	6.3
751	-1.229887	174.476220	0.011344	5.6
752	-1.332844	174.353464	0.009305	5.6
753	-0.000420	174.230939	0.000060	6.6
754	-0.000000	174.108643	0.000000	5.5
755	-1.603797	173.986576	0.007664	6.1
756	-0.498499	173.864737	0.004187	6.7
757	-0.430019	173.743124	0.012313	5.9
758	-1.441398	173.621739	0.009518	6.1
759	-1.071420	173.500579	0.005166	6.1
760	-0.881620	173.379645	0.003329	6.2
761	-0.686929	173.258935	0.004065	6.9
762	-0.184160	173.138449	0.003005	5.6
763	-0.000367	173.018186	0.000056	5.8
764	-1.150413	172.898146	0.004150	6.7
765	-1.443942	172.778327	0.007068	6.4
766	-0.000000	172.658730	0.000000	6.6
767	-1.528969	172.539353	0.014493	6.1
768	-0.011288	172.420196	0.000441	5.6
769	-1.024826	172.301258	0.011401	6.1
770	-0.806353	172.182539	0.007886	6.1
771	-0.000000	172.064037	0.000000	5.8
772	-1.206728	171.945753	0.010507	7.3
773	-1.409076	171.827686	0.008107	5.4
774	-0.433536	171.709834	0.006274	6.2
775	-0.023214	171.592198	0.001139	5.8
776	-1.258451	171.474776	0.026481	5.8
777	-0.617904	171.357568	0.005164	6.3
778	-1.014930	171.240574	0.004796	5.9
779	-0.074808	171.123793	0.003923	5.4
780	-1.161830	171.007223	0.008541	6.0
781	-0.759783	170.890865	0.006136	6.8
782	-1.253068	170.774718	0.003769	5.8
783	-1.467181	170.658782	0.011310	5.9
784	-0.018832	170.543055	0.001419	5.4
785	-0.346212	170.427537	0.008068	6.0
786	-1.114754	170.312227	0.018955	5.5
787	-1.018555	170.197125	0.009559	6.0
788	-1.140319	170.082231	0.008047	6.9
789	-1.228899	169.967543	0.007861	5.6
790	-1.283228	169.853061	0.007266	5.6
791	-1.263729	169.738784	0.014837	6.6
792	-1.351640	169.624713	0.014058	5.7
793	-0.034840	169.510845	0.001886	6.1
794	-1.236979	169.397181	0.008256	5.9
795	-1.056869	169.283720	0.009223	5.7
796	-0.291980	169.170462	0.006244	6.8
797	-0.968121	169.057405	0.010581	5.7
798	-1.071800	168.944549	0.001867	5.7
799	-0.000052	168.831895	0.000011	6.4
800	-1.079192	168.719440	0.008203	6.3
801	-0.770472	168.607185	0.009464	5.8
802	-1.502045	168.495129	0.012723	6.2
803	-1.186281	168.383271	0.013348	6.2
804	-0.474701	168.271611	0.005732	6.9
805	-0.858376	168.160148	0.008685	6.0
806	-0.779793	168.048882	0.004112	5.6
807	-0.172424	167.937812	0.002471	5.9
808	-1.359850	167.826938	0.008374	5.8
809	-1.275514	167.716258	0.011337	6.0
810	-1.121425	167.605773	0.012894	6.6
811	-1.377662	167.495482	0.008685	6.0
812	-1.505298	167.385384	0.006530	6.3
813	-0.000000	167.275479	0.000000	5.6
814	-0.266331	167.165766	0.004302	5.8
815	-0.586061	167.056245	0.005316	6.6
816	-0.796426	166.946915	0.016332	5.6
817	-1.386130	166.837776	0.013987	6.1
818	-1.138524	166.728826	0.014671	6.3
819	-0.779301	166.620067	0.005603	7.1
820	-0.000000	166.511496	0.000000	6.8
821	-0.000003	166.403113	0.000001	6.0
822	-0.000000	166.294919	0.000000	5.9
823	-0.647962	166.186912	0.010764	5.9
824	-0.214032	166.079091	0.006969	6.0
825	-0.819094	165.971458	0.006409	5.9
826	-0.399219	165.864009	0.002890	6.5
827	-1.017768	165.756747	0.010386	6.3
828	-1.183760	165.649669	0.011640	6.0
829	-1.235729	165.542775	0.005041	6.2
830	-0.949981	165.436065	0.007949	6.0
831	-1.259679	165.329538	0.008120	6.4
832	-0.560118	165.223194	0.004831	5.7
833	-0.976532	165.117032	0.017064	5.8
834	-0.441447	165.011052	0.011111	6.2
835	-0.815490	164.905253	0.014562	6.2
836	-1.045194	164.799635	0.003657	5.8
837	-1.515966	164.694197	0.005198	5.9
838	-1.419275	164.588939	0.011435	5.9
839	-1.377126	164.483859	0.010991	5.9
840	-0.000730	164.378959	0.000113	5.7
841	-0.176348	164.274237	0.006998	5.7
842	-0.520206	164.169692	0.016505	6.4
843	-0.813610	164.065325	0.008405	5.9
844	-1.444200	163.961135	0.011847	5.8
845	-0.001387	163.857120	0.000213	6.1
846	-0.000000	163.753282	0.000000	5.7
847	-1.394663	163.649619	0.008728	6.1
848	-1.041709	163.546130	0.007562	5.5
849	-0.835340	163.442816	0.014842	6.4
850	-0.000179	163.339676	0.000036	6.3
851	-0.545035	163.236709	0.006001	6.3
852	-0.000303	163.133915	0.000055	5.9
853	-0.087291	163.031294	0.003332	6.2
854	-1.350840	162.928844	0.007132	5.6
855	-0.000007	162.826566	0.000002	5.8
856	-0.827048	162.724459	0.006454	5.7
857	-1.059644	162.622523	0.008758	5.9
858	-0.000000	162.520757	0.000000	6.4
859	-0.379576	162.419160	0.002922	6.0
860	-0.065391	162.317733	0.002807	5.6
861	-1.178544	162.216474	0.024662	6.1
862	-1.543429	162.115383	0.010517	6.0
863	-1.055346	162.014461	0.008507	5.6
864	-1.145711	161.913705	0.006094	6.5
865	-0.097999	161.813117	0.001340	6.0
866	-0.995639	161.712695	0.012625	6.3
867	-0.000000	161.612439	0.000000	5.9
868	-0.000000	161.512349	0.000000	6.5
869	-0.058164	161.412424	0.002621	6.5
870	-1.085605	161.312663	0.005156	6.1
871	-0.008176	161.213067	0.000372	5.3
872	-1.497754	161.113635	0.013328	6.0
873	-0.806909	161.014366	0.004225	6.0
874	-0.605000	160.915260	0.009625	6.3
875	-0.655961	160.816316	0.006960	6.4
876	-0.548715	160.717535	0.006551	5.9
877	-0.000000	160.618915	0.000000	6.5
878	-0.352263	160.520456	0.005076	6.1
879	-0.000000	160.422158	0.000000	6.9
880	-0.730514	160.324021	0.008954	6.3
881	-0.030132	160.226043	0.002811	5.9
882	-0.899473	160.128225	0.016449	6.8
883	-1.325753	160.030566	0.004706	6.1
884	-0.000018	159.933066	0.000003	5.8
885	-1.427783	159.835723	0.012022	6.0
886	-1.573713	159.738539	0.005216	6.5
887	-1.527090	159.641512	0.013067	5.9
888	-0.125129	159.544642	0.002512	5.7
889	-1.448907	159.447929	0.010394	5.6
890	-1.265423	159.351372	0.014038	5.5
891	-1.177953	159.254971	0.004672	6.9
892	-0.244247	159.158725	0.003121	5.5
893	-0.006913	159.062634	0.000505	6.0
894	-0.000000	158.966697	0.000000	6.0
895	-1.327160	158.870915	0.018777	5.8
896	-0.711584	158.775286	0.004162	6.7
897	-0.303868	158.679811	0.007551	5.8
898	-0.643583	158.584489	0.018806	5.9
899	-0.978537	158.489319	0.003980	6.2
900	-1.438092	158.394302	0.016237	5.8
901	-0.000000	158.299436	0.000000	6.2
902	-1.197220	158.204721	0.013294	6.4
903	-0.863104	158.110158	0.010703	6.2
904	-0.019078	158.015745	0.000757	6.0
905	-0.868223	157.921482	0.010481	6.1
906	-0.257138	157.827369	0.004293	5.9
907	-0.061482	157.733406	0.001554	6.4
908	-0.753127	157.639591	0.008431	5.9
909	-1.029208	157.545925	0.009892	6.1
910	-0.832693	157.452408	0.005717	5.8
911	-1.277931	157.359038	0.005374	5.7
912	-0.000000	157.265816	0.000000	6.3
913	-1.509232	157.172741	0.009340	6.3
914	-0.108683	157.079813	0.002278	5.8
915	-0.000000	156.987031	0.000000	6.4
916	-0.000320	156.894395	0.000049	5.7
917	-1.523169	156.801904	0.011368	5.9
918	-1.116849	156.709559	0.011036	6.6
919	-0.628169	156.617359	0.009231	5.4
920	-1.400635	156.525304	0.023267	6.2
921	-0.658289	156.433392	0.004667	6.5
922	-0.538280	156.341624	0.014218	6.3
923	-0.000000	156.250000	0.000000	6.3
924	-0.959010	156.158519	0.007114	5.6
925	-0.363687	156.067180	0.005972	6.0
926	-0.000000	155.975984	0.000000	6.4
927	-1.112101	155.884930	0.011471	6.0
928	-0.070146	155.794017	0.001691	7.0
929	-0.767301	155.703246	0.007761	6.0
930	-1.473568	155.612615	0.010137	5.9
931	-0.636740	155.522125	0.008387	6.8
932	-0.652209	155.431775	0.004229	6.1
933	-0.000000	155.341565	0.000000	6.3
934	-1.188030	155.251495	0.008932	5.7
935	-1.278959	155.161563	0.013774	5.7
936	-1.206119	155.071771	0.012078	6.4
937	-1.251537	154.982117	0.011920	6.3
938	-0.908934	154.892601	0.009765	7.0
939	-1.441060	154.803222	0.007160	6.3
940	-0.000000	154.713981	0.000000	5.8
941	-1.493006	154.624878	0.014516	6.5
942	-1.511256	154.535910	0.014867	6.8
943	-0.000008	154.447080	0.000002	5.7
944	-0.581685	154.358385	0.004094	7.0
945	-1.148349	154.269826	0.016819	5.6
946	-0.000000	154.181402	0.000000	5.9
947	-0.879975	154.093114	0.011965	6.2
948	-0.877130	154.004960	0.009286	5.7
949	-0.000006	153.916940	0.000001	6.4
950	-1.509136	153.829054	0.011786	6.0
951	-0.000000	153.741303	0.000000	5.8
952	-0.368401	153.653684	0.014016	5.8
953	-0.489558	153.566198	0.024953	6.4
954	-0.166285	153.478846	0.004089	5.9
955	-1.034940	153.391625	0.013838	6.8
956	-0.570949	153.304537	0.004221	5.4
957	-1.215182	153.217580	0.017910	5.9
958	-1.471682	153.130755	0.012386	5.9
959	-0.000000	153.044061	0.000000	6.2
960	-0.824789	152.957498	0.006325	6.4
961	-0.000103	152.871065	0.000018	5.8
962	-0.004425	152.784762	0.000497	5.6
963	-0.000000	152.698589	0.000000	6.2
964	-0.843302	152.612545	0.012864	5.7
965	-1.081010	152.526631	0.006559	6.0
966	-1.423431	152.440845	0.010881	6.2
967	-0.594928	152.355188	0.010684	5.7
968	-0.975248	152.269660	0.007669	6.2
969	-0.061379	152.184259	0.004847	5.7
970	-1.198809	152.098986	0.012263	5.7
971	-0.000013	152.013840	0.000003	5.9
972	-0.975522	151.928821	0.007121	6.8
973	-0.503987	151.843928	0.009446	5.5
974	-0.000001	151.759163	0.000000	6.0
975	-1.424809	151.674523	0.015161	5.5
976	-1.507908	151.590009	0.006961	5.9
977	-0.000118	151.505620	0.000016	6.0
978	-0.000000	151.421357	0.000000	6.1
979	-1.315479	151.337218	0.014815	6.8
980	-0.055543	151.253204	0.001553	5.8
981	-1.437756	151.169314	0.011547	5.9
982	-1.240790	151.085549	0.008918	6.7
983	-1.086765	151.001907	0.005779	6.0
984	-1.662986	150.918388	0.006553	6.2
985	-0.013628	150.834992	0.000500	6.1
986	-0.000000	150.751719	0.000000	6.2
987	-0.619655	150.668569	0.016615	6.0
988	-1.486900	150.585541	0.005302	6.2
989	-0.860074	150.502634	0.005209	6.0
990	-0.841741	150.419849	0.009884	6.5
991	-1.114220	150.337186	0.003584	5.8
992	-1.293019	150.254644	0.009049	7.1
993	-0.402754	150.172222	0.006948	6.0
994	-1.407534	150.089921	0.011208	5.9
995	-0.760716	150.007740	0.014893	6.4
996	-0.586989	149.925679	0.015528	5.5
997	-0.000003	149.843737	0.000001	5.9
998	-1.454480	149.761915	0.012446	6.2
999	-1.317408	149.680212	0.011398	5.5
1000	-0.788810	149.598627	0.008502	6.1
1001	-0.541373	149.517161	0.007022	5.9
1002	-0.647806	149.435814	0.008555	5.8
1003	-0.000000	149.354584	0.000000	6.5
1004	-1.168614	149.273472	0.015654	5.8
1005	-0.000000	149.192477	0.000000	5.5
1006	-0.000007	149.111599	0.000002	6.2
1007	-0.281561	149.030838	0.003547	5.8
1008	-0.000000	148.950194	0.000000	5.7
1009	-0.672055	148.869666	0.015228	6.7
1010	-1.108612	148.789253	0.006234	5.5
1011	-0.072429	148.708957	0.001480	5.7
1012	-0.876686	148.628776	0.020133	6.2
1013	-0.000937	148.548710	0.000186	5.7
1014	-0.034727	148.468759	0.002163	6.1
1015	-0.000186	148.388923	0.000029	5.9
1016	-0.876841	148.309201	0.008430	5.6
1017	-0.340106	148.229594	0.003194	6.1
1018	-0.454333	148.150100	0.004793	5.4
1019	-1.039212	148.070719	0.004915	5.8
1020	-0.000000	147.991452	0.000000	6.7
1021	-1.134346	147.912298	0.005735	5.6
1022	-0.564710	147.833257	0.009724	6.0
1023	-0.385468	147.754329	0.019183	6.3
1024	-1.250211	147.675512	0.023365	5.8
1025	-1.280604	147.596808	0.014364	7.0
1026	-0.522258	147.518216	0.011682	5.8
1027	-1.346393	147.439735	0.006365	5.7
1028	-0.340530	147.361365	0.006656	6.3
1029	-1.584631	147.283106	0.011760	6.0
1030	-0.020529	147.204958	0.001884	6.1
1031	-0.748428	147.126920	0.010421	5.8
1032	-0.951499	147.048993	0.012317	6.0
1033	-0.793598	146.971175	0.010873	5.8
1034	-1.386282	146.893468	0.011881	6.0
1035	-0.653988	146.815869	0.010391	5.9
1036	-1.477065	146.738380	0.014672	6.4
1037	-0.997843	146.661000	0.013740	5.9
1038	-1.262163	146.583729	0.003564	6.1
1039	-1.532951	146.506566	0.011017	6.5
1040	-0.758224	146.429511	0.008341	6.0
1041	-0.000280	146.352565	0.000051	6.2
1042	0.000000	146.275726	0.000000	6.1
1043	-1.513324	146.198994	0.008847	6.1
1044	-0.895745	146.122370	0.009365	6.8
1045	-1.027334	146.045853	0.010840	6.0
1046	-1.131874	145.969442	0.013571	5.9
1047	-0.963498	145.893139	0.009299	7.0
1048	-1.437933	145.816941	0.006378	5.4
1049	-1.366228	145.740849	0.015806	6.0
1050	-0.237623	145.664863	0.004901	5.7
1051	-1.026799	145.588983	0.018980	5.7
1052	-1.415972	145.513208	0.021952	6.1
1053	-1.275682	145.437538	0.012002	5.7
1054	-0.893415	145.361973	0.008079	5.6
1055	-0.246267	145.286513	0.003452	6.9
1056	-0.159710	145.211157	0.002261	5.5
1057	-0.182974	145.135905	0.003904	5.9
1058	-0.077510	145.060757	0.001980	6.7
1059	-0.003530	144.985712	0.000590	6.1
1060	-0.002330	144.910771	0.000420	6.1
1061	-0.034594	144.835934	0.001308	5.6
1062	-1.135974	144.761199	0.014785	5.7
1063	-1.341510	144.686567	0.025275	6.9
1064	-1.416289	144.612037	0.014703	5.3
1065	-1.169956	144.537610	0.005049	5.6
1066	-0.055317	144.463285	0.002304	6.1
1067	-1.499834	144.389062	0.018488	5.7
1068	-0.988071	144.314940	0.015330	5.7
1069	-0.712833	144.240920	0.005794	6.0
1070	-0.001517	144.167001	0.000164	5.7
1071	-0.398946	144.093182	0.014863	6.2
1072	-0.544064	144.019465	0.010518	6.6
1073	-1.494159	143.945848	0.002672	5.6
1074	-0.601435	143.872331	0.007975	6.4
1075	-0.000000	143.798914	0.000000	6.3
1076	-0.385725	143.725597	0.003670	5.9
1077	-1.327508	143.652380	0.015487	6.7
1078	-0.022331	143.579262	0.000911	5.8
1079	-0.434114	143.506243	0.004982	6.5
1080	-0.961467	143.433323	0.003859	6.0
1081	-1.342995	143.360502	0.008892	5.9
1082	-0.948108	143.287780	0.009383	6.2
1083	-1.142580	143.215155	0.005917	6.0
1084	-0.128610	143.142629	0.003172	6.0
1085	-1.073875	143.070201	0.008547	6.5
1086	0.000000	142.997870	0.000000	6.0
1087	-0.955444	142.925637	0.008597	6.6
1088	-1.537196	142.853501	0.020624	6.6
1089	-1.274167	142.781462	0.012545	6.0
1090	-1.342588	142.709519	0.010926	7.2
1091	-1.310317	142.637674	0.012490	5.7
1092	-0.651717	142.565924	0.012947	6.1
1093	-1.562099	142.494271	0.012283	6.6
1094	-0.800978	142.422714	0.006747	5.9
1095	-1.466776	142.351252	0.019128	6.0
1096	-0.905240	142.279886	0.010425	5.8
1097	-0.039303	142.208616	0.001368	5.9
1098	-0.663215	142.137440	0.003856	6.2
1099	-1.489692	142.066360	0.010362	5.8
1100	-0.000000	141.995374	0.000000	5.7
1101	-1.361655	141.924483	0.011484	6.3
1102	-1.289232	141.853685	0.009102	5.8
1103	-0.619876	141.782983	0.012958	6.2
1104	-0.771503	141.712373	0.005553	5.5
1105	-1.602393	141.641858	0.007098	5.6
1106	-0.002188	141.571436	0.000255	7.0
1107	-1.090759	141.501108	0.008542	5.7
1108	-1.161525	141.430872	0.014184	5.9
1109	-1.150441	141.360730	0.008133	6.3
1110	-1.016915	141.290680	0.004832	6.4
1111	-1.069645	141.220722	0.015815	6.1
1112	-0.000000	141.150857	0.000000	6.1
1113	-0.000000	141.081084	0.000000	5.6
1114	-1.128491	141.011403	0.006810	5.6
1115	-0.001795	140.941813	0.000230	5.8
1116	-0.730887	140.872315	0.004660	5.6
1117	-1.081290	140.802909	0.007849	6.1
1118	-1.391915	140.733593	0.013116	5.8
1119	-0.572094	140.664369	0.006753	5.7
1120	-0.005726	140.595235	0.000823	6.6
1121	-1.262399	140.526192	0.009326	5.5
1122	-0.000000	140.457239	0.000000	5.7
1123	-0.495699	140.388376	0.005134	6.3
1124	-0.000000	140.319603	0.000000	5.7
1125	-0.526038	140.250920	0.007321	6.0
1126	-0.007160	140.182326	0.000418	6.1
1127	-0.598667	140.113822	0.009184	5.8
1128	-0.447702	140.045407	0.005539	6.6
1129	-1.008932	139.977081	0.011216	5.8
1130	-0.228474	139.908844	0.005811	5.5
1131	-0.975722	139.840696	0.008874	5.9
1132	-1.001053	139.772635	0.023030	6.0
1133	-0.447652	139.704664	0.007386	6.1
1134	-0.879542	139.636780	0.004871	6.1
1135	-1.239358	139.568984	0.017783	5.8
1136	-0.879749	139.501276	0.009635	6.8
1137	-1.485524	139.433655	0.015088	5.7
1138	-1.606156	139.366122	0.006561	5.9
1139	-1.019598	139.298676	0.012584	7.0
1140	-1.523423	139.231317	0.011934	5.8
1141	-1.082870	139.164045	0.008186	5.8
1142	-1.300550	139.096859	0.010775	6.4
1143	-0.794194	139.029760	0.013953	6.2
1144	-0.000000	138.962747	0.000000	6.4
1145	-1.186614	138.895820	0.006112	6.1
1146	-1.452418	138.828978	0.007596	6.9
1147	-1.065753	138.762223	0.008450	6.1
1148	-1.605846	138.695553	0.006182	6.1
1149	-1.309985	138.628969	0.007912	6.0
1150	-1.591885	138.562469	0.005616	6.1
1151	-1.195808	138.496055	0.010416	6.0
1152	-1.142606	138.429725	0.006353	6.7
1153	-1.449380	138.363481	0.017152	5.8
1154	-0.426217	138.297320	0.007054	5.7
1155	-0.000000	138.231244	0.000000	6.1
1156	-0.000000	138.165252	0.000000	5.7
1157	-0.653416	138.099344	0.007947	6.0
1158	-0.279991	138.033520	0.005444	6.1
1159	-0.126096	137.967779	0.002930	5.5
1160	-1.019162	137.902122	0.005682	6.2
1161	-0.008354	137.836548	0.000702	5.7
1162	-1.536114	137.771057	0.013108	5.6
1163	-1.317832	137.705649	0.014369	6.0
1164	-0.458494	137.640324	0.013319	5.8
1165	-0.896005	137.575081	0.008509	5.6
1166	-1.351496	137.509921	0.012201	5.9
1167	-0.000000	137.444842	0.000000	5.7
1168	-1.142250	137.379846	0.011548	5.5
1169	-0.252090	137.314932	0.003340	6.6
1170	-0.000012	137.250100	0.000002	5.7
1171	-1.472861	137.185349	0.011643	5.8
1172	-0.058540	137.120680	0.002462	6.0
1173	-1.342562	137.056092	0.004406	6.0
1174	-0.743802	136.991585	0.015313	6.3
1175	-1.288739	136.927158	0.009022	5.9
1176	-0.839666	136.862813	0.003131	5.6
1177	-0.593977	136.798548	0.004052	6.5
1178	-0.000000	136.734363	0.000000	5.6
1179	-0.030198	136.670259	0.001453	6.1
1180	-0.731294	136.606235	0.011605	6.6
1181	-0.000000	136.542291	0.000000	6.0
1182	-0.000670	136.478426	0.000090	6.1
1183	-0.000000	136.414641	0.000000	5.8
1184	-1.407323	136.350936	0.011204	5.8
1185	-1.188296	136.287310	0.005394	7.3
1186	-0.634387	136.223763	0.006887	6.1
1187	-0.813100	136.160295	0.013214	5.6
1188	-1.086769	136.096905	0.013786	6.4
1189	-0.000000	136.033594	0.000000	5.7
1190	-0.857519	135.970362	0.016074	6.4
1191	-0.823146	135.907208	0.007159	6.5
1192	-1.215004	135.844133	0.006093	5.9
1193	-1.477557	135.781135	0.007453	7.0
1194	-0.931150	135.718215	0.007006	5.7
1195	-1.291318	135.655373	0.010715	6.5
1196	-1.452261	135.592608	0.012334	6.8
1197	-0.943557	135.529921	0.011663	6.2
1198	-0.000000	135.467311	0.000000	6.6
1199	-0.000000	135.404778	0.000000	5.7
1200	-0.000003	135.342322	0.000001	5.3
1201	-0.008958	135.279942	0.000410	6.3
1202	-0.744479	135.217640	0.005003	5.8
1203	-0.545669	135.155413	0.008036	6.3
1204	-0.127726	135.093263	0.002467	5.9
1205	-0.579873	135.031190	0.025258	6.1
1206	-0.794687	134.969192	0.006874	6.9
1207	-1.453681	134.907270	0.008172	5.6
1208	-1.567136	134.845424	0.016306	5.6
1209	-0.710357	134.783653	0.003871	6.8
1210	-0.019083	134.721958	0.000813	5.4
1211	-0.304170	134.660338	0.003975	5.7
1212	-0.038072	134.598793	0.001291	6.4
1213	-0.002410	134.537323	0.000307	5.7
1214	-1.503928	134.475927	0.011671	5.6
1215	-0.270392	134.414607	0.006357	5.9
1216	-0.635781	134.353361	0.002566	5.9
1217	-1.269191	134.292189	0.005647	6.8
1218	-1.175921	134.231092	0.006119	5.7
1219	-1.174489	134.170068	0.005989	5.7
1220	-0.939462	134.109119	0.010680	6.4
1221	-1.332236	134.048243	0.021547	5.4
1222	-1.317426	133.987441	0.008289	5.7
1223	-1.091271	133.926713	0.012635	6.7
1224	-0.812485	133.866057	0.004550	5.8
1225	-1.304051	133.805475	0.009161	5.7
1226	-0.632327	133.744966	0.004279	6.0
1227	-1.353279	133.684530	0.008789	5.5
1228	-1.022082	133.624167	0.002985	6.6
1229	-1.316012	133.563877	0.016605	5.7
1230	-1.585283	133.503658	0.010145	5.7
1231	-1.059046	133.443513	0.014698	6.0
1232	-0.183886	133.383439	0.004212	5.8
1233	-0.904068	133.323437	0.010338	6.2
1234	-1.529824	133.263508	0.014776	6.7
1235	-0.214087	133.203650	0.005778	5.8
1236	-0.346431	133.143864	0.005259	6.5
1237	-0.042382	133.084149	0.001391	5.8
1238	-0.288961	133.024506	0.005606	6.2
1239	-0.780884	132.964934	0.007992	6.5
1240	-1.057152	132.905433	0.014952	5.5
1241	-0.749197	132.846003	0.003407	5.9
1242	-1.533115	132.786643	0.014860	7.2
1243	-0.067555	132.727355	0.001608	5.8
1244	-0.029002	132.668137	0.001802	6.6
1245	-1.440217	132.608989	0.013908	7.0
1246	-0.678780	132.549912	0.012828	6.3
1247	-0.000000	132.490904	0.000000	7.1
1248	-0.255452	132.431967	0.003737	7.7
1249	-1.519775	132.373100	0.009954	7.7
1250	-1.685589	132.314302	0.015299	6.2
1251	-0.000024	132.255574	0.000004	6.9
1252	-1.372228	132.196916	0.012037	6.0
1253	-0.338196	132.138326	0.008798	6.5
1254	-0.445326	132.079806	0.005860	8.4
1255	-1.176394	132.021355	0.010284	7.5
1256	-1.328246	131.962973	0.012598	7.7
1257	-1.351390	131.904660	0.016388	7.3
1258	-1.484398	131.846415	0.005690	6.8
1259	-0.753081	131.788239	0.010085	6.6
1260	-1.233065	131.730131	0.004817	6.7
1261	-1.471256	131.672092	0.022576	7.2
1262	-0.000000	131.614121	0.000000	6.7
1263	-1.165318	131.556217	0.007686	7.3
1264	-0.840937	131.498382	0.012275	8.3
1265	-1.543165	131.440614	0.007947	8.4
1266	-1.114975	131.382914	0.019466	7.4
1267	-1.292578	131.325282	0.008683	7.1
1268	-1.295458	131.267717	0.015274	6.1
1269	-1.390772	131.210219	0.007706	7.0
1270	-0.079004	131.152788	0.002681	7.8
1271	-1.277280	131.095424	0.015091	6.7
1272	-0.868191	131.038127	0.006922	7.6
1273	-1.063663	130.980897	0.006073	7.2
1274	-1.034116	130.923733	0.007568	7.4
1275	-0.131172	130.866636	0.002674	6.3
1276	-1.209858	130.809605	0.014494	6.9
1277	-0.827441	130.752641	0.010099	7.0
1278	-1.397683	130.695742	0.010991	6.9
1279	-0.583781	130.638910	0.007145	7.0
1280	-1.574841	130.582143	0.009999	5.8
1281	-1.446046	130.525442	0.008955	6.8
1282	-1.395368	130.468807	0.012502	6.2
1283	-1.454700	130.412237	0.011205	6.3
1284	-0.468492	130.355733	0.004962	7.2
1285	-1.397393	130.299294	0.010830	5.6
1286	-1.407707	130.242920	0.014563	5.9
1287	-0.904222	130.186611	0.015984	6.2
1288	-0.016353	130.130366	0.000532	5.9
1289	-0.590501	130.074187	0.006009	6.4
1290	-0.004750	130.018072	0.000531	5.9
1291	-0.752638	129.962022	0.009091	6.0
1292	-0.755324	129.906036	0.006638	7.0
1293	-0.670267	129.850114	0.011843	6.5
1294	-0.249661	129.794257	0.004638	6.9
1295	-0.408129	129.738463	0.007371	5.7
1296	-0.108633	129.682734	0.002788	5.8
1297	-1.258421	129.627068	0.008231	6.4
1298	-1.289766	129.571466	0.025952	5.9
1299	-0.888616	129.515927	0.004026	5.9
1300	-0.671746	129.460452	0.005813	7.5
1301	-0.844903	129.405040	0.023701	5.6
1302	-0.000321	129.349692	0.000072	6.2
1303	-0.000000	129.294406	0.000000	5.9
1304	-0.000292	129.239183	0.000048	6.4
1305	-1.174693	129.184024	0.004385	6.1
1306	-0.208062	129.128927	0.005089	5.9
1307	-0.000000	129.073892	0.000000	6.4
1308	-1.512406	129.018921	0.014980	6.2
1309	-0.351543	128.964011	0.004793	5.8
1310	-0.834695	128.909164	0.005781	6.3
1311	-0.865415	128.854379	0.015691	6.3
1312	-0.000000	128.799656	0.000000	5.9
1313	-1.657092	128.744995	0.013675	6.6
1314	-1.420608	128.690396	0.015056	5.8
1315	-1.444455	128.635858	0.007688	6.9
1316	-0.385179	128.581382	0.006566	6.1
1317	-1.310212	128.526968	0.011328	5.7
1318	-0.060617	128.472615	0.002194	5.9
1319	-1.291507	128.418323	0.007146	5.8
1320	-0.000000	128.364092	0.000000	5.8
1321	-0.000000	128.309922	0.000000	6.2
1322	-1.456551	128.255814	0.007189	5.7
1323	-1.164942	128.201766	0.024738	5.7
1324	-1.337594	128.147778	0.009206	6.5
1325	-1.088109	128.093852	0.009333	5.8
1326	-1.053956	128.039985	0.002789	6.0
1327	-0.910074	127.986180	0.003878	5.9
1328	-1.263910	127.932434	0.010554	5.7
1329	-0.468712	127.878749	0.008728	6.5
1330	-0.490049	127.825123	0.012175	5.8
1331	-0.000000	127.771558	0.000000	5.6
1332	-0.372466	127.718052	0.007081	6.4
1333	-0.739559	127.664606	0.009609	5.7
1334	-0.102305	127.611220	0.001987	5.6
1335	-1.232885	127.557893	0.009871	6.0
1336	-1.271198	127.504625	0.008693	5.9
1337	-1.410314	127.451417	0.010286	5.9
1338	-1.020729	127.398268	0.009904	6.0
1339	-1.015011	127.345178	0.002285	6.0
1340	-0.965135	127.292147	0.007820	6.5
1341	-0.816592	127.239175	0.009998	5.7
1342	-1.562059	127.186261	0.005950	5.7
1343	-0.495028	127.133407	0.013922	6.5
1344	-0.891510	127.080610	0.013377	5.7
1345	-0.331886	127.027872	0.005028	6.8
1346	-0.531146	126.975193	0.006195	6.1
1347	-1.260957	126.922572	0.009545	6.3
1348	-1.559419	126.870008	0.003337	6.6
1349	-0.753361	126.817503	0.010601	5.7
1350	-0.000001	126.765056	0.000000	5.9
1351	-0.000000	126.712667	0.000000	5.9
1352	-0.889975	126.660335	0.009333	5.9
1353	-0.099199	126.608061	0.002138	6.2
1354	-0.000000	126.555844	0.000000	6.4
1355	-0.774811	126.503685	0.006721	5.9
1356	-0.998221	126.451583	0.015743	7.1
1357	-0.636086	126.399538	0.008539	6.0
1358	-1.147819	126.347550	0.007306	6.0
1359	-0.000299	126.295619	0.000059	7.3
1360	-0.788419	126.243745	0.009013	5.7
1361	-0.000043	126.191928	0.000011	5.5
1362	-0.171893	126.140168	0.004373	6.7
1363	-0.864317	126.088464	0.015057	5.9
1364	-0.767179	126.036817	0.005508	6.8
1365	-0.911694	125.985226	0.007871	5.7
1366	-1.530931	125.933691	0.013930	5.8
1367	-0.933050	125.882212	0.002067	5.9
1368	-0.598178	125.830790	0.012272	6.2
1369	-0.000018	125.779423	0.000004	6.0
1370	-1.480804	125.728113	0.013487	5.9
1371	-0.186343	125.676858	0.002153	5.7
1372	-0.000003	125.625659	0.000001	6.8
1373	-0.832016	125.574515	0.007578	5.5
1374	-0.000000	125.523427	0.000000	5.7
1375	-0.594558	125.472394	0.008151	6.3
1376	-0.873003	125.421417	0.006045	5.7
1377	-1.645431	125.370495	0.008413	5.7
1378	-1.493065	125.319628	0.014845	6.6
1379	-0.641171	125.268815	0.011698	5.8
1380	-1.068518	125.218058	0.011430	6.0
1381	-1.129808	125.167356	0.010775	6.2
1382	-1.178797	125.116708	0.006783	5.7
1383	-1.414428	125.066115	0.015528	5.8
1384	-0.000196	125.015576	0.000029	5.8
1385	-1.496663	124.965092	0.020073	5.8
1386	-1.394855	124.914662	0.009323	6.1
1387	-0.662630	124.864287	0.009346	5.8
1388	-0.201439	124.813965	0.004411	5.6
1389	-0.000150	124.763698	0.000021	5.9
1390	-0.346994	124.713485	0.007429	5.7
1391	-1.181854	124.663325	0.013789	5.7
1392	-0.507386	124.613219	0.005708	5.8
1393	-0.496822	124.563167	0.003774	5.7
1394	-1.237874	124.513168	0.007170	6.5
1395	-0.002810	124.463223	0.000255	5.4
1396	-1.542798	124.413332	0.013735	5.9
1397	-1.004377	124.363493	0.023125	6.2
1398	-1.107238	124.313708	0.013419	5.6
1399	-0.532350	124.263976	0.012909	5.9
1400	-0.000000	124.214297	0.000000	6.1
1401	-1.445798	124.164671	0.009296	6.4
1402	-1.128759	124.115097	0.007924	6.0
1403	-0.854925	124.065577	0.010131	6.6
1404	-0.507499	124.016109	0.009750	5.9
1405	-1.108256	123.966693	0.012138	6.8
1406	-1.234003	123.917330	0.009490	6.4
1407	-0.094601	123.868020	0.003613	6.6
1408	-1.402235	123.818762	0.015153	6.8
1409	-1.482705	123.769556	0.010158	5.7
1410	-0.000147	123.720402	0.000031	6.8
1411	-0.652681	123.671300	0.007638	5.9
1412	-1.142434	123.622250	0.010978	5.9
1413	-0.529981	123.573252	0.012234	6.5
1414	-1.516003	123.524305	0.010450	6.0
1415	-0.759907	123.475411	0.009520	6.2
1416	-0.022714	123.426568	0.002423	6.0
1417	-0.324128	123.377776	0.005008	6.0
1418	-0.219999	123.329036	0.006083	6.7
1419	-0.095514	123.280347	0.002871	5.6
1420	-0.384065	123.231709	0.007194	5.9
1421	-1.639977	123.183122	0.006198	6.6
1422	-0.469585	123.134587	0.005480	5.9
1423	-0.117719	123.086102	0.003524	5.6
1424	-0.545958	123.037669	0.007294	5.9
1425	-0.591133	122.989286	0.005774	5.5
1426	-1.476585	122.940954	0.006484	6.3
1427	-1.430841	122.892672	0.010760	5.8
1428	-0.018851	122.844441	0.001719	5.6
1429	-0.883957	122.796261	0.013824	6.8
1430	-0.000000	122.748130	0.000000	5.6
1431	-0.750777	122.700050	0.009274	5.8
1432	-1.251112	122.652021	0.003748	7.2
1433	-0.675383	122.604041	0.008352	6.4
1434	-0.000000	122.556111	0.000000	6.6
1435	-1.339540	122.508232	0.007709	5.6
1436	-0.365241	122.460402	0.004752	5.5
1437	-0.000000	122.412622	0.000000	5.9
1438	-1.120160	122.364891	0.009925	5.5
1439	-0.748642	122.317210	0.007995	5.8
1440	-0.000000	122.269579	0.000000	6.3
1441	-1.309601	122.221997	0.019370	5.8
1442	-0.838740	122.174465	0.003375	5.7
1443	-0.000000	122.126981	0.000000	6.0
1444	-1.558152	122.079547	0.016265	5.9
1445	-1.116642	122.032162	0.005598	6.3
1446	-1.592817	121.984826	0.011924	5.8
1447	-0.005458	121.937539	0.000595	5.7
1448	-0.121834	121.890301	0.003228	6.8
1449	-0.660549	121.843112	0.009554	5.8
1450	-1.173333	121.795971	0.006810	5.9
1451	-0.074265	121.748879	0.002111	6.5
1452	-0.015684	121.701835	0.001289	6.8
1453	-1.453198	121.654840	0.027067	6.3
1454	-1.087863	121.607893	0.012836	6.4
1455	-0.341751	121.560994	0.004267	5.8
1456	-0.987278	121.514144	0.020038	6.6
1457	-0.000348	121.467342	0.000068	5.7
1458	-1.531833	121.420588	0.009295	6.3
1459	-0.000115	121.373882	0.000025	6.5
1460	-1.329576	121.327223	0.017401	6.1
1461	-0.494036	121.280613	0.008611	7.3
1462	-1.268250	121.234050	0.031259	6.2
1463	-1.267080	121.187535	0.017050	5.9
1464	-0.880998	121.141067	0.015084	6.3
1465	-0.849044	121.094647	0.006708	6.1
1466	-0.000000	121.048274	0.000000	5.8
1467	-0.159811	121.001949	0.002086	6.7
1468	-1.097983	120.955671	0.009649	6.3
1469	-0.987776	120.909440	0.003218	6.5
1470	-0.106397	120.863256	0.002505	5.8
1471	-0.927778	120.817119	0.010852	5.9
1472	-1.397764	120.771029	0.016281	6.6
1473	-0.775656	120.724986	0.006698	5.8
1474	-1.483385	120.678990	0.008185	5.8
1475	-0.000000	120.633040	0.000000	6.1
1476	-0.889998	120.587137	0.017195	5.8
1477	-1.247292	120.541281	0.014064	6.2
1478	-1.371128	120.495471	0.014014	5.8
1479	-0.690600	120.449707	0.006656	5.7
1480	-1.046154	120.403990	0.011593	6.0
1481	-1.124337	120.358319	0.006735	5.8
1482	-0.000000	120.312694	0.000000	6.2
1483	-1.561279	120.267115	0.017933	5.7
1484	-0.001836	120.221582	0.000249	5.9
1485	-0.003895	120.176096	0.000254	5.8
1486	-1.309309	120.130655	0.006928	6.1
1487	-1.449277	120.085260	0.012499	5.6
1488	-1.186738	120.039910	0.015299	6.2
1489	-1.412532	119.994606	0.008620	5.9
1490	-1.350049	119.949348	0.008407	5.9
1491	-0.207035	119.904135	0.002874	6.2
1492	-0.000064	119.858968	0.000013	5.9
1493	-0.576225	119.813846	0.006260	6.1
1494	-1.435522	119.768769	0.017399	6.1
1495	-1.086601	119.723738	0.006585	5.7
1496	-1.348626	119.678752	0.008917	6.0
1497	-0.548648	119.633810	0.005962	5.6
1498	-1.146999	119.588914	0.010383	5.7
1499	-0.593326	119.544062	0.009055	6.6
1500	-1.164652	119.499256	0.015586	6.0
1501	-0.002844	119.454494	0.000321	5.9
1502	-1.106375	119.409777	0.010189	6.1
1503	-0.708681	119.365104	0.005226	7.0
1504	-1.026377	119.320476	0.017699	6.9
1505	-0.860682	119.275893	0.006858	6.0
1506	-0.000000	119.231353	0.000000	5.8
1507	-0.605318	119.186859	0.018438	6.3
1508	-1.088079	119.142408	0.005109	6.2
1509	-1.309596	119.098002	0.015784	6.2
1510	-0.000000	119.053639	0.000000	6.6
1511	-1.309598	119.009321	0.016557	5.9
1512	-1.310232	118.965047	0.016076	6.3
1513	-1.324088	118.920816	0.019293	5.9
1514	-0.000000	118.876630	0.000000	5.9
1515	-1.130085	118.832487	0.011094	7.0
1516	-0.481584	118.788388	0.007893	6.3
1517	-0.490696	118.744332	0.006647	6.2
1518	-1.502079	118.700320	0.019219	6.0
1519	-1.282689	118.656352	0.009611	6.1
1520	-1.145499	118.612427	0.008555	6.7
1521	-1.081112	118.568545	0.032358	6.4
1522	-0.031396	118.524706	0.001510	6.0
1523	-1.412889	118.480911	0.008602	6.6
1524	-1.284097	118.437159	0.012105	5.9
1525	-1.311567	118.393450	0.007919	6.4
1526	-1.070799	118.349784	0.009206	6.0
1527	-1.318000	118.306160	0.015096	5.6
1528	-0.546392	118.262580	0.006462	5.8
1529	-1.429733	118.219042	0.011982	5.8
1530	-0.443249	118.175548	0.004921	5.7
1531	-1.489768	118.132095	0.011553	6.0
1532	-1.309029	118.088686	0.013830	6.2
1533	-1.411850	118.045319	0.012445	5.7
1534	-1.326500	118.001994	0.012607	6.5
1535	-0.009449	117.958712	0.000862	5.8
1536	-1.290820	117.915472	0.008020	6.4
1537	-1.160462	117.872274	0.008092	6.1
1538	-0.038900	117.829118	0.000912	5.9
1539	-0.598698	117.786005	0.006621	6.1
1540	-0.886279	117.742933	0.013068	6.6
1541	-1.056613	117.699904	0.010043	5.7
1542	-1.274092	117.656916	0.006727	5.9
1543	-0.245732	117.613971	0.003876	5.5
1544	-1.470953	117.571067	0.005919	5.9
1545	-1.233091	117.528205	0.007776	6.0
1546	-0.476457	117.485384	0.006464	5.5
1547	-1.345907	117.442605	0.020615	6.3
1548	-0.000755	117.399867	0.000144	6.1
1549	-1.438278	117.357171	0.013459	5.9
1550	-0.671865	117.314517	0.007592	6.5
1551	-0.967688	117.271903	0.005670	5.9
1552	-0.930495	117.229331	0.019745	5.8
1553	-0.004460	117.186800	0.000279	6.3
1554	-1.400853	117.144311	0.014403	6.1
1555	-0.040866	117.101862	0.001657	6.3
1556	-1.311776	117.059454	0.019395	6.8
1557	-1.433069	117.017087	0.009566	5.6
1558	-0.902118	116.974762	0.011659	5.9
1559	-0.208172	116.932476	0.005138	6.2
1560	-0.386916	116.890232	0.011872	6.0
1561	-0.708216	116.848028	0.006013	5.6
1562	-0.000003	116.805865	0.000001	5.8
1563	-0.254836	116.763743	0.003253	6.2
1564	-0.229636	116.721661	0.004151	6.0
1565	-0.236324	116.679619	0.003090	5.8
1566	-0.766412	116.637618	0.007972	6.4
1567	-0.803941	116.595657	0.009165	6.1
1568	-1.397109	116.553736	0.005422	5.8
1569	-1.565530	116.511855	0.030572	6.6
1570	-1.468393	116.470015	0.020340	5.7
1571	-0.000000	116.428214	0.000000	5.8
1572	-1.402889	116.386454	0.012415	6.7
1573	-0.700873	116.344733	0.006770	5.9
1574	-0.928126	116.303052	0.008496	6.4
1575	-1.387632	116.261412	0.011061	5.4
1576	-0.084598	116.219810	0.001627	5.8
1577	-1.242732	116.178249	0.007338	6.2
1578	-0.000017	116.136727	0.000004	6.4
1579	-0.278821	116.095245	0.005404	5.8
1580	-0.610486	116.053802	0.006125	6.6
1581	-0.685498	116.012398	0.008718	5.5
1582	-1.465518	115.971034	0.019640	5.8
1583	-1.483013	115.929710	0.011913	5.9
1584	-1.455767	115.888424	0.020414	5.8
1585	-1.366446	115.847178	0.007685	6.1
1586	-0.300942	115.805970	0.005236	6.1
1587	-0.000000	115.764802	0.000000	4.9
1588	-0.000000	115.723673	0.000000	6.5
1589	-0.824783	115.682583	0.016620	5.7
1590	-0.444924	115.641532	0.004626	5.7
1591	-0.910779	115.600519	0.008426	6.6
1592	-1.528639	115.559546	0.018471	5.7
1593	-0.001132	115.518610	0.000167	5.5
1594	-0.918491	115.477714	0.014232	6.4
1595	-1.308774	115.436856	0.007288	6.0
1596	-0.918614	115.396037	0.008193	6.0
1597	-0.131538	115.355256	0.004134	5.6
1598	-0.280404	115.314514	0.003836	5.8
1599	-1.581119	115.273810	0.009660	6.2
1600	-0.000000	115.233144	0.000000	5.9
1601	-0.118922	115.192517	0.002409	5.7
1602	-1.394694	115.151927	0.013237	6.9
1603	-0.000000	115.111376	0.000000	5.8
1604	-1.081535	115.070863	0.011443	6.1
1605	-1.675353	115.030388	0.011058	6.2
1606	-0.000001	114.989951	0.000000	5.9
1607	-0.909308	114.949551	0.013415	6.5
1608	-0.353019	114.909190	0.005816	6.0
1609	-1.173546	114.868866	0.014046	5.9
1610	-1.597809	114.828580	0.009028	6.7
1611	-0.939523	114.788332	0.012816	6.7
1612	-1.385725	114.748121	0.015252	6.7
1613	-1.605418	114.707948	0.008534	5.8
1614	-1.091714	114.667812	0.005839	6.1
1615	-0.438537	114.627714	0.006122	5.9
1616	-1.291904	114.587653	0.011800	6.2
1617	-1.256322	114.547629	0.007622	6.0
1618	-0.393787	114.507643	0.005910	5.6
1619	-1.274352	114.467693	0.017814	6.2
1620	-0.000000	114.427781	0.000000	6.9
1621	-0.000660	114.387907	0.000090	6.0
1622	-1.585751	114.348069	0.008151	6.1
1623	-1.359427	114.308268	0.013248	6.6
1624	-1.481686	114.268504	0.010241	5.5
1625	-0.692432	114.228777	0.007032	6.2
1626	-1.374962	114.189086	0.014488	5.5
1627	-1.240413	114.149433	0.010747	5.8
1628	-1.094931	114.109816	0.006590	5.6
1629	-0.005518	114.070235	0.000651	6.3
1630	-1.244501	114.030692	0.009140	6.2
1631	-0.000000	113.991185	0.000000	6.0
1632	-0.482791	113.951714	0.005780	5.4
1633	-0.542606	113.912280	0.018159	5.5
1634	-0.133803	113.872882	0.002707	7.0
1635	-1.008476	113.833521	0.008504	5.4
1636	-0.000000	113.794195	0.000000	5.6
1637	-0.342159	113.754906	0.004296	6.4
1638	-0.928409	113.715653	0.011775	5.4
1639	-0.749126	113.676437	0.009320	5.8
1640	-1.403721	113.637256	0.011345	6.4
1641	-1.484980	113.598111	0.011365	5.5
1642	-0.000004	113.559002	0.000001	6.0
1643	-0.000010	113.519929	0.000002	5.8
1644	-1.349923	113.480892	0.020080	5.6
1645	-0.780140	113.441891	0.014225	6.3
1646	-1.086927	113.402925	0.010492	5.9
1647	-0.000090	113.363995	0.000018	5.8
1648	-0.721868	113.325101	0.007607	6.1
1649	-1.257838	113.286242	0.016955	6.5
1650	-0.963589	113.247419	0.006363	6.1
1651	-1.543183	113.208631	0.014855	5.8
1652	-1.393123	113.169879	0.016421	6.0
1653	-1.381726	113.131162	0.019396	7.1
1654	-0.593356	113.092480	0.005614	5.9
1655	-0.651299	113.053833	0.017739	6.0
1656	-0.729267	113.015222	0.010440	7.0
1657	-0.694111	112.976646	0.006611	5.8
1658	-0.736192	112.938105	0.005497	6.1
1659	-1.144057	112.899599	0.010445	6.0
1660	-1.321016	112.861128	0.010033	6.0
1661	-0.028635	112.822692	0.001168	6.4
1662	-0.017249	112.784291	0.000487	6.1
1663	-0.000000	112.745924	0.000000	5.2
1664	-1.376601	112.707593	0.005197	7.4
1665	-0.391428	112.669296	0.005397	6.2
1666	-1.273042	112.631034	0.004462	7.5
1667	-1.311990	112.592806	0.014320	5.8
1668	-1.491372	112.554613	0.011333	6.0
1669	-0.000007	112.516455	0.000002	6.2
1670	-0.338433	112.478331	0.005886	5.8
1671	-0.041001	112.440241	0.002354	5.8
1672	-1.227832	112.402186	0.014638	5.9
1673	-0.000104	112.364165	0.000023	5.7
1674	-0.000000	112.326179	0.000000	5.9
1675	-1.439313	112.288227	0.017401	5.8
1676	-1.302462	112.250309	0.005550	5.8
1677	-0.875988	112.212425	0.011254	5.9
1678	-1.598589	112.174575	0.007788	6.0
1679	-0.328755	112.136759	0.004681	5.7
1680	-0.973862	112.098977	0.017020	6.3
1681	-1.001491	112.061229	0.015969	6.1
1682	-0.641008	112.023515	0.012037	6.2
1683	-0.000000	111.985834	0.000000	5.9
1684	-0.535016	111.948188	0.004329	5.9
1685	-1.124950	111.910575	0.008223	6.7
1686	-1.178105	111.872996	0.004839	5.5
1687	-1.108795	111.835450	0.012768	5.6
1688	-1.325440	111.797939	0.010395	6.9
1689	-0.419847	111.760460	0.003683	5.8
1690	-0.000000	111.723015	0.000000	5.2
1691	-0.488043	111.685604	0.002683	6.4
1692	-0.079140	111.648226	0.001975	5.9
1693	-0.000954	111.610881	0.000122	6.0
1694	-1.286733	111.573570	0.007923	6.1
1695	-0.324083	111.536292	0.003135	5.8
1696	-0.689891	111.499047	0.005027	6.6
1697	-1.213358	111.461835	0.009617	5.6
1698	-0.000009	111.424656	0.000002	5.6
1699	-0.007467	111.387510	0.000900	6.4
1700	-0.445684	111.350398	0.007950	6.2
1701	-1.072746	111.313318	0.009566	6.1
1702	-0.271648	111.276271	0.002335	6.1
1703	-0.012224	111.239257	0.000626	5.6
1704	-0.386954	111.202276	0.003687	6.5
1705	-1.251739	111.165328	0.011628	6.3
1706	-1.400034	111.128412	0.013795	6.0
1707	-1.135316	111.091529	0.006670	6.3
1708	-0.693729	111.054679	0.010221	6.0
1709	-1.420191	111.017861	0.006291	6.0
1710	-0.644412	110.981076	0.003111	6.6
1711	-1.568209	110.944323	0.011081	5.9
1712	-0.000000	110.907603	0.000000	7.0
1713	-0.000000	110.870915	0.000000	6.0
1714	-0.476123	110.834259	0.009116	5.9
1715	-1.444719	110.797636	0.013315	6.6
1716	-0.000000	110.761045	0.000000	5.9
1717	-0.952926	110.724486	0.007457	6.4
1718	-1.408100	110.687959	0.006748	6.3
1719	-1.073475	110.651465	0.005967	5.6
1720	-0.987517	110.615002	0.009318	6.7
1721	-0.586906	110.578572	0.008078	5.5
1722	-1.383073	110.542173	0.013430	5.8
1723	-0.000000	110.505807	0.000000	5.7
1724	-0.732627	110.469472	0.005761	5.7
1725	-0.029586	110.433169	0.002028	5.9
1726	-1.252188	110.396898	0.012244	5.9
1727	-0.820443	110.360659	0.009349	5.8
1728	-0.012056	110.324451	0.000423	6.4
1729	-1.414707	110.288276	0.013927	5.7
1730	-0.278140	110.252131	0.005663	5.7
1731	-0.568212	110.216019	0.012823	6.3
1732	-0.660993	110.179937	0.004089	5.7
1733	-1.232806	110.143888	0.015729	5.7
1734	-0.794051	110.107869	0.020077	6.6
1735	-1.353577	110.071882	0.017042	5.6
1736	-0.615178	110.035927	0.008865	5.9
1737	-0.353563	110.000003	0.004895	6.1
1738	-0.584524	109.964110	0.006394	5.8
1739	-1.340176	109.928248	0.004764	5.9
1740	-1.380274	109.892417	0.009715	5.6
1741	-0.960701	109.856618	0.007454	5.5
1742	-1.011438	109.820850	0.003702	6.0
1743	-1.057700	109.785112	0.035976	6.0
1744	-1.037825	109.749406	0.009574	6.1
1745	-0.996782	109.713730	0.009098	6.8
1746	-1.524204	109.678086	0.015406	6.0
1747	-0.017423	109.642472	0.000678	5.9
1748	-1.436268	109.606890	0.015468	6.1
1749	-0.486256	109.571337	0.006435	5.8
1750	-0.923840	109.535816	0.012151	7.5
1751	-0.000001	109.500326	0.000000	6.0
1752	-0.528604	109.464866	0.011291	5.8
1753	-0.000000	109.429436	0.000000	6.8
1754	-0.000823	109.394038	0.000148	6.0
1755	-1.199277	109.358669	0.011807	6.2
1756	-1.107753	109.323331	0.007570	6.4
1757	-1.595937	109.288024	0.004863	5.8
1758	-0.000236	109.252747	0.000050	7.3
1759	-0.881203	109.217501	0.008125	5.8
1760	-1.385929	109.182284	0.011931	6.2
1761	-0.665360	109.147098	0.006858	6.2
1762	-1.307803	109.111942	0.015164	5.7
1763	-0.000055	109.076817	0.000013	6.6
1764	-0.525426	109.041721	0.010363	5.5
1765	-1.643355	109.006656	0.006556	5.6
1766	-1.297828	108.971620	0.013338	6.3
1767	-0.965510	108.936615	0.013204	5.5
1768	-0.836777	108.901640	0.018609	5.7
1769	-1.340622	108.866694	0.009432	6.6
1770	-1.590303	108.831779	0.008349	5.7
1771	-1.177412	108.796893	0.012226	6.3
1772	-1.283352	108.762037	0.014408	5.5
1773	-0.000000	108.727211	0.000000	5.7
1774	-0.280529	108.692415	0.005765	5.7
1775	-0.000000	108.657648	0.000000	5.9
1776	-0.000000	108.622911	0.000000	5.9
1777	-0.671298	108.588203	0.008541	6.5
1778	-1.577157	108.553525	0.005028	5.5
1779	-0.703936	108.518877	0.007813	5.6
1780	-0.052837	108.484258	0.003448	6.2
1781	-0.762852	108.449668	0.010013	5.4
1782	-0.475096	108.415108	0.006264	5.6
1783	-1.467715	108.380578	0.009121	6.7
1784	-0.788700	108.346076	0.003992	5.5
1785	-0.023150	108.311604	0.001351	6.3
1786	-1.461912	108.277161	0.017598	6.0
1787	-1.275410	108.242747	0.019994	5.9
1788	-0.924982	108.208363	0.008037	6.0
1789	-1.259703	108.174007	0.017391	5.9
1790	-1.083040	108.139681	0.008642	5.7
1791	-0.193073	108.105383	0.003048	6.5
1792	-0.814910	108.071115	0.012276	6.7
1793	-0.541061	108.036875	0.006527	6.6
1794	-0.000002	108.002665	0.000001	5.7
1795	-0.565691	107.968483	0.011522	5.9
1796	-0.000910	107.934330	0.000119	6.8
1797	-0.000000	107.900206	0.000000	6.0
1798	-0.158542	107.866111	0.002130	6.0
1799	-0.272545	107.832044	0.004594	7.4
1800	-1.476630	107.798007	0.015912	5.8
1801	-1.490167	107.763997	0.009484	7.1
1802	-0.779636	107.730017	0.010111	5.9
1803	-0.167432	107.696065	0.002967	5.9
1804	-0.000001	107.662141	0.000000	6.4
1805	-1.141967	107.628246	0.008943	6.0
1806	-1.100964	107.594379	0.006610	6.4
1807	-0.745445	107.560541	0.006464	6.3
1808	-1.436688	107.526731	0.012592	6.1
1809	-1.293145	107.492949	0.015528	6.4
1810	-1.061588	107.459196	0.009105	6.5
1811	-0.000275	107.425471	0.000054	5.6
1812	-0.000073	107.391774	0.000013	6.5
1813	-1.222359	107.358106	0.006686	5.6
1814	-0.211144	107.324465	0.002199	5.8
1815	-1.114160	107.290853	0.009362	6.1
1816	-0.301666	107.257268	0.003181	5.7
1817	-0.707562	107.223712	0.012047	6.6
1818	-1.328819	107.190184	0.013134	5.8
1819	-0.000850	107.156683	0.000076	5.8
1820	-0.027894	107.123211	0.000714	6.1
1821	-1.034165	107.089766	0.007861	5.9
1822	-1.197128	107.056349	0.024488	5.8
1823	-1.408624	107.022960	0.011125	6.8
1824	-1.098369	106.989599	0.012045	5.8
1825	-0.909934	106.956265	0.003903	5.9
1826	-1.363677	106.922960	0.010589	7.2
1827	-1.465755	106.889681	0.005213	5.1
1828	-1.253337	106.856431	0.005094	6.3
1829	-0.034780	106.823208	0.002474	5.5
1830	-0.921676	106.790012	0.007497	5.7
1831	-0.480100	106.756844	0.006389	6.4
1832	-1.244637	106.723703	0.005631	5.5
1833	-0.042141	106.690590	0.001423	6.1
1834	-0.148325	106.657505	0.004043	5.8
1835	-1.180227	106.624446	0.008804	6.0
1836	-1.379069	106.591415	0.018449	6.1
1837	-1.416349	106.558411	0.008903	5.7
1838	-0.009927	106.525435	0.000466	5.9
1839	-1.401006	106.492485	0.011984	6.1
1840	-1.423887	106.459563	0.007046	5.6
1841	-0.004546	106.426668	0.000274	5.7
1842	-0.603470	106.393800	0.006576	6.6
1843	-0.677328	106.360959	0.010911	6.6
1844	-0.068225	106.328145	0.001912	6.1
1845	-0.471164	106.295358	0.009429	6.2
1846	-1.438431	106.262598	0.012488	5.8
1847	-1.344210	106.229865	0.003816	6.6
1848	-0.534844	106.197158	0.003995	5.8
1849	-1.051080	106.164479	0.021549	6.0
1850	-1.094816	106.131826	0.012229	6.6
1851	-0.400274	106.099201	0.003368	5.8
1852	-1.405869	106.066602	0.017496	6.4
1853	-1.337677	106.034029	0.013126	5.6
1854	-0.443242	106.001483	0.003642	5.9
1855	-0.452055	105.968964	0.005282	6.1
1856	-0.257619	105.936472	0.005610	6.0
1857	-1.171854	105.904006	0.007400	6.0
1858	-0.906552	105.871566	0.005100	7.2
1859	-0.714286	105.839153	0.011056	5.6
1860	-0.453874	105.806767	0.007441	6.5
1861	-0.720698	105.774407	0.004037	6.2
1862	-1.526391	105.742073	0.014725	6.1
1863	-1.383617	105.709766	0.016259	5.8
1864	-0.797888	105.677485	0.027141	5.9
1865	-1.390240	105.645230	0.026720	5.8
1866	-0.378388	105.613001	0.005073	6.5
1867	-0.101444	105.580799	0.001977	5.7
1868	-1.613674	105.548623	0.009533	5.7
1869	-0.000000	105.516473	0.000000	5.8
1870	-0.641887	105.484349	0.005860	6.0
1871	-0.297120	105.452251	0.010201	6.1
1872	-1.167744	105.420179	0.007996	5.9
1873	-1.083437	105.388133	0.015146	5.7
1874	-1.144524	105.356113	0.028886	6.9
1875	-0.964430	105.324119	0.005129	5.6
1876	-1.194657	105.292151	0.011473	5.6
1877	-0.325006	105.260209	0.004776	6.4
1878	-0.952067	105.228293	0.007238	5.9
1879	-1.203384	105.196402	0.007758	5.8
1880	-0.000000	105.164537	0.000000	5.9
1881	-1.523372	105.132698	0.008704	5.7
1882	-1.300565	105.100885	0.011261	6.0
1883	-0.807187	105.069097	0.005597	5.6
1884	-0.014548	105.037335	0.000950	5.7
1885	-0.031309	105.005598	0.001633	6.2
1886	-0.000000	104.973887	0.000000	5.7
1887	-1.005373	104.942202	0.002405	5.8
1888	-0.248744	104.910542	0.003793	6.1
1889	-0.995150	104.878907	0.005837	5.8
1890	-1.568621	104.847298	0.026249	5.8
1891	-1.436325	104.815715	0.003128	6.0
1892	-0.002931	104.784156	0.000238	5.6
1893	-1.403728	104.752623	0.017680	6.7
1894	-1.083196	104.721116	0.009531	5.6
1895	-1.498177	104.689633	0.010761	5.5
1896	-0.086265	104.658176	0.002189	6.9
1897	-0.421036	104.626744	0.005965	5.8
1898	-0.000000	104.595337	0.000000	5.5
1899	-0.334943	104.563955	0.004491	6.3
1900	-1.427381	104.532599	0.010621	6.8
1901	-0.147728	104.501267	0.003947	6.3
1902	-1.012259	104.469960	0.014295	6.3
1903	-1.108707	104.438679	0.016628	6.0
1904	-1.429128	104.407422	0.012545	6.3
1905	-0.000000	104.376191	0.000000	6.5
1906	-0.719698	104.344984	0.004243	6.0
1907	-1.208674	104.313802	0.011758	6.3
1908	-0.636381	104.282645	0.004722	6.0
1909	-1.332372	104.251513	0.012465	6.7
1910	-1.158670	104.220405	0.011315	6.0
1911	-0.706132	104.189323	0.005897	5.9
1912	-0.496590	104.158265	0.005580	7.1
1913	-0.000000	104.127231	0.000000	5.7
1914	-0.964157	104.096222	0.006981	6.3
1915	-1.346618	104.065238	0.007257	7.0
1916	-0.379685	104.034279	0.008177	6.0
1917	-0.000000	104.003344	0.000000	6.7
1918	-1.273494	103.972433	0.004311	5.8
1919	-0.141939	103.941547	0.003298	5.9
1920	-0.000035	103.910686	0.000008	6.7
1921	-1.172619	103.879849	0.009378	5.8
1922	-0.420964	103.849036	0.005075	6.4
1923	-0.001350	103.818248	0.000179	5.5
1924	-1.446562	103.787484	0.011131	5.6
1925	-0.356561	103.756744	0.004365	6.3
1926	-1.539968	103.726029	0.008022	5.7
1927	-0.853025	103.695338	0.003829	5.8
1928	-1.093939	103.664671	0.010004	6.3
1929	-0.386040	103.634028	0.004785	5.4
1930	-0.649827	103.603409	0.007149	5.6
1931	-0.367814	103.572814	0.009239	6.1
1932	-0.000000	103.542244	0.000000	5.8
1933	-1.467155	103.511698	0.015433	5.8
1934	-1.301688	103.481175	0.018074	6.0
1935	-1.290620	103.450677	0.020992	5.7
1936	-0.738946	103.420202	0.006302	6.2
1937	-1.160392	103.389752	0.007228	6.2
1938	-1.513809	103.359325	0.006452	5.8
1939	-1.520160	103.328922	0.008912	6.2
1940	-0.000000	103.298543	0.000000	4.8
1941	-0.063861	103.268188	0.001472	5.7
1942	-0.163069	103.237857	0.004074	6.4
1943	-1.533678	103.207549	0.010782	5.7
1944	-0.358234	103.177265	0.009955	5.9
1945	-0.756354	103.147005	0.008619	6.2
1946	-1.348933	103.116768	0.013423	6.2
1947	-1.622319	103.086556	0.016370	7.1
1948	-0.000000	103.056366	0.000000	6.0
1949	-1.194522	103.026200	0.011178	5.7
1950	-0.821121	102.996058	0.011590	6.0
1951	-1.261007	102.965939	0.007032	5.5
1952	-0.243032	102.935844	0.003577	6.0
1953	-0.957043	102.905772	0.008701	6.5
1954	-1.020539	102.875724	0.008283	6.5
1955	-1.423352	102.845699	0.011438	6.5
1956	-1.641201	102.815697	0.015991	6.3
1957	-0.005185	102.785719	0.000747	6.1
1958	-1.360339	102.755764	0.010972	6.6
1959	-1.584513	102.725832	0.007925	5.9
1960	-1.549955	102.695924	0.008147	6.7
1961	-1.200359	102.666038	0.008326	5.8
1962	-1.177234	102.636176	0.013991	5.8
1963	-1.332124	102.606337	0.027262	6.3
1964	-0.872569	102.576521	0.018198	6.0
1965	-0.461839	102.546728	0.004592	6.2
1966	-1.303386	102.516959	0.005216	6.7
1967	-1.250736	102.487212	0.017837	6.4
1968	-1.283030	102.457488	0.006771	7.1
1969	-0.000000	102.427788	0.000000	5.7
1970	-0.406438	102.398110	0.003158	5.5
1971	-1.325804	102.368455	0.013618	6.4
1972	-0.041684	102.338823	0.001561	5.2
1973	-1.120420	102.309214	0.014556	6.0
1974	-0.243272	102.279628	0.003271	5.9
1975	-0.548667	102.250064	0.006189	5.8
1976	-1.366484	102.220524	0.012917	6.4
1977	-1.311639	102.191006	0.012766	5.8
1978	-1.338892	102.161511	0.010747	5.7
1979	-0.000000	102.132038	0.000000	7.1
1980	-0.968873	102.102588	0.010451	5.4
1981	-1.073832	102.073161	0.006236	5.6
1982	-1.346245	102.043757	0.003477	6.2
1983	-0.994978	102.014375	0.007909	6.0
1984	-0.000000	101.985015	0.000000	5.9
1985	-1.308943	101.955678	0.003171	5.8
1986	-0.000000	101.926364	0.000000	5.6
1987	-1.528157	101.897072	0.015824	6.7
1988	-0.000000	101.867802	0.000000	5.4
1989	-1.218759	101.838555	0.004059	5.8
1990	-1.130731	101.809330	0.021564	6.7
1991	-0.001480	101.780128	0.000261	5.6
1992	-1.437969	101.750948	0.012721	5.6
1993	-1.328133	101.721790	0.009064	6.4
1994	-0.321305	101.692654	0.004251	5.6
1995	-1.662802	101.663541	0.006235	6.7
1996	-1.478751	101.634450	0.013297	5.8
1997	-0.000004	101.605381	0.000001	6.1
1998	-1.606589	101.576335	0.016555	6.7
1999	-0.314330	101.547310	0.007167	6.6
