1:ItNr	2:Metric	3:StepSize	4:||Gradient||	Time[ms]
0	-0.104272	627.201626	0.004018	729.1
1	-0.807247	623.504937	0.030333	5.5
2	-0.000000	619.865785	0.000000	5.1
3	-0.625099	616.282728	0.017008	5.2
4	-0.000000	612.754375	0.000000	5.0
5	-0.004425	609.279381	0.000856	5.1
6	-0.931881	605.856447	0.011627	4.7
7	-0.828825	602.484317	0.024312	5.0
8	-0.275202	599.161779	0.002173	5.4
9	0.000000	595.887656	0.000000	4.9
10	-0.416478	592.660813	0.011357	4.9
11	-0.001248	589.480151	0.000409	4.9
12	-0.833170	586.344606	0.017358	5.0
13	-0.690076	583.253145	0.014016	5.1
14	-0.606139	580.204771	0.007798	5.6
15	0.000000	577.198517	0.000000	4.9
16	-0.947755	574.233444	0.038948	5.0
17	-0.730718	571.308645	0.022671	5.5
18	-0.000011	568.423237	0.000005	5.1
19	-0.648797	565.576365	0.028096	5.0
20	-0.037032	562.767201	0.002283	5.3
21	-0.004173	559.994938	0.000509	5.5
22	-0.797599	557.258797	0.031101	5.3
23	-1.061454	554.558018	0.013363	6.0
24	-0.704846	551.891865	0.009861	5.3
25	-0.826941	549.259621	0.012314	5.0
26	-0.643417	546.660592	0.009535	5.8
27	-0.867906	544.094102	0.005100	6.2
28	-0.038107	541.559494	0.001652	5.3
29	-0.000684	539.056129	0.000135	5.3
30	-1.220174	536.583387	0.013321	6.3
31	-0.547615	534.140663	0.015094	5.4
32	-0.283163	531.727370	0.004819	6.3
33	-1.031309	529.342935	0.022871	5.2
34	-1.238088	526.986802	0.018683	5.7
35	-1.067366	524.658430	0.018059	6.3
36	-0.613728	522.357290	0.018276	5.6
37	-0.696587	520.082868	0.023857	5.7
38	-0.792188	517.834665	0.014644	5.7
39	-0.000000	515.612193	0.000000	4.7
40	-0.880726	513.414976	0.027308	6.1
41	-0.773265	511.242551	0.012191	6.4
42	-1.040475	509.094468	0.031682	5.8
43	-0.803462	506.970285	0.051859	6.0
44	-0.062906	504.869574	0.006780	5.3
45	-0.938418	502.791916	0.011268	5.5
46	-0.075083	500.736903	0.001472	5.7
47	-0.934950	498.704137	0.013437	5.7
48	-0.540372	496.693228	0.010072	5.7
49	-0.655925	494.703798	0.004148	6.4
50	-0.000000	492.735476	0.000000	5.9
51	-0.767916	490.787900	0.009078	5.7
52	-0.655390	488.860718	0.027376	6.2
53	-1.202968	486.953585	0.010208	5.8
54	-0.441541	485.066164	0.012736	6.8
55	-0.473800	483.198126	0.011128	7.5
56	-0.834736	481.349149	0.034065	5.9
57	-0.610032	479.518920	0.009233	7.1
58	-0.357031	477.707132	0.009432	6.7
59	-0.845370	475.913485	0.008190	6.4
60	-0.000090	474.137684	0.000041	5.7
61	-1.159627	472.379445	0.017343	5.7
62	-0.000000	470.638485	0.000000	5.9
63	-0.863461	468.914531	0.022775	5.9
64	-0.913541	467.207315	0.030516	6.1
65	-0.535109	465.516573	0.008924	6.2
66	0.000000	463.842050	0.000000	5.4
67	-0.566274	462.183494	0.007932	6.2
68	-1.015682	460.540658	0.031875	5.8
69	-0.000032	458.913303	0.000010	5.3
70	-1.085784	457.301192	0.057680	6.1
71	-0.574301	455.704096	0.023940	5.8
72	-0.821603	454.121787	0.012484	5.6
73	-0.000220	452.554045	0.000090	6.3
74	-0.000000	451.000653	0.000000	5.3
75	-0.829636	449.461399	0.020411	5.7
76	0.000000	447.936075	0.000000	6.1
77	-0.426924	446.424477	0.006464	6.4
78	-0.000000	444.926406	0.000000	5.6
79	-0.294287	443.441666	0.005454	5.7
80	-0.903561	441.970065	0.015168	5.6
81	-0.284820	440.511415	0.008196	6.0
82	-0.881199	439.065533	0.008073	6.2
83	-0.000000	437.632238	0.000000	5.6
84	-0.758058	436.211351	0.006216	6.3
85	-0.304196	434.802701	0.003456	5.8
86	-0.348206	433.406117	0.005862	5.7
87	-0.506273	432.021430	0.005802	6.6
88	-0.629309	430.648479	0.009307	5.7
89	0.000000	429.287101	0.000000	5.9
90	-0.502812	427.937140	0.009689	6.3
91	-1.053040	426.598440	0.010916	5.4
92	-0.872326	425.270849	0.011134	5.8
93	-1.142806	423.954220	0.014587	6.1
94	-0.719964	422.648404	0.012555	6.3
95	-0.829885	421.353259	0.021043	5.6
96	-0.527730	420.068643	0.011391	5.4
97	-0.619831	418.794419	0.006874	5.7
98	-0.101237	417.530451	0.001322	6.1
99	-0.000000	416.276604	0.000000	5.9
100	-0.891045	415.032748	0.023412	5.7
101	-0.929183	413.798754	0.009825	6.4
102	-0.577558	412.574495	0.004423	5.8
103	-1.125858	411.359849	0.007801	5.9
104	-0.821075	410.154691	0.009243	6.0
105	-1.054930	408.958904	0.017421	5.7
106	-0.575920	407.772368	0.015977	6.2
107	-0.870968	406.594968	0.065868	6.0
108	-0.369705	405.426590	0.013724	5.5
109	-0.967556	404.267122	0.016058	6.4
110	0.000000	403.116456	0.000000	5.6
111	-0.000000	401.974481	0.000000	5.7
112	-0.447835	400.841093	0.005687	5.9
113	-0.757955	399.716187	0.009353	6.3
114	-1.036569	398.599660	0.025842	5.6
115	-0.577087	397.491411	0.013781	5.9
116	-0.360783	396.391342	0.007116	5.6
117	-0.000000	395.299353	0.000000	6.0
118	-0.971627	394.215350	0.010823	5.8
119	-1.101665	393.139238	0.010195	5.7
120	-0.589263	392.070924	0.009154	6.2
121	-0.000000	391.010316	0.000000	5.7
122	-0.473950	389.957325	0.007004	5.6
123	-0.000000	388.911862	0.000000	6.4
124	-0.762763	387.873839	0.021170	5.9
125	-0.671378	386.843173	0.009599	5.8
126	-0.359672	385.819777	0.012556	6.3
127	-0.645775	384.803569	0.015631	5.5
128	-0.762786	383.794468	0.013598	6.5
129	-0.830303	382.792393	0.019450	6.3
130	-0.131979	381.797264	0.006517	5.6
131	-0.859605	380.809005	0.014213	6.4
132	0.000000	379.827537	0.000000	5.8
133	-0.912975	378.852786	0.026011	5.9
134	-0.775232	377.884678	0.006922	6.7
135	-0.194597	376.923138	0.005260	6.1
136	-0.498430	375.968095	0.006220	6.2
137	-0.059250	375.019479	0.001906	6.1
138	-0.555735	374.077218	0.006702	6.0
139	-0.774660	373.141244	0.012167	7.2
140	-0.000000	372.211489	0.000000	5.9
141	-0.013575	371.287887	0.001245	5.9
142	-0.190228	370.370370	0.003125	6.4
143	-1.088084	369.458876	0.015384	5.7
144	-0.103269	368.553338	0.002987	6.2
145	-0.616391	367.653696	0.007631	6.1
146	-0.061429	366.759885	0.001688	5.7
147	-0.674394	365.871846	0.006913	5.8
148	-1.019858	364.989518	0.007540	6.0
149	-0.446565	364.112841	0.006713	6.0
150	-0.720254	363.241757	0.013548	6.1
151	-1.006852	362.376208	0.020277	5.8
152	-0.000122	361.516137	0.000046	5.4
153	-0.753805	360.661488	0.006502	5.9
154	-0.840487	359.812206	0.010002	5.8
155	-0.050758	358.968236	0.003586	6.2
156	-0.720327	358.129524	0.005302	5.7
157	-0.628683	357.296018	0.013818	5.4
158	-0.214287	356.467665	0.004576	7.2
159	-0.118694	355.644414	0.005765	7.2
160	-0.123130	354.826213	0.006297	8.0
161	-1.071067	354.013012	0.014408	5.7
162	-0.000103	353.204763	0.000031	5.5
163	-0.000000	352.401415	0.000000	5.7
164	-1.223107	351.602922	0.009987	5.8
165	-0.920444	350.809235	0.011542	5.7
166	-0.172386	350.020308	0.004836	6.2
167	-0.841600	349.236095	0.022902	5.6
168	-0.019954	348.456550	0.000826	5.6
169	-1.010244	347.681627	0.012941	6.2
170	-0.000000	346.911283	0.000000	5.8
171	-0.993832	346.145474	0.030838	7.1
172	-0.961516	345.384157	0.006032	6.2
173	-0.393178	344.627288	0.004046	5.8
174	-0.828547	343.874826	0.015022	6.9
175	-1.049874	343.126729	0.015931	5.5
176	-0.930318	342.382957	0.009412	6.4
177	-1.285581	341.643469	0.023446	6.3
178	-0.550955	340.908224	0.008786	5.9
179	-0.613070	340.177184	0.005465	6.4
180	-0.146958	339.450309	0.004517	6.2
181	-0.208267	338.727561	0.006447	6.3
182	-1.299950	338.008902	0.042644	7.1
183	-0.689117	337.294295	0.003609	5.8
184	-0.914400	336.583703	0.007839	6.1
185	-1.100241	335.877089	0.034903	6.0
186	-0.893897	335.174416	0.005479	6.3
187	-0.046237	334.475651	0.005802	6.5
188	-0.344892	333.780756	0.018553	5.9
189	-0.530329	333.089698	0.028312	6.0
190	-0.877117	332.402443	0.007566	6.7
191	-0.000000	331.718955	0.000000	5.9
192	-0.882413	331.039203	0.026166	6.0
193	0.000000	330.363153	0.000000	6.0
194	-0.237649	329.690771	0.006674	5.6
195	-0.529825	329.022027	0.005885	6.0
196	-0.906627	328.356888	0.010956	6.4
197	-0.000916	327.695322	0.000227	5.4
198	-0.252560	327.037299	0.007181	6.1
199	-0.945262	326.382787	0.010321	5.8
200	-0.510371	325.731758	0.012034	5.9
201	-0.031102	325.084179	0.002529	6.4
202	-0.064457	324.440023	0.002958	5.7
203	-0.000000	323.799258	0.000000	6.3
204	-1.067628	323.161858	0.009477	5.9
205	-0.057415	322.527792	0.004425	5.6
206	-0.517349	321.897034	0.008890	6.5
207	-0.000026	321.269554	0.000005	5.5
208	-1.111083	320.645325	0.021053	5.6
209	-0.582874	320.024320	0.010383	6.4
210	-1.204719	319.406512	0.025346	5.6
211	-1.172067	318.791875	0.020921	5.9
212	-1.180657	318.180381	0.022243	6.2
213	-1.061029	317.572005	0.003817	5.8
214	0.000000	316.966721	0.000000	6.7
215	-0.073428	316.364504	0.001638	5.9
216	-0.000000	315.765329	0.000000	5.4
217	-0.232815	315.169170	0.005244	6.1
218	-0.007131	314.576003	0.000772	5.3
219	-0.000705	313.985804	0.000076	5.7
220	-1.237179	313.398548	0.037289	6.6
221	-0.530287	312.814213	0.011196	5.7
222	-0.391485	312.232773	0.006238	6.8
223	-1.236504	311.654207	0.026401	6.4
224	-0.164681	311.078491	0.009378	5.9
225	-0.000000	310.505602	0.000000	6.3
226	-0.839832	309.935518	0.005169	5.6
227	0.000000	309.368217	0.000000	6.3
228	-1.119905	308.803676	0.019309	6.3
229	-0.598630	308.241874	0.015849	5.9
230	-0.090434	307.682789	0.005733	7.1
231	-0.000749	307.126400	0.000115	6.2
232	-0.056778	306.572687	0.003190	6.0
233	-0.818491	306.021627	0.021634	6.3
234	-0.317280	305.473201	0.004255	6.2
235	-0.806827	304.927388	0.014313	6.8
236	-1.017959	304.384168	0.016257	6.1
237	-0.181073	303.843521	0.003775	5.8
238	-0.510232	303.305427	0.009929	6.8
239	-0.382966	302.769867	0.007204	5.9
240	-0.019407	302.236821	0.000824	5.7
241	-0.978055	301.706270	0.007487	6.3
242	-0.860615	301.178196	0.008834	5.9
243	-0.555661	300.652580	0.007497	5.9
244	-0.343958	300.129402	0.008074	6.0
245	-0.587517	299.608645	0.022751	5.7
246	-0.995073	299.090291	0.021428	6.9
247	-1.135413	298.574321	0.010695	5.6
248	-0.000001	298.060718	0.000000	6.1
249	-0.000000	297.549465	0.000000	6.4
250	-0.051520	297.040543	0.002692	6.2
251	-0.624080	296.533936	0.006528	5.8
252	-0.236292	296.029626	0.009746	5.8
253	-0.766337	295.527597	0.004979	6.1
254	-0.000000	295.027832	0.000000	6.6
255	-0.571802	294.530315	0.008436	5.8
256	-0.785725	294.035028	0.006723	5.4
257	-0.677797	293.541956	0.007827	6.1
258	-1.080434	293.051083	0.010443	6.0
259	-1.037258	292.562393	0.010935	5.6
260	-0.000000	292.075870	0.000000	5.9
261	-0.984118	291.591498	0.026425	5.8
262	-0.763375	291.109263	0.010026	5.8
263	-0.090485	290.629149	0.003462	6.4
264	-0.042018	290.151140	0.002568	5.5
265	-0.690506	289.675222	0.020734	7.2
266	-0.956209	289.201380	0.007918	5.5
267	-0.570514	288.729600	0.007306	5.5
268	-0.076475	288.259866	0.003131	7.5
269	-1.137969	287.792165	0.021319	6.1
270	-0.795068	287.326481	0.013710	5.8
271	-0.851396	286.862802	0.009740	6.3
272	-0.318479	286.401113	0.007643	5.7
273	-0.729936	285.941400	0.012431	6.3
274	-0.767474	285.483649	0.006633	6.0
275	-0.000706	285.027847	0.000125	6.2
276	-1.132888	284.573981	0.025778	6.7
277	-0.813606	284.122037	0.005040	6.0
278	-0.461235	283.672002	0.007114	6.9
279	-0.000000	283.223863	0.000000	5.7
280	-1.118899	282.777607	0.028828	6.0
281	-0.000000	282.333221	0.000000	6.9
282	-0.239575	281.890692	0.004480	5.8
283	-0.000000	281.450008	0.000000	6.2
284	-0.624629	281.011157	0.012937	6.3
285	-0.409173	280.574125	0.011146	5.7
286	-0.629900	280.138901	0.008846	6.4
287	-0.667922	279.705473	0.014428	6.8
288	-1.121493	279.273829	0.012021	5.7
289	-0.636345	278.843956	0.011326	6.0
290	-0.227798	278.415844	0.005658	5.8
291	-0.000000	277.989479	0.000000	6.0
292	-0.869562	277.564851	0.006818	7.5
293	-0.750150	277.141949	0.011713	5.8
294	-0.822222	276.720761	0.016166	6.3
295	-1.101547	276.301275	0.020987	5.6
296	-0.000000	275.883480	0.000000	5.5
297	-0.535036	275.467366	0.011840	6.3
298	-0.991847	275.052922	0.027601	5.8
299	-1.020276	274.640136	0.014322	5.9
300	-0.115741	274.228998	0.004755	6.7
301	-1.101829	273.819497	0.025137	5.4
302	-0.551712	273.411623	0.012438	5.8
303	-0.000000	273.005365	0.000000	6.6
304	-0.365669	272.600712	0.006639	5.5
305	-0.000000	272.197655	0.000000	6.0
306	0.000000	271.796184	0.000000	6.4
307	-0.000151	271.396287	0.000046	6.3
308	-0.001098	270.997956	0.000154	6.2
309	-0.000000	270.601180	0.000000	5.5
310	-0.000000	270.205949	0.000000	5.4
311	-0.633753	269.812254	0.013646	6.6
312	-0.648161	269.420085	0.010072	5.5
313	-0.760932	269.029432	0.011393	6.9
314	-0.000000	268.640287	0.000000	5.5
315	-0.740529	268.252638	0.007764	5.8
316	-0.336077	267.866478	0.004239	6.7
317	-0.134034	267.481796	0.005361	5.2
318	-0.806460	267.098584	0.011736	5.7
319	-0.911153	266.716833	0.015684	7.6
320	-0.395710	266.336533	0.006796	5.6
321	-0.000000	265.957676	0.000000	6.0
322	-1.011237	265.580253	0.013620	6.0
323	-0.227802	265.204254	0.004050	6.2
324	-0.839586	264.829672	0.011152	6.3
325	-0.635411	264.456497	0.008427	5.9
326	-1.182604	264.084721	0.011927	5.9
327	-0.539712	263.714335	0.011612	6.5
328	-0.000000	263.345332	0.000000	5.8
329	-0.000547	262.977702	0.000111	6.4
330	-1.067237	262.611438	0.037811	6.1
331	-0.378202	262.246531	0.006662	5.7
332	-0.555807	261.882973	0.010136	6.5
333	-0.470696	261.520756	0.008252	5.8
334	-0.804949	261.159871	0.010532	5.7
335	-0.240596	260.800312	0.003135	6.8
336	-1.178410	260.442070	0.011618	5.9
337	-0.516201	260.085137	0.007480	5.9
338	-0.290941	259.729505	0.011093	5.8
339	-0.087158	259.375167	0.002639	5.8
340	-0.000000	259.022116	0.000000	6.3
341	-0.000000	258.670343	0.000000	6.4
342	-1.087048	258.319841	0.011225	6.3
343	-1.124991	257.970602	0.026304	6.5
344	-1.132495	257.622620	0.008818	5.7
345	-1.148084	257.275887	0.023542	6.2
346	-0.916761	256.930396	0.004506	6.5
347	-1.068255	256.586139	0.048248	5.8
348	-0.000000	256.243109	0.000000	6.5
349	-0.760153	255.901300	0.022874	5.6
350	-0.075495	255.560703	0.002703	5.7
351	-0.812213	255.221313	0.056378	6.7
352	-0.804817	254.883122	0.017405	5.8
353	-0.819777	254.546124	0.015722	5.6
354	-0.000203	254.210311	0.000069	6.3
355	-0.819620	253.875677	0.031968	5.8
356	-0.772170	253.542215	0.012070	6.4
357	-0.994796	253.209918	0.011459	6.1
358	-0.000000	252.878781	0.000000	5.8
359	-0.184511	252.548795	0.005398	6.7
360	-0.000041	252.219956	0.000013	5.5
361	-0.052201	251.892255	0.001861	5.6
362	-0.637859	251.565688	0.007813	6.6
363	-1.006082	251.240247	0.030667	5.5
364	-1.067649	250.915926	0.014075	5.9
365	-0.823379	250.592720	0.016666	5.6
366	-0.036558	250.270621	0.000516	5.6
367	-0.486813	249.949624	0.010068	6.8
368	-0.022400	249.629723	0.001380	5.6
369	-0.097728	249.310911	0.008452	5.5
370	-0.834466	248.993182	0.038731	6.4
371	-1.031844	248.676531	0.023702	5.7
372	-0.000000	248.360952	0.000000	5.4
373	-0.943857	248.046438	0.014261	6.2
374	-0.000010	247.732984	0.000003	5.9
375	-0.000396	247.420584	0.000103	5.8
376	-1.075307	247.109233	0.015276	6.4
377	-0.983069	246.798924	0.006398	6.0
378	-0.000000	246.489652	0.000000	6.9
379	-0.010170	246.181412	0.001220	5.5
380	-0.000000	245.874197	0.000000	6.0
381	-1.139511	245.568002	0.009142	7.0
382	-0.931368	245.262822	0.012404	5.7
383	-0.006672	244.958652	0.000707	6.0
384	-1.057169	244.655485	0.012015	6.3
385	-0.000000	244.353317	0.000000	6.0
386	-0.881700	244.052142	0.010938	6.9
387	-0.262047	243.751955	0.005892	6.0
388	-0.248581	243.452750	0.006029	6.0
389	-0.140358	243.154523	0.001793	6.5
390	-0.617526	242.857268	0.017785	5.8
391	-1.293578	242.560980	0.017124	7.1
392	-0.236924	242.265654	0.007375	6.5
393	-0.209691	241.971285	0.007209	5.8
394	-0.038633	241.677868	0.003771	6.5
395	-0.787018	241.385397	0.013337	5.6
396	-1.212298	241.093869	0.034497	5.6
397	-0.147403	240.803278	0.005913	6.8
398	-0.417403	240.513619	0.009294	5.6
399	-0.782209	240.224887	0.009605	6.4
400	-1.101000	239.937077	0.009956	6.1
401	-1.018855	239.650186	0.013973	5.6
402	-0.708607	239.364207	0.009932	6.1
403	-0.037002	239.079136	0.002017	5.8
404	-1.092354	238.794969	0.033541	5.9
405	-0.849548	238.511701	0.023813	6.6
406	-0.134468	238.229327	0.004255	5.6
407	-0.011667	237.947843	0.001341	6.0
408	-0.000000	237.667244	0.000000	6.2
409	-0.513844	237.387526	0.005383	5.6
410	-0.751021	237.108684	0.009559	6.4
411	-0.540481	236.830714	0.012008	6.2
412	-0.388443	236.553610	0.003791	6.0
413	-1.010460	236.277370	0.010705	6.5
414	-0.945579	236.001989	0.030443	5.7
415	-0.738280	235.727461	0.013010	5.6
416	-0.968449	235.453784	0.028548	6.2
417	-0.700333	235.180952	0.008723	5.5
418	-0.048034	234.908962	0.000624	6.1
419	-0.840674	234.637809	0.010997	5.5
420	-0.445138	234.367488	0.008107	5.5
421	-1.024292	234.097997	0.042003	6.4
422	-0.303945	233.829331	0.004506	5.6
423	-0.000000	233.561485	0.000000	5.7
424	-0.891193	233.294456	0.014873	7.0
425	-0.759976	233.028239	0.019186	5.6
426	-0.007056	232.762831	0.001014	5.6
427	-1.026803	232.498228	0.032624	6.5
428	-0.473896	232.234425	0.006179	6.4
429	-1.060824	231.971419	0.010864	6.8
430	-0.719717	231.709205	0.018387	5.6
431	-0.123878	231.447781	0.003810	6.3
432	-0.895152	231.187141	0.009284	6.7
433	-0.292526	230.927283	0.004756	5.7
434	-1.182366	230.668202	0.010652	6.2
435	-0.706037	230.409895	0.005343	5.9
436	-1.018900	230.152358	0.014028	5.9
437	-0.019418	229.895587	0.003166	6.2
438	-0.979200	229.639578	0.016693	6.0
439	-0.426577	229.384329	0.009971	5.9
440	-0.059217	229.129834	0.001650	6.9
441	-0.010444	228.876091	0.000592	5.7
442	-0.023723	228.623096	0.000960	6.5
443	-0.349055	228.370846	0.003325	5.9
444	-0.535973	228.119336	0.007860	6.1
445	-0.982985	227.868563	0.005754	6.2
446	-1.107371	227.618525	0.013685	6.5
447	-0.000079	227.369216	0.000027	6.1
448	-0.195749	227.120635	0.005847	6.1
449	-0.000000	226.872777	0.000000	6.2
450	-0.004572	226.625638	0.000299	6.2
451	-1.212171	226.379217	0.037313	5.6
452	-0.474463	226.133509	0.008451	5.8
453	0.000000	225.888510	0.000000	6.4
454	-0.245142	225.644218	0.007929	5.5
455	-0.788582	225.400630	0.007586	5.8
456	-0.000000	225.157741	0.000000	6.7
457	-1.060843	224.915549	0.040700	5.4
458	-0.957631	224.674051	0.008363	5.7
459	-0.000000	224.433242	0.000000	6.1
460	-0.114418	224.193121	0.002833	5.5
461	-0.978458	223.953684	0.025069	5.8
462	-0.896522	223.714927	0.006827	6.6
463	-0.318119	223.476848	0.007257	5.7
464	-0.000002	223.239444	0.000001	6.5
465	-1.150886	223.002710	0.008437	5.8
466	-0.000000	222.766645	0.000000	5.6
467	-0.124187	222.531245	0.004207	6.0
468	-0.742110	222.296508	0.028049	5.6
469	-1.164929	222.062429	0.033935	5.6
470	-0.536267	221.829007	0.009311	6.6
471	-0.584018	221.596238	0.008551	5.9
472	-0.980079	221.364119	0.005391	6.2
473	-0.808354	221.132647	0.009694	5.8
474	-0.711611	220.901820	0.007856	6.3
475	-1.124391	220.671634	0.012029	6.3
476	-1.179130	220.442086	0.005073	5.7
477	-0.000000	220.213174	0.000000	5.6
478	-0.115613	219.984895	0.003001	6.9
479	-0.147906	219.757246	0.004757	5.8
480	-0.641765	219.530224	0.008930	6.5
481	-0.000000	219.303826	0.000000	6.8
482	-0.000000	219.078050	0.000000	5.9
483	-0.000004	218.852893	0.000002	6.1
484	-0.545563	218.628352	0.002410	5.7
485	-0.879933	218.404424	0.016482	6.5
486	-0.000000	218.181106	0.000000	6.6
487	-0.904078	217.958397	0.011206	5.9
488	-0.792719	217.736292	0.020321	6.4
489	-0.000000	217.514790	0.000000	6.2
490	-0.000000	217.293888	0.000000	6.2
491	-0.371341	217.073584	0.003438	6.3
492	-0.061813	216.853873	0.001298	6.2
493	-1.090733	216.634755	0.012424	6.3
494	0.000000	216.416227	0.000000	6.5
495	-1.141986	216.198285	0.012174	6.0
496	-0.504853	215.980927	0.014117	7.1
497	-0.962077	215.764151	0.017866	6.5
498	-0.363871	215.547955	0.007569	6.0
499	-1.000993	215.332335	0.014471	6.1
500	-0.232264	215.117289	0.010712	6.1
501	-0.250572	214.902815	0.004078	6.4
502	-0.000000	214.688911	0.000000	6.0
503	-1.021980	214.475573	0.007643	5.7
504	-0.547268	214.262800	0.009681	6.7
505	-0.782607	214.050588	0.008302	6.1
506	-0.400383	213.838936	0.010746	5.8
507	-1.033964	213.627842	0.013310	6.0
508	-0.018593	213.417302	0.001221	5.5
509	-0.626493	213.207314	0.015245	6.3
510	-0.873494	212.997877	0.018039	6.0
511	-0.000007	212.788987	0.000002	5.3
512	-0.447195	212.580642	0.006910	6.6
513	-1.108418	212.372841	0.018753	5.5
514	-0.000000	212.165581	0.000000	5.7
515	-0.896021	211.958859	0.012910	6.6
516	-0.524769	211.752673	0.007511	6.5
517	-1.016221	211.547021	0.012509	6.0
518	-0.734297	211.341902	0.012035	5.8
519	-0.657170	211.137311	0.007377	5.6
520	-0.176049	210.933248	0.003444	6.6
521	-0.035836	210.729710	0.002552	5.5
522	-0.772749	210.526695	0.008997	5.6
523	-0.403848	210.324200	0.007046	6.5
524	-1.021816	210.122224	0.013188	5.6
525	-0.030132	209.920765	0.001599	5.7
526	-0.000000	209.719820	0.000000	6.5
527	-0.788124	209.519387	0.006003	6.1
528	-1.076151	209.319463	0.008834	6.7
529	-0.342883	209.120048	0.005596	6.2
530	-0.903179	208.921139	0.007222	5.8
531	-0.001144	208.722733	0.000234	6.5
532	-0.213602	208.524829	0.005369	6.3
533	-0.610938	208.327425	0.005137	5.9
534	-0.630330	208.130518	0.006939	6.8
535	-0.135461	207.934107	0.003757	6.3
536	-0.850533	207.738189	0.010054	6.8
537	-0.000000	207.542762	0.000000	5.7
538	-0.746521	207.347825	0.021852	5.8
539	-1.095008	207.153376	0.012062	6.7
540	-0.197978	206.959412	0.003746	5.8
541	-0.661742	206.765932	0.008181	6.5
542	-0.000002	206.572933	0.000000	6.1
543	-0.208468	206.380414	0.003199	5.9
544	-0.000000	206.188373	0.000000	6.3
545	-0.200209	205.996807	0.001086	5.9
546	-0.709674	205.805716	0.021463	5.8
547	-1.143950	205.615096	0.012880	5.8
548	-0.972719	205.424946	0.008507	5.9
549	-0.228086	205.235265	0.002607	5.4
550	-0.680372	205.046050	0.013123	6.3
551	-0.965579	204.857299	0.021305	5.9
552	-0.687388	204.669011	0.009530	6.7
553	-0.992134	204.481184	0.013835	5.9
554	-0.804672	204.293816	0.009256	5.8
555	-0.586399	204.106905	0.004821	6.1
556	-0.818358	203.920449	0.006768	5.4
557	-0.676552	203.734447	0.005630	5.8
558	-1.107644	203.548896	0.018450	6.3
559	-1.115355	203.363795	0.011552	5.8
560	-0.158867	203.179143	0.003399	6.0
561	-0.952823	202.994937	0.013168	6.2
562	-0.253881	202.811176	0.005231	5.7
563	-0.884867	202.627857	0.017441	6.2
564	-0.000237	202.444980	0.000097	5.8
565	-1.180384	202.262543	0.016301	5.7
566	-0.582012	202.080543	0.011428	6.1
567	-1.050970	201.898979	0.009475	6.7
568	-0.000632	201.717849	0.000162	5.7
569	-0.119166	201.537153	0.001473	6.9
570	-0.499202	201.356887	0.007575	5.7
571	-0.006145	201.177050	0.001054	6.2
572	-1.135132	200.997642	0.007396	5.6
573	0.000000	200.818659	0.000000	5.5
574	-1.281786	200.640100	0.016200	7.4
575	-0.604507	200.461965	0.006132	5.7
576	-0.823233	200.284250	0.014565	5.8
577	0.000000	200.106955	0.000000	6.9
578	-1.339444	199.930078	0.031196	6.9
579	-0.000000	199.753617	0.000000	6.8
580	-0.640449	199.577571	0.008874	6.0
581	-0.000000	199.401938	0.000000	6.2
582	-0.000000	199.226717	0.000000	5.9
583	-1.066606	199.051905	0.011942	6.3
584	-0.857977	198.877502	0.004419	6.6
585	-0.925155	198.703506	0.007733	6.4
586	-0.922169	198.529916	0.014750	5.8
587	-0.000001	198.356729	0.000000	6.9
588	-0.610135	198.183944	0.011928	5.7
589	-0.532309	198.011560	0.006406	5.8
590	-1.016800	197.839576	0.009687	6.5
591	-0.000000	197.667989	0.000000	5.5
592	-0.296103	197.496798	0.006673	6.0
593	-0.000235	197.326002	0.000035	6.1
594	-1.193104	197.155600	0.008278	5.6
595	-0.000000	196.985589	0.000000	6.7
596	-0.010188	196.815969	0.001027	5.8
597	-0.568771	196.646738	0.013815	5.7
598	-0.566667	196.477894	0.008457	6.3
599	-0.000338	196.309436	0.000033	6.3
600	-0.687190	196.141363	0.008618	5.9
601	-1.086888	195.973673	0.014820	6.1
602	-0.254795	195.806365	0.003887	5.7
603	-0.473448	195.639437	0.004877	6.8
604	-1.010650	195.472888	0.006020	5.5
605	-0.685389	195.306717	0.017029	5.5
606	-0.645128	195.140922	0.009927	6.7
607	-0.526129	194.975501	0.005416	5.7
608	-0.517968	194.810454	0.005329	6.1
609	-0.000000	194.645779	0.000000	6.3
610	-0.640361	194.481475	0.016524	5.5
611	-0.564245	194.317540	0.003805	5.8
612	-0.000001	194.153973	0.000000	6.1
613	-1.079100	193.990773	0.011628	5.9
614	-0.811217	193.827938	0.022462	6.2
615	-0.904490	193.665467	0.049689	5.9
616	-0.048188	193.503358	0.002138	5.6
617	-0.656170	193.341611	0.012554	6.2
618	-0.000000	193.180224	0.000000	6.2
619	-1.119015	193.019196	0.018216	5.6
620	-0.565679	192.858525	0.004589	6.7
621	-0.784281	192.698210	0.020975	5.8
622	-1.193296	192.538251	0.006685	6.4
623	-1.075825	192.378644	0.041982	6.0
624	-1.042521	192.219391	0.010509	5.8
625	-0.575700	192.060488	0.004965	6.7
626	-0.594763	191.901935	0.016617	5.8
627	-0.000000	191.743730	0.000000	5.9
628	-0.922259	191.585873	0.022321	6.3
629	-0.000000	191.428362	0.000000	5.9
630	-0.252513	191.271196	0.003722	6.5
631	-0.000000	191.114374	0.000000	6.0
632	-0.798759	190.957893	0.011855	6.3
633	-1.233563	190.801755	0.033450	6.5
634	-1.115261	190.645956	0.010509	6.8
635	-0.588711	190.490495	0.010502	6.3
636	-1.069621	190.335373	0.012198	6.0
637	-1.071112	190.180587	0.006941	6.0
638	-0.000056	190.026136	0.000012	7.5
639	-0.169246	189.872019	0.005203	5.7
640	-1.012027	189.718235	0.018135	5.9
641	-1.104529	189.564782	0.013960	6.7
642	-0.136864	189.411661	0.004752	7.0
643	-0.894075	189.258868	0.008452	6.3
644	-0.983320	189.106404	0.026385	5.7
645	-0.859171	188.954267	0.017096	5.7
646	0.000000	188.802456	0.000000	6.5
647	-1.289473	188.650969	0.017106	5.9
648	-0.656508	188.499807	0.006734	6.2
649	-0.834830	188.348967	0.007155	6.0
650	-0.000000	188.198448	0.000000	6.2
651	-1.036437	188.048250	0.009447	6.1
652	-1.209553	187.898371	0.025818	5.5
653	-0.000000	187.748810	0.000000	5.9
654	-0.849639	187.599566	0.010584	6.1
655	-1.181404	187.450638	0.008584	5.8
656	-0.256676	187.302025	0.006294	5.8
657	-0.000000	187.153725	0.000000	6.4
658	-0.000159	187.005739	0.000063	6.1
659	-0.900583	186.858064	0.013107	5.8
660	-1.083925	186.710699	0.016051	5.8
661	-1.093095	186.563645	0.012070	5.7
662	-0.930880	186.416898	0.006838	6.8
663	-0.000001	186.270459	0.000000	5.7
664	-0.000000	186.124326	0.000000	5.0
665	-0.799416	185.978499	0.009345	6.3
666	-1.050149	185.832976	0.009518	6.5
667	-0.508910	185.687756	0.010168	6.0
668	-1.218908	185.542838	0.006652	6.2
669	-0.917871	185.398222	0.007524	5.7
670	-0.920281	185.253906	0.019307	6.5
671	-0.992495	185.109889	0.009556	6.7
672	-1.075835	184.966170	0.009914	6.0
673	-0.000000	184.822748	0.000000	6.7
674	-0.442110	184.679623	0.009315	5.9
675	-0.260303	184.536792	0.004217	6.7
676	-0.000000	184.394256	0.000000	5.9
677	-0.026545	184.252013	0.001557	5.9
678	-0.901916	184.110062	0.027085	6.9
679	-0.776470	183.968403	0.013130	6.2
680	-1.025529	183.827034	0.006440	5.9
681	-1.082643	183.685954	0.028308	7.0
682	-0.197474	183.545163	0.004944	6.3
683	-0.510603	183.404658	0.009819	6.3
684	-0.963001	183.264441	0.007402	6.2
685	-0.898442	183.124509	0.011222	5.9
686	-1.240043	182.984861	0.016046	7.0
687	-0.000189	182.845497	0.000049	5.6
688	-1.042029	182.706416	0.027989	5.7
689	-0.688457	182.567616	0.034976	6.4
690	-0.696392	182.429098	0.007793	5.7
691	-0.800670	182.290859	0.004819	5.9
692	-1.043805	182.152899	0.007516	5.8
693	-0.000000	182.015217	0.000000	5.7
694	-0.208012	181.877813	0.004546	6.1
695	-0.000083	181.740684	0.000032	5.7
696	-0.000000	181.603832	0.000000	5.2
697	-0.802658	181.467253	0.011059	7.0
698	0.000000	181.330948	0.000000	5.6
699	-0.632336	181.194916	0.008701	5.8
700	-0.000000	181.059155	0.000000	6.1
701	-0.412080	180.923666	0.006103	5.9
702	-0.000000	180.788446	0.000000	6.5
703	-0.853334	180.653496	0.014654	5.9
704	-0.711704	180.518814	0.010500	5.7
705	-1.131749	180.384399	0.011688	6.4
706	-1.106180	180.250251	0.030054	5.9
707	-0.000000	180.116369	0.000000	5.7
708	0.000000	179.982752	0.000000	5.8
709	-1.046104	179.849398	0.006488	5.8
710	-0.061473	179.716308	0.002956	5.7
711	-0.230441	179.583480	0.005537	6.0
712	-0.918190	179.450913	0.010983	5.7
713	-0.362172	179.318607	0.003950	7.0
714	-0.000000	179.186561	0.000000	5.7
715	-1.153364	179.054774	0.012356	5.6
716	-0.929171	178.923245	0.006878	5.6
717	-0.000331	178.791973	0.000085	6.9
718	-0.072211	178.660958	0.002148	6.3
719	-1.145123	178.530199	0.014180	6.6
720	-0.691262	178.399694	0.012836	5.8
721	-0.774703	178.269444	0.008187	6.2
722	-1.034541	178.139447	0.010605	5.9
723	-0.084073	178.009702	0.003556	5.9
724	-0.908684	177.880209	0.014647	6.6
725	-0.789811	177.750967	0.008007	5.8
726	-0.488435	177.621975	0.008333	6.0
727	-0.945707	177.493232	0.008237	6.4
728	-1.044097	177.364738	0.012191	6.0
729	-0.614470	177.236492	0.002838	6.5
730	-1.100409	177.108492	0.030740	6.0
731	-0.019330	176.980739	0.000897	5.9
732	-0.717319	176.853231	0.008392	6.1
733	-0.000000	176.725968	0.000000	6.9
734	-0.631483	176.598949	0.010367	6.4
735	-1.016785	176.472173	0.010636	5.8
736	-1.191736	176.345639	0.010787	5.7
737	0.000000	176.219348	0.000000	5.9
738	-0.000239	176.093296	0.000057	5.9
739	-0.000000	175.967486	0.000000	6.1
740	-1.219781	175.841914	0.009937	6.6
741	-0.272085	175.716581	0.005657	5.8
742	-1.164387	175.591486	0.006693	6.1
743	-0.925639	175.466629	0.013230	6.6
744	-1.165207	175.342008	0.007374	5.9
745	-0.000183	175.217622	0.000045	6.3
746	-0.000187	175.093472	0.000045	5.7
747	-0.952990	174.969556	0.011275	5.9
748	-1.189912	174.845873	0.012544	6.6
749	-0.783391	174.722423	0.007391	5.4
750	-1.081546	174.599206	0.010030	5.9
751	-1.130660	174.476220	0.010248	5.9
752	-0.371556	174.353464	0.009945	6.2
753	-0.789263	174.230939	0.013912	5.6
754	-0.680505	174.108643	0.009004	6.0
755	-0.490512	173.986576	0.007105	5.7
756	-0.004732	173.864737	0.000480	6.8
757	-0.534939	173.743124	0.012125	5.9
758	-0.000055	173.621739	0.000020	5.8
759	-0.133701	173.500579	0.004296	6.1
760	-0.000307	173.379645	0.000126	5.7
761	-0.881753	173.258935	0.008104	5.8
762	-0.690360	173.138449	0.012227	6.6
763	-0.466688	173.018186	0.009999	5.6
764	-1.025256	172.898146	0.011351	5.8
765	-0.001447	172.778327	0.000446	6.1
766	-0.004483	172.658730	0.000563	5.5
767	-0.743725	172.539353	0.006719	6.1
768	-0.256801	172.420196	0.007250	5.7
769	-0.811320	172.301258	0.012881	5.6
770	-0.601574	172.182539	0.007471	6.1
771	-0.758706	172.064037	0.014681	6.0
772	-1.126149	171.945753	0.014932	6.7
773	-1.068980	171.827686	0.007806	6.5
774	-0.629944	171.709834	0.007916	6.0
775	-0.861608	171.592198	0.007202	6.5
776	-0.642927	171.474776	0.006132	6.7
777	-0.827544	171.357568	0.019222	5.8
778	-0.638952	171.240574	0.004884	7.3
779	-0.000000	171.123793	0.000000	5.4
780	-0.207667	171.007223	0.005703	6.6
781	-1.068079	170.890865	0.015443	6.0
782	-0.674442	170.774718	0.010705	5.6
783	-0.164451	170.658782	0.004866	6.6
784	-0.370936	170.543055	0.009392	6.0
785	-1.082223	170.427537	0.009738	6.1
786	-0.513370	170.312227	0.011085	6.4
787	-1.296051	170.197125	0.007959	6.2
788	-0.759214	170.082231	0.003667	7.1
789	-0.006444	169.967543	0.000647	6.6
790	-0.356388	169.853061	0.004767	5.9
791	-1.120762	169.738784	0.007335	6.5
792	0.000000	169.624713	0.000000	5.6
793	-0.123162	169.510845	0.005079	6.2
794	-1.134462	169.397181	0.008187	6.0
795	-0.398134	169.283720	0.005866	5.7
796	-0.839406	169.170462	0.007477	6.6
797	-0.055478	169.057405	0.003175	5.5
798	-0.279232	168.944549	0.006862	5.6
799	-0.536555	168.831895	0.006410	6.3
800	-0.892047	168.719440	0.006980	5.7
801	-1.085766	168.607185	0.018851	5.9
802	-0.402506	168.495129	0.006965	6.2
803	-0.579934	168.383271	0.011407	5.8
804	-0.000000	168.271611	0.000000	6.5
805	-0.765283	168.160148	0.008175	5.8
806	-0.189483	168.048882	0.003918	5.7
807	-0.868999	167.937812	0.010842	5.7
808	-0.035744	167.826938	0.002221	6.6
809	-0.944687	167.716258	0.010640	5.9
810	-0.000000	167.605773	0.000000	6.7
811	-1.259388	167.495482	0.007313	5.9
812	-0.571985	167.385384	0.013042	6.3
813	-0.765467	167.275479	0.006739	5.6
814	-0.777462	167.165766	0.007606	5.6
815	-0.000000	167.056245	0.000000	6.8
816	-0.238077	166.946915	0.004980	5.8
817	-0.000000	166.837776	0.000000	5.5
818	-0.002479	166.728826	0.000178	6.2
819	-0.840669	166.620067	0.010676	5.6
820	-1.139885	166.511496	0.010599	5.7
821	-0.000000	166.403113	0.000000	6.9
822	0.000000	166.294919	0.000000	5.8
823	-0.528638	166.186912	0.009769	6.0
824	-1.162342	166.079091	0.022323	5.6
825	-0.584635	165.971458	0.007410	5.6
826	-0.861317	165.864009	0.015723	6.5
827	-0.713430	165.756747	0.009849	6.4
828	-0.877239	165.649669	0.023022	5.5
829	-0.980725	165.542775	0.006992	6.5
830	-0.001255	165.436065	0.000265	5.9
831	-0.887990	165.329538	0.011672	6.2
832	-1.076680	165.223194	0.007987	6.0
833	-1.133906	165.117032	0.010035	5.9
834	-0.822756	165.011052	0.020886	7.1
835	-0.005066	164.905253	0.001151	5.9
836	-0.706412	164.799635	0.009999	6.1
837	-0.672651	164.694197	0.010258	6.3
838	-0.000149	164.588939	0.000050	5.9
839	-0.555333	164.483859	0.013322	6.5
840	-0.723627	164.378959	0.005770	6.1
841	-1.136813	164.274237	0.012312	5.8
842	-0.080124	164.169692	0.001434	6.8
843	-0.994294	164.065325	0.011503	6.6
844	-0.000000	163.961135	0.000000	6.2
845	-0.852661	163.857120	0.018396	6.7
846	-1.319700	163.753282	0.015692	5.8
847	-1.091156	163.649619	0.014156	6.8
848	-0.203252	163.546130	0.004279	5.7
849	-1.228913	163.442816	0.021687	5.9
850	-0.003945	163.339676	0.000622	6.2
851	-0.736883	163.236709	0.008902	5.7
852	-0.917639	163.133915	0.017371	6.0
853	-0.133000	163.031294	0.003712	6.1
854	-1.011117	162.928844	0.011205	5.7
855	-0.631123	162.826566	0.017224	6.1
856	-0.602849	162.724459	0.018790	5.6
857	-0.782131	162.622523	0.004491	5.6
858	-0.871569	162.520757	0.007573	7.0
859	-0.618354	162.419160	0.003962	5.5
860	-1.172967	162.317733	0.022358	5.4
861	-1.147376	162.216474	0.017056	6.7
862	-0.765875	162.115383	0.005795	5.9
863	-0.705696	162.014461	0.009064	5.9
864	-0.993663	161.913705	0.011564	6.4
865	-1.105896	161.813117	0.018742	5.6
866	-0.000001	161.712695	0.000000	6.2
867	-0.602803	161.612439	0.012400	5.9
868	-0.643590	161.512349	0.008839	5.7
869	-0.582710	161.412424	0.005081	6.3
870	-1.213289	161.312663	0.011817	5.8
871	-0.383152	161.213067	0.005946	5.7
872	-1.063224	161.113635	0.014180	6.6
873	-0.000000	161.014366	0.000000	5.8
874	-1.262564	160.915260	0.020755	5.9
875	0.000000	160.816316	0.000000	5.9
876	-0.000000	160.717535	0.000000	5.7
877	-1.088802	160.618915	0.014896	6.1
878	-0.704737	160.520456	0.010756	5.6
879	-0.406819	160.422158	0.008360	5.5
880	-0.766451	160.324021	0.008816	6.3
881	-0.685146	160.226043	0.007666	6.3
882	-0.994295	160.128225	0.015316	5.8
883	-0.964933	160.030566	0.010875	6.4
884	0.000000	159.933066	0.000000	5.7
885	-1.002194	159.835723	0.011787	6.1
886	-0.840769	159.738539	0.005993	6.5
887	-0.881604	159.641512	0.019916	5.8
888	-0.947569	159.544642	0.017392	6.4
889	-0.012925	159.447929	0.001288	5.9
890	-0.651707	159.351372	0.005102	5.9
891	-0.015940	159.254971	0.000917	7.3
892	-0.598941	159.158725	0.007795	5.9
893	-0.709750	159.062634	0.010472	7.4
894	-0.655228	158.966697	0.010475	5.9
895	-0.772206	158.870915	0.007942	5.7
896	-0.933945	158.775286	0.010351	6.4
897	-0.000000	158.679811	0.000000	6.4
898	-1.092631	158.584489	0.014800	6.6
899	-0.504407	158.489319	0.010526	6.1
900	-0.000001	158.394302	0.000000	6.1
901	-0.940731	158.299436	0.011513	6.5
902	-0.303741	158.204721	0.005338	5.8
903	-0.373511	158.110158	0.003387	5.9
904	-0.000000	158.015745	0.000000	6.0
905	-0.359110	157.921482	0.006083	5.7
906	-0.850515	157.827369	0.007167	6.0
907	-0.599158	157.733406	0.007364	6.3
908	-1.135180	157.639591	0.007407	5.7
909	-0.762041	157.545925	0.015520	6.7
910	-0.000001	157.452408	0.000001	5.4
911	-1.041019	157.359038	0.015895	5.7
912	-0.000000	157.265816	0.000000	6.7
913	-0.963783	157.172741	0.010918	5.8
914	-0.563806	157.079813	0.011131	5.4
915	-0.313864	156.987031	0.005444	6.5
916	-0.617618	156.894395	0.008543	6.3
917	-0.186204	156.801904	0.002483	6.8
918	-1.300249	156.709559	0.011602	5.6
919	-1.148444	156.617359	0.017878	5.6
920	-0.265682	156.525304	0.004895	6.5
921	-0.678440	156.433392	0.007138	5.5
922	-0.468705	156.341624	0.009216	5.8
923	-1.138839	156.250000	0.010342	7.2
924	-1.071655	156.158519	0.008388	5.7
925	-0.000000	156.067180	0.000000	6.4
926	-1.220910	155.975984	0.013684	5.9
927	-0.020670	155.884930	0.001710	5.7
928	-1.143153	155.794017	0.027249	6.0
929	-0.694149	155.703246	0.006800	5.7
930	-0.629824	155.612615	0.004558	5.5
931	-0.394699	155.522125	0.007834	6.2
932	-0.865357	155.431775	0.019616	6.4
933	-0.448749	155.341565	0.003123	6.1
934	-1.154860	155.251495	0.011629	6.2
935	-1.051792	155.161563	0.011683	6.2
936	-0.962181	155.071771	0.007230	7.0
937	-0.415703	154.982117	0.006031	5.9
938	-0.996410	154.892601	0.008480	5.7
939	-0.368176	154.803222	0.005304	7.3
940	-0.743637	154.713981	0.006807	5.6
941	-0.477660	154.624878	0.009218	6.7
942	-0.000000	154.535910	0.000000	5.2
943	-0.759246	154.447080	0.020867	6.6
944	-0.000000	154.358385	0.000000	6.9
945	-0.908227	154.269826	0.004897	5.7
946	-0.882557	154.181402	0.004552	5.9
947	-0.985753	154.093114	0.018134	6.8
948	-0.786862	154.004960	0.025698	6.0
949	-1.049482	153.916940	0.007442	6.1
950	-0.874550	153.829054	0.009611	6.4
951	-1.149102	153.741303	0.008885	6.4
952	-0.389485	153.653684	0.010312	6.4
953	-0.947306	153.566198	0.012493	6.0
954	-0.138758	153.478846	0.004404	5.9
955	-0.944609	153.391625	0.015834	5.9
956	-1.094795	153.304537	0.022051	5.7
957	-1.134186	153.217580	0.030534	6.1
958	-0.008020	153.130755	0.000833	5.8
959	-0.494925	153.044061	0.006348	6.0
960	-1.295218	152.957498	0.010871	6.4
961	-0.690180	152.871065	0.009693	5.7
962	-0.085255	152.784762	0.004832	5.1
963	-0.807966	152.698589	0.011733	7.0
964	-0.942418	152.612545	0.015319	5.5
965	-0.897546	152.526631	0.023358	5.9
966	-0.000000	152.440845	0.000000	6.4
967	-0.000000	152.355188	0.000000	6.3
968	-1.195485	152.269660	0.015723	6.1
969	-0.815934	152.184259	0.010190	5.7
970	-0.955001	152.098986	0.017391	6.0
971	-0.716245	152.013840	0.006358	6.7
972	-1.032933	151.928821	0.012352	6.0
973	-1.084678	151.843928	0.014553	6.3
974	-0.000000	151.759163	0.000000	5.8
975	-0.323257	151.674523	0.004401	5.6
976	-1.046336	151.590009	0.007514	6.3
977	-0.951348	151.505620	0.020221	5.6
978	-0.801071	151.421357	0.008364	5.7
979	-0.800795	151.337218	0.007883	6.6
980	-0.000000	151.253204	0.000000	5.7
981	-0.987906	151.169314	0.005954	6.8
982	-0.838611	151.085549	0.014939	6.6
983	-0.539993	151.001907	0.007066	6.2
984	-0.000000	150.918388	0.000000	6.1
985	-0.840722	150.834992	0.011824	6.0
986	-0.000000	150.751719	0.000000	6.4
987	-0.401342	150.668569	0.008084	6.8
988	-0.039870	150.585541	0.001727	5.9
989	-0.154161	150.502634	0.003801	6.5
990	-1.083446	150.419849	0.009938	6.0
991	-0.000009	150.337186	0.000005	6.1
992	-0.669424	150.254644	0.007454	6.4
993	-0.189865	150.172222	0.004444	5.7
994	-1.229069	150.089921	0.015094	5.9
995	-1.252756	150.007740	0.016833	6.7
996	-0.894100	149.925679	0.015847	6.3
997	-1.162020	149.843737	0.021295	6.5
998	-0.007548	149.761915	0.000470	5.5
999	-0.726490	149.680212	0.004643	5.7
1000	-1.161546	149.598627	0.015343	6.8
1001	-1.305744	149.517161	0.012098	6.8
1002	-1.001255	149.435814	0.015849	5.9
1003	-0.727195	149.354584	0.012946	6.8
1004	-1.028360	149.273472	0.015122	5.6
1005	0.000000	149.192477	0.000000	6.9
1006	-1.095022	149.111599	0.022804	5.6
1007	-0.000000	149.030838	0.000000	5.7
1008	-0.954209	148.950194	0.007680	6.3
1009	-1.154023	148.869666	0.006939	5.5
1010	0.000000	148.789253	0.000000	5.5
1011	-0.625515	148.708957	0.006735	6.1
1012	-0.673340	148.628776	0.010547	5.9
1013	-0.885798	148.548710	0.006206	6.0
1014	-0.910784	148.468759	0.010402	5.9
1015	-0.000000	148.388923	0.000000	6.0
1016	-0.689473	148.309201	0.017150	6.3
1017	-0.823425	148.229594	0.005694	5.8
1018	-0.562753	148.150100	0.003804	5.8
1019	-1.281347	148.070719	0.012612	6.6
1020	-0.691729	147.991452	0.011786	5.8
1021	-1.057428	147.912298	0.013914	5.2
1022	-1.064801	147.833257	0.012573	6.2
1023	-0.000000	147.754329	0.000000	5.4
1024	-0.988281	147.675512	0.009149	6.1
1025	-0.000000	147.596808	0.000000	5.5
1026	-0.090656	147.518216	0.002913	5.6
1027	-0.609700	147.439735	0.012559	6.1
1028	-0.780103	147.361365	0.012346	5.5
1029	-0.967521	147.283106	0.015105	5.7
1030	-0.721252	147.204958	0.015889	6.2
1031	-0.863276	147.126920	0.010514	6.0
1032	-1.123917	147.048993	0.016110	6.0
1033	-0.870612	146.971175	0.012366	5.8
1034	-0.867158	146.893468	0.014553	5.7
1035	-1.016370	146.815869	0.008524	5.9
1036	-0.553069	146.738380	0.011156	7.2
1037	-1.094152	146.661000	0.010440	5.8
1038	-0.000003	146.583729	0.000001	6.8
1039	-0.000000	146.506566	0.000000	7.1
1040	-1.175751	146.429511	0.007266	5.7
1041	-0.259534	146.352565	0.004130	6.8
1042	-0.644207	146.275726	0.007481	5.6
1043	-0.410610	146.198994	0.008198	6.4
1044	-0.000000	146.122370	0.000000	6.1
1045	-1.349360	146.045853	0.013511	5.8
1046	-0.637125	145.969442	0.013133	6.4
1047	-0.841498	145.893139	0.011651	6.3
1048	0.000000	145.816941	0.000000	5.1
1049	-0.000000	145.740849	0.000000	6.6
1050	-0.046836	145.664863	0.001685	5.9
1051	-0.624782	145.588983	0.009268	6.1
1052	-0.902611	145.513208	0.006566	6.7
1053	-0.000000	145.437538	0.000000	5.7
1054	0.000000	145.361973	0.000000	6.8
1055	-1.158173	145.286513	0.016374	5.6
1056	-1.304341	145.211157	0.014049	5.8
1057	-1.029139	145.135905	0.009786	6.1
1058	-0.788462	145.060757	0.004408	6.0
1059	-0.043541	144.985712	0.002163	5.7
1060	-1.057090	144.910771	0.008779	6.1
1061	-0.973193	144.835934	0.009148	5.7
1062	-0.940752	144.761199	0.007465	7.2
1063	-1.048894	144.686567	0.012034	5.9
1064	-0.464566	144.612037	0.005190	5.6
1065	-0.285494	144.537610	0.001234	6.4
1066	-0.029253	144.463285	0.001865	5.4
1067	-0.000000	144.389062	0.000000	5.6
1068	-0.622965	144.314940	0.006530	6.6
1069	-0.196416	144.240920	0.001517	6.1
1070	-0.638145	144.167001	0.011082	6.6
1071	-0.842711	144.093182	0.022195	5.8
1072	-0.000000	144.019465	0.000000	5.5
1073	-1.048905	143.945848	0.010788	6.4
1074	-0.376023	143.872331	0.008663	6.1
1075	-0.061678	143.798914	0.001801	5.5
1076	-0.001804	143.725597	0.000211	5.9
1077	-1.249999	143.652380	0.029060	5.5
1078	-1.090444	143.579262	0.018251	5.7
1079	-0.787837	143.506243	0.014151	6.2
1080	-0.037510	143.433323	0.002083	5.6
1081	-0.757848	143.360502	0.008924	5.6
1082	-1.290099	143.287780	0.014048	6.1
1083	-1.174177	143.215155	0.015145	5.8
1084	-1.150971	143.142629	0.013311	6.7
1085	-1.360975	143.070201	0.040153	5.8
1086	-0.008649	142.997870	0.000237	5.8
1087	-0.660336	142.925637	0.010569	7.0
1088	-0.076934	142.853501	0.001458	5.7
1089	-1.125513	142.781462	0.010620	6.7
1090	-1.093156	142.709519	0.009200	6.0
1091	-0.000000	142.637674	0.000000	5.4
1092	-0.653872	142.565924	0.021438	6.6
1093	-0.679308	142.494271	0.006860	7.0
1094	-1.097134	142.422714	0.010460	6.5
1095	-1.128939	142.351252	0.011318	5.9
1096	-1.129192	142.279886	0.021155	5.7
1097	-1.109771	142.208616	0.021749	7.0
1098	-0.835825	142.137440	0.005823	5.7
1099	-0.478267	142.066360	0.008867	5.9
1100	-0.000000	141.995374	0.000000	6.2
1101	-0.750121	141.924483	0.008165	5.7
1102	-0.838512	141.853685	0.005911	6.0
1103	0.000000	141.782983	0.000000	6.3
1104	-0.949388	141.712373	0.005744	5.8
1105	-0.039213	141.641858	0.002167	6.5
1106	-1.091070	141.571436	0.025930	5.5
1107	-0.467394	141.501108	0.009475	5.9
1108	-0.650555	141.430872	0.012817	6.4
1109	-1.192486	141.360730	0.023442	6.3
1110	-1.258798	141.290680	0.006881	5.5
1111	-0.574004	141.220722	0.013352	6.2
1112	-0.000000	141.150857	0.000000	5.4
1113	-1.160693	141.081084	0.009838	6.0
1114	-0.583588	141.011403	0.003796	6.0
1115	-0.710467	140.941813	0.006870	5.6
1116	-0.052883	140.872315	0.003297	6.6
1117	-0.429588	140.802909	0.004640	5.9
1118	-0.157236	140.733593	0.003242	5.5
1119	-1.328885	140.664369	0.013857	6.4
1120	-0.028394	140.595235	0.001456	5.4
1121	-1.060619	140.526192	0.014517	5.5
1122	-0.798945	140.457239	0.010603	6.8
1123	-0.928095	140.388376	0.004441	5.6
1124	-0.952344	140.319603	0.010607	6.1
1125	-0.889801	140.250920	0.008032	6.2
1126	-0.002417	140.182326	0.000588	6.0
1127	-1.102660	140.113822	0.011512	6.0
1128	-0.831444	140.045407	0.018483	6.3
1129	-1.015001	139.977081	0.009270	5.9
1130	-0.000000	139.908844	0.000000	6.2
1131	-1.163149	139.840696	0.008565	5.9
1132	-0.000000	139.772635	0.000000	5.8
1133	0.000000	139.704664	0.000000	6.3
1134	-1.070211	139.636780	0.035471	5.9
1135	-0.000000	139.568984	0.000000	5.8
1136	-1.093618	139.501276	0.006293	6.5
1137	-1.094266	139.433655	0.017532	5.9
1138	-0.575102	139.366122	0.005892	6.4
1139	-0.867977	139.298676	0.010400	6.3
1140	-0.966481	139.231317	0.015738	6.5
1141	-0.000000	139.164045	0.000000	6.4
1142	0.000000	139.096859	0.000000	5.5
1143	-0.067175	139.029760	0.002045	6.0
1144	-1.114771	138.962747	0.010002	6.4
1145	-1.332647	138.895820	0.013166	6.2
1146	-0.937888	138.828978	0.013794	6.4
1147	-0.000000	138.762223	0.000000	5.7
1148	-0.000000	138.695553	0.000000	5.1
1149	-0.000000	138.628969	0.000000	6.4
1150	-0.012918	138.562469	0.002237	5.9
1151	-0.082188	138.496055	0.004423	6.2
1152	-0.058322	138.429725	0.000731	5.8
1153	-0.164463	138.363481	0.006072	6.1
1154	-0.995367	138.297320	0.012166	6.3
1155	-0.000004	138.231244	0.000001	5.6
1156	-0.279330	138.165252	0.004287	5.7
1157	-0.833972	138.099344	0.009408	6.0
1158	-0.146834	138.033520	0.006088	5.4
1159	-0.814985	137.967779	0.014951	5.7
1160	-0.428572	137.902122	0.005622	6.7
1161	-0.000000	137.836548	0.000000	5.7
1162	-0.904242	137.771057	0.007914	6.2
1163	-0.898002	137.705649	0.010491	6.6
1164	-1.067853	137.640324	0.011551	5.6
1165	-0.966860	137.575081	0.018117	6.4
1166	-0.000000	137.509921	0.000000	5.7
1167	-0.576078	137.444842	0.009485	5.7
1168	-0.758588	137.379846	0.010725	6.6
1169	-0.774122	137.314932	0.004752	5.5
1170	-0.000000	137.250100	0.000000	6.1
1171	0.000000	137.185349	0.000000	5.3
1172	-0.066194	137.120680	0.002302	5.3
1173	-0.673606	137.056092	0.010185	5.5
1174	-1.197898	136.991585	0.029422	5.9
1175	-0.835141	136.927158	0.006663	5.7
1176	-0.947557	136.862813	0.012022	6.1
1177	-0.039198	136.798548	0.002757	5.8
1178	-0.332799	136.734363	0.003635	5.7
1179	-0.885373	136.670259	0.009275	6.6
1180	-0.233124	136.606235	0.006338	5.8
1181	-0.944924	136.542291	0.007659	5.7
1182	-0.085430	136.478426	0.002860	6.3
1183	0.000000	136.414641	0.000000	5.8
1184	-1.178145	136.350936	0.014853	6.3
1185	-0.000000	136.287310	0.000000	6.1
1186	-1.281947	136.223763	0.038077	5.9
1187	-1.279806	136.160295	0.012119	7.2
1188	-0.481902	136.096905	0.006653	5.7
1189	-0.000000	136.033594	0.000000	6.2
1190	-1.018827	135.970362	0.014879	6.6
1191	-0.568178	135.907208	0.007364	5.9
1192	-0.739606	135.844133	0.006178	6.3
1193	-0.019570	135.781135	0.001836	5.8
1194	-0.947955	135.718215	0.007057	6.0
1195	-0.000100	135.655373	0.000035	6.5
1196	-0.257791	135.592608	0.006085	5.4
1197	-0.146266	135.529921	0.004975	5.9
1198	0.000000	135.467311	0.000000	7.4
1199	-0.591119	135.404778	0.010798	5.9
1200	-0.608667	135.342322	0.006723	6.6
1201	-0.512934	135.279942	0.005410	6.0
1202	-0.730840	135.217640	0.014077	6.1
1203	-1.216095	135.155413	0.009927	6.6
1204	-1.086847	135.093263	0.014038	5.8
1205	-1.117786	135.031190	0.010090	6.1
1206	-0.644127	134.969192	0.012506	5.8
1207	-0.021440	134.907270	0.001966	5.7
1208	-1.035987	134.845424	0.012866	6.1
1209	-0.770395	134.783653	0.010216	5.9
1210	-0.936788	134.721958	0.021436	6.4
1211	-1.096073	134.660338	0.006433	6.2
1212	-0.000270	134.598793	0.000090	5.7
1213	-0.815715	134.537323	0.003950	5.7
1214	-0.680713	134.475927	0.010038	6.3
1215	-0.909391	134.414607	0.015160	5.5
1216	-0.001867	134.353361	0.000332	5.5
1217	-0.592783	134.292189	0.011077	6.1
1218	-1.225443	134.231092	0.025283	5.6
1219	-0.559933	134.170068	0.006752	6.3
1220	-1.185177	134.109119	0.016962	6.5
1221	-1.274469	134.048243	0.034112	5.9
1222	-1.023087	133.987441	0.008799	5.8
1223	-0.643041	133.926713	0.009382	5.6
1224	-0.667561	133.866057	0.009232	6.2
1225	-1.090691	133.805475	0.010702	6.5
1226	-0.355725	133.744966	0.005195	5.9
1227	-1.218922	133.684530	0.015876	5.8
1228	-0.825896	133.624167	0.009118	5.9
1229	-1.241302	133.563877	0.008321	5.5
1230	-0.000000	133.503658	0.000000	6.2
1231	-0.931743	133.443513	0.012737	5.7
1232	-0.914026	133.383439	0.005408	6.2
1233	-0.805365	133.323437	0.016421	6.6
1234	-0.455040	133.263508	0.008819	5.6
1235	-0.929677	133.203650	0.006205	5.5
1236	0.000000	133.143864	0.000000	6.2
1237	-0.000000	133.084149	0.000000	6.6
1238	-1.249286	133.024506	0.015410	6.4
1239	-0.290639	132.964934	0.006486	5.8
1240	-0.000053	132.905433	0.000014	5.8
1241	-0.135007	132.846003	0.004435	7.3
1242	-1.373639	132.786643	0.017706	5.9
1243	-0.000000	132.727355	0.000000	6.1
1244	-0.745506	132.668137	0.009213	6.4
1245	-0.689248	132.608989	0.010120	6.0
1246	-1.100911	132.549912	0.017781	6.3
1247	-1.060657	132.490904	0.012253	5.9
1248	-0.000000	132.431967	0.000000	5.8
1249	-1.081460	132.373100	0.009098	6.8
1250	-0.000000	132.314302	0.000000	5.3
1251	-1.093843	132.255574	0.009583	6.4
1252	-0.937908	132.196916	0.018979	7.0
1253	-0.053425	132.138326	0.001382	5.8
1254	-0.000000	132.079806	0.000000	6.4
1255	-0.266529	132.021355	0.007394	6.8
1256	-0.871537	131.962973	0.010493	5.7
1257	-0.505350	131.904660	0.006603	6.4
1258	-1.092937	131.846415	0.014942	6.2
1259	-0.033930	131.788239	0.001575	5.6
1260	-0.863437	131.730131	0.015965	6.4
1261	-0.063526	131.672092	0.003333	5.5
1262	-0.183930	131.614121	0.002705	6.1
1263	-0.727288	131.556217	0.012877	5.8
1264	-0.000000	131.498382	0.000000	5.8
1265	-0.640962	131.440614	0.013699	6.6
1266	-0.000004	131.382914	0.000002	5.5
1267	-0.584481	131.325282	0.005698	6.0
1268	-0.591812	131.267717	0.013657	6.8
1269	-1.106831	131.210219	0.046578	5.5
1270	-0.877539	131.152788	0.009051	6.0
1271	-1.125008	131.095424	0.036192	6.3
1272	-0.000773	131.038127	0.000239	5.9
1273	-0.734855	130.980897	0.007827	6.9
1274	-0.037532	130.923733	0.001652	5.7
1275	-0.987366	130.866636	0.012918	5.6
1276	-0.887728	130.809605	0.008486	6.6
1277	-0.707806	130.752641	0.004679	5.7
1278	-0.833303	130.695742	0.023257	5.8
1279	-1.193362	130.638910	0.035868	6.1
1280	-0.510023	130.582143	0.006551	5.8
1281	-0.970776	130.525442	0.021903	7.2
1282	-1.020641	130.468807	0.012422	5.5
1283	-0.638835	130.412237	0.006912	5.8
1284	-0.585918	130.355733	0.005707	7.2
1285	-0.155981	130.299294	0.004565	5.7
1286	-0.735722	130.242920	0.008796	6.5
1287	-0.643683	130.186611	0.010780	6.5
1288	-1.152715	130.130366	0.007367	5.7
1289	-0.568553	130.074187	0.007532	6.4
1290	-1.022159	130.018072	0.004070	6.3
1291	-0.151991	129.962022	0.005086	6.8
1292	-0.128864	129.906036	0.005170	6.6
1293	-0.000000	129.850114	0.000000	5.7
1294	-0.991959	129.794257	0.005659	6.3
1295	-1.051199	129.738463	0.017498	6.5
1296	-1.008722	129.682734	0.023803	6.0
1297	-0.101222	129.627068	0.002643	6.5
1298	-1.007633	129.571466	0.012959	6.5
1299	-0.894862	129.515927	0.015711	5.9
1300	-0.008824	129.460452	0.000889	6.3
1301	-0.411689	129.405040	0.009894	5.9
1302	-0.642930	129.349692	0.010663	6.0
1303	-0.384128	129.294406	0.005957	6.1
1304	-0.302932	129.239183	0.007455	5.8
1305	-0.424829	129.184024	0.006328	5.8
1306	-0.036220	129.128927	0.001668	6.6
1307	-0.311958	129.073892	0.007600	6.6
1308	-1.044240	129.018921	0.010420	5.8
1309	-0.807159	128.964011	0.005279	5.8
1310	-1.215867	128.909164	0.032478	6.2
1311	-0.916940	128.854379	0.009364	5.8
1312	-1.113602	128.799656	0.019171	5.6
1313	-1.144724	128.744995	0.017295	6.5
1314	-1.247667	128.690396	0.021724	5.8
1315	-0.775074	128.635858	0.009075	5.6
1316	-1.271844	128.581382	0.016039	6.4
1317	-0.529861	128.526968	0.006389	6.1
1318	-0.501229	128.472615	0.004672	6.1
1319	-1.004845	128.418323	0.004356	5.9
1320	-0.000024	128.364092	0.000011	5.9
1321	-1.287043	128.309922	0.029341	6.1
1322	0.000000	128.255814	0.000000	6.8
1323	-1.164149	128.201766	0.021725	5.9
1324	-0.349644	128.147778	0.007946	6.7
1325	-0.449386	128.093852	0.005352	5.5
1326	-1.198869	128.039985	0.022764	5.9
1327	-0.755583	127.986180	0.008966	5.7
1328	-0.072875	127.932434	0.004494	5.4
1329	-0.131045	127.878749	0.004813	6.4
1330	-0.271983	127.825123	0.002385	6.0
1331	-0.473598	127.771558	0.006710	5.9
1332	-0.649516	127.718052	0.006917	7.2
1333	-0.000000	127.664606	0.000000	5.8
1334	-1.016138	127.611220	0.012009	6.1
1335	-0.000000	127.557893	0.000000	5.9
1336	-0.000000	127.504625	0.000000	5.9
1337	-0.000000	127.451417	0.000000	6.4
1338	-0.097963	127.398268	0.001778	6.2
1339	-0.844784	127.345178	0.014351	5.8
1340	-0.114922	127.292147	0.001718	6.2
1341	-0.061744	127.239175	0.001897	6.9
1342	-1.389159	127.186261	0.037901	6.4
1343	-0.122372	127.133407	0.003672	6.2
1344	-1.000576	127.080610	0.044103	6.1
1345	-0.836017	127.027872	0.008678	6.3
1346	-0.624699	126.975193	0.006310	5.9
1347	-0.228945	126.922572	0.005027	6.0
1348	-0.888367	126.870008	0.004740	6.2
1349	0.000000	126.817503	0.000000	5.8
1350	-0.000000	126.765056	0.000000	5.9
1351	-0.993869	126.712667	0.007519	5.9
1352	-0.695115	126.660335	0.007669	5.7
1353	-0.706816	126.608061	0.012026	6.2
1354	-0.841679	126.555844	0.007643	5.8
1355	-0.437525	126.503685	0.006082	5.7
1356	-0.310183	126.451583	0.005826	6.4
1357	-1.214696	126.399538	0.020246	6.7
1358	-0.805402	126.347550	0.010221	5.9
1359	-0.788179	126.295619	0.019037	6.0
1360	-0.931559	126.243745	0.008828	6.1
1361	-0.208832	126.191928	0.003960	6.2
1362	-0.479788	126.140168	0.004884	5.9
1363	-0.014382	126.088464	0.001136	5.4
1364	-0.006535	126.036817	0.000611	6.6
1365	-0.586293	125.985226	0.006601	5.7
1366	-1.186741	125.933691	0.013764	5.7
1367	-0.872574	125.882212	0.005241	5.9
1368	-1.208332	125.830790	0.014796	5.6
1369	-0.347553	125.779423	0.006415	5.9
1370	-0.000000	125.728113	0.000000	6.4
1371	-0.187336	125.676858	0.004028	5.4
1372	-1.003228	125.625659	0.010608	6.1
1373	-1.062438	125.574515	0.011330	6.3
1374	-1.139897	125.523427	0.011840	5.8
1375	-0.118435	125.472394	0.002108	6.2
1376	-0.000000	125.421417	0.000000	6.8
1377	-1.112776	125.370495	0.007747	6.1
1378	-0.975529	125.319628	0.005483	6.2
1379	-0.000000	125.268815	0.000000	5.6
1380	-1.125582	125.218058	0.017474	6.4
1381	-0.579154	125.167356	0.010602	6.7
1382	-1.063451	125.116708	0.036892	6.0
1383	-0.895310	125.066115	0.009908	6.0
1384	-1.191144	125.015576	0.009495	6.0
1385	-0.014208	124.965092	0.001730	6.0
1386	-0.599581	124.914662	0.005080	6.2
1387	-0.813793	124.864287	0.012580	6.2
1388	-0.892074	124.813965	0.006115	7.1
1389	-0.760573	124.763698	0.005833	6.0
1390	-0.005302	124.713485	0.000379	5.9
1391	-0.708914	124.663325	0.006215	7.5
1392	-1.015113	124.613219	0.012176	6.0
1393	-1.252049	124.563167	0.009413	6.5
1394	-0.379442	124.513168	0.004230	6.3
1395	-0.378338	124.463223	0.007851	6.4
1396	-0.886930	124.413332	0.015756	6.6
1397	-0.000001	124.363493	0.000001	5.8
1398	-0.569235	124.313708	0.009583	6.0
1399	-0.210491	124.263976	0.005611	5.9
1400	-1.103249	124.214297	0.004628	5.8
1401	-0.774971	124.164671	0.006449	6.7
1402	-0.094547	124.115097	0.001393	6.0
1403	-0.860160	124.065577	0.016341	5.7
1404	-0.981907	124.016109	0.009759	6.9
1405	-0.447418	123.966693	0.009965	5.6
1406	-0.000000	123.917330	0.000000	5.9
1407	-0.872242	123.868020	0.011786	6.2
1408	-0.402455	123.818762	0.003802	5.7
1409	-0.202426	123.769556	0.005856	6.2
1410	-0.715902	123.720402	0.016986	5.9
1411	-0.000064	123.671300	0.000029	5.6
1412	-1.177083	123.622250	0.008704	6.4
1413	-1.131575	123.573252	0.011950	6.1
1414	-0.000000	123.524305	0.000000	6.3
1415	-0.913765	123.475411	0.014453	5.6
1416	-0.000000	123.426568	0.000000	5.7
1417	-0.874484	123.377776	0.011330	6.0
1418	-1.352339	123.329036	0.005570	6.2
1419	-1.213961	123.280347	0.009521	5.8
1420	-0.022830	123.231709	0.001387	6.7
1421	-1.305672	123.183122	0.023765	5.8
1422	-1.220157	123.134587	0.036717	5.7
1423	-0.000000	123.086102	0.000000	6.1
1424	-0.721794	123.037669	0.015249	5.8
1425	-0.895370	122.989286	0.005418	6.1
1426	-0.210585	122.940954	0.005278	6.6
1427	-0.629676	122.892672	0.013658	6.0
1428	-0.560797	122.844441	0.006835	6.6
1429	-0.000000	122.796261	0.000000	6.4
1430	-0.000000	122.748130	0.000000	5.8
1431	-0.897117	122.700050	0.010001	6.2
1432	-0.000000	122.652021	0.000000	6.2
1433	-0.606744	122.604041	0.004927	6.2
1434	-0.997265	122.556111	0.014146	6.7
1435	-1.019045	122.508232	0.012503	6.0
1436	-1.150305	122.460402	0.013945	6.7
1437	-1.163456	122.412622	0.008426	6.0
1438	-0.847455	122.364891	0.007849	6.1
1439	-0.000000	122.317210	0.000000	6.3
1440	-1.221848	122.269579	0.037784	5.9
1441	-0.583412	122.221997	0.014230	6.8
1442	-0.000000	122.174465	0.000000	6.1
1443	-1.052844	122.126981	0.010576	6.0
1444	-0.894701	122.079547	0.018787	6.3
1445	-1.173181	122.032162	0.008637	5.4
1446	-0.000000	121.984826	0.000000	5.4
1447	-0.000000	121.937539	0.000000	6.9
1448	-1.112743	121.890301	0.011726	5.5
1449	-0.000007	121.843112	0.000002	6.1
1450	-0.000000	121.795971	0.000000	6.7
1451	-0.986609	121.748879	0.005602	6.1
1452	0.000000	121.701835	0.000000	5.9
1453	-0.658793	121.654840	0.010970	5.9
1454	-0.913399	121.607893	0.010650	5.7
1455	-0.536974	121.560994	0.013137	6.2
1456	-0.878350	121.514144	0.009317	5.7
1457	-0.248542	121.467342	0.005773	6.5
1458	-0.505182	121.420588	0.007522	5.8
1459	-0.440992	121.373882	0.006953	5.9
1460	-0.000000	121.327223	0.000000	6.7
1461	-1.064036	121.280613	0.010539	5.9
1462	-0.393769	121.234050	0.007472	5.7
1463	0.000000	121.187535	0.000000	6.1
1464	-1.013679	121.141067	0.016300	5.7
1465	-0.069318	121.094647	0.006797	5.6
1466	-0.335532	121.048274	0.005802	6.0
1467	-0.946022	121.001949	0.005365	6.0
1468	-0.800039	120.955671	0.014291	6.0
1469	-0.946035	120.909440	0.017340	5.7
1470	-0.763553	120.863256	0.010881	5.6
1471	-0.856108	120.817119	0.005502	6.1
1472	-0.978022	120.771029	0.013534	5.6
1473	-1.094094	120.724986	0.008534	5.7
1474	-1.132085	120.678990	0.005102	6.1
1475	-1.325344	120.633040	0.010345	5.8
1476	-0.969164	120.587137	0.011729	5.7
1477	-0.978245	120.541281	0.006845	6.6
1478	-0.364319	120.495471	0.007225	5.8
1479	-0.022751	120.449707	0.003058	6.0
1480	-0.605791	120.403990	0.009125	6.1
1481	-0.780518	120.358319	0.015380	5.9
1482	-1.113468	120.312694	0.012876	6.6
1483	-0.284239	120.267115	0.006092	6.1
1484	-0.873347	120.221582	0.013446	5.9
1485	-1.153127	120.176096	0.011194	6.5
1486	-0.419279	120.130655	0.005206	6.6
1487	-0.832164	120.085260	0.024128	6.4
1488	-1.220201	120.039910	0.021992	6.3
1489	-0.008353	119.994606	0.000540	5.8
1490	-0.891183	119.949348	0.010134	6.9
1491	-1.031476	119.904135	0.008357	5.6
1492	-1.150119	119.858968	0.015867	5.8
1493	-1.019679	119.813846	0.007745	7.0
1494	-0.537789	119.768769	0.012952	5.7
1495	-0.836070	119.723738	0.006856	6.3
1496	-0.181006	119.678752	0.005342	5.9
1497	-0.005265	119.633810	0.000601	5.5
1498	-0.019451	119.588914	0.001439	6.3
1499	-0.486016	119.544062	0.005440	6.1
1500	-0.326669	119.499256	0.006987	6.0
1501	-1.230259	119.454494	0.043971	6.2
1502	-1.157935	119.409777	0.013266	5.7
1503	-0.533996	119.365104	0.005558	5.6
1504	-0.497316	119.320476	0.004295	6.9
1505	-0.000000	119.275893	0.000000	5.5
1506	-0.000000	119.231353	0.000000	6.6
1507	-0.536829	119.186859	0.005886	5.5
1508	-0.000000	119.142408	0.000000	5.7
1509	-0.957800	119.098002	0.009193	6.3
1510	-1.164100	119.053639	0.010076	5.1
1511	-0.000000	119.009321	0.000000	5.6
1512	-0.727066	118.965047	0.003444	6.4
1513	-0.880797	118.920816	0.012753	5.7
1514	-0.000000	118.876630	0.000000	6.2
1515	-0.000000	118.832487	0.000000	6.1
1516	-0.008170	118.788388	0.000718	5.6
1517	-1.294322	118.744332	0.009357	6.1
1518	-0.539169	118.700320	0.008676	5.9
1519	-0.000000	118.656352	0.000000	5.8
1520	-0.500662	118.612427	0.005262	6.6
1521	-1.187285	118.568545	0.013192	6.1
1522	-1.057102	118.524706	0.016017	5.5
1523	-0.709099	118.480911	0.009362	6.2
1524	0.000000	118.437159	0.000000	5.7
1525	-0.000000	118.393450	0.000000	5.9
1526	-0.633915	118.349784	0.016496	6.1
1527	-0.818514	118.306160	0.009751	5.8
1528	-0.543772	118.262580	0.008488	6.7
1529	-0.968325	118.219042	0.009088	6.1
1530	-1.142365	118.175548	0.013951	5.9
1531	-0.969380	118.132095	0.014726	7.0
1532	-0.000000	118.088686	0.000000	6.1
1533	-0.032271	118.045319	0.001867	6.2
1534	-0.747006	118.001994	0.010907	6.2
1535	-1.191862	117.958712	0.008888	6.0
1536	-0.667284	117.915472	0.007129	6.6
1537	-0.803005	117.872274	0.003403	5.9
1538	-0.000000	117.829118	0.000000	6.0
1539	-0.000000	117.786005	0.000000	6.7
1540	-1.006343	117.742933	0.005950	6.6
1541	-0.000000	117.699904	0.000000	6.4
1542	-0.000000	117.656916	0.000000	5.2
1543	-0.734855	117.613971	0.008871	5.8
1544	-0.551688	117.571067	0.012591	6.2
1545	-0.517675	117.528205	0.007549	6.0
1546	-0.233625	117.485384	0.005864	5.3
1547	-0.647260	117.442605	0.005598	6.7
1548	-0.025808	117.399867	0.001941	5.8
1549	-0.000000	117.357171	0.000000	6.0
1550	-1.121830	117.314517	0.013135	5.9
1551	-1.116118	117.271903	0.006922	5.6
1552	-1.335300	117.229331	0.023417	6.5
1553	-0.054569	117.186800	0.002135	6.0
1554	-0.000002	117.144311	0.000001	5.6
1555	-0.978445	117.101862	0.009857	6.1
1556	-0.798572	117.059454	0.021906	5.5
1557	-0.599389	117.017087	0.005572	6.1
1558	-0.835737	116.974762	0.015831	6.1
1559	-1.144097	116.932476	0.015247	6.2
1560	-0.545705	116.890232	0.007048	6.0
1561	-0.942139	116.848028	0.009145	5.7
1562	-1.085844	116.805865	0.008784	6.1
1563	-0.543861	116.763743	0.007502	6.3
1564	-1.169842	116.721661	0.015856	6.1
1565	-0.780869	116.679619	0.008903	6.3
1566	-0.000000	116.637618	0.000000	6.3
1567	-1.054413	116.595657	0.004647	5.9
1568	-0.931715	116.553736	0.007985	5.8
1569	-1.130550	116.511855	0.026881	6.1
1570	-1.174114	116.470015	0.009712	5.6
1571	-0.000000	116.428214	0.000000	6.4
1572	-1.216259	116.386454	0.015597	5.5
1573	-0.076039	116.344733	0.002431	5.8
1574	-1.052787	116.303052	0.010364	6.6
1575	-0.176869	116.261412	0.005956	6.3
1576	-0.000000	116.219810	0.000000	5.9
1577	-0.215749	116.178249	0.004671	6.1
1578	-1.240468	116.136727	0.009178	6.0
1579	-0.120984	116.095245	0.003263	6.8
1580	-0.815000	116.053802	0.011251	6.3
1581	-1.165613	116.012398	0.009508	5.9
1582	-1.150079	115.971034	0.009286	6.5
1583	-1.041474	115.929710	0.012387	5.7
1584	-0.992090	115.888424	0.014924	5.7
1585	-0.978175	115.847178	0.011340	6.7
1586	-0.237997	115.805970	0.006907	6.1
1587	-0.813405	115.764802	0.012099	7.0
1588	-0.498593	115.723673	0.007040	5.7
1589	-0.645913	115.682583	0.007589	5.8
1590	-0.801939	115.641532	0.005228	6.6
1591	-0.000234	115.600519	0.000082	5.8
1592	-0.778034	115.559546	0.004260	6.6
1593	-0.000000	115.518610	0.000000	6.6
1594	-0.599914	115.477714	0.010356	5.8
1595	-0.654847	115.436856	0.006526	6.9
1596	-0.000000	115.396037	0.000000	5.8
1597	-1.036050	115.355256	0.023912	5.9
1598	-0.037602	115.314514	0.002193	6.8
1599	-0.071833	115.273810	0.003359	5.5
1600	-1.042153	115.233144	0.017342	6.2
1601	-0.519008	115.192517	0.009937	6.1
1602	-0.864069	115.151927	0.005780	5.6
1603	-0.547701	115.111376	0.006521	6.8
1604	-0.721383	115.070863	0.009001	5.5
1605	-0.665626	115.030388	0.018928	5.7
1606	-0.872896	114.989951	0.010517	6.4
1607	-0.000147	114.949551	0.000043	5.7
1608	-0.000707	114.909190	0.000212	5.5
1609	-0.719999	114.868866	0.005620	7.2
1610	-0.000000	114.828580	0.000000	5.9
1611	-0.561950	114.788332	0.002617	6.9
1612	-0.027218	114.748121	0.003530	5.7
1613	-0.231594	114.707948	0.002964	5.5
1614	-0.000732	114.667812	0.000064	6.5
1615	-0.796756	114.627714	0.041821	5.8
1616	-1.252633	114.587653	0.014866	5.8
1617	-0.838797	114.547629	0.013535	6.4
1618	-0.938374	114.507643	0.007240	5.7
1619	-1.071188	114.467693	0.013537	6.3
1620	-0.414486	114.427781	0.006848	6.2
1621	-0.516008	114.387907	0.005087	5.5
1622	-1.146973	114.348069	0.013580	6.0
1623	-0.754995	114.308268	0.006025	5.7
1624	-1.096992	114.268504	0.010656	5.8
1625	-0.617982	114.228777	0.009744	7.1
1626	-0.802826	114.189086	0.006045	5.6
1627	-0.275639	114.149433	0.003945	5.7
1628	-0.000000	114.109816	0.000000	5.9
1629	-0.000218	114.070235	0.000082	6.9
1630	-0.617402	114.030692	0.010713	6.4
1631	-0.973861	113.991185	0.007779	5.9
1632	-0.898058	113.951714	0.013835	5.8
1633	-1.248687	113.912280	0.006674	6.6
1634	-0.000000	113.872882	0.000000	5.6
1635	-0.913403	113.833521	0.011116	6.0
1636	-0.855746	113.794195	0.012150	6.0
1637	-0.000000	113.754906	0.000000	5.9
1638	-0.545051	113.715653	0.009671	6.6
1639	-0.948359	113.676437	0.010408	5.8
1640	-0.000000	113.637256	0.000000	5.7
1641	-0.000026	113.598111	0.000008	7.2
1642	0.000000	113.559002	0.000000	6.3
1643	-1.318402	113.519929	0.025922	6.1
1644	-0.484993	113.480892	0.006929	6.0
1645	0.000000	113.441891	0.000000	6.2
1646	-0.828474	113.402925	0.005933	6.2
1647	-0.748311	113.363995	0.009469	5.8
1648	-0.925328	113.325101	0.010712	5.7
1649	-0.688125	113.286242	0.007125	7.1
1650	-0.000000	113.247419	0.000000	5.5
1651	-0.189589	113.208631	0.004291	6.4
1652	-0.667779	113.169879	0.013339	6.0
1653	-0.001392	113.131162	0.000463	5.8
1654	-0.222452	113.092480	0.005886	7.0
1655	-0.000000	113.053833	0.000000	5.9
1656	-0.830411	113.015222	0.007555	5.6
1657	-1.169379	112.976646	0.013131	6.3
1658	-1.109621	112.938105	0.009822	9.9
1659	-0.624150	112.899599	0.012287	25.5
1660	-0.318416	112.861128	0.010374	6.5
1661	-1.153688	112.822692	0.010660	7.0
1662	-0.796059	112.784291	0.008818	5.9
1663	0.000000	112.745924	0.000000	9.1
1664	-0.627936	112.707593	0.008918	7.4
1665	-0.079514	112.669296	0.002451	5.9
1666	-0.641508	112.631034	0.009681	7.0
1667	-0.000000	112.592806	0.000000	6.1
1668	0.000000	112.554613	0.000000	6.7
1669	-0.844168	112.516455	0.010238	6.1
1670	-0.519327	112.478331	0.005424	6.4
1671	-0.000000	112.440241	0.000000	6.6
1672	-0.664616	112.402186	0.014502	6.5
1673	-0.000028	112.364165	0.000010	7.0
1674	-0.000161	112.326179	0.000029	5.7
1675	-0.905439	112.288227	0.011079	5.7
1676	-0.759493	112.250309	0.015696	6.9
1677	-0.992547	112.212425	0.008250	5.9
1678	-0.788402	112.174575	0.014446	6.3
1679	-0.000001	112.136759	0.000000	6.2
1680	-0.759850	112.098977	0.006795	6.0
1681	-0.042100	112.061229	0.002537	7.1
1682	-1.232006	112.023515	0.010745	5.5
1683	-0.968402	111.985834	0.010116	5.9
1684	-0.774486	111.948188	0.005648	6.3
1685	-0.679493	111.910575	0.011061	6.2
1686	0.000000	111.872996	0.000000	6.4
1687	-0.029152	111.835450	0.002026	6.1
1688	-0.580631	111.797939	0.011139	6.1
1689	-0.000000	111.760460	0.000000	6.5
1690	-1.164087	111.723015	0.012406	6.8
1691	-0.000000	111.685604	0.000000	6.3
1692	-0.342483	111.648226	0.006119	5.8
1693	-1.104042	111.610881	0.007398	6.3
1694	-0.000000	111.573570	0.000000	6.7
1695	-1.119374	111.536292	0.020022	5.6
1696	-0.000000	111.499047	0.000000	5.5
1697	-0.000000	111.461835	0.000000	6.2
1698	0.000000	111.424656	0.000000	5.5
1699	0.000000	111.387510	0.000000	5.7
1700	0.000000	111.350398	0.000000	5.9
1701	-0.954814	111.313318	0.017096	5.7
1702	-0.315588	111.276271	0.008386	6.4
1703	-0.002873	111.239257	0.000463	6.1
1704	-0.579913	111.202276	0.006762	5.7
1705	-0.950052	111.165328	0.007197	6.0
1706	-0.728715	111.128412	0.007251	6.1
1707	-1.166672	111.091529	0.017719	5.8
1708	-0.078538	111.054679	0.003636	6.8
1709	-0.000000	111.017861	0.000000	5.9
1710	-0.343301	110.981076	0.005769	5.8
1711	-0.138924	110.944323	0.004042	6.2
1712	-1.079629	110.907603	0.013658	5.6
1713	-0.000000	110.870915	0.000000	6.9
1714	-1.295022	110.834259	0.007955	5.6
1715	-0.450574	110.797636	0.008662	5.5
1716	-0.908540	110.761045	0.010088	6.0
1717	-0.066536	110.724486	0.001653	5.5
1718	-1.247831	110.687959	0.016498	6.1
1719	-0.609666	110.651465	0.009243	6.5
1720	-1.181564	110.615002	0.018204	5.7
1721	-0.704321	110.578572	0.005798	5.8
1722	-0.000000	110.542173	0.000000	7.4
1723	-0.790506	110.505807	0.009861	6.0
1724	-0.005851	110.469472	0.001198	7.2
1725	-0.882493	110.433169	0.025404	6.0
1726	-0.849640	110.396898	0.005048	6.3
1727	-0.000000	110.360659	0.000000	6.4
1728	-0.000000	110.324451	0.000000	6.0
1729	-1.073136	110.288276	0.018647	6.9
1730	-0.719984	110.252131	0.007237	6.2
1731	-0.611821	110.216019	0.010238	6.1
1732	-0.803388	110.179937	0.002764	6.3
1733	-0.701053	110.143888	0.009969	5.9
1734	-0.447448	110.107869	0.006081	6.3
1735	-1.145300	110.071882	0.011885	6.2
1736	-0.626626	110.035927	0.008708	5.8
1737	-0.889273	110.000003	0.012448	6.3
1738	-1.041911	109.964110	0.008704	5.9
1739	-1.044602	109.928248	0.031316	6.2
1740	-0.629116	109.892417	0.016855	6.9
1741	-0.773770	109.856618	0.009349	5.7
1742	-0.653512	109.820850	0.004988	7.1
1743	0.000000	109.785112	0.000000	6.0
1744	-0.691220	109.749406	0.006391	6.0
1745	-0.699675	109.713730	0.009117	6.3
1746	-0.926404	109.678086	0.007403	5.9
1747	-0.438018	109.642472	0.006076	5.6
1748	-0.820797	109.606890	0.011536	6.1
1749	-0.000000	109.571337	0.000000	5.7
1750	-0.526196	109.535816	0.011316	6.1
1751	-0.671662	109.500326	0.003692	6.3
1752	-0.661000	109.464866	0.005685	5.4
1753	-1.184640	109.429436	0.008140	6.4
1754	-0.105860	109.394038	0.007236	5.6
1755	-0.959517	109.358669	0.009844	5.7
1756	-0.018993	109.323331	0.001714	6.4
1757	-0.328893	109.288024	0.005592	5.9
1758	-0.945092	109.252747	0.012137	5.8
1759	-1.059885	109.217501	0.004895	6.4
1760	-0.000000	109.182284	0.000000	5.5
1761	-0.699676	109.147098	0.013528	6.1
1762	-0.962051	109.111942	0.014571	6.7
1763	-1.167069	109.076817	0.020042	5.9
1764	-0.519476	109.041721	0.004041	6.7
1765	-0.000000	109.006656	0.000000	5.4
1766	-1.153783	108.971620	0.007068	5.4
1767	-0.676913	108.936615	0.004612	6.5
1768	-0.605447	108.901640	0.007339	5.7
1769	-0.000150	108.866694	0.000040	5.4
1770	-0.461915	108.831779	0.006486	6.1
1771	-1.043269	108.796893	0.008610	5.9
1772	-0.000000	108.762037	0.000000	6.4
1773	-1.068493	108.727211	0.009460	6.0
1774	-1.030435	108.692415	0.012319	5.8
1775	0.000000	108.657648	0.000000	7.1
1776	-0.804807	108.622911	0.006039	5.8
1777	-0.013851	108.588203	0.001143	6.1
1778	-1.063146	108.553525	0.008175	6.5
1779	-0.000000	108.518877	0.000000	6.0
1780	-0.138431	108.484258	0.003915	6.1
1781	-0.734570	108.449668	0.007247	6.0
1782	-1.017650	108.415108	0.009571	6.0
1783	-0.657656	108.380578	0.008274	6.9
1784	-0.805924	108.346076	0.010380	6.0
1785	-0.913397	108.311604	0.013940	6.9
1786	-0.116270	108.277161	0.002287	5.9
1787	-0.893523	108.242747	0.013853	5.9
1788	-0.396136	108.208363	0.006637	6.6
1789	-0.544509	108.174007	0.007402	5.9
1790	-1.174211	108.139681	0.016195	6.0
1791	-0.498050	108.105383	0.008051	6.3
1792	-1.134430	108.071115	0.010999	5.7
1793	-1.108529	108.036875	0.010100	6.4
1794	-0.773992	108.002665	0.012640	6.8
1795	-0.124075	107.968483	0.004342	5.7
1796	-0.601068	107.934330	0.008702	6.3
1797	-0.811425	107.900206	0.009652	5.9
1798	-0.985485	107.866111	0.013542	5.7
1799	-0.792702	107.832044	0.008457	6.4
1800	-1.019812	107.798007	0.012811	5.7
1801	-1.126932	107.763997	0.007353	5.6
1802	-0.000000	107.730017	0.000000	5.5
1803	-0.940882	107.696065	0.009266	6.1
1804	-0.824699	107.662141	0.008514	6.3
1805	-0.692884	107.628246	0.007172	5.6
1806	-0.775082	107.594379	0.013096	5.9
1807	-1.356004	107.560541	0.011999	6.3
1808	-0.748082	107.526731	0.006391	5.4
1809	-0.387383	107.492949	0.005668	5.9
1810	-0.000000	107.459196	0.000000	6.2
1811	-0.866775	107.425471	0.015339	5.6
1812	-0.108652	107.391774	0.004562	5.8
1813	-0.000946	107.358106	0.000159	6.6
1814	-0.459108	107.324465	0.010693	6.0
1815	-0.018603	107.290853	0.000931	6.4
1816	-0.948374	107.257268	0.023429	5.5
1817	-1.131744	107.223712	0.012560	5.5
1818	-1.208499	107.190184	0.014717	6.7
1819	-0.444800	107.156683	0.006627	5.8
1820	-1.188310	107.123211	0.018282	5.8
1821	-0.000000	107.089766	0.000000	6.6
1822	-0.000000	107.056349	0.000000	5.5
1823	-1.138084	107.022960	0.007985	6.1
1824	-0.352945	106.989599	0.005373	5.5
1825	-0.206982	106.956265	0.004230	5.6
1826	-0.625295	106.922960	0.005454	6.6
1827	-0.502290	106.889681	0.005168	5.5
1828	-0.023853	106.856431	0.001963	5.7
1829	-0.163189	106.823208	0.003716	6.0
1830	-1.051520	106.790012	0.006707	7.0
1831	-1.151622	106.756844	0.016485	5.8
1832	-0.000000	106.723703	0.000000	7.1
1833	-0.000212	106.690590	0.000026	5.7
1834	-0.010043	106.657505	0.001339	6.9
1835	-1.056699	106.624446	0.007563	5.7
1836	-0.009269	106.591415	0.001831	6.6
1837	-0.844753	106.558411	0.016478	6.8
1838	-0.807939	106.525435	0.021064	5.6
1839	-0.981328	106.492485	0.006672	7.0
1840	-0.625724	106.459563	0.006596	5.8
1841	-0.052113	106.426668	0.002183	5.8
1842	-0.821106	106.393800	0.013503	7.3
1843	-1.177807	106.360959	0.017194	5.9
1844	-1.033888	106.328145	0.006997	6.2
1845	-0.000000	106.295358	0.000000	5.9
1846	-0.625198	106.262598	0.007667	5.9
1847	-0.116353	106.229865	0.006984	6.1
1848	-0.401155	106.197158	0.005911	6.4
1849	-0.391154	106.164479	0.009085	6.2
1850	-0.919814	106.131826	0.022327	6.3
1851	-0.554130	106.099201	0.010427	5.7
1852	-0.110580	106.066602	0.002383	5.6
1853	-0.041118	106.034029	0.002301	6.2
1854	-0.878036	106.001483	0.010157	5.7
1855	-0.000000	105.968964	0.000000	6.3
1856	-1.098743	105.936472	0.012306	6.1
1857	-0.166891	105.904006	0.005233	5.7
1858	-1.002320	105.871566	0.006478	6.4
1859	-0.000000	105.839153	0.000000	5.7
1860	-0.985105	105.806767	0.005987	5.7
1861	-0.000256	105.774407	0.000055	6.4
1862	-0.750954	105.742073	0.011565	5.8
1863	-1.137531	105.709766	0.016095	5.7
1864	-1.052962	105.677485	0.016074	6.3
1865	-1.019909	105.645230	0.021458	5.8
1866	-0.007876	105.613001	0.000548	6.1
1867	-0.000000	105.580799	0.000000	5.6
1868	-0.370610	105.548623	0.008245	5.8
1869	-0.657212	105.516473	0.005788	6.1
1870	-0.612423	105.484349	0.009115	5.7
1871	-0.159322	105.452251	0.003838	6.0
1872	-0.981808	105.420179	0.011994	6.1
1873	-0.000006	105.388133	0.000003	5.7
1874	-0.000036	105.356113	0.000015	6.8
1875	-1.039571	105.324119	0.005585	5.7
1876	-0.000000	105.292151	0.000000	5.6
1877	-1.047356	105.260209	0.016939	6.5
1878	-0.000000	105.228293	0.000000	5.7
1879	-0.648270	105.196402	0.010243	5.6
1880	-0.000000	105.164537	0.000000	5.8
1881	-0.686706	105.132698	0.011639	7.1
1882	-0.029288	105.100885	0.001341	6.2
1883	-0.974875	105.069097	0.016442	6.1
1884	0.000000	105.037335	0.000000	5.8
1885	-0.520281	105.005598	0.005176	6.4
1886	-0.000000	104.973887	0.000000	6.2
1887	-0.607490	104.942202	0.008108	5.7
1888	-0.000013	104.910542	0.000005	6.2
1889	-1.031050	104.878907	0.006618	5.6
1890	-0.913867	104.847298	0.007981	5.9
1891	-1.109584	104.815715	0.017148	7.0
1892	-0.000000	104.784156	0.000000	5.9
1893	-0.984785	104.752623	0.009609	6.1
1894	-0.000000	104.721116	0.000000	5.9
1895	-0.745910	104.689633	0.006972	5.9
1896	-0.003520	104.658176	0.000300	6.3
1897	-0.682170	104.626744	0.011067	7.3
1898	-0.000000	104.595337	0.000000	6.0
1899	-0.754579	104.563955	0.005531	6.5
1900	-0.000000	104.532599	0.000000	5.8
1901	-0.531839	104.501267	0.006879	6.6
1902	-1.199814	104.469960	0.010087	5.7
1903	-0.897113	104.438679	0.007632	6.0
1904	-0.912943	104.407422	0.007514	6.1
1905	-0.582859	104.376191	0.015666	5.6
1906	-0.000000	104.344984	0.000000	5.3
1907	-1.011412	104.313802	0.007023	6.6
1908	-0.848628	104.282645	0.004045	5.8
1909	-0.949712	104.251513	0.005880	5.9
1910	-0.390412	104.220405	0.004739	6.2
1911	-0.468214	104.189323	0.005814	5.8
1912	-0.000000	104.158265	0.000000	6.2
1913	-0.903946	104.127231	0.009927	5.8
1914	-0.000000	104.096222	0.000000	5.7
1915	-1.192605	104.065238	0.021269	6.6
1916	-0.429528	104.034279	0.009002	6.3
1917	-1.027861	104.003344	0.008983	5.9
1918	-0.533519	103.972433	0.006669	5.9
1919	-0.106531	103.941547	0.003033	5.6
1920	-0.689852	103.910686	0.005822	7.0
1921	-1.099941	103.879849	0.009363	6.0
1922	-0.949865	103.849036	0.010592	6.0
1923	-0.000000	103.818248	0.000000	6.2
1924	-0.449124	103.787484	0.008806	6.2
1925	-0.070104	103.756744	0.002806	5.7
1926	-0.000000	103.726029	0.000000	6.2
1927	-0.955844	103.695338	0.006321	5.7
1928	-0.986182	103.664671	0.006077	6.1
1929	-1.159369	103.634028	0.015547	5.7
1930	-0.000000	103.603409	0.000000	5.9
1931	-1.104582	103.572814	0.012262	6.4
1932	-0.614163	103.542244	0.007131	5.7
1933	-0.000000	103.511698	0.000000	5.8
1934	-1.031250	103.481175	0.014413	6.2
1935	-0.000000	103.450677	0.000000	6.8
1936	-0.020769	103.420202	0.000652	7.2
1937	-1.005574	103.389752	0.007618	5.8
1938	-0.000001	103.359325	0.000000	5.8
1939	-0.000000	103.328922	0.000000	6.5
1940	-0.624421	103.298543	0.005738	6.1
1941	-0.646254	103.268188	0.014159	6.4
1942	-0.635116	103.237857	0.012059	5.9
1943	-0.000000	103.207549	0.000000	5.9
1944	0.000000	103.177265	0.000000	6.3
1945	-0.488056	103.147005	0.007190	5.7
1946	-0.148921	103.116768	0.005156	5.8
1947	-0.797391	103.086556	0.006867	7.1
1948	-0.602276	103.056366	0.007860	6.0
1949	-0.587047	103.026200	0.002968	5.7
1950	-0.000000	102.996058	0.000000	7.1
1951	-0.071155	102.965939	0.001306	6.4
1952	-1.151050	102.935844	0.011511	6.1
1953	-0.000000	102.905772	0.000000	6.0
1954	-0.707113	102.875724	0.010078	6.0
1955	-0.880542	102.845699	0.010690	6.7
1956	-0.449969	102.815697	0.005183	6.2
1957	-0.748418	102.785719	0.018210	5.8
1958	-0.313220	102.755764	0.005022	5.7
1959	-0.804592	102.725832	0.008394	5.6
1960	-0.791452	102.695924	0.004974	6.3
1961	-0.980781	102.666038	0.006109	6.1
1962	-1.043253	102.636176	0.016809	5.8
1963	-1.232609	102.606337	0.008002	6.8
1964	-0.200232	102.576521	0.004505	6.0
1965	-0.483848	102.546728	0.011642	5.9
1966	-0.638864	102.516959	0.010738	5.8
1967	-1.240047	102.487212	0.012133	5.7
1968	-0.986062	102.457488	0.007726	6.1
1969	-1.138619	102.427788	0.006011	6.1
1970	-0.803240	102.398110	0.007252	6.3
1971	-1.339811	102.368455	0.024515	6.2
1972	-0.733598	102.338823	0.014854	5.8
1973	-1.113626	102.309214	0.011146	5.7
1974	-0.171697	102.279628	0.005422	5.8
1975	-0.000000	102.250064	0.000000	5.7
1976	-0.882339	102.220524	0.012515	6.3
1977	-0.485806	102.191006	0.010850	5.8
1978	-0.450212	102.161511	0.006173	5.5
1979	-1.119665	102.132038	0.010683	6.3
1980	-1.147827	102.102588	0.014693	6.1
1981	-0.000000	102.073161	0.000000	5.7
1982	0.000000	102.043757	0.000000	6.7
1983	-0.765393	102.014375	0.013521	5.7
1984	-1.166626	101.985015	0.007279	6.2
1985	-0.959391	101.955678	0.008636	6.2
1986	-0.000000	101.926364	0.000000	6.2
1987	-1.320227	101.897072	0.011499	6.2
1988	-0.928102	101.867802	0.006395	6.2
1989	-0.334115	101.838555	0.007268	6.3
1990	-0.983375	101.809330	0.005958	5.9
1991	-0.932641	101.780128	0.007413	6.0
1992	-0.000000	101.750948	0.000000	6.0
1993	-1.040125	101.721790	0.007373	6.5
1994	-1.275615	101.692654	0.008567	6.0
1995	-0.693052	101.663541	0.008221	6.3
1996	-0.418494	101.634450	0.007077	6.0
1997	-0.568757	101.605381	0.008584	6.2
1998	-0.006270	101.576335	0.000535	6.3
1999	-0.306269	101.547310	0.003026	6.1
