1:ItNr	2:Metric	3:StepSize	4:||Gradient||	Time[ms]
0	-0.000000	627.201626	0.000000	768.7
1	-0.965364	623.504937	0.007365	27.4
2	-0.793576	619.865785	0.005953	27.1
3	-0.338921	616.282728	0.005206	28.0
4	-0.401352	612.754375	0.006358	27.1
5	-0.000000	609.279381	0.000000	26.9
6	-0.000000	605.856447	0.000000	29.2
7	-0.730791	602.484317	0.005768	29.0
8	-0.576806	599.161779	0.005403	28.7
9	-0.000041	595.887656	0.000032	29.5
10	-0.876883	592.660813	0.008708	29.0
11	0.000000	589.480151	0.000000	29.3
12	-0.531119	586.344606	0.006584	28.6
13	-0.000000	583.253145	0.000000	29.8
14	-0.700245	580.204771	0.006324	29.1
15	-0.274613	577.198517	0.004936	28.7
16	-0.326468	574.233444	0.003824	29.1
17	-0.524726	571.308645	0.007077	31.2
18	-0.001803	568.423237	0.000054	29.3
19	-0.722950	565.576365	0.006915	28.6
20	-0.000000	562.767201	0.000000	29.9
21	-0.854399	559.994938	0.005251	29.6
22	-0.770181	557.258797	0.005948	29.6
23	-0.863718	554.558018	0.006857	29.1
24	-0.608058	551.891865	0.005883	30.0
25	-0.871458	549.259621	0.007639	29.1
26	-0.586975	546.660592	0.007422	29.4
27	0.000000	544.094102	0.000000	30.8
28	-0.465117	541.559494	0.005677	31.0
29	-0.149599	539.056129	0.002935	29.3
30	-0.287960	536.583387	0.004457	28.8
31	-0.659048	534.140663	0.007036	29.5
32	-0.032609	531.727370	0.004038	29.8
33	-0.062307	529.342935	0.001139	29.9
34	-0.453676	526.986802	0.005195	29.2
35	-0.748023	524.658430	0.006090	29.1
36	-0.005262	522.357290	0.000211	30.8
37	-0.544297	520.082868	0.005931	29.7
38	-0.433169	517.834665	0.005104	29.8
39	-1.114224	515.612193	0.009352	30.5
40	-0.959017	513.414976	0.007531	28.1
41	-0.433390	511.242551	0.007606	30.4
42	-0.443187	509.094468	0.005082	29.5
43	-0.000098	506.970285	0.000052	29.7
44	-0.722820	504.869574	0.007204	29.7
45	-0.707398	502.791916	0.007432	29.7
46	-0.734732	500.736903	0.006060	28.8
47	-0.000000	498.704137	0.000000	29.7
48	-0.523448	496.693228	0.006660	29.7
49	-0.540669	494.703798	0.004990	29.4
50	0.000000	492.735476	0.000000	30.5
51	-0.000573	490.787900	0.000186	30.7
52	-0.106002	488.860718	0.001380	29.4
53	-0.449470	486.953585	0.005819	30.0
54	-0.839243	485.066164	0.007830	30.8
55	-0.726193	483.198126	0.005092	29.9
56	-0.000000	481.349149	0.000000	29.6
57	0.000000	479.518920	0.000000	29.5
58	0.000000	477.707132	0.000000	29.0
59	-0.383345	475.913485	0.005431	29.6
60	-0.000000	474.137684	0.000000	30.5
61	-0.000062	472.379445	0.000083	30.3
62	-0.518502	470.638485	0.005684	30.3
63	-0.000000	468.914531	0.000000	29.6
64	-0.577180	467.207315	0.006492	30.0
65	-0.962476	465.516573	0.008956	31.0
66	-0.730162	463.842050	0.005374	29.8
67	-0.778122	462.183494	0.007541	29.1
68	-0.824128	460.540658	0.007440	29.3
69	-0.009127	458.913303	0.000271	30.8
70	-0.573363	457.301192	0.005306	28.7
71	-0.725343	455.704096	0.006692	30.3
72	-0.891945	454.121787	0.008203	30.0
73	-0.161308	452.554045	0.002607	29.0
74	-0.682819	451.000653	0.007077	28.7
75	-0.564811	449.461399	0.006338	30.1
76	-0.157796	447.936075	0.001790	29.7
77	-0.000000	446.424477	0.000000	30.2
78	-0.125357	444.926406	0.001488	29.6
79	-0.029065	443.441666	0.001147	30.1
80	-0.000000	441.970065	0.000000	30.1
81	-0.000000	440.511415	0.000000	30.7
82	-0.234849	439.065533	0.002402	30.6
83	-0.362915	437.632238	0.004398	30.3
84	-0.858366	436.211351	0.007095	30.0
85	-0.000000	434.802701	0.000000	29.8
86	-0.204095	433.406117	0.002660	29.9
87	-0.411619	432.021430	0.005474	30.1
88	0.000000	430.648479	0.000000	30.0
89	-0.019822	429.287101	0.001027	30.1
90	-0.483063	427.937140	0.006911	30.0
91	-0.870452	426.598440	0.007611	30.1
92	-0.796383	425.270849	0.006474	30.7
93	-0.000000	423.954220	0.000000	30.8
94	0.000000	422.648404	0.000000	30.3
95	-0.668599	421.353259	0.007248	31.6
96	-0.340579	420.068643	0.007149	30.2
97	-0.052599	418.794419	0.001009	30.5
98	-0.326187	417.530451	0.004660	31.0
99	-0.059710	416.276604	0.001160	30.5
100	-0.000003	415.032748	0.000003	29.6
101	-0.521895	413.798754	0.006264	29.8
102	-0.366803	412.574495	0.006749	29.6
103	-0.872822	411.359849	0.005655	29.9
104	-0.535446	410.154691	0.005328	29.3
105	-0.913828	408.958904	0.006816	29.8
106	-0.025609	407.772368	0.001347	30.8
107	-0.863143	406.594968	0.007707	30.2
108	-0.558577	405.426590	0.007308	29.4
109	-0.000000	404.267122	0.000000	30.1
110	-0.000000	403.116456	0.000000	30.3
111	-0.456327	401.974481	0.005761	29.5
112	-0.425181	400.841093	0.004980	30.4
113	-0.686177	399.716187	0.005359	31.0
114	-0.348666	398.599660	0.003137	29.6
115	-0.945209	397.491411	0.008017	29.5
116	-0.251589	396.391342	0.003486	29.3
117	-0.000000	395.299353	0.000000	30.8
118	0.000000	394.215350	0.000000	29.9
119	-0.191841	393.139238	0.005008	28.6
120	-0.816374	392.070924	0.006009	30.5
121	-0.129630	391.010316	0.002402	29.5
122	-0.923993	389.957325	0.006521	28.8
123	0.000000	388.911862	0.000000	30.2
124	0.000000	387.873839	0.000000	30.8
125	-0.000000	386.843173	0.000000	29.9
126	0.000000	385.819777	0.000000	29.6
127	-0.187516	384.803569	0.003721	28.9
128	-0.574838	383.794468	0.007357	31.1
129	-0.763326	382.792393	0.005157	31.0
130	-0.015044	381.797264	0.000699	30.3
131	-0.000000	380.809005	0.000000	29.3
132	-0.000000	379.827537	0.000000	29.8
133	-0.909495	378.852786	0.006425	29.1
134	-0.855121	377.884678	0.005632	30.1
135	-0.054414	376.923138	0.002286	29.4
136	-1.040939	375.968095	0.008787	30.1
137	-0.506596	375.019479	0.007620	28.6
138	-0.717421	374.077218	0.005300	29.7
139	-0.236673	373.141244	0.004053	29.9
140	-0.661961	372.211489	0.006917	30.4
141	-0.028078	371.287887	0.001851	29.9
142	-1.011375	370.370370	0.008611	30.6
143	-0.863736	369.458876	0.005944	30.7
144	-0.010569	368.553338	0.000665	29.9
145	-0.442770	367.653696	0.006587	29.4
146	-0.512332	366.759885	0.006234	29.1
147	-0.043336	365.871846	0.001129	29.8
148	-0.897464	364.989518	0.006195	29.9
149	-0.453542	364.112841	0.005415	29.5
150	-0.494320	363.241757	0.005374	29.6
151	-0.000000	362.376208	0.000000	29.5
152	-0.506613	361.516137	0.006225	29.3
153	-0.258687	360.661488	0.003883	30.8
154	0.000000	359.812206	0.000000	30.6
155	-0.000043	358.968236	0.000006	29.8
156	-0.407346	358.129524	0.004149	29.7
157	-0.677830	357.296018	0.004547	29.3
158	-0.679283	356.467665	0.006118	30.3
159	-0.439233	355.644414	0.004758	30.1
160	-0.582929	354.826213	0.006154	30.1
161	-0.000000	354.013012	0.000000	29.2
162	-0.000101	353.204763	0.000055	30.7
163	0.000000	352.401415	0.000000	28.6
164	-0.000000	351.602922	0.000000	29.9
165	-0.892669	350.809235	0.006628	28.9
166	-0.780206	350.020308	0.006284	30.8
167	0.000000	349.236095	0.000000	30.1
168	0.000000	348.456550	0.000000	29.6
169	-0.663245	347.681627	0.006528	30.4
170	-1.018457	346.911283	0.008424	29.4
171	-0.000000	346.145474	0.000000	29.4
172	-0.953909	345.384157	0.007202	29.1
173	-0.000000	344.627288	0.000000	30.7
174	-0.464905	343.874826	0.006604	29.6
175	-0.812441	343.126729	0.006908	30.2
176	-0.504346	342.382957	0.005760	29.0
177	-0.660041	341.643469	0.005072	30.8
178	-0.062239	340.908224	0.003623	29.9
179	0.000000	340.177184	0.000000	29.8
180	-1.015797	339.450309	0.007797	29.7
181	-0.462451	338.727561	0.005850	29.3
182	-0.485526	338.008902	0.006703	30.6
183	-0.613027	337.294295	0.007012	30.6
184	-0.809893	336.583703	0.005511	30.5
185	-0.310752	335.877089	0.004483	30.9
186	-0.726826	335.174416	0.005280	29.3
187	-0.383209	334.475651	0.005280	29.0
188	-0.000000	333.780756	0.000000	31.4
189	-0.717964	333.089698	0.006862	30.7
190	0.000000	332.402443	0.000000	30.1
191	-0.952067	331.718955	0.008073	30.1
192	-0.670996	331.039203	0.005875	29.8
193	-0.830048	330.363153	0.005399	30.5
194	-0.000000	329.690771	0.000000	29.2
195	-0.898669	329.022027	0.006797	30.4
196	0.000000	328.356888	0.000000	29.4
197	-0.465809	327.695322	0.005647	30.7
198	-0.739741	327.037299	0.005419	29.8
199	-0.563412	326.382787	0.006086	30.0
200	-0.804001	325.731758	0.008542	29.3
201	-0.063125	325.084179	0.000693	29.6
202	-0.825781	324.440023	0.005363	30.6
203	-0.934586	323.799258	0.009091	30.3
204	-0.138477	323.161858	0.003129	30.6
205	-0.967084	322.527792	0.007698	29.8
206	-0.996262	321.897034	0.008853	29.8
207	-0.712884	321.269554	0.007689	29.4
208	-0.818081	320.645325	0.007553	28.9
209	-0.525002	320.024320	0.005329	30.3
210	-0.529397	319.406512	0.006252	29.3
211	-0.152605	318.791875	0.004718	30.0
212	-0.250420	318.180381	0.004470	29.8
213	-0.025807	317.572005	0.000443	30.1
214	0.000000	316.966721	0.000000	28.3
215	-0.848150	316.364504	0.007535	30.1
216	-0.426405	315.765329	0.005869	29.9
217	-0.758832	315.169170	0.005666	30.9
218	-0.583470	314.576003	0.005080	30.7
219	-0.555920	313.985804	0.007705	30.1
220	-0.844084	313.398548	0.007863	30.8
221	-1.168678	312.814213	0.008064	30.0
222	-0.141990	312.232773	0.001976	29.8
223	-0.000260	311.654207	0.000112	29.7
224	-0.000000	311.078491	0.000000	29.6
225	0.000000	310.505602	0.000000	30.7
226	-0.295864	309.935518	0.005161	29.7
227	0.000000	309.368217	0.000000	30.2
228	-0.069233	308.803676	0.001613	29.0
229	-0.000000	308.241874	0.000000	29.8
230	-0.224165	307.682789	0.003465	30.9
231	-1.003364	307.126400	0.007845	30.1
232	-0.803643	306.572687	0.007142	29.8
233	-1.016850	306.021627	0.007587	30.1
234	-0.444737	305.473201	0.005323	29.4
235	-0.848518	304.927388	0.007074	30.8
236	-0.820514	304.384168	0.006662	30.1
237	-0.521436	303.843521	0.006179	29.9
238	-0.968968	303.305427	0.007313	30.6
239	-0.433769	302.769867	0.005664	29.5
240	-0.178188	302.236821	0.002446	31.0
241	-0.314581	301.706270	0.004564	30.9
242	-1.080041	301.178196	0.007439	30.2
243	-0.693615	300.652580	0.005616	29.9
244	0.000000	300.129402	0.000000	29.9
245	-0.598363	299.608645	0.005620	29.5
246	-0.469972	299.090291	0.004248	30.3
247	-0.577189	298.574321	0.006195	29.9
248	-0.408198	298.060718	0.005910	29.5
249	-0.015047	297.549465	0.000200	30.9
250	-0.970213	297.040543	0.007613	29.3
251	-0.778712	296.533936	0.005987	29.0
252	-0.780726	296.029626	0.006239	29.2
253	-0.047074	295.527597	0.002173	29.6
254	-0.606200	295.027832	0.007697	30.0
255	0.000000	294.530315	0.000000	28.7
256	-0.000000	294.035028	0.000000	30.9
257	0.000000	293.541956	0.000000	29.6
258	-0.000000	293.051083	0.000000	29.7
259	-0.220101	292.562393	0.003453	31.0
260	-0.419933	292.075870	0.004569	30.0
261	-0.498563	291.591498	0.006336	30.1
262	-0.962258	291.109263	0.007576	29.8
263	-1.071170	290.629149	0.007525	29.9
264	-0.525895	290.151140	0.004260	29.9
265	-0.000764	289.675222	0.000197	29.3
266	-0.240666	289.201380	0.004879	29.5
267	-0.860506	288.729600	0.006532	29.9
268	-0.576903	288.259866	0.008885	29.9
269	-0.889433	287.792165	0.005398	30.0
270	0.000000	287.326481	0.000000	30.4
271	-0.000000	286.862802	0.000000	30.4
272	-0.329260	286.401113	0.005179	29.1
273	-1.096676	285.941400	0.008264	29.9
274	0.000000	285.483649	0.000000	29.4
275	0.000000	285.027847	0.000000	30.7
276	-0.540753	284.573981	0.004501	29.0
277	-0.238816	284.122037	0.003836	29.7
278	0.000000	283.672002	0.000000	29.4
279	-1.039817	283.223863	0.007214	29.8
280	-0.958657	282.777607	0.006490	29.3
281	-0.331542	282.333221	0.002728	29.1
282	-0.933912	281.890692	0.006828	29.7
283	-0.699525	281.450008	0.005593	29.7
284	-0.433218	281.011157	0.003824	29.7
285	-0.695735	280.574125	0.008309	30.0
286	-0.055823	280.138901	0.001532	30.2
287	-0.027595	279.705473	0.000771	29.6
288	-0.750997	279.273829	0.006034	30.4
289	0.000000	278.843956	0.000000	29.0
290	-0.074673	278.415844	0.001339	30.6
291	-0.463700	277.989479	0.006001	29.8
292	-1.165590	277.564851	0.007939	29.1
293	-0.675764	277.141949	0.006445	29.4
294	0.000000	276.720761	0.000000	30.8
295	0.000000	276.301275	0.000000	29.4
296	-0.493450	275.883480	0.005420	30.1
297	-0.748390	275.467366	0.005524	28.4
298	-0.449609	275.052922	0.005003	30.2
299	-0.640482	274.640136	0.005882	30.2
300	-0.387954	274.228998	0.003683	30.5
301	-0.061719	273.819497	0.002728	30.2
302	-0.034859	273.411623	0.001935	30.1
303	-0.678870	273.005365	0.005705	29.6
304	-0.581202	272.600712	0.007955	29.4
305	-0.264304	272.197655	0.002960	29.8
306	-0.617512	271.796184	0.007432	30.5
307	-0.894345	271.396287	0.006938	29.7
308	-0.215008	270.997956	0.003004	28.8
309	-0.927858	270.601180	0.007618	29.0
310	-0.330654	270.205949	0.002986	28.8
311	-0.642585	269.812254	0.007850	29.8
312	-0.162090	269.420085	0.002013	31.0
313	-0.685679	269.029432	0.005200	30.3
314	-1.014249	268.640287	0.007041	29.5
315	-0.760918	268.252638	0.004802	30.6
316	-0.869507	267.866478	0.007402	30.7
317	-0.000000	267.481796	0.000000	29.8
318	-0.276154	267.098584	0.003141	29.4
319	-0.806447	266.716833	0.005192	29.4
320	-0.688771	266.336533	0.007498	29.7
321	-0.971518	265.957676	0.007974	30.2
322	-0.475106	265.580253	0.004812	29.6
323	-0.565338	265.204254	0.006648	29.9
324	-0.236625	264.829672	0.005580	30.5
325	0.000000	264.456497	0.000000	30.5
326	-0.000000	264.084721	0.000000	30.2
327	-0.298372	263.714335	0.003246	29.2
328	-0.987453	263.345332	0.006839	29.9
329	-0.636683	262.977702	0.006193	29.2
330	-0.509062	262.611438	0.004752	30.6
331	-0.917799	262.246531	0.006547	30.2
332	0.000000	261.882973	0.000000	30.0
333	-0.483334	261.520756	0.005300	29.6
334	-1.172779	261.159871	0.008460	29.6
335	-0.618663	260.800312	0.007709	29.5
336	-0.526604	260.442070	0.005619	29.9
337	-0.783821	260.085137	0.005952	30.0
338	-0.876869	259.729505	0.007927	30.5
339	-0.764432	259.375167	0.006724	29.2
340	-0.683757	259.022116	0.006032	30.0
341	-0.001784	258.670343	0.000045	30.1
342	-0.604141	258.319841	0.006797	29.8
343	-0.644003	257.970602	0.008213	29.8
344	-0.750831	257.622620	0.006004	29.5
345	-0.007496	257.275887	0.000354	30.9
346	-1.006041	256.930396	0.007688	30.3
347	-0.249590	256.586139	0.003663	29.3
348	-0.517003	256.243109	0.005914	30.2
349	-0.685586	255.901300	0.006834	29.4
350	-0.591595	255.560703	0.004743	30.7
351	-0.036510	255.221313	0.000695	29.0
352	-0.000000	254.883122	0.000000	29.4
353	-0.101375	254.546124	0.001428	30.0
354	-0.214460	254.210311	0.002105	30.4
355	-0.011130	253.875677	0.000308	29.4
356	-0.486728	253.542215	0.005486	29.7
357	-0.709985	253.209918	0.007297	30.5
358	-0.839392	252.878781	0.005989	30.2
359	-0.729444	252.548795	0.005451	29.9
360	-0.161858	252.219956	0.002783	29.6
361	-0.754118	251.892255	0.007108	30.2
362	-0.265455	251.565688	0.003810	29.8
363	-0.052941	251.240247	0.002179	29.2
364	-0.366968	250.915926	0.004033	28.2
365	-0.724172	250.592720	0.008194	30.2
366	-0.003271	250.270621	0.000258	29.7
367	-0.824106	249.949624	0.007719	30.0
368	-0.402042	249.629723	0.005051	30.0
369	-0.217783	249.310911	0.003474	29.8
370	-0.881557	248.993182	0.006210	29.7
371	-0.364314	248.676531	0.002805	28.7
372	-1.020617	248.360952	0.006689	30.2
373	-0.492641	248.046438	0.005750	29.9
374	-0.905764	247.732984	0.005969	29.5
375	-1.034906	247.420584	0.007982	30.4
376	-0.746137	247.109233	0.006520	30.4
377	-0.000000	246.798924	0.000000	30.0
378	-0.521889	246.489652	0.006437	30.3
379	0.000000	246.181412	0.000000	30.4
380	-0.525827	245.874197	0.006615	30.2
381	-0.758718	245.568002	0.005828	28.9
382	0.000000	245.262822	0.000000	30.0
383	-0.483610	244.958652	0.004916	29.1
384	-0.688025	244.655485	0.004403	29.6
385	-0.875155	244.353317	0.005565	29.9
386	-0.272671	244.052142	0.005140	28.6
387	-0.553626	243.751955	0.005251	28.0
388	-0.806390	243.452750	0.007665	30.9
389	-0.000000	243.154523	0.000000	30.2
390	-0.815296	242.857268	0.006756	30.8
391	-0.523798	242.560980	0.005856	29.3
392	-0.114430	242.265654	0.001992	30.0
393	-0.830660	241.971285	0.005965	30.0
394	-0.803429	241.677868	0.006456	30.2
395	-0.497878	241.385397	0.003911	29.7
396	-0.359554	241.093869	0.004515	29.4
397	-0.000000	240.803278	0.000000	30.5
398	-0.611882	240.513619	0.006424	30.0
399	-0.487740	240.224887	0.006570	29.9
400	-0.029161	239.937077	0.000792	29.9
401	-0.886060	239.650186	0.007597	29.4
402	-0.879114	239.364207	0.005890	30.1
403	-0.005066	239.079136	0.001665	29.4
404	0.000000	238.794969	0.000000	30.6
405	-0.000000	238.511701	0.000000	29.5
406	-0.000000	238.229327	0.000000	30.1
407	-0.705693	237.947843	0.006218	28.9
408	-0.000000	237.667244	0.000000	31.2
409	-0.013901	237.387526	0.003408	29.6
410	-0.000000	237.108684	0.000000	28.4
411	-0.000000	236.830714	0.000000	29.8
412	0.000000	236.553610	0.000000	29.3
413	-0.838491	236.277370	0.005337	30.1
414	-0.014450	236.001989	0.000744	29.6
415	-0.988044	235.727461	0.007012	29.5
416	-0.669626	235.453784	0.008383	30.1
417	-0.000000	235.180952	0.000000	29.6
418	-0.869572	234.908962	0.006808	30.1
419	-0.645086	234.637809	0.006364	30.2
420	-0.008592	234.367488	0.000000	30.6
421	-0.909700	234.097997	0.006155	29.7
422	0.000000	233.829331	0.000000	28.9
423	0.000000	233.561485	0.000000	30.9
424	-0.839494	233.294456	0.006012	30.6
425	-0.468355	233.028239	0.005067	29.4
426	-0.940922	232.762831	0.007599	29.1
427	-0.641659	232.498228	0.006767	29.2
428	-0.000000	232.234425	0.000000	30.6
429	-0.405170	231.971419	0.006491	30.2
430	-0.040753	231.709205	0.001050	31.7
431	-0.900929	231.447781	0.007664	29.6
432	-0.000000	231.187141	0.000000	29.0
433	0.000000	230.927283	0.000000	29.9
434	-0.900172	230.668202	0.006965	29.8
435	-0.850410	230.409895	0.008255	31.0
436	-0.592312	230.152358	0.004794	29.4
437	-0.939126	229.895587	0.008240	31.8
438	-0.443772	229.639578	0.006385	29.7
439	-0.929382	229.384329	0.007230	30.4
440	-0.531174	229.129834	0.005628	31.2
441	-0.677475	228.876091	0.005488	29.9
442	-0.904144	228.623096	0.005457	29.7
443	-0.045585	228.370846	0.001204	30.0
444	-0.401337	228.119336	0.004560	29.0
445	-0.245450	227.868563	0.003609	29.9
446	-0.586364	227.618525	0.005358	29.7
447	-0.000001	227.369216	0.000001	29.1
448	-0.798188	227.120635	0.005996	29.8
449	-0.756656	226.872777	0.005374	29.7
450	-0.576788	226.625638	0.005128	30.6
451	-0.079416	226.379217	0.000914	30.3
452	-0.337971	226.133509	0.004513	29.6
453	0.000000	225.888510	0.000000	29.3
454	-0.321898	225.644218	0.004240	28.9
455	-1.004389	225.400630	0.007306	30.3
456	-0.419960	225.157741	0.005781	29.7
457	-0.659078	224.915549	0.003630	30.0
458	-0.000000	224.674051	0.000000	29.7
459	-0.832763	224.433242	0.006190	29.0
460	-0.356817	224.193121	0.006815	30.2
461	-0.000000	223.953684	0.000000	29.5
462	-0.000000	223.714927	0.000000	30.7
463	0.000000	223.476848	0.000000	29.0
464	-0.805703	223.239444	0.006349	29.7
465	-0.727713	223.002710	0.005939	30.2
466	-0.433038	222.766645	0.006193	29.6
467	-0.664331	222.531245	0.006162	29.8
468	-0.676783	222.296508	0.005048	29.2
469	-0.626131	222.062429	0.004872	30.2
470	-0.258228	221.829007	0.004316	29.7
471	-0.566888	221.596238	0.005976	30.7
472	-0.899014	221.364119	0.005872	29.7
473	-0.433444	221.132647	0.006478	29.2
474	0.000000	220.901820	0.000000	29.1
475	-0.050250	220.671634	0.001616	29.8
476	-0.674332	220.442086	0.005967	29.1
477	-0.469503	220.213174	0.004170	30.3
478	-0.411469	219.984895	0.005084	30.0
479	-0.767821	219.757246	0.006192	30.0
480	-0.670385	219.530224	0.008411	31.2
481	-0.603484	219.303826	0.007793	30.1
482	-0.734558	219.078050	0.005492	30.1
483	0.000000	218.852893	0.000000	30.0
484	-0.010351	218.628352	0.000506	30.9
485	-0.131994	218.404424	0.002393	30.7
486	-0.743161	218.181106	0.007696	30.4
487	-0.000000	217.958397	0.000000	29.6
488	-0.586975	217.736292	0.005925	31.2
489	-0.275839	217.514790	0.004240	29.9
490	-0.038952	217.293888	0.001660	30.0
491	-0.000000	217.073584	0.000000	31.4
492	-0.443527	216.853873	0.005388	31.0
493	-0.220913	216.634755	0.003198	30.1
494	-0.168579	216.416227	0.003662	29.3
495	-0.000000	216.198285	0.000000	30.0
496	-0.127963	215.980927	0.002348	31.0
497	-0.970050	215.764151	0.006935	31.2
498	-0.248170	215.547955	0.002933	30.2
499	-0.608804	215.332335	0.006087	29.6
500	-0.683530	215.117289	0.007068	29.4
501	-0.807846	214.902815	0.007246	30.5
502	-0.108144	214.688911	0.001732	30.2
503	-0.947547	214.475573	0.006385	29.2
504	-0.853082	214.262800	0.005170	29.4
505	0.000000	214.050588	0.000000	29.8
506	-0.085491	213.838936	0.000896	29.8
507	-0.178161	213.627842	0.002358	30.3
508	-0.774278	213.417302	0.006183	30.6
509	-0.612295	213.207314	0.006616	30.4
510	-0.682301	212.997877	0.006266	30.6
511	-0.787201	212.788987	0.007884	29.9
512	-0.366057	212.580642	0.005686	30.6
513	-0.050840	212.372841	0.001811	30.7
514	-0.000000	212.165581	0.000000	30.0
515	-0.816565	211.958859	0.005852	30.1
516	-1.016931	211.752673	0.007122	35.1
517	-0.345738	211.547021	0.007314	30.3
518	-0.060581	211.341902	0.003836	28.6
519	-0.000824	211.137311	0.000119	29.9
520	0.000000	210.933248	0.000000	30.8
521	-0.822376	210.729710	0.005868	29.8
522	-1.122263	210.526695	0.007250	30.1
523	-0.403844	210.324200	0.005218	28.7
524	-0.192590	210.122224	0.004927	30.8
525	-0.287739	209.920765	0.002453	30.7
526	-0.923551	209.719820	0.007205	29.1
527	-0.000008	209.519387	0.000007	29.0
528	-0.207008	209.319463	0.002626	29.7
529	-0.132570	209.120048	0.001738	30.3
530	-0.187091	208.921139	0.003188	29.5
531	-0.702993	208.722733	0.004279	30.0
532	-0.702980	208.524829	0.005466	29.8
533	0.000000	208.327425	0.000000	29.6
534	-0.719226	208.130518	0.006185	30.1
535	-0.708385	207.934107	0.006458	30.4
536	0.000000	207.738189	0.000000	29.7
537	0.000000	207.542762	0.000000	29.7
538	-0.000082	207.347825	0.000037	30.1
539	-0.000000	207.153376	0.000000	29.4
540	-0.680129	206.959412	0.005440	30.0
541	-0.000000	206.765932	0.000000	29.9
542	-0.503240	206.572933	0.003633	29.6
543	-0.844429	206.380414	0.005363	29.3
544	-0.022921	206.188373	0.001837	29.8
545	-0.440285	205.996807	0.005119	30.6
546	-0.537861	205.805716	0.006057	29.7
547	-0.554617	205.615096	0.005559	29.2
548	-0.000000	205.424946	0.000000	29.5
549	-0.564598	205.235265	0.005075	30.1
550	-0.771144	205.046050	0.006652	30.5
551	-0.704772	204.857299	0.006129	29.8
552	-0.602997	204.669011	0.005319	29.6
553	-0.985855	204.481184	0.007445	29.5
554	-0.534445	204.293816	0.006660	30.7
555	-0.671159	204.106905	0.007264	29.4
556	-1.030373	203.920449	0.007164	30.6
557	-0.433978	203.734447	0.005612	30.7
558	0.000000	203.548896	0.000000	29.6
559	-0.747967	203.363795	0.006360	29.1
560	-0.978078	203.179143	0.006573	29.8
561	-0.726306	202.994937	0.007784	30.2
562	-0.000000	202.811176	0.000000	30.0
563	-0.654309	202.627857	0.005212	29.8
564	-0.291893	202.444980	0.003748	30.1
565	-0.929493	202.262543	0.006504	29.7
566	-0.108618	202.080543	0.002627	30.5
567	-0.807582	201.898979	0.006633	29.9
568	-0.383982	201.717849	0.004280	29.8
569	-0.691570	201.537153	0.004416	29.8
570	-0.541015	201.356887	0.006195	29.0
571	-0.005698	201.177050	0.000457	29.3
572	-0.000000	200.997642	0.000000	29.5
573	-0.936244	200.818659	0.005900	28.8
574	-0.586392	200.640100	0.006224	30.0
575	-0.486863	200.461965	0.005877	29.8
576	-0.000000	200.284250	0.000000	30.5
577	-0.755408	200.106955	0.007189	30.0
578	-0.896946	199.930078	0.005587	30.4
579	-0.000931	199.753617	0.000064	30.3
580	-0.012302	199.577571	0.000550	30.2
581	-0.007234	199.401938	0.000187	29.8
582	-0.771748	199.226717	0.004950	29.0
583	-0.826766	199.051905	0.006474	28.9
584	-0.270137	198.877502	0.005167	29.2
585	0.000000	198.703506	0.000000	29.9
586	-0.435983	198.529916	0.004845	29.7
587	-0.634508	198.356729	0.007220	30.1
588	-0.491970	198.183944	0.006495	29.4
589	-0.269986	198.011560	0.003631	30.9
590	-0.441047	197.839576	0.006342	28.9
591	-0.157135	197.667989	0.002344	29.2
592	0.000000	197.496798	0.000000	29.0
593	-0.564711	197.326002	0.007734	30.1
594	-0.000436	197.155600	0.000104	30.1
595	-0.587440	196.985589	0.005693	30.2
596	-0.239089	196.815969	0.002712	30.1
597	-0.460013	196.646738	0.006706	29.5
598	-0.768966	196.477894	0.004790	29.6
599	-0.000000	196.309436	0.000000	29.9
600	-0.001945	196.141363	0.000282	28.9
601	-0.938388	195.973673	0.007332	28.9
602	-1.038563	195.806365	0.006040	29.1
603	0.000000	195.639437	0.000000	30.5
604	-0.345529	195.472888	0.004767	29.9
605	-0.954844	195.306717	0.006891	29.2
606	-0.039373	195.140922	0.000719	29.6
607	0.000000	194.975501	0.000000	29.8
608	-0.000000	194.810454	0.000000	29.6
609	-0.824768	194.645779	0.004730	29.9
610	-0.986783	194.481475	0.007316	29.5
611	-0.652875	194.317540	0.007357	29.3
612	-0.583785	194.153973	0.005219	30.4
613	-0.183458	193.990773	0.001759	30.6
614	0.000000	193.827938	0.000000	32.0
615	-0.000000	193.665467	0.000000	30.0
616	0.000000	193.503358	0.000000	30.2
617	-0.866060	193.341611	0.005538	29.2
618	-0.077352	193.180224	0.002128	29.9
619	-0.258329	193.019196	0.004965	30.5
620	-0.303309	192.858525	0.003151	29.4
621	-0.318309	192.698210	0.005203	30.7
622	-0.876064	192.538251	0.007240	28.8
623	-0.005304	192.378644	0.000325	29.5
624	-0.646533	192.219391	0.006665	29.9
625	-0.792649	192.060488	0.007832	30.2
626	-0.668047	191.901935	0.006958	30.8
627	-0.494973	191.743730	0.005760	29.1
628	-0.141790	191.585873	0.001566	29.2
629	-0.685230	191.428362	0.006613	30.0
630	-0.761484	191.271196	0.005521	29.9
631	0.000000	191.114374	0.000000	30.1
632	-1.029856	190.957893	0.007153	29.5
633	-0.755382	190.801755	0.006960	30.6
634	-0.409027	190.645956	0.006131	30.9
635	-1.033010	190.490495	0.006316	29.6
636	-0.037455	190.335373	0.000324	29.7
637	-0.644776	190.180587	0.006101	28.5
638	-0.606813	190.026136	0.005535	29.7
639	-0.000000	189.872019	0.000000	29.2
640	-0.000000	189.718235	0.000000	29.8
641	-0.776424	189.564782	0.005652	29.9
642	-0.050575	189.411661	0.000713	29.9
643	-0.656955	189.258868	0.008191	29.2
644	-0.426207	189.106404	0.004151	29.2
645	-0.148586	188.954267	0.002210	29.1
646	-0.817290	188.802456	0.008920	29.4
647	-0.820423	188.650969	0.005739	30.7
648	-0.824185	188.499807	0.005809	30.8
649	0.000000	188.348967	0.000000	29.6
650	-0.277927	188.198448	0.003235	30.0
651	-0.265293	188.048250	0.003830	28.7
652	-0.800843	187.898371	0.006273	29.4
653	-0.072839	187.748810	0.001888	29.1
654	-0.550225	187.599566	0.006518	30.3
655	-0.000000	187.450638	0.000000	29.8
656	-0.645741	187.302025	0.004575	29.5
657	0.000000	187.153725	0.000000	30.8
658	-0.874491	187.005739	0.007027	29.4
659	-0.765667	186.858064	0.009621	28.9
660	-0.891896	186.710699	0.006901	28.8
661	-0.366615	186.563645	0.005914	29.7
662	0.000000	186.416898	0.000000	30.1
663	0.000000	186.270459	0.000000	29.6
664	-0.787166	186.124326	0.005383	30.5
665	-0.525247	185.978499	0.006016	29.7
666	-0.975066	185.832976	0.006556	30.4
667	-0.548516	185.687756	0.006484	29.5
668	-0.788363	185.542838	0.007480	29.4
669	-0.819405	185.398222	0.007136	28.7
670	-1.009681	185.253906	0.007383	29.1
671	0.000000	185.109889	0.000000	29.5
672	-0.687092	184.966170	0.007355	29.4
673	0.000000	184.822748	0.000000	30.0
674	-0.000000	184.679623	0.000000	30.6
675	-0.428068	184.536792	0.005773	29.9
676	-0.555913	184.394256	0.007026	29.8
677	-0.361898	184.252013	0.003162	29.3
678	-0.000000	184.110062	0.000000	29.4
679	-0.740276	183.968403	0.004969	29.0
680	-1.036984	183.827034	0.006276	30.0
681	-0.377536	183.685954	0.003554	30.3
682	-0.505276	183.545163	0.004900	30.2
683	-0.023834	183.404658	0.000856	30.1
684	-0.170189	183.264441	0.002369	29.5
685	-0.594440	183.124509	0.005429	29.7
686	-0.468293	182.984861	0.004266	29.6
687	-0.682788	182.845497	0.007492	29.2
688	0.000000	182.706416	0.000000	28.6
689	-0.000000	182.567616	0.000000	29.0
690	-0.000000	182.429098	0.000000	30.0
691	-0.476855	182.290859	0.005368	29.8
692	-0.355651	182.152899	0.003449	30.1
693	-0.673226	182.015217	0.006921	30.0
694	-0.494335	181.877813	0.004109	30.1
695	0.000000	181.740684	0.000000	29.9
696	-0.519855	181.603832	0.006327	29.5
697	0.000000	181.467253	0.000000	29.9
698	-0.285030	181.330948	0.002591	30.6
699	-0.250412	181.194916	0.003555	30.1
700	-0.769532	181.059155	0.006027	30.2
701	0.000000	180.923666	0.000000	29.5
702	-1.051607	180.788446	0.007556	29.1
703	-0.000000	180.653496	0.000000	28.6
704	-0.818149	180.518814	0.006899	61.0
705	-0.211605	180.384399	0.003700	34.1
706	-0.165473	180.250251	0.002666	32.5
707	-0.923745	180.116369	0.007279	29.9
708	-0.987662	179.982752	0.006340	30.0
709	-0.517058	179.849398	0.005561	30.5
710	-0.721002	179.716308	0.006709	29.6
711	-0.718079	179.583480	0.006702	29.7
712	-0.735624	179.450913	0.006904	29.8
713	-0.605074	179.318607	0.006074	30.2
714	-0.709821	179.186561	0.007113	28.9
715	-0.561738	179.054774	0.004219	30.2
716	-0.891532	178.923245	0.006210	29.1
717	-0.161671	178.791973	0.002802	29.9
718	-0.707723	178.660958	0.007526	30.2
719	-0.615465	178.530199	0.006155	29.7
720	-0.913920	178.399694	0.006935	29.8
721	0.000000	178.269444	0.000000	30.8
722	-0.525441	178.139447	0.005335	29.7
723	-0.522714	178.009702	0.007094	29.4
724	-0.045525	177.880209	0.001954	28.7
725	-0.398308	177.750967	0.005503	29.7
726	-0.596567	177.621975	0.008284	29.2
727	-0.687313	177.493232	0.004243	29.7
728	-0.219429	177.364738	0.003182	30.0
729	-0.701679	177.236492	0.007178	29.8
730	-0.915527	177.108492	0.004992	30.4
731	-0.878840	176.980739	0.007296	29.1
732	-0.059522	176.853231	0.001337	29.6
733	-0.672449	176.725968	0.007299	28.8
734	-0.476225	176.598949	0.005604	29.4
735	-0.104080	176.472173	0.001727	29.7
736	-0.598872	176.345639	0.007991	29.6
737	-0.251885	176.219348	0.004499	29.5
738	-0.000000	176.093296	0.000000	29.6
739	-0.459418	175.967486	0.005840	30.1
740	-0.222420	175.841914	0.003209	29.2
741	-0.738093	175.716581	0.005341	28.9
742	-0.000000	175.591486	0.000000	28.7
743	-0.404236	175.466629	0.005778	29.0
744	-0.800971	175.342008	0.005119	29.5
745	0.000000	175.217622	0.000000	29.6
746	-0.748603	175.093472	0.009750	29.6
747	-0.307922	174.969556	0.003422	29.8
748	-0.931831	174.845873	0.006040	30.4
749	-0.982506	174.722423	0.007268	29.4
750	-0.926716	174.599206	0.005958	30.0
751	-0.012296	174.476220	0.001561	28.7
752	-0.771957	174.353464	0.007534	30.2
753	-0.071950	174.230939	0.001194	31.3
754	-0.495048	174.108643	0.003793	30.4
755	-0.152329	173.986576	0.002530	29.9
756	-0.862466	173.864737	0.005718	29.9
757	-0.081110	173.743124	0.002367	30.4
758	-0.354728	173.621739	0.004869	29.3
759	0.000000	173.500579	0.000000	29.1
760	-0.232369	173.379645	0.003372	29.8
761	-0.000000	173.258935	0.000000	28.6
762	-0.951605	173.138449	0.009317	30.4
763	-0.053245	173.018186	0.001162	31.4
764	-0.431851	172.898146	0.007847	30.1
765	-0.442696	172.778327	0.004377	29.8
766	-0.926746	172.658730	0.007698	29.5
767	-0.061215	172.539353	0.000389	30.7
768	-0.641185	172.420196	0.005336	29.0
769	-0.000000	172.301258	0.000000	29.6
770	-0.608352	172.182539	0.006214	29.3
771	-0.362763	172.064037	0.003087	28.7
772	-0.422982	171.945753	0.004900	30.9
773	-0.801680	171.827686	0.006175	30.5
774	-0.746228	171.709834	0.006247	29.9
775	0.000000	171.592198	0.000000	30.3
776	-0.823487	171.474776	0.005419	29.4
777	-0.079678	171.357568	0.002556	29.8
778	-0.413391	171.240574	0.005443	29.8
779	-0.000000	171.123793	0.000000	29.1
780	-0.644830	171.007223	0.006250	28.4
781	-0.763259	170.890865	0.007102	30.2
782	-0.006940	170.774718	0.000198	30.0
783	-0.000000	170.658782	0.000000	30.2
784	-0.428300	170.543055	0.006483	30.0
785	-0.015417	170.427537	0.001269	30.0
786	-0.026944	170.312227	0.001070	29.3
787	-0.708652	170.197125	0.007196	29.3
788	-0.081453	170.082231	0.002279	29.5
789	-0.827266	169.967543	0.006079	29.0
790	-0.884742	169.853061	0.007699	28.9
791	-0.136589	169.738784	0.003796	29.3
792	-0.955476	169.624713	0.007799	30.4
793	0.000000	169.510845	0.000000	30.7
794	-0.273463	169.397181	0.004456	29.9
795	-0.399658	169.283720	0.003216	29.3
796	-0.586049	169.170462	0.004959	28.9
797	-0.000000	169.057405	0.000000	29.7
798	-0.789563	168.944549	0.004881	29.3
799	-0.000000	168.831895	0.000000	30.6
800	-0.707608	168.719440	0.005471	29.2
801	-0.000000	168.607185	0.000000	28.9
802	-0.034266	168.495129	0.000318	29.6
803	-0.479687	168.383271	0.005584	29.8
804	-0.008342	168.271611	0.000503	29.5
805	-0.805008	168.160148	0.005213	29.9
806	-0.713430	168.048882	0.006719	29.6
807	-0.733229	167.937812	0.004793	29.1
808	-0.898394	167.826938	0.005235	29.3
809	-0.658339	167.716258	0.006073	29.6
810	-0.410920	167.605773	0.004857	29.9
811	-0.817840	167.495482	0.007539	29.7
812	-0.701271	167.385384	0.006284	29.5
813	-0.053115	167.275479	0.001675	30.4
814	-0.698402	167.165766	0.005455	28.7
815	-0.857918	167.056245	0.006924	29.9
816	-0.113033	166.946915	0.001246	30.3
817	-0.000000	166.837776	0.000000	29.2
818	-0.937951	166.728826	0.007182	28.6
819	-0.000000	166.620067	0.000000	29.7
820	-0.958603	166.511496	0.006831	30.8
821	0.000000	166.403113	0.000000	30.0
822	0.000000	166.294919	0.000000	30.1
823	-0.629539	166.186912	0.005099	28.7
824	-0.883523	166.079091	0.006210	29.9
825	-0.477522	165.971458	0.003247	29.7
826	-0.454897	165.864009	0.005520	29.3
827	-0.035234	165.756747	0.000238	29.7
828	-0.856461	165.649669	0.005159	30.2
829	-0.170568	165.542775	0.002174	30.1
830	-0.000000	165.436065	0.000000	29.4
831	-0.484766	165.329538	0.007621	29.8
832	-1.103645	165.223194	0.007239	29.1
833	-0.005123	165.117032	0.000314	29.2
834	-0.523533	165.011052	0.007291	29.2
835	-0.987080	164.905253	0.006939	30.1
836	-0.000000	164.799635	0.000000	30.1
837	-0.879349	164.694197	0.007391	29.7
838	-0.861634	164.588939	0.006192	30.4
839	-0.217832	164.483859	0.003886	29.8
840	-0.001270	164.378959	0.000134	29.5
841	-0.817334	164.274237	0.006039	29.7
842	-0.042285	164.169692	0.002473	29.2
843	-0.508688	164.065325	0.005850	31.1
844	-0.669055	163.961135	0.007302	30.3
845	-0.641042	163.857120	0.006491	30.1
846	-0.872382	163.753282	0.007277	29.6
847	-0.172890	163.649619	0.002698	29.1
848	-0.000007	163.546130	0.000007	29.5
849	-0.754338	163.442816	0.005385	29.6
850	-0.305655	163.339676	0.005431	29.8
851	-0.858787	163.236709	0.005615	28.9
852	-0.676915	163.133915	0.005824	29.8
853	-0.000000	163.031294	0.000000	29.5
854	0.000000	162.928844	0.000000	29.0
855	-0.000000	162.826566	0.000000	30.2
856	0.000000	162.724459	0.000000	29.0
857	0.000000	162.622523	0.000000	30.0
858	-0.926848	162.520757	0.005159	29.2
859	-0.393313	162.419160	0.003429	29.0
860	-0.792035	162.317733	0.007965	29.2
861	-0.919989	162.216474	0.005443	30.1
862	-0.000000	162.115383	0.000000	30.2
863	-0.732826	162.014461	0.004688	30.2
864	0.000000	161.913705	0.000000	30.3
865	-0.000000	161.813117	0.000000	30.4
866	-0.000000	161.712695	0.000000	28.6
867	-0.480912	161.612439	0.006135	29.5
868	-0.898408	161.512349	0.007103	29.9
869	-0.752224	161.412424	0.007885	29.1
870	0.000000	161.312663	0.000000	29.4
871	-0.000280	161.213067	0.000108	30.4
872	-0.347546	161.113635	0.004582	30.2
873	-0.634491	161.014366	0.006781	31.6
874	-0.647654	160.915260	0.005433	28.3
875	0.000000	160.816316	0.000000	28.7
876	-1.018211	160.717535	0.005538	29.8
877	-0.797077	160.618915	0.006173	29.7
878	-0.812868	160.520456	0.007309	31.2
879	-0.516107	160.422158	0.005556	30.0
880	-0.575719	160.324021	0.006343	29.5
881	-1.075039	160.226043	0.006649	29.7
882	-0.904206	160.128225	0.006896	30.6
883	-0.014591	160.030566	0.000631	29.4
884	-0.014886	159.933066	0.001069	29.3
885	-0.194072	159.835723	0.004395	29.3
886	-0.472637	159.738539	0.006238	30.5
887	-0.611558	159.641512	0.004558	30.3
888	-0.720893	159.544642	0.005139	29.6
889	-0.837493	159.447929	0.005218	30.7
890	-0.788372	159.351372	0.004434	29.6
891	-0.396561	159.254971	0.006262	29.5
892	-0.144196	159.158725	0.002865	29.6
893	-0.282399	159.062634	0.003504	30.1
894	-0.390473	158.966697	0.005036	30.0
895	-0.000001	158.870915	0.000001	29.2
896	-0.423231	158.775286	0.005376	31.5
897	-0.767566	158.679811	0.005777	30.5
898	0.000000	158.584489	0.000000	29.3
899	-0.004007	158.489319	0.000085	29.6
900	-0.911464	158.394302	0.006715	29.2
901	0.000000	158.299436	0.000000	29.5
902	-0.572175	158.204721	0.006227	29.7
903	-0.894505	158.110158	0.007885	30.2
904	-0.969837	158.015745	0.006924	29.8
905	-0.559357	157.921482	0.007363	29.9
906	-0.143629	157.827369	0.001747	30.0
907	-0.439460	157.733406	0.003337	30.8
908	-0.188666	157.639591	0.002522	29.6
909	-0.454428	157.545925	0.005607	29.2
910	-0.342876	157.452408	0.005051	29.3
911	-0.579928	157.359038	0.007631	29.8
912	-0.640522	157.265816	0.006686	29.4
913	-0.821305	157.172741	0.005516	29.5
914	-0.462484	157.079813	0.005090	29.5
915	-0.000002	156.987031	0.000000	29.1
916	-0.461605	156.894395	0.005101	29.3
917	-0.471946	156.801904	0.005375	31.5
918	-0.320625	156.709559	0.004922	29.6
919	-0.027185	156.617359	0.000262	28.2
920	-0.817119	156.525304	0.005607	29.6
921	-0.842674	156.433392	0.005214	29.7
922	-0.190194	156.341624	0.006572	29.5
923	-0.524170	156.250000	0.006158	29.5
924	-0.336256	156.158519	0.004249	29.1
925	-0.477219	156.067180	0.004521	29.1
926	-0.023083	155.975984	0.002206	30.0
927	0.000000	155.884930	0.000000	29.3
928	-0.771879	155.794017	0.005568	28.7
929	-1.047481	155.703246	0.007196	29.9
930	-0.414449	155.612615	0.004264	29.5
931	-0.563898	155.522125	0.005200	29.6
932	-0.915185	155.431775	0.007017	29.9
933	-0.684909	155.341565	0.007039	28.9
934	-0.862077	155.251495	0.005847	29.7
935	-0.458903	155.161563	0.005785	29.5
936	-1.074554	155.071771	0.007569	29.9
937	-0.827847	154.982117	0.006323	28.9
938	-0.665188	154.892601	0.006688	29.8
939	-0.871597	154.803222	0.005507	30.1
940	-0.458673	154.713981	0.005510	29.1
941	0.000000	154.624878	0.000000	30.4
942	-0.888654	154.535910	0.006250	28.8
943	-0.000008	154.447080	0.000024	29.7
944	-0.348659	154.358385	0.003402	29.1
945	-0.442005	154.269826	0.006551	29.0
946	-0.159709	154.181402	0.002192	28.8
947	-0.505103	154.093114	0.004367	29.6
948	-0.719199	154.004960	0.005856	29.1
949	-0.320554	153.916940	0.003945	28.4
950	0.000000	153.829054	0.000000	28.4
951	-0.000000	153.741303	0.000000	29.8
952	-0.297608	153.653684	0.004150	29.9
953	-0.881670	153.566198	0.006242	30.0
954	-0.060355	153.478846	0.002399	29.3
955	-0.816925	153.391625	0.007119	29.2
956	0.000000	153.304537	0.000000	29.2
957	-0.780669	153.217580	0.006105	28.9
958	0.000000	153.130755	0.000000	28.8
959	-0.693954	153.044061	0.003708	28.8
960	-0.000000	152.957498	0.000000	29.6
961	-0.912076	152.871065	0.006660	30.2
962	-0.540894	152.784762	0.007159	29.4
963	-0.805075	152.698589	0.005278	28.7
964	-0.556361	152.612545	0.007299	28.9
965	-0.635440	152.526631	0.006650	29.3
966	-0.855154	152.440845	0.007876	29.7
967	0.000000	152.355188	0.000000	28.6
968	-0.499550	152.269660	0.004699	29.5
969	-0.507950	152.184259	0.005380	29.5
970	-0.337957	152.098986	0.004643	31.4
971	-0.000000	152.013840	0.000000	29.8
972	-0.598151	151.928821	0.006640	29.4
973	-1.121397	151.843928	0.007403	30.0
974	-0.681005	151.759163	0.007350	29.1
975	-0.000000	151.674523	0.000000	29.0
976	-0.578030	151.590009	0.007567	29.2
977	-0.868051	151.505620	0.006443	29.0
978	-0.022626	151.421357	0.001689	29.4
979	-0.772194	151.337218	0.005084	29.8
980	-0.000000	151.253204	0.000000	28.2
981	-0.333953	151.169314	0.004334	29.6
982	0.000000	151.085549	0.000000	29.5
983	-0.276949	151.001907	0.003196	30.0
984	-0.712965	150.918388	0.006463	30.2
985	-0.777448	150.834992	0.005757	28.1
986	-0.000000	150.751719	0.000000	29.4
987	-0.714235	150.668569	0.006676	28.7
988	-0.779137	150.585541	0.006697	30.4
989	-0.628275	150.502634	0.006591	28.8
990	-0.591190	150.419849	0.005570	29.4
991	-0.000000	150.337186	0.000000	29.8
992	-0.000000	150.254644	0.000000	30.1
993	-0.000000	150.172222	0.000000	29.5
994	-0.720916	150.089921	0.007092	29.2
995	-0.331791	150.007740	0.002715	30.0
996	-0.345914	149.925679	0.002974	29.2
997	-0.722521	149.843737	0.005854	28.4
998	-0.151449	149.761915	0.002344	28.9
999	-0.001907	149.680212	0.000098	29.0
1000	-0.675191	149.598627	0.007088	29.2
1001	-0.954515	149.517161	0.006356	29.1
1002	0.000000	149.435814	0.000000	30.1
1003	-0.000000	149.354584	0.000000	29.6
1004	-0.358281	149.273472	0.003571	29.4
1005	-0.921102	149.192477	0.005816	29.5
1006	-0.654017	149.111599	0.006601	29.3
1007	-0.935038	149.030838	0.006107	28.7
1008	-0.548541	148.950194	0.007510	30.5
1009	-0.927837	148.869666	0.006574	30.9
1010	0.000000	148.789253	0.000000	29.9
1011	-0.804718	148.708957	0.007027	29.4
1012	-0.222940	148.628776	0.003858	29.4
1013	-0.000000	148.548710	0.000000	29.2
1014	-0.834720	148.468759	0.005930	29.6
1015	-0.857985	148.388923	0.005658	29.3
1016	0.000000	148.309201	0.000000	27.6
1017	-0.506308	148.229594	0.006908	31.4
1018	-0.856049	148.150100	0.004778	30.3
1019	-0.000000	148.070719	0.000000	30.4
1020	-0.044727	147.991452	0.002091	29.7
1021	-0.077670	147.912298	0.000401	28.4
1022	-0.369127	147.833257	0.005330	29.2
1023	-0.747644	147.754329	0.006502	29.0
1024	-0.877213	147.675512	0.005790	29.6
1025	-0.005375	147.596808	0.000342	28.4
1026	-0.487631	147.518216	0.006226	29.7
1027	-0.775181	147.439735	0.007792	29.3
1028	-0.725423	147.361365	0.005486	29.7
1029	-0.987752	147.283106	0.007706	29.3
1030	-0.914856	147.204958	0.007050	30.0
1031	-0.000241	147.126920	0.000016	29.4
1032	0.000000	147.048993	0.000000	29.8
1033	-0.001926	146.971175	0.000170	28.7
1034	-0.224947	146.893468	0.003587	28.6
1035	0.000000	146.815869	0.000000	29.1
1036	-0.836859	146.738380	0.005861	29.8
1037	-0.919143	146.661000	0.006732	29.2
1038	-0.367393	146.583729	0.004244	30.0
1039	-0.822736	146.506566	0.006984	29.3
1040	-0.008762	146.429511	0.000196	30.2
1041	-0.515650	146.352565	0.007242	30.6
1042	-0.636589	146.275726	0.006017	29.6
1043	-0.372914	146.198994	0.006635	28.9
1044	-0.887364	146.122370	0.006672	29.2
1045	-0.000000	146.045853	0.000000	28.2
1046	-0.944598	145.969442	0.006102	30.1
1047	-0.560045	145.893139	0.005184	29.1
1048	0.000000	145.816941	0.000000	27.8
1049	-0.777481	145.740849	0.004824	30.1
1050	-0.246153	145.664863	0.004614	29.3
1051	-0.377151	145.588983	0.004193	28.2
1052	-0.952098	145.513208	0.007582	29.4
1053	-0.983225	145.437538	0.005941	29.5
1054	0.000000	145.361973	0.000000	29.3
1055	-0.007095	145.286513	0.000466	28.8
1056	-0.000000	145.211157	0.000000	28.8
1057	-0.762855	145.135905	0.005731	29.0
1058	-0.699272	145.060757	0.005760	29.6
1059	-0.000000	144.985712	0.000000	30.2
1060	-0.498456	144.910771	0.004364	30.6
1061	-0.333504	144.835934	0.004551	29.1
1062	-0.032631	144.761199	0.006623	27.0
1063	-0.419376	144.686567	0.003325	29.4
1064	-0.515195	144.612037	0.006800	28.9
1065	-0.796757	144.537610	0.008117	30.0
1066	0.000000	144.463285	0.000000	29.4
1067	-0.257494	144.389062	0.003514	29.5
1068	-0.675573	144.314940	0.005297	29.0
1069	-0.613307	144.240920	0.008419	28.5
1070	-0.218839	144.167001	0.003954	30.7
1071	-0.000000	144.093182	0.000000	29.8
1072	-0.628661	144.019465	0.007370	28.9
1073	-0.541059	143.945848	0.006012	28.6
1074	0.000000	143.872331	0.000000	27.9
1075	-0.574064	143.798914	0.005798	29.0
1076	-0.041969	143.725597	0.001019	30.4
1077	-0.807065	143.652380	0.004670	29.6
1078	-0.574019	143.579262	0.007018	29.4
1079	-0.516328	143.506243	0.007838	28.2
1080	-0.962777	143.433323	0.007186	29.4
1081	-0.000000	143.360502	0.000000	29.1
1082	-0.093324	143.287780	0.002393	29.0
1083	-0.412221	143.215155	0.004320	29.8
1084	-0.841352	143.142629	0.006234	28.8
1085	-0.829987	143.070201	0.005827	29.6
1086	-0.563119	142.997870	0.005868	29.6
1087	0.000000	142.925637	0.000000	29.8
1088	-0.660987	142.853501	0.008045	29.4
1089	-0.730154	142.781462	0.005710	29.7
1090	-0.360903	142.709519	0.004067	28.8
1091	-0.323805	142.637674	0.004853	29.3
1092	0.000000	142.565924	0.000000	29.4
1093	0.000000	142.494271	0.000000	29.1
1094	-0.000000	142.422714	0.000000	28.9
1095	-0.244816	142.351252	0.004451	29.1
1096	-0.230483	142.279886	0.003290	29.0
1097	-0.000033	142.208616	0.000021	28.9
1098	-0.868558	142.137440	0.006467	28.9
1099	-1.137644	142.066360	0.007563	29.6
1100	-1.091539	141.995374	0.008864	30.3
1101	-0.598937	141.924483	0.005792	29.9
1102	-0.713489	141.853685	0.005376	29.7
1103	-0.022652	141.782983	0.001101	28.5
1104	-1.033102	141.712373	0.007641	29.6
1105	-0.000000	141.641858	0.000000	28.8
1106	-0.389628	141.571436	0.004920	28.8
1107	0.000000	141.501108	0.000000	29.6
1108	-0.007605	141.430872	0.000771	28.8
1109	-0.087393	141.360730	0.002193	29.6
1110	-0.001218	141.290680	0.000047	29.4
1111	-0.406284	141.220722	0.005218	29.7
1112	-0.037194	141.150857	0.001642	29.9
1113	-0.872651	141.081084	0.005553	31.3
1114	-0.604616	141.011403	0.006428	29.3
1115	0.000000	140.941813	0.000000	29.1
1116	-0.000000	140.872315	0.000000	30.2
1117	-0.976429	140.802909	0.006832	29.2
1118	-1.133603	140.733593	0.006395	29.8
1119	-0.136593	140.664369	0.002428	29.8
1120	0.000000	140.595235	0.000000	29.3
1121	-0.000000	140.526192	0.000000	28.6
1122	0.000000	140.457239	0.000000	29.4
1123	0.000000	140.388376	0.000000	28.9
1124	-0.852656	140.319603	0.006130	29.3
1125	-0.513000	140.250920	0.006282	29.8
1126	-0.878499	140.182326	0.006181	30.0
1127	-0.000000	140.113822	0.000000	28.7
1128	-0.000000	140.045407	0.000000	30.8
1129	-0.488021	139.977081	0.005369	28.5
1130	-0.000000	139.908844	0.000000	29.5
1131	-0.599043	139.840696	0.003954	29.6
1132	-0.000000	139.772635	0.000000	29.1
1133	-0.603611	139.704664	0.007663	28.7
1134	0.000000	139.636780	0.000000	29.5
1135	-0.788655	139.568984	0.006609	29.9
1136	-0.769356	139.501276	0.007912	29.6
1137	-0.569493	139.433655	0.006617	29.8
1138	-0.993282	139.366122	0.008084	29.1
1139	-0.000000	139.298676	0.000000	29.5
1140	-0.766188	139.231317	0.007057	28.1
1141	-0.814404	139.164045	0.005720	29.6
1142	-0.773738	139.096859	0.005390	28.2
1143	-0.557034	139.029760	0.006675	30.2
1144	-0.000000	138.962747	0.000000	29.6
1145	-0.283122	138.895820	0.002212	29.7
1146	-0.868731	138.828978	0.006419	30.1
1147	-0.078472	138.762223	0.001875	29.7
1148	0.000000	138.695553	0.000000	29.2
1149	-0.000000	138.628969	0.000000	29.2
1150	-0.835993	138.562469	0.007497	30.5
1151	-0.666972	138.496055	0.003597	32.0
1152	-0.700676	138.429725	0.007734	29.3
1153	-0.746498	138.363481	0.006376	31.8
1154	-0.963493	138.297320	0.007230	30.2
1155	-0.930357	138.231244	0.005611	30.2
1156	-0.738304	138.165252	0.006413	29.7
1157	-0.982900	138.099344	0.007850	29.2
1158	-0.625777	138.033520	0.008013	29.3
1159	-0.671702	137.967779	0.006398	30.5
1160	-0.000000	137.902122	0.000000	31.3
1161	-0.439462	137.836548	0.003913	29.3
1162	-0.954642	137.771057	0.005904	29.7
1163	-0.764323	137.705649	0.005350	30.5
1164	-0.434310	137.640324	0.005730	31.6
1165	-0.378823	137.575081	0.004235	30.9
1166	-0.382573	137.509921	0.005106	29.9
1167	0.000000	137.444842	0.000000	28.8
1168	-0.808322	137.379846	0.004265	30.1
1169	-0.566659	137.314932	0.005814	29.2
1170	-0.595574	137.250100	0.005961	27.9
1171	-0.465123	137.185349	0.004640	29.6
1172	-0.849919	137.120680	0.006753	29.9
1173	-0.000000	137.056092	0.000000	29.3
1174	-0.504579	136.991585	0.004652	29.4
1175	-0.463214	136.927158	0.004805	30.0
1176	-0.356407	136.862813	0.004671	30.1
1177	-0.540825	136.798548	0.004205	28.8
1178	-0.636507	136.734363	0.004921	29.0
1179	-1.050332	136.670259	0.006705	28.9
1180	-0.097059	136.606235	0.001295	30.2
1181	-0.851940	136.542291	0.006758	29.6
1182	-0.055657	136.478426	0.001992	29.8
1183	-0.000407	136.414641	0.000583	30.1
1184	-0.717996	136.350936	0.004443	31.5
1185	-0.881684	136.287310	0.006625	29.2
1186	-0.353708	136.223763	0.002791	28.7
1187	-0.609949	136.160295	0.006318	29.4
1188	-0.224539	136.096905	0.002481	30.3
1189	-0.578034	136.033594	0.005374	29.3
1190	-0.000000	135.970362	0.000000	29.7
1191	-0.846104	135.907208	0.006104	29.4
1192	-0.727351	135.844133	0.004602	29.2
1193	-1.052614	135.781135	0.006685	28.8
1194	-0.605951	135.718215	0.004511	28.7
1195	-0.127815	135.655373	0.002005	29.1
1196	-0.391911	135.592608	0.004336	29.2
1197	-0.057176	135.529921	0.001105	29.0
1198	-0.000000	135.467311	0.000000	29.7
1199	-0.000849	135.404778	0.000276	29.5
1200	-0.807912	135.342322	0.005378	28.9
1201	-0.529168	135.279942	0.004639	29.7
1202	-0.017981	135.217640	0.000428	28.5
1203	-0.331652	135.155413	0.003061	28.6
1204	-0.017008	135.093263	0.000713	28.7
1205	-0.124129	135.031190	0.001774	29.1
1206	-0.815524	134.969192	0.006197	29.3
1207	-0.969389	134.907270	0.005840	28.6
1208	-0.651204	134.845424	0.005573	29.8
1209	-0.131971	134.783653	0.004795	30.5
1210	-0.978181	134.721958	0.006118	29.4
1211	-0.091513	134.660338	0.001868	29.3
1212	-0.824215	134.598793	0.006103	29.0
1213	-1.003220	134.537323	0.006132	30.2
1214	-0.826935	134.475927	0.006366	28.7
1215	-0.636091	134.414607	0.005924	29.1
1216	-0.725816	134.353361	0.006835	28.9
1217	-0.852776	134.292189	0.008829	31.0
1218	-0.843536	134.231092	0.005462	30.8
1219	-0.245940	134.170068	0.002008	31.5
1220	-0.943706	134.109119	0.005964	28.8
1221	-0.844871	134.048243	0.006591	28.9
1222	-0.505880	133.987441	0.004591	29.9
1223	-0.929923	133.926713	0.007262	29.8
1224	-0.416729	133.866057	0.004498	29.1
1225	-0.000980	133.805475	0.000110	29.7
1226	-0.250997	133.744966	0.003529	29.6
1227	0.000000	133.684530	0.000000	29.5
1228	-0.910369	133.624167	0.006295	30.1
1229	-0.000000	133.563877	0.000000	29.4
1230	-0.599799	133.503658	0.006245	29.0
1231	-0.352180	133.443513	0.005793	29.3
1232	-0.734155	133.383439	0.006499	29.4
1233	-0.692934	133.323437	0.006248	28.8
1234	-0.933756	133.263508	0.007658	29.1
1235	-0.000000	133.203650	0.000000	29.5
1236	-0.723614	133.143864	0.005054	29.4
1237	-0.877237	133.084149	0.007133	29.8
1238	-0.000000	133.024506	0.000000	29.9
1239	-0.771590	132.964934	0.005005	29.1
1240	-0.852913	132.905433	0.006337	29.2
1241	-0.791480	132.846003	0.006194	28.0
1242	0.000000	132.786643	0.000000	29.2
1243	-0.865888	132.727355	0.005303	30.0
1244	-0.686557	132.668137	0.005612	29.3
1245	-0.186966	132.608989	0.003270	29.9
1246	-0.583453	132.549912	0.005631	30.5
1247	-0.483266	132.490904	0.004097	29.7
1248	-0.562907	132.431967	0.006856	28.1
1249	0.000000	132.373100	0.000000	29.5
1250	-0.942092	132.314302	0.006550	29.4
1251	-0.604314	132.255574	0.007752	29.1
1252	-0.727434	132.196916	0.007399	30.0
1253	-0.672158	132.138326	0.006630	29.6
1254	-0.598919	132.079806	0.007827	31.1
1255	-0.000000	132.021355	0.000000	29.8
1256	-0.731570	131.962973	0.005844	29.0
1257	-0.558947	131.904660	0.006651	28.7
1258	-0.351045	131.846415	0.004250	28.2
1259	-0.829392	131.788239	0.007000	29.5
1260	-0.689680	131.730131	0.007022	28.9
1261	-0.000450	131.672092	0.000079	29.1
1262	-0.598581	131.614121	0.006021	29.9
1263	-0.974874	131.556217	0.007179	29.4
1264	-0.384855	131.498382	0.003548	29.8
1265	-0.291958	131.440614	0.005358	29.4
1266	-0.904060	131.382914	0.006127	28.7
1267	-0.882973	131.325282	0.005081	29.3
1268	-0.000000	131.267717	0.000000	29.2
1269	-0.819226	131.210219	0.005130	29.3
1270	-0.546420	131.152788	0.006459	28.3
1271	-0.000000	131.095424	0.000000	30.8
1272	-0.030051	131.038127	0.003068	30.2
1273	-0.105379	130.980897	0.002551	29.5
1274	-0.011778	130.923733	0.000550	29.2
1275	-0.701210	130.866636	0.004668	28.8
1276	-0.167385	130.809605	0.001828	29.7
1277	-0.389621	130.752641	0.005595	29.0
1278	-0.000000	130.695742	0.000000	29.8
1279	0.000000	130.638910	0.000000	29.3
1280	-0.618947	130.582143	0.006140	30.8
1281	-0.855344	130.525442	0.005650	30.4
1282	-0.486263	130.468807	0.004462	28.5
1283	-0.711578	130.412237	0.004775	28.4
1284	0.000000	130.355733	0.000000	29.5
1285	-0.000000	130.299294	0.000000	28.1
1286	-0.430762	130.242920	0.005482	30.3
1287	-1.116309	130.186611	0.007005	28.5
1288	-0.023064	130.130366	0.001376	31.2
1289	-0.000000	130.074187	0.000000	30.9
1290	0.000000	130.018072	0.000000	29.7
1291	-0.153996	129.962022	0.002730	28.9
1292	-0.227331	129.906036	0.003825	30.7
1293	-0.000000	129.850114	0.000000	29.3
1294	-0.028311	129.794257	0.001389	30.3
1295	-0.879610	129.738463	0.007051	29.5
1296	-0.743392	129.682734	0.006623	30.1
1297	-0.128156	129.627068	0.002372	29.1
1298	-0.396415	129.571466	0.004727	31.2
1299	-0.304623	129.515927	0.002958	30.2
1300	-0.155685	129.460452	0.002698	30.7
1301	-0.052065	129.405040	0.001457	30.1
1302	-0.745042	129.349692	0.006795	29.8
1303	-0.917492	129.294406	0.007132	29.6
1304	-0.920030	129.239183	0.005524	30.5
1305	-0.757166	129.184024	0.005765	28.6
1306	-0.031541	129.128927	0.000633	30.3
1307	-0.700065	129.073892	0.005527	29.8
1308	-0.530189	129.018921	0.006428	29.2
1309	-0.656249	128.964011	0.006984	30.0
1310	-0.664993	128.909164	0.004566	30.6
1311	-0.727984	128.854379	0.006261	30.0
1312	-0.038238	128.799656	0.000963	31.6
1313	-0.000000	128.744995	0.000000	30.7
1314	0.000000	128.690396	0.000000	29.9
1315	-0.541794	128.635858	0.004318	29.0
1316	-0.206696	128.581382	0.003495	31.1
1317	-0.531866	128.526968	0.007545	30.2
1318	-0.758792	128.472615	0.004934	29.4
1319	-0.003239	128.418323	0.000150	32.2
1320	-0.792425	128.364092	0.005820	29.7
1321	-0.524057	128.309922	0.005098	29.8
1322	-0.073561	128.255814	0.001156	28.9
1323	-0.709638	128.201766	0.004736	30.2
1324	-0.009165	128.147778	0.000079	30.5
1325	-0.275110	128.093852	0.002734	29.1
1326	-0.555141	128.039985	0.006568	31.1
1327	-0.000000	127.986180	0.000000	30.3
1328	-0.468995	127.932434	0.005709	29.8
1329	-0.543220	127.878749	0.006012	30.4
1330	-0.000109	127.825123	0.000007	30.1
1331	0.000000	127.771558	0.000000	30.5
1332	0.000000	127.718052	0.000000	30.0
1333	-0.000000	127.664606	0.000000	30.5
1334	-0.091433	127.611220	0.002400	30.0
1335	-0.454562	127.557893	0.002692	28.4
1336	-0.893854	127.504625	0.006933	29.1
1337	0.000000	127.451417	0.000000	29.2
1338	-0.789805	127.398268	0.006887	30.7
1339	-0.215211	127.345178	0.001498	30.3
1340	0.000000	127.292147	0.000000	28.9
1341	-0.365109	127.239175	0.005418	30.8
1342	-0.638042	127.186261	0.007170	30.3
1343	-0.903519	127.133407	0.006844	29.0
1344	-0.000000	127.080610	0.000000	29.3
1345	-0.474367	127.027872	0.005202	29.7
1346	-0.785335	126.975193	0.005348	29.1
1347	-0.468574	126.922572	0.006704	28.8
1348	-0.185860	126.870008	0.002137	29.1
1349	-0.906735	126.817503	0.006236	29.8
1350	-1.074298	126.765056	0.007355	30.1
1351	-0.751064	126.712667	0.006213	30.2
1352	-0.535265	126.660335	0.005830	30.9
1353	-0.442815	126.608061	0.006567	29.4
1354	-0.222899	126.555844	0.003545	29.1
1355	-0.004743	126.503685	0.000000	29.0
1356	-0.124233	126.451583	0.001894	29.9
1357	-0.555035	126.399538	0.005686	32.0
1358	-0.000000	126.347550	0.000000	29.7
1359	-0.636188	126.295619	0.006433	30.2
1360	-0.573009	126.243745	0.006377	31.0
1361	0.000000	126.191928	0.000000	30.4
1362	-0.000000	126.140168	0.000000	30.6
1363	-0.605675	126.088464	0.007824	30.2
1364	-0.611533	126.036817	0.008094	30.7
1365	0.000000	125.985226	0.000000	29.7
1366	-0.093494	125.933691	0.001806	29.1
1367	-0.001206	125.882212	0.000033	30.3
1368	-0.010561	125.830790	0.000266	31.8
1369	-0.723284	125.779423	0.005473	29.8
1370	0.000000	125.728113	0.000000	31.4
1371	-0.000946	125.676858	0.000027	30.9
1372	-0.899387	125.625659	0.006340	30.9
1373	-0.036099	125.574515	0.001168	30.8
1374	-0.707736	125.523427	0.005108	30.8
1375	-0.562507	125.472394	0.004230	30.3
1376	-0.806595	125.421417	0.006995	28.6
1377	-0.479447	125.370495	0.006134	30.7
1378	-0.788762	125.319628	0.005875	31.8
1379	0.000000	125.268815	0.000000	30.7
1380	-0.127309	125.218058	0.002738	30.4
1381	-0.814341	125.167356	0.005899	30.3
1382	-0.101273	125.116708	0.003480	30.2
1383	-0.574408	125.066115	0.006163	31.1
1384	-0.415092	125.015576	0.002869	29.8
1385	-0.859358	124.965092	0.005879	32.5
1386	-0.791439	124.914662	0.004740	31.3
1387	-0.252149	124.864287	0.005417	30.6
1388	-0.491647	124.813965	0.004586	31.2
1389	-0.013624	124.763698	0.001185	31.9
1390	-0.234332	124.713485	0.004990	29.1
1391	-0.793174	124.663325	0.006756	30.0
1392	0.000000	124.613219	0.000000	30.0
1393	-0.569316	124.563167	0.006254	31.2
1394	-0.730991	124.513168	0.005314	29.3
1395	-0.615381	124.463223	0.007474	30.8
1396	-0.157328	124.413332	0.002318	30.6
1397	0.000000	124.363493	0.000000	30.3
1398	-0.532930	124.313708	0.006272	29.6
1399	-1.027655	124.263976	0.007269	30.8
1400	-0.824868	124.214297	0.004886	29.3
1401	-0.000000	124.164671	0.000000	29.5
1402	-0.859969	124.115097	0.004289	30.3
1403	-0.392093	124.065577	0.005626	31.1
1404	0.000000	124.016109	0.000000	31.3
1405	-0.519993	123.966693	0.005333	30.6
1406	-0.820602	123.917330	0.006224	30.9
1407	-0.666757	123.868020	0.006850	30.6
1408	-0.000000	123.818762	0.000000	30.6
1409	-0.770790	123.769556	0.007064	30.9
1410	-0.523235	123.720402	0.004321	31.0
1411	-0.849431	123.671300	0.007087	30.6
1412	-0.486243	123.622250	0.005397	30.8
1413	-0.000000	123.573252	0.000000	30.1
1414	0.000000	123.524305	0.000000	30.3
1415	-0.065711	123.475411	0.004634	29.1
1416	-0.451082	123.426568	0.006739	30.1
1417	-0.439095	123.377776	0.005633	31.4
1418	-0.697880	123.329036	0.004939	30.9
1419	-0.581562	123.280347	0.005850	29.4
1420	-0.001842	123.231709	0.001669	31.0
1421	-0.871385	123.183122	0.006965	28.9
1422	0.000000	123.134587	0.000000	29.5
1423	0.000000	123.086102	0.000000	29.3
1424	-0.168241	123.037669	0.002459	30.3
1425	-0.775683	122.989286	0.005408	29.4
1426	-0.813814	122.940954	0.008411	30.3
1427	-0.921971	122.892672	0.006706	30.0
1428	-0.911477	122.844441	0.007744	29.1
1429	-0.364058	122.796261	0.005173	29.4
1430	-0.724338	122.748130	0.005384	27.5
1431	-0.802117	122.700050	0.004942	29.3
1432	-0.873702	122.652021	0.006281	29.3
1433	-0.000000	122.604041	0.000000	30.1
1434	-0.888226	122.556111	0.005067	30.2
1435	-0.732964	122.508232	0.004836	30.0
1436	-0.929764	122.460402	0.005169	28.8
1437	-0.235379	122.412622	0.003149	28.1
1438	0.000000	122.364891	0.000000	29.4
1439	-0.466571	122.317210	0.005491	29.2
1440	0.000000	122.269579	0.000000	29.8
1441	-0.000000	122.221997	0.000000	30.0
1442	-0.001313	122.174465	0.000133	30.3
1443	-0.441064	122.126981	0.005589	29.7
1444	-0.616850	122.079547	0.006273	28.9
1445	-0.470239	122.032162	0.007273	29.5
1446	-0.053870	121.984826	0.002412	30.1
1447	-0.531289	121.937539	0.006187	29.1
1448	0.000000	121.890301	0.000000	29.2
1449	-0.000382	121.843112	0.000336	29.4
1450	-0.086986	121.795971	0.002760	29.4
1451	-0.319473	121.748879	0.003743	31.4
1452	-0.632259	121.701835	0.006182	29.9
1453	-0.841479	121.654840	0.006938	29.9
1454	-0.041707	121.607893	0.000558	32.5
1455	-0.081451	121.560994	0.001411	30.2
1456	0.000000	121.514144	0.000000	29.7
1457	-0.000099	121.467342	0.000024	29.5
1458	-0.878791	121.420588	0.006064	30.0
1459	-0.487264	121.373882	0.005959	29.2
1460	-1.024421	121.327223	0.006784	30.9
1461	-0.512869	121.280613	0.004126	30.8
1462	-0.000000	121.234050	0.000000	29.4
1463	-0.690135	121.187535	0.004732	29.4
1464	0.000000	121.141067	0.000000	29.0
1465	-0.575395	121.094647	0.006601	29.7
1466	-0.647834	121.048274	0.005755	30.7
1467	-0.480352	121.001949	0.006944	29.7
1468	-0.455499	120.955671	0.004146	29.6
1469	-0.744607	120.909440	0.004676	28.1
1470	-0.000000	120.863256	0.000000	29.3
1471	0.000000	120.817119	0.000000	29.2
1472	-0.953463	120.771029	0.007411	28.9
1473	-0.761667	120.724986	0.006274	29.8
1474	-0.757316	120.678990	0.006911	30.1
1475	-0.000000	120.633040	0.000000	30.0
1476	-0.429599	120.587137	0.006147	29.7
1477	-0.012325	120.541281	0.001201	29.3
1478	-0.924556	120.495471	0.006839	28.7
1479	-0.969307	120.449707	0.007018	29.9
1480	-0.774204	120.403990	0.005415	29.2
1481	-0.516106	120.358319	0.004586	27.8
1482	-0.543799	120.312694	0.005608	30.6
1483	-0.545349	120.267115	0.004833	29.1
1484	0.000000	120.221582	0.000000	30.2
1485	-0.851947	120.176096	0.007721	29.8
1486	-0.661098	120.130655	0.004325	29.3
1487	-0.874754	120.085260	0.006339	30.3
1488	-0.695468	120.039910	0.005267	29.3
1489	-1.146131	119.994606	0.007758	29.3
1490	-0.710547	119.949348	0.006154	29.7
1491	-0.142585	119.904135	0.001757	27.6
1492	-0.883628	119.858968	0.005995	30.1
1493	-0.454490	119.813846	0.005188	29.6
1494	-0.758338	119.768769	0.006450	29.9
1495	-0.556027	119.723738	0.003658	29.4
1496	-0.861291	119.678752	0.004906	29.6
1497	-0.368811	119.633810	0.004988	29.9
1498	-0.007090	119.588914	0.000212	28.1
1499	-0.812310	119.544062	0.006721	29.1
1500	-0.465549	119.499256	0.005676	29.6
1501	-0.922521	119.454494	0.006131	30.4
1502	-0.010959	119.409777	0.000331	30.3
1503	-0.865172	119.365104	0.005641	29.6
1504	-0.884613	119.320476	0.006736	29.1
1505	-1.052070	119.275893	0.005919	29.6
1506	-0.396569	119.231353	0.006365	28.7
1507	-1.082897	119.186859	0.008452	28.9
1508	-0.704228	119.142408	0.005706	28.8
1509	-0.565668	119.098002	0.005059	29.5
1510	-0.000000	119.053639	0.000000	29.5
1511	-0.078855	119.009321	0.001362	31.3
1512	-0.851349	118.965047	0.005897	31.5
1513	-0.034265	118.920816	0.002301	29.9
1514	-0.704911	118.876630	0.005901	29.4
1515	-0.931026	118.832487	0.006523	30.4
1516	-0.778604	118.788388	0.005743	29.0
1517	-0.113961	118.744332	0.001680	29.7
1518	-0.124805	118.700320	0.003827	28.3
1519	0.000000	118.656352	0.000000	31.7
1520	-0.317357	118.612427	0.003854	29.5
1521	0.000000	118.568545	0.000000	29.1
1522	-0.008921	118.524706	0.000298	29.2
1523	-0.000172	118.480911	0.000016	30.0
1524	-0.925437	118.437159	0.007091	30.0
1525	-0.000000	118.393450	0.000000	30.2
1526	-0.023448	118.349784	0.002598	29.5
1527	-1.105155	118.306160	0.007415	29.1
1528	-0.239663	118.262580	0.004180	29.5
1529	-0.830475	118.219042	0.005436	29.8
1530	-0.000000	118.175548	0.000000	28.6
1531	-0.625928	118.132095	0.006467	29.8
1532	-0.009435	118.088686	0.000155	29.5
1533	-0.002858	118.045319	0.000303	31.1
1534	-1.071967	118.001994	0.007841	30.8
1535	-0.000688	117.958712	0.000042	28.5
1536	-0.494373	117.915472	0.004389	29.0
1537	-1.017038	117.872274	0.006653	29.9
1538	-0.417467	117.829118	0.005999	29.5
1539	-0.000000	117.786005	0.000000	29.6
1540	-0.926039	117.742933	0.006447	30.7
1541	-0.157875	117.699904	0.001741	29.9
1542	-0.994078	117.656916	0.006909	29.0
1543	-0.537606	117.613971	0.004522	27.9
1544	-0.423020	117.571067	0.004136	30.0
1545	-0.000000	117.528205	0.000000	28.9
1546	-0.811627	117.485384	0.006430	32.8
1547	-0.809092	117.442605	0.006655	29.9
1548	-0.426431	117.399867	0.003597	29.8
1549	-0.831686	117.357171	0.007227	29.7
1550	-0.000000	117.314517	0.000000	29.9
1551	-0.007578	117.271903	0.000218	30.0
1552	-0.953686	117.229331	0.007602	30.3
1553	-0.007013	117.186800	0.000122	29.3
1554	-0.878778	117.144311	0.006651	30.2
1555	-0.353798	117.101862	0.002749	30.2
1556	-0.724405	117.059454	0.004762	30.6
1557	-0.000000	117.017087	0.000000	29.4
1558	-0.803235	116.974762	0.006138	28.5
1559	-0.752097	116.932476	0.007645	29.5
1560	-0.914929	116.890232	0.006585	30.3
1561	0.000000	116.848028	0.000000	29.4
1562	-0.836484	116.805865	0.006733	29.7
1563	-0.005968	116.763743	0.000109	29.5
1564	-0.359112	116.721661	0.006089	29.3
1565	-0.001231	116.679619	0.000104	29.5
1566	-0.529358	116.637618	0.006433	29.4
1567	-0.948057	116.595657	0.006380	31.2
1568	-0.307333	116.553736	0.003757	30.1
1569	-0.965052	116.511855	0.006087	28.9
1570	-0.714272	116.470015	0.006290	29.5
1571	-0.678348	116.428214	0.006362	30.5
1572	-0.000000	116.386454	0.000000	29.7
1573	-0.925760	116.344733	0.005789	29.8
1574	0.000000	116.303052	0.000000	28.9
1575	-0.751104	116.261412	0.005048	29.4
1576	-0.723849	116.219810	0.005107	29.2
1577	-0.413298	116.178249	0.004901	30.0
1578	-0.982676	116.136727	0.006741	30.8
1579	-0.012548	116.095245	0.000140	29.8
1580	-0.609183	116.053802	0.004129	30.0
1581	-0.517109	116.012398	0.004309	29.6
1582	-0.861166	115.971034	0.005587	30.2
1583	0.000000	115.929710	0.000000	30.1
1584	0.000000	115.888424	0.000000	29.1
1585	-0.000000	115.847178	0.000000	29.0
1586	-0.547683	115.805970	0.005386	29.6
1587	-0.159490	115.764802	0.002776	29.9
1588	-0.534808	115.723673	0.005591	30.1
1589	-0.025951	115.682583	0.001724	29.6
1590	-0.275172	115.641532	0.002326	29.3
1591	-0.002289	115.600519	0.002065	29.4
1592	-0.000000	115.559546	0.000000	30.2
1593	-0.774937	115.518610	0.007210	30.4
1594	-0.000000	115.477714	0.000000	28.8
1595	-0.245073	115.436856	0.004274	28.8
1596	-0.178035	115.396037	0.003352	30.3
1597	-0.917870	115.355256	0.005325	29.8
1598	-0.644466	115.314514	0.007160	29.4
1599	-0.435923	115.273810	0.004216	29.7
1600	-0.401827	115.233144	0.003671	30.3
1601	-0.412706	115.192517	0.006799	29.3
1602	-0.951242	115.151927	0.005319	29.9
1603	-0.697280	115.111376	0.005715	30.0
1604	0.000000	115.070863	0.000000	29.4
1605	-0.750498	115.030388	0.004467	28.1
1606	-0.654124	114.989951	0.006292	28.6
1607	-0.896203	114.949551	0.004889	29.2
1608	-0.226956	114.909190	0.004664	29.2
1609	-1.107365	114.868866	0.007795	29.8
1610	-0.589567	114.828580	0.006542	30.3
1611	-0.837295	114.788332	0.005375	29.9
1612	-0.567584	114.748121	0.004630	29.7
1613	-0.871729	114.707948	0.007648	29.8
1614	-0.765248	114.667812	0.005778	29.8
1615	-0.777176	114.627714	0.008444	29.7
1616	-0.505624	114.587653	0.004436	29.1
1617	-0.859976	114.547629	0.006365	30.1
1618	-0.181315	114.507643	0.002323	29.9
1619	-0.434063	114.467693	0.005073	32.0
1620	-0.962290	114.427781	0.007420	29.4
1621	-0.552345	114.387907	0.005522	30.5
1622	-0.988004	114.348069	0.006000	30.1
1623	-1.062147	114.308268	0.007880	29.0
1624	-0.000000	114.268504	0.000000	29.6
1625	-0.971716	114.228777	0.008364	30.1
1626	-0.934597	114.189086	0.006145	29.9
1627	-0.749357	114.149433	0.004585	29.3
1628	-0.010577	114.109816	0.000402	28.8
1629	-0.955044	114.070235	0.008359	28.8
1630	-0.750449	114.030692	0.005601	29.5
1631	-0.777119	113.991185	0.006632	29.7
1632	-0.895304	113.951714	0.006189	29.9
1633	-0.547003	113.912280	0.004773	29.7
1634	-0.000000	113.872882	0.000000	29.6
1635	-0.401699	113.833521	0.004299	29.7
1636	-0.504239	113.794195	0.006757	30.2
1637	-0.739409	113.754906	0.006027	29.6
1638	-0.000012	113.715653	0.000011	28.6
1639	-0.977492	113.676437	0.007364	29.5
1640	-0.901563	113.637256	0.005806	29.7
1641	-0.770280	113.598111	0.007562	29.8
1642	-0.808706	113.559002	0.007341	29.7
1643	-0.435751	113.519929	0.006582	29.1
1644	-0.722156	113.480892	0.006270	30.8
1645	-0.000280	113.441891	0.000101	30.0
1646	-0.000000	113.402925	0.000000	30.2
1647	-0.924601	113.363995	0.006355	29.3
1648	-0.897223	113.325101	0.006843	30.2
1649	-0.025105	113.286242	0.001592	29.3
1650	-0.446858	113.247419	0.004840	29.3
1651	0.000000	113.208631	0.000000	28.5
1652	-0.620680	113.169879	0.004014	32.3
1653	-0.913515	113.131162	0.006582	30.0
1654	-0.695017	113.092480	0.004854	29.3
1655	-0.667496	113.053833	0.007250	30.0
1656	-0.000000	113.015222	0.000000	30.1
1657	-0.000000	112.976646	0.000000	29.7
1658	-0.626481	112.938105	0.005924	29.5
1659	-0.025094	112.899599	0.001383	28.8
1660	-0.965600	112.861128	0.005904	29.1
1661	-0.966868	112.822692	0.007641	30.7
1662	0.000000	112.784291	0.000000	30.6
1663	-0.543944	112.745924	0.007150	30.6
1664	-0.278506	112.707593	0.003255	31.0
1665	-0.411835	112.669296	0.006060	29.4
1666	-0.889856	112.631034	0.005429	29.9
1667	-0.136161	112.592806	0.002389	29.4
1668	-0.749005	112.554613	0.006531	29.4
1669	-0.810897	112.516455	0.006003	30.4
1670	-0.852825	112.478331	0.005606	29.7
1671	-0.549952	112.440241	0.006919	29.2
1672	-0.424501	112.402186	0.004886	28.8
1673	-0.890391	112.364165	0.007830	29.2
1674	-0.501293	112.326179	0.006156	28.7
1675	-0.261306	112.288227	0.003388	30.2
1676	-0.452745	112.250309	0.004757	29.2
1677	-0.930362	112.212425	0.007939	30.6
1678	-0.573261	112.174575	0.004406	28.7
1679	-0.915798	112.136759	0.006044	31.0
1680	-0.000000	112.098977	0.000000	28.8
1681	-0.856177	112.061229	0.005311	29.4
1682	-0.814825	112.023515	0.004599	29.6
1683	-0.433994	111.985834	0.005483	29.0
1684	-0.954557	111.948188	0.005902	29.5
1685	-1.029326	111.910575	0.008109	29.2
1686	-0.141917	111.872996	0.002259	31.0
1687	-0.000000	111.835450	0.000000	30.4
1688	-0.536974	111.797939	0.004993	30.1
1689	-0.536475	111.760460	0.004998	30.7
1690	-0.728601	111.723015	0.006560	30.3
1691	-0.057175	111.685604	0.003036	29.4
1692	-0.000000	111.648226	0.000000	29.9
1693	-0.786206	111.610881	0.005241	30.0
1694	-0.625768	111.573570	0.004983	30.2
1695	-0.693418	111.536292	0.006643	29.1
1696	-0.118960	111.499047	0.001209	29.9
1697	-0.000000	111.461835	0.000000	29.6
1698	-0.780082	111.424656	0.005179	29.0
1699	-0.588432	111.387510	0.004900	29.7
1700	-0.975378	111.350398	0.008256	31.7
1701	-0.600010	111.313318	0.006776	27.2
1702	0.000000	111.276271	0.000000	29.0
1703	-0.000000	111.239257	0.000000	29.9
1704	-0.720533	111.202276	0.006446	29.7
1705	-1.086450	111.165328	0.007240	29.0
1706	-0.155855	111.128412	0.002402	29.4
1707	-0.062058	111.091529	0.000775	30.5
1708	0.000000	111.054679	0.000000	28.9
1709	-0.677254	111.017861	0.006308	29.5
1710	-0.717960	110.981076	0.006676	29.0
1711	-0.000007	110.944323	0.000003	29.1
1712	-0.048679	110.907603	0.001013	29.4
1713	-0.923798	110.870915	0.006390	29.3
1714	-1.149170	110.834259	0.006174	31.3
1715	-0.000000	110.797636	0.000000	29.7
1716	-0.813951	110.761045	0.006469	29.8
1717	-0.533255	110.724486	0.004810	29.6
1718	-0.631430	110.687959	0.006163	29.7
1719	-0.971125	110.651465	0.006081	31.3
1720	-0.000000	110.615002	0.000000	30.8
1721	-0.838187	110.578572	0.005741	30.5
1722	-0.794591	110.542173	0.006476	30.6
1723	0.000000	110.505807	0.000000	29.6
1724	-0.082398	110.469472	0.001744	28.9
1725	-0.616807	110.433169	0.005029	28.7
1726	-0.693339	110.396898	0.006494	29.3
1727	-0.910636	110.360659	0.009307	29.2
1728	-0.011621	110.324451	0.000426	29.2
1729	-0.725155	110.288276	0.004976	29.9
1730	-0.914097	110.252131	0.005115	30.6
1731	-0.580253	110.216019	0.004465	29.9
1732	-0.892038	110.179937	0.007041	29.6
1733	-0.698445	110.143888	0.005487	29.9
1734	-0.965605	110.107869	0.005827	28.9
1735	-0.397197	110.071882	0.004841	29.1
1736	-0.427030	110.035927	0.005161	28.7
1737	-0.861859	110.000003	0.007105	29.6
1738	-0.896528	109.964110	0.007233	29.6
1739	-0.702069	109.928248	0.005817	29.8
1740	-0.682044	109.892417	0.007366	29.7
1741	-0.018318	109.856618	0.000492	30.0
1742	-0.867822	109.820850	0.007040	29.5
1743	-0.834955	109.785112	0.005431	29.8
1744	-0.000000	109.749406	0.000000	30.5
1745	-0.000000	109.713730	0.000000	29.0
1746	-0.000000	109.678086	0.000000	29.5
1747	-0.435970	109.642472	0.005917	30.2
1748	-0.584344	109.606890	0.005763	30.2
1749	-0.306283	109.571337	0.005368	30.9
1750	-1.005565	109.535816	0.006323	30.0
1751	-0.998369	109.500326	0.007552	30.2
1752	-0.560061	109.464866	0.006356	29.6
1753	0.000000	109.429436	0.000000	29.8
1754	-0.000000	109.394038	0.000000	29.7
1755	-0.965116	109.358669	0.005751	28.9
1756	-0.797844	109.323331	0.006205	29.6
1757	-0.087673	109.288024	0.001779	29.5
1758	-0.120591	109.252747	0.003426	30.1
1759	-0.746444	109.217501	0.004829	30.8
1760	-0.809907	109.182284	0.007347	30.9
1761	0.000000	109.147098	0.000000	29.6
1762	-0.866578	109.111942	0.006420	29.6
1763	-0.859631	109.076817	0.007201	29.5
1764	-0.000000	109.041721	0.000000	28.6
1765	-0.999641	109.006656	0.005840	29.9
1766	-0.863252	108.971620	0.005989	29.8
1767	-0.108204	108.936615	0.003174	28.4
1768	-0.424244	108.901640	0.003563	29.9
1769	-0.780581	108.866694	0.005673	29.3
1770	-0.582587	108.831779	0.003535	29.9
1771	-0.907514	108.796893	0.006322	29.7
1772	-0.064066	108.762037	0.001439	29.1
1773	-0.009197	108.727211	0.000363	30.8
1774	-1.038066	108.692415	0.007254	29.9
1775	-0.002556	108.657648	0.000657	28.9
1776	-0.418568	108.622911	0.005310	29.4
1777	-0.982633	108.588203	0.007134	29.4
1778	-0.211855	108.553525	0.004012	29.2
1779	0.000000	108.518877	0.000000	30.4
1780	-0.009724	108.484258	0.000196	30.3
1781	-0.000000	108.449668	0.000000	30.0
1782	-0.735885	108.415108	0.006345	29.4
1783	-0.214902	108.380578	0.003631	29.9
1784	-0.758680	108.346076	0.006394	29.5
1785	-0.000000	108.311604	0.000000	29.6
1786	-0.529563	108.277161	0.006734	30.5
1787	-0.611487	108.242747	0.004444	31.5
1788	-0.191465	108.208363	0.003033	29.7
1789	-0.686114	108.174007	0.004704	30.4
1790	-0.747843	108.139681	0.005244	29.0
1791	-0.403590	108.105383	0.005728	29.1
1792	-0.045592	108.071115	0.000882	29.3
1793	-0.920950	108.036875	0.006912	29.6
1794	-0.502305	108.002665	0.005854	29.9
1795	-0.000002	107.968483	0.000003	29.7
1796	-0.032310	107.934330	0.000742	29.6
1797	-0.004241	107.900206	0.000196	30.6
1798	-0.585477	107.866111	0.005153	30.3
1799	-0.373917	107.832044	0.003488	29.6
1800	-1.103752	107.798007	0.008341	29.3
1801	0.000000	107.763997	0.000000	30.2
1802	0.000000	107.730017	0.000000	29.9
1803	-0.932954	107.696065	0.006967	29.3
1804	-0.838982	107.662141	0.007051	32.9
1805	-0.687615	107.628246	0.006417	32.0
1806	-0.595038	107.594379	0.005838	34.6
1807	-1.009753	107.560541	0.007077	35.9
1808	-0.854588	107.526731	0.005512	32.5
1809	-0.000000	107.492949	0.000000	32.9
1810	0.000000	107.459196	0.000000	34.1
1811	-0.000000	107.425471	0.000000	32.2
1812	-0.000000	107.391774	0.000000	32.2
1813	-0.869752	107.358106	0.005250	31.8
1814	-0.521929	107.324465	0.005837	29.9
1815	-0.267914	107.290853	0.004052	31.7
1816	-0.535446	107.257268	0.005917	30.8
1817	-0.811753	107.223712	0.005137	32.7
1818	-0.951493	107.190184	0.005779	32.7
1819	-0.000000	107.156683	0.000000	33.0
1820	-0.451441	107.123211	0.005927	33.7
1821	-0.000055	107.089766	0.000023	31.9
1822	-0.477588	107.056349	0.003291	33.1
1823	-0.048595	107.022960	0.000889	32.9
1824	-0.448364	106.989599	0.003474	32.2
1825	0.000000	106.956265	0.000000	34.5
1826	-0.707002	106.922960	0.006557	29.9
1827	-0.572905	106.889681	0.005715	34.4
1828	-0.879233	106.856431	0.006369	35.0
1829	-0.000986	106.823208	0.000112	31.5
1830	-0.526267	106.790012	0.006824	32.8
1831	-0.483279	106.756844	0.005882	30.8
1832	-0.372742	106.723703	0.005182	32.5
1833	-0.668140	106.690590	0.007468	31.5
1834	-0.000000	106.657505	0.000000	30.7
1835	-0.690269	106.624446	0.005657	30.9
1836	-0.594934	106.591415	0.004088	31.7
1837	-0.466378	106.558411	0.005323	31.0
1838	-0.219548	106.525435	0.004091	30.4
1839	-0.027288	106.492485	0.002366	33.0
1840	-0.846759	106.459563	0.007488	33.0
1841	-0.662143	106.426668	0.005845	31.7
1842	-0.631513	106.393800	0.006766	30.4
1843	-0.996257	106.360959	0.007474	32.5
1844	-0.895122	106.328145	0.007560	32.4
1845	-0.827503	106.295358	0.007058	32.9
1846	-0.037872	106.262598	0.000453	31.1
1847	-0.826060	106.229865	0.006815	31.4
1848	-0.016617	106.197158	0.000261	32.5
1849	0.000000	106.164479	0.000000	31.1
1850	-0.031272	106.131826	0.001295	33.6
1851	-0.546122	106.099201	0.005510	33.2
1852	-0.526851	106.066602	0.008524	31.2
1853	-0.469815	106.034029	0.006601	35.6
1854	-0.503864	106.001483	0.005334	31.9
1855	-0.604758	105.968964	0.005090	29.3
1856	-0.788025	105.936472	0.007418	32.7
1857	-0.847633	105.904006	0.006087	31.8
1858	-0.981689	105.871566	0.006013	31.6
1859	-0.000021	105.839153	0.000020	35.4
1860	-0.000000	105.806767	0.000000	32.6
1861	-0.100681	105.774407	0.002098	31.7
1862	-0.484305	105.742073	0.005358	31.5
1863	-0.000000	105.709766	0.000000	30.9
1864	-0.060433	105.677485	0.001656	31.5
1865	-0.414860	105.645230	0.004481	34.5
1866	-0.149232	105.613001	0.002650	32.7
1867	-0.557414	105.580799	0.005643	34.1
1868	-0.000000	105.548623	0.000000	31.3
1869	-0.710180	105.516473	0.005903	32.8
1870	-0.721130	105.484349	0.007025	32.7
1871	-0.902742	105.452251	0.007112	30.3
1872	-0.862937	105.420179	0.006148	30.9
1873	-0.987651	105.388133	0.006221	34.2
1874	-0.761366	105.356113	0.007171	33.6
1875	-0.010511	105.324119	0.000300	31.6
1876	-0.000331	105.292151	0.000065	31.7
1877	-0.000000	105.260209	0.000000	31.2
1878	-0.170826	105.228293	0.003953	31.4
1879	-0.777857	105.196402	0.007314	29.5
1880	-1.039083	105.164537	0.006255	32.3
1881	-1.001989	105.132698	0.007691	30.6
1882	-0.695444	105.100885	0.005435	30.0
1883	-0.727487	105.069097	0.005582	31.7
1884	-0.632248	105.037335	0.004196	31.7
1885	-0.817381	105.005598	0.007987	31.5
1886	-0.046516	104.973887	0.002077	31.4
1887	-0.787824	104.942202	0.007140	33.0
1888	-0.365514	104.910542	0.004492	30.7
1889	-0.662995	104.878907	0.006497	30.8
1890	0.000000	104.847298	0.000000	31.8
1891	-0.290126	104.815715	0.005189	30.5
1892	-0.682822	104.784156	0.005313	30.0
1893	-0.665635	104.752623	0.005485	31.1
1894	-0.362732	104.721116	0.006002	30.9
1895	-0.000015	104.689633	0.000027	34.0
1896	-0.962687	104.658176	0.007137	32.9
1897	-0.420763	104.626744	0.005354	31.9
1898	-0.000090	104.595337	0.000032	31.7
1899	-0.712001	104.563955	0.007092	32.3
1900	-0.816918	104.532599	0.006676	32.1
1901	-0.405972	104.501267	0.004343	31.2
1902	-0.915591	104.469960	0.007579	29.2
1903	-1.146066	104.438679	0.006271	30.1
1904	-1.202794	104.407422	0.007517	29.6
1905	-0.540730	104.376191	0.006080	29.5
1906	-0.111424	104.344984	0.001433	29.2
1907	-0.541360	104.313802	0.004530	29.7
1908	-0.653469	104.282645	0.005239	27.4
1909	-0.725740	104.251513	0.004744	30.6
1910	0.000000	104.220405	0.000000	29.8
1911	-0.000000	104.189323	0.000000	29.8
1912	-0.315484	104.158265	0.004081	30.2
1913	-0.000000	104.127231	0.000000	31.7
1914	0.000000	104.096222	0.000000	29.8
1915	0.000000	104.065238	0.000000	30.5
1916	-0.490790	104.034279	0.005612	30.5
1917	-0.362604	104.003344	0.002870	29.1
1918	-0.000000	103.972433	0.000000	29.1
1919	-0.003845	103.941547	0.000130	29.9
1920	-0.038039	103.910686	0.001707	30.1
1921	0.000000	103.879849	0.000000	29.4
1922	-0.540501	103.849036	0.005899	28.9
1923	-0.746778	103.818248	0.006816	30.7
1924	-0.175624	103.787484	0.002302	29.7
1925	-0.688729	103.756744	0.005814	29.7
1926	-0.000000	103.726029	0.000000	29.2
1927	-0.065433	103.695338	0.001353	30.3
1928	-0.710556	103.664671	0.003932	30.2
1929	-0.821018	103.634028	0.005951	30.3
1930	-1.149174	103.603409	0.007804	29.2
1931	-1.038838	103.572814	0.007292	29.2
1932	-0.009036	103.542244	0.000386	30.1
1933	-0.028912	103.511698	0.000290	30.1
1934	-0.000000	103.481175	0.000000	30.0
1935	-0.248363	103.450677	0.004118	29.8
1936	-0.707541	103.420202	0.005445	29.9
1937	-0.000000	103.389752	0.000000	30.2
1938	-0.392593	103.359325	0.004593	30.3
1939	0.000000	103.328922	0.000000	30.7
1940	-0.007544	103.298543	0.000203	31.2
1941	-0.971353	103.268188	0.005858	31.3
1942	-0.898539	103.237857	0.005672	31.8
1943	-0.058780	103.207549	0.001948	31.1
1944	-1.101938	103.177265	0.007046	29.9
1945	-0.492203	103.147005	0.003658	30.7
1946	-0.048283	103.116768	0.001089	32.1
1947	-0.004255	103.086556	0.000019	31.1
1948	-0.178032	103.056366	0.002761	29.9
1949	0.000000	103.026200	0.000000	30.4
1950	-0.702494	102.996058	0.005424	30.2
1951	-0.604312	102.965939	0.005251	30.9
1952	-0.572960	102.935844	0.006829	30.8
1953	0.000000	102.905772	0.000000	30.5
1954	-0.603161	102.875724	0.005751	30.0
1955	-0.652759	102.845699	0.005722	30.5
1956	-0.567244	102.815697	0.003545	29.2
1957	-0.447011	102.785719	0.005338	29.7
1958	-0.916912	102.755764	0.006248	31.2
1959	0.000000	102.725832	0.000000	30.0
1960	-1.012055	102.695924	0.007728	30.1
1961	-0.005674	102.666038	0.000154	29.4
1962	-0.994669	102.636176	0.007093	30.5
1963	-0.672301	102.606337	0.005795	30.8
1964	-0.953542	102.576521	0.007096	29.8
1965	-0.051884	102.546728	0.000312	30.2
1966	-0.290651	102.516959	0.003466	30.4
1967	-0.804683	102.487212	0.007150	30.4
1968	0.000000	102.457488	0.000000	31.5
1969	-0.912948	102.427788	0.005476	30.3
1970	-0.795806	102.398110	0.004836	29.0
1971	0.000000	102.368455	0.000000	29.7
1972	-0.839622	102.338823	0.005110	29.4
1973	-0.580719	102.309214	0.007233	30.5
1974	-0.774809	102.279628	0.006664	30.2
1975	-0.003296	102.250064	0.000151	30.1
1976	-0.568902	102.220524	0.007002	29.6
1977	-0.803126	102.191006	0.005327	28.5
1978	-0.970704	102.161511	0.005615	30.8
1979	-0.000000	102.132038	0.000000	31.8
1980	-0.000021	102.102588	0.000013	30.5
1981	-0.373653	102.073161	0.005763	31.2
1982	-0.000000	102.043757	0.000000	31.1
1983	-1.035040	102.014375	0.006534	29.4
1984	-0.000000	101.985015	0.000000	30.8
1985	-0.006595	101.955678	0.000192	28.8
1986	-0.837183	101.926364	0.006075	29.6
1987	-0.000000	101.897072	0.000000	29.6
1988	-0.007729	101.867802	0.000293	30.1
1989	-0.186235	101.838555	0.003981	29.1
1990	-0.035941	101.809330	0.000328	29.6
1991	-0.000246	101.780128	0.000044	31.4
1992	-1.177493	101.750948	0.007374	29.6
1993	-0.000000	101.721790	0.000000	29.6
1994	-0.009184	101.692654	0.000538	29.7
1995	-0.827817	101.663541	0.006009	29.2
1996	-0.751542	101.634450	0.006348	30.0
1997	0.000000	101.605381	0.000000	30.6
1998	-0.747879	101.576335	0.005976	30.1
1999	0.000000	101.547310	0.000000	31.5
