1:ItNr	2:Metric	3:StepSize	4:||Gradient||	Time[ms]
0	-0.791776	627.201626	0.011684	637.5
1	-0.851772	623.504937	0.007495	8.5
2	-0.000000	619.865785	0.000000	7.1
3	-0.000000	616.282728	0.000000	8.1
4	-0.023030	612.754375	0.001711	7.3
5	-0.567144	609.279381	0.006576	7.8
6	-0.688261	605.856447	0.011266	6.9
7	-0.067383	602.484317	0.003039	7.9
8	-0.763163	599.161779	0.012321	7.2
9	-0.473019	595.887656	0.007188	8.0
10	-0.303094	592.660813	0.014062	7.2
11	-0.104351	589.480151	0.001399	8.0
12	-0.544560	586.344606	0.009935	7.5
13	-0.000000	583.253145	0.000000	8.0
14	0.000000	580.204771	0.000000	8.2
15	-0.839309	577.198517	0.006925	8.4
16	-0.993406	574.233444	0.014244	7.2
17	-0.423569	571.308645	0.007711	8.4
18	-0.448924	568.423237	0.009242	7.4
19	-0.004941	565.576365	0.000746	8.2
20	-0.000048	562.767201	0.000003	7.4
21	-0.000000	559.994938	0.000000	7.9
22	-0.515909	557.258797	0.007252	7.7
23	-0.741716	554.558018	0.009649	7.3
24	-0.688367	551.891865	0.006909	8.5
25	-0.514472	549.259621	0.011619	7.8
26	-1.001996	546.660592	0.007526	8.5
27	-0.532991	544.094102	0.007890	7.8
28	-0.661134	541.559494	0.005907	9.0
29	-0.437670	539.056129	0.009365	7.8
30	-1.011548	536.583387	0.013734	8.1
31	-0.381127	534.140663	0.005253	7.7
32	-0.872781	531.727370	0.014074	9.0
33	-0.628192	529.342935	0.007901	7.7
34	-0.731965	526.986802	0.007581	8.1
35	-0.701363	524.658430	0.008843	7.9
36	-0.000000	522.357290	0.000000	8.7
37	-0.781876	520.082868	0.015243	7.8
38	-0.978282	517.834665	0.017233	9.0
39	-0.852558	515.612193	0.011103	7.8
40	-0.219551	513.414976	0.005628	9.1
41	-0.733502	511.242551	0.010837	7.9
42	-0.429641	509.094468	0.003574	9.4
43	-0.000000	506.970285	0.000000	8.2
44	-0.815050	504.869574	0.009248	8.1
45	-0.837088	502.791916	0.008530	8.0
46	-0.228848	500.736903	0.003287	8.0
47	0.000000	498.704137	0.000000	8.4
48	-0.927509	496.693228	0.013831	10.4
49	-0.851895	494.703798	0.016298	11.5
50	-0.091750	492.735476	0.001614	9.9
51	-0.842664	490.787900	0.017849	10.4
52	-0.883836	488.860718	0.011244	10.0
53	-0.176288	486.953585	0.005767	12.2
54	-0.463111	485.066164	0.007190	9.3
55	-0.000000	483.198126	0.000000	8.0
56	-0.889426	481.349149	0.017863	8.4
57	-0.539347	479.518920	0.009699	8.4
58	-0.283224	477.707132	0.006086	8.3
59	-0.596484	475.913485	0.013727	8.2
60	-0.431496	474.137684	0.006571	7.9
61	-0.000000	472.379445	0.000000	8.5
62	-0.926555	470.638485	0.007632	8.1
63	-0.754544	468.914531	0.005920	8.5
64	-0.004458	467.207315	0.000065	8.6
65	-0.405950	465.516573	0.007125	8.5
66	-0.090652	463.842050	0.000977	8.2
67	-0.636642	462.183494	0.008357	8.9
68	-0.470174	460.540658	0.005117	7.7
69	-0.263150	458.913303	0.006402	8.9
70	-0.671909	457.301192	0.008114	8.1
71	-0.000000	455.704096	0.000000	9.0
72	-0.198489	454.121787	0.005992	8.2
73	-0.835481	452.554045	0.005109	9.1
74	-0.320987	451.000653	0.005889	7.8
75	-0.000000	449.461399	0.000000	8.9
76	-0.543547	447.936075	0.007910	8.3
77	-0.000000	446.424477	0.000000	9.0
78	-0.000000	444.926406	0.000000	8.1
79	-0.000000	443.441666	0.000000	8.8
80	-0.483575	441.970065	0.007753	8.0
81	-0.783998	440.511415	0.009208	8.9
82	-0.658145	439.065533	0.007049	7.9
83	-0.521642	437.632238	0.005263	8.7
84	-0.742167	436.211351	0.010496	8.0
85	-0.686258	434.802701	0.012492	8.3
86	-0.000000	433.406117	0.000000	8.2
87	-0.118911	432.021430	0.004330	8.6
88	-0.000000	430.648479	0.000000	7.9
89	-0.191526	429.287101	0.003114	9.8
90	-0.687511	427.937140	0.008812	8.1
91	-0.475475	426.598440	0.007053	9.0
92	-0.824515	425.270849	0.007325	8.0
93	-0.992605	423.954220	0.018952	8.9
94	-0.248368	422.648404	0.003111	8.2
95	-0.013062	421.353259	0.000318	8.2
96	-0.928179	420.068643	0.009395	8.2
97	-0.639336	418.794419	0.007896	8.3
98	-0.315717	417.530451	0.004189	8.4
99	-0.550642	416.276604	0.007611	8.3
100	-0.366521	415.032748	0.003892	8.6
101	-0.710330	413.798754	0.016711	9.0
102	-0.209637	412.574495	0.005758	8.8
103	-0.869374	411.359849	0.006085	7.9
104	-0.000000	410.154691	0.000000	8.9
105	-0.813386	408.958904	0.010222	8.2
106	-0.738508	407.772368	0.008293	9.1
107	-0.349427	406.594968	0.003831	7.9
108	-0.866082	405.426590	0.006182	8.9
109	-0.382179	404.267122	0.008953	8.0
110	-0.354925	403.116456	0.006947	8.9
111	-0.824305	401.974481	0.009271	7.8
112	-0.940445	400.841093	0.018431	9.2
113	-0.851720	399.716187	0.011205	8.1
114	-0.039030	398.599660	0.001981	8.9
115	-0.484394	397.491411	0.004463	8.9
116	-0.019541	396.391342	0.000700	8.6
117	-0.466631	395.299353	0.006700	8.1
118	-0.402155	394.215350	0.005560	8.6
119	-0.639669	393.139238	0.007165	8.0
120	-0.612698	392.070924	0.009878	8.8
121	-0.222093	391.010316	0.007318	8.1
122	-0.060533	389.957325	0.000991	8.9
123	-0.015086	388.911862	0.000629	8.4
124	-0.653813	387.873839	0.007871	8.7
125	-0.394746	386.843173	0.004527	8.8
126	-0.000018	385.819777	0.000022	8.2
127	-0.165174	384.803569	0.002715	8.8
128	-0.243026	383.794468	0.004699	9.4
129	-0.139122	382.792393	0.005219	9.1
130	-0.000000	381.797264	0.000000	7.8
131	-0.000000	380.809005	0.000000	9.2
132	-0.000000	379.827537	0.000000	7.5
133	-0.865794	378.852786	0.020911	9.0
134	-0.967870	377.884678	0.015510	7.9
135	-0.959214	376.923138	0.027750	9.4
136	-0.770282	375.968095	0.022701	8.1
137	-0.267484	375.019479	0.003565	9.2
138	-0.906002	374.077218	0.010509	8.0
139	-0.625983	373.141244	0.006429	8.9
140	-0.470385	372.211489	0.006557	8.3
141	-0.724537	371.287887	0.007816	8.9
142	-0.015177	370.370370	0.001347	8.0
143	-0.010961	369.458876	0.000437	9.0
144	-0.062483	368.553338	0.001463	8.0
145	-0.000000	367.653696	0.000000	9.5
146	-0.000000	366.759885	0.000000	8.5
147	-0.073273	365.871846	0.002335	8.7
148	-0.912883	364.989518	0.008798	8.5
149	-0.885837	364.112841	0.009970	8.5
150	-0.012220	363.241757	0.000517	9.0
151	-0.483259	362.376208	0.008148	8.0
152	-0.624338	361.516137	0.007361	8.7
153	-0.858366	360.661488	0.011018	9.0
154	-0.286366	359.812206	0.003173	8.8
155	-0.512375	358.968236	0.014168	8.5
156	-0.854581	358.129524	0.006300	9.4
157	-0.251662	357.296018	0.006687	8.1
158	-0.000000	356.467665	0.000000	9.7
159	-0.729961	355.644414	0.004476	8.3
160	-0.333276	354.826213	0.003424	9.0
161	-0.000626	354.013012	0.000018	8.2
162	-0.000000	353.204763	0.000000	9.3
163	-0.006291	352.401415	0.000680	8.9
164	-0.276259	351.602922	0.006170	10.2
165	-0.777814	350.809235	0.008680	9.4
166	-0.843786	350.020308	0.008473	8.2
167	-0.517241	349.236095	0.004040	9.4
168	-0.504375	348.456550	0.007804	8.9
169	-0.577924	347.681627	0.007353	8.9
170	-0.898954	346.911283	0.023749	8.2
171	-0.786226	346.145474	0.018499	9.1
172	-0.000000	345.384157	0.000000	8.1
173	-0.540278	344.627288	0.006629	8.8
174	-0.441057	343.874826	0.007151	8.7
175	-0.412281	343.126729	0.003992	8.2
176	-0.000000	342.382957	0.000000	8.5
177	-0.870937	341.643469	0.008973	9.2
178	-0.504686	340.908224	0.014830	9.1
179	-0.893473	340.177184	0.015001	8.1
180	-0.523250	339.450309	0.005172	9.3
181	-0.000000	338.727561	0.000000	8.4
182	-0.334056	338.008902	0.005076	8.7
183	-0.907566	337.294295	0.007875	8.1
184	-0.584077	336.583703	0.006371	9.1
185	-0.887992	335.877089	0.010325	8.7
186	-0.000000	335.174416	0.000000	8.9
187	-0.873129	334.475651	0.007416	8.5
188	-0.732113	333.780756	0.007161	11.7
189	-0.771849	333.089698	0.010074	9.7
190	-0.290156	332.402443	0.002899	8.3
191	-0.000000	331.718955	0.000000	8.9
192	-0.635100	331.039203	0.011130	8.3
193	-0.000000	330.363153	0.000000	9.2
194	-0.599548	329.690771	0.023212	8.4
195	-0.499537	329.022027	0.008930	9.1
196	-0.076169	328.356888	0.001476	8.3
197	-0.393083	327.695322	0.005170	8.6
198	-0.000000	327.037299	0.000000	8.0
199	-0.722781	326.382787	0.011319	8.4
200	-0.481422	325.731758	0.004748	8.0
201	-0.000000	325.084179	0.000000	9.4
202	-0.685288	324.440023	0.007200	8.0
203	-0.398222	323.799258	0.009026	9.4
204	-0.655599	323.161858	0.007580	8.0
205	-0.445271	322.527792	0.007551	8.4
206	-1.011186	321.897034	0.009066	8.4
207	-0.541486	321.269554	0.006597	8.6
208	-0.838290	320.645325	0.006284	8.6
209	-0.056261	320.024320	0.001466	8.2
210	-0.997541	319.406512	0.021931	8.9
211	-0.000245	318.791875	0.000136	8.0
212	-0.003817	318.180381	0.000726	8.5
213	-0.228462	317.572005	0.004666	8.9
214	-0.650932	316.966721	0.006518	9.3
215	-0.000000	316.364504	0.000000	8.1
216	-0.207444	315.765329	0.003095	8.7
217	-0.489456	315.169170	0.004839	8.2
218	-0.000000	314.576003	0.000000	8.8
219	-0.406850	313.985804	0.009403	8.2
220	-0.892509	313.398548	0.006755	9.3
221	-0.971052	312.814213	0.007509	8.1
222	-0.219445	312.232773	0.004467	8.8
223	-0.009888	311.654207	0.000368	8.0
224	-0.000000	311.078491	0.000000	9.0
225	-0.571950	310.505602	0.006756	8.3
226	-0.793621	309.935518	0.008509	9.3
227	-0.006131	309.368217	0.000571	8.3
228	-0.679156	308.803676	0.005824	8.8
229	-0.120966	308.241874	0.001727	8.4
230	-0.000000	307.682789	0.000000	8.5
231	-0.549732	307.126400	0.004889	8.8
232	-0.663959	306.572687	0.010872	8.0
233	-0.905074	306.021627	0.018401	8.8
234	-0.000000	305.473201	0.000000	8.0
235	-0.000024	304.927388	0.000006	8.9
236	-0.803923	304.384168	0.006828	8.2
237	-0.829307	303.843521	0.007624	8.7
238	-0.627882	303.305427	0.005944	9.1
239	-0.612392	302.769867	0.007250	8.9
240	-0.541100	302.236821	0.011052	8.1
241	-0.866812	301.706270	0.021390	9.0
242	-0.695911	301.178196	0.007334	8.1
243	-0.956012	300.652580	0.010973	8.9
244	-0.915531	300.129402	0.009174	8.4
245	-0.027138	299.608645	0.000631	8.5
246	-0.838969	299.090291	0.021278	8.1
247	-0.040356	298.574321	0.002222	8.6
248	-0.643373	298.060718	0.008054	8.5
249	-0.413887	297.549465	0.004392	8.7
250	-0.471421	297.040543	0.009141	8.2
251	-0.429222	296.533936	0.004740	9.0
252	-0.421020	296.029626	0.010229	8.4
253	-0.096321	295.527597	0.001488	8.5
254	-0.154924	295.027832	0.003702	8.0
255	-0.386544	294.530315	0.006494	8.5
256	-0.000000	294.035028	0.000000	8.5
257	-0.231725	293.541956	0.003979	8.5
258	-0.688201	293.051083	0.014517	8.3
259	-0.000000	292.562393	0.000000	8.6
260	-0.940101	292.075870	0.012536	8.9
261	-0.748358	291.591498	0.011422	8.1
262	-0.782628	291.109263	0.021710	9.0
263	-0.589012	290.629149	0.005291	9.6
264	0.000000	290.151140	0.000000	9.0
265	-0.239098	289.675222	0.003371	8.5
266	-0.488403	289.201380	0.007522	9.5
267	-0.000000	288.729600	0.000000	8.6
268	-0.421085	288.259866	0.007126	8.7
269	-0.299021	287.792165	0.004041	8.5
270	-0.800243	287.326481	0.005786	9.0
271	-0.000000	286.862802	0.000000	8.0
272	-0.882180	286.401113	0.007830	8.4
273	-0.726500	285.941400	0.007499	7.7
274	-0.004473	285.483649	0.000086	8.9
275	-0.717294	285.027847	0.011395	8.0
276	-0.381692	284.573981	0.005164	9.6
277	-0.593410	284.122037	0.005553	8.9
278	-0.019264	283.672002	0.001681	8.6
279	-0.649588	283.223863	0.010761	9.0
280	-0.927989	282.777607	0.010236	8.0
281	-0.000015	282.333221	0.000001	9.1
282	-0.425338	281.890692	0.005545	8.8
283	-0.000000	281.450008	0.000000	9.3
284	-1.053691	281.011157	0.012445	8.0
285	-0.443418	280.574125	0.014795	9.0
286	-0.729270	280.138901	0.006705	8.1
287	-0.809476	279.705473	0.008176	8.7
288	0.000000	279.273829	0.000000	8.0
289	-0.141898	278.843956	0.003058	9.1
290	-0.320873	278.415844	0.005566	8.3
291	-0.700992	277.989479	0.021834	8.5
292	-0.132177	277.564851	0.001227	8.1
293	-0.908089	277.141949	0.005571	9.6
294	-0.825390	276.720761	0.006642	8.5
295	-0.370782	276.301275	0.010025	9.1
296	-0.763684	275.883480	0.006949	9.2
297	-0.000000	275.467366	0.000000	8.0
298	-0.000004	275.052922	0.000001	9.0
299	-0.772331	274.640136	0.008000	8.4
300	0.000000	274.228998	0.000000	8.9
301	-0.000000	273.819497	0.000000	8.3
302	-0.014935	273.411623	0.000206	8.9
303	-0.988582	273.005365	0.011889	8.1
304	-0.999767	272.600712	0.027009	9.0
305	-0.469681	272.197655	0.004913	8.3
306	-0.925262	271.796184	0.007327	8.8
307	-0.947265	271.396287	0.015052	8.1
308	-0.000000	270.997956	0.000000	9.1
309	-0.019080	270.601180	0.000282	7.9
310	-0.866937	270.205949	0.010502	9.0
311	-0.879954	269.812254	0.008924	7.9
312	-0.599120	269.420085	0.006669	8.7
313	-0.754335	269.029432	0.010724	8.0
314	-0.016331	268.640287	0.000278	8.2
315	-0.000000	268.252638	0.000000	8.1
316	-0.039134	267.866478	0.001325	8.8
317	-0.463301	267.481796	0.004731	8.1
318	-0.484114	267.098584	0.005545	8.4
319	-0.831176	266.716833	0.005800	8.2
320	-0.073783	266.336533	0.001064	8.9
321	-0.726787	265.957676	0.008290	8.3
322	-0.000000	265.580253	0.000000	8.5
323	-0.000000	265.204254	0.000000	7.9
324	-0.643293	264.829672	0.006712	8.3
325	-0.000000	264.456497	0.000000	8.3
326	-0.000000	264.084721	0.000000	10.1
327	-0.758403	263.714335	0.012856	9.0
328	-0.000000	263.345332	0.000000	7.9
329	-0.802139	262.977702	0.007408	9.2
330	-0.759700	262.611438	0.023434	8.1
331	-0.000001	262.246531	0.000001	9.1
332	-0.114834	261.882973	0.002260	8.2
333	-0.306373	261.520756	0.010162	9.0
334	-0.054333	261.159871	0.002100	8.3
335	-0.000000	260.800312	0.000000	9.1
336	-0.651806	260.442070	0.009637	8.2
337	-0.727653	260.085137	0.005675	9.1
338	-0.482088	259.729505	0.005395	8.5
339	-0.779898	259.375167	0.019056	8.9
340	-0.398768	259.022116	0.003934	8.2
341	-0.519855	258.670343	0.012034	8.4
342	-0.000000	258.319841	0.000000	8.0
343	-0.490713	257.970602	0.005900	8.7
344	-0.004097	257.622620	0.000079	8.1
345	-0.000000	257.275887	0.000000	8.8
346	-0.339282	256.930396	0.003351	8.6
347	-0.628626	256.586139	0.007294	7.8
348	0.000000	256.243109	0.000000	8.5
349	-0.000191	255.901300	0.000003	8.2
350	-0.810059	255.560703	0.007207	8.7
351	-0.000000	255.221313	0.000000	9.2
352	-0.024417	254.883122	0.001692	8.9
353	-0.821936	254.546124	0.006710	8.1
354	-0.830627	254.210311	0.007068	9.0
355	-0.802838	253.875677	0.007764	8.1
356	-0.611789	253.542215	0.011926	9.1
357	-0.387997	253.209918	0.004121	7.9
358	-0.006798	252.878781	0.000128	8.7
359	-0.000000	252.548795	0.000000	7.9
360	-0.698003	252.219956	0.007408	9.0
361	-0.395265	251.892255	0.004741	8.1
362	-0.764338	251.565688	0.006997	8.9
363	-0.501564	251.240247	0.004594	8.9
364	-0.001253	250.915926	0.000026	8.9
365	-0.560721	250.592720	0.011746	8.3
366	-0.770331	250.270621	0.006165	8.6
367	-0.206674	249.949624	0.002233	8.0
368	-0.577306	249.629723	0.007577	9.5
369	-0.000000	249.310911	0.000000	8.6
370	-0.045519	248.993182	0.002389	8.4
371	-0.642274	248.676531	0.007776	9.6
372	-0.577706	248.360952	0.008774	8.3
373	-0.596679	248.046438	0.007399	9.4
374	-0.514794	247.732984	0.005769	8.0
375	-0.000117	247.420584	0.000014	9.2
376	-0.705082	247.109233	0.006606	8.7
377	-0.000000	246.798924	0.000000	8.6
378	-0.023483	246.489652	0.000706	7.8
379	-0.041642	246.181412	0.000731	8.8
380	-0.172193	245.874197	0.002194	8.1
381	-0.759082	245.568002	0.007099	8.6
382	-0.000000	245.262822	0.000000	7.7
383	-0.517655	244.958652	0.014711	9.1
384	-0.777125	244.655485	0.012878	8.1
385	-0.439619	244.353317	0.006824	9.1
386	-0.197576	244.052142	0.002632	8.0
387	-0.941061	243.751955	0.016718	8.8
388	-0.000000	243.452750	0.000000	8.4
389	-0.660020	243.154523	0.012474	9.8
390	-0.779830	242.857268	0.014339	8.1
391	-0.790784	242.560980	0.017172	8.7
392	-0.577097	242.265654	0.006813	8.6
393	-1.136104	241.971285	0.030618	8.6
394	-0.000000	241.677868	0.000000	8.8
395	-0.607303	241.385397	0.006391	7.9
396	-0.014699	241.093869	0.001462	9.2
397	-0.509119	240.803278	0.007622	9.3
398	0.000000	240.513619	0.000000	9.0
399	-0.871419	240.224887	0.006148	8.1
400	-0.000000	239.937077	0.000000	8.9
401	-0.755944	239.650186	0.008482	8.3
402	-0.928772	239.364207	0.008286	9.7
403	-0.422796	239.079136	0.004766	8.3
404	-0.944412	238.794969	0.007401	9.3
405	-0.094602	238.511701	0.001576	8.2
406	-0.879574	238.229327	0.011031	9.0
407	-0.387086	237.947843	0.005546	8.3
408	-0.676891	237.667244	0.007642	9.1
409	-0.702299	237.387526	0.006681	8.9
410	-0.000000	237.108684	0.000000	7.9
411	-0.461841	236.830714	0.004620	8.5
412	-0.000000	236.553610	0.000000	9.4
413	-0.064764	236.277370	0.001983	9.2
414	-0.000000	236.001989	0.000000	8.1
415	-0.232583	235.727461	0.002146	9.2
416	-0.446736	235.453784	0.005298	8.2
417	-0.000033	235.180952	0.000045	9.0
418	-0.092103	234.908962	0.004270	7.7
419	-0.659864	234.637809	0.007831	9.1
420	-0.400174	234.367488	0.003448	7.8
421	-0.532466	234.097997	0.005743	8.9
422	-0.002854	233.829331	0.000637	8.2
423	-0.835616	233.561485	0.008661	8.7
424	-0.058905	233.294456	0.000953	7.9
425	-0.822822	233.028239	0.009129	9.0
426	-0.779383	232.762831	0.005019	8.2
427	-0.137103	232.498228	0.004208	8.9
428	-0.852618	232.234425	0.006380	8.1
429	-0.973225	231.971419	0.021190	9.1
430	-0.073063	231.709205	0.001705	8.5
431	-0.417400	231.447781	0.005135	8.0
432	-0.907377	231.187141	0.005710	8.4
433	-0.253357	230.927283	0.003121	8.1
434	-0.690448	230.668202	0.006393	8.2
435	-0.419794	230.409895	0.005777	8.2
436	-0.007683	230.152358	0.000085	8.5
437	-0.000000	229.895587	0.000000	9.0
438	-0.478275	229.639578	0.009640	8.8
439	-0.485590	229.384329	0.009039	8.0
440	-0.000000	229.129834	0.000000	9.0
441	-0.552547	228.876091	0.019580	8.1
442	-0.871974	228.623096	0.009435	9.6
443	-0.946790	228.370846	0.008880	8.2
444	-0.000000	228.119336	0.000000	9.1
445	-0.572679	227.868563	0.006117	8.4
446	-0.774372	227.618525	0.016602	9.3
447	-0.000000	227.369216	0.000000	8.8
448	-0.000000	227.120635	0.000000	9.4
449	-0.873290	226.872777	0.008373	8.2
450	-0.607930	226.625638	0.008886	8.8
451	-0.000000	226.379217	0.000000	8.4
452	-0.000689	226.133509	0.000077	8.4
453	-0.000000	225.888510	0.000000	8.7
454	-0.644954	225.644218	0.008049	8.0
455	-0.120060	225.400630	0.002973	8.7
456	-0.915785	225.157741	0.006843	7.9
457	-0.702239	224.915549	0.007638	9.7
458	-0.236965	224.674051	0.004914	8.1
459	-0.811923	224.433242	0.006288	9.2
460	-0.006284	224.193121	0.000351	8.4
461	-0.521187	223.953684	0.009347	9.0
462	-0.863345	223.714927	0.005818	7.9
463	-0.630345	223.476848	0.006285	8.9
464	-0.912820	223.239444	0.004847	7.9
465	-0.000000	223.002710	0.000000	8.7
466	-0.324272	222.766645	0.005382	8.1
467	-0.598569	222.531245	0.032603	9.0
468	-0.411631	222.296508	0.013557	8.1
469	-0.965185	222.062429	0.005667	8.9
470	-0.775590	221.829007	0.011360	8.0
471	-0.713397	221.596238	0.007729	8.8
472	-0.000000	221.364119	0.000000	8.0
473	-0.304779	221.132647	0.002774	9.0
474	-0.864963	220.901820	0.009310	8.2
475	-1.049170	220.671634	0.008459	8.9
476	-0.000004	220.442086	0.000001	8.0
477	-0.061284	220.213174	0.000806	8.9
478	-0.507661	219.984895	0.006088	8.8
479	-0.694565	219.757246	0.015624	8.5
480	-0.577448	219.530224	0.004579	8.7
481	-0.512458	219.303826	0.006932	8.7
482	-0.000000	219.078050	0.000000	8.8
483	-0.775037	218.852893	0.011344	8.2
484	-0.511406	218.628352	0.006085	8.7
485	-1.034999	218.404424	0.012486	9.7
486	-0.000000	218.181106	0.000000	9.2
487	-0.730224	217.958397	0.008193	8.4
488	-0.500290	217.736292	0.006234	8.9
489	-0.544677	217.514790	0.007418	7.9
490	-0.489063	217.293888	0.004111	9.4
491	-0.904074	217.073584	0.006379	8.0
492	-0.731058	216.853873	0.007199	8.9
493	-0.748242	216.634755	0.007054	8.2
494	-0.813341	216.416227	0.017708	8.7
495	-0.874048	216.198285	0.006336	7.8
496	-0.000000	215.980927	0.000000	10.0
497	-0.557814	215.764151	0.007047	8.7
498	-0.119693	215.547955	0.004082	7.7
499	-0.411393	215.332335	0.005444	8.6
500	-0.000000	215.117289	0.000000	8.5
501	-0.004375	214.902815	0.000055	8.8
502	-0.000000	214.688911	0.000000	7.9
503	-0.380322	214.475573	0.003898	9.0
504	-0.570002	214.262800	0.006528	8.0
505	-0.151019	214.050588	0.003396	9.0
506	-0.891703	213.838936	0.007310	8.3
507	-0.595846	213.627842	0.005311	9.1
508	-0.759070	213.417302	0.021353	8.7
509	-0.000000	213.207314	0.000000	9.2
510	-0.880945	212.997877	0.005377	8.5
511	-0.829210	212.788987	0.006183	8.3
512	-0.560977	212.580642	0.010994	8.2
513	-0.000000	212.372841	0.000000	8.7
514	-1.012637	212.165581	0.014011	8.1
515	-0.554679	211.958859	0.004398	8.5
516	-0.463438	211.752673	0.005421	8.3
517	-0.000000	211.547021	0.000000	9.2
518	-0.592775	211.341902	0.004988	8.9
519	-0.000000	211.137311	0.000000	8.5
520	0.000000	210.933248	0.000000	9.0
521	0.000000	210.729710	0.000000	8.8
522	-0.037427	210.526695	0.000825	9.6
523	-0.638185	210.324200	0.006180	7.8
524	-0.238787	210.122224	0.003844	8.9
525	-0.118125	209.920765	0.002595	8.3
526	-0.725640	209.719820	0.009047	9.0
527	-0.046002	209.519387	0.000614	7.9
528	-0.017226	209.319463	0.000233	9.2
529	-0.282184	209.120048	0.005152	7.9
530	-0.893922	208.921139	0.006460	9.0
531	-0.417799	208.722733	0.009735	8.1
532	-0.268105	208.524829	0.004302	9.3
533	-0.155861	208.327425	0.003890	8.0
534	-0.783910	208.130518	0.021827	9.0
535	-0.323516	207.934107	0.004578	8.4
536	-0.546894	207.738189	0.005352	8.8
537	-0.000000	207.542762	0.000000	8.5
538	-0.000000	207.347825	0.000000	8.1
539	-0.537158	207.153376	0.014158	8.7
540	-0.374985	206.959412	0.005837	8.3
541	-0.157232	206.765932	0.003288	8.9
542	-0.000000	206.572933	0.000000	8.1
543	-0.050606	206.380414	0.002043	9.2
544	-0.683628	206.188373	0.006371	7.9
545	-0.694332	205.996807	0.008404	9.2
546	0.000000	205.805716	0.000000	8.4
547	-0.640316	205.615096	0.015969	9.5
548	-0.662104	205.424946	0.013984	8.0
549	-0.875405	205.235265	0.012474	9.4
550	-0.970306	205.046050	0.012050	8.0
551	-0.285843	204.857299	0.006416	10.0
552	0.000000	204.669011	0.000000	8.4
553	-0.795528	204.481184	0.007761	9.0
554	-0.007884	204.293816	0.000619	8.6
555	-0.000001	204.106905	0.000000	8.5
556	-0.000000	203.920449	0.000000	9.1
557	-0.330202	203.734447	0.003932	8.2
558	-0.799785	203.548896	0.006921	9.2
559	-0.887543	203.363795	0.011326	9.5
560	-0.684416	203.179143	0.009076	9.5
561	-0.000000	202.994937	0.000000	7.6
562	-0.742221	202.811176	0.007435	9.6
563	-0.806728	202.627857	0.006382	7.9
564	-0.354655	202.444980	0.005109	8.7
565	-0.832439	202.262543	0.007275	8.2
566	-0.987318	202.080543	0.026341	9.0
567	-0.757607	201.898979	0.008007	7.9
568	-0.000436	201.717849	0.000138	8.7
569	-0.159647	201.537153	0.004243	8.0
570	-0.866060	201.356887	0.009842	9.3
571	-0.090932	201.177050	0.000887	7.4
572	-0.702892	200.997642	0.005003	9.1
573	-0.820328	200.818659	0.006891	8.5
574	-0.658539	200.640100	0.006342	8.6
575	-0.000000	200.461965	0.000000	8.4
576	-0.742418	200.284250	0.010993	8.7
577	-0.936305	200.106955	0.011314	9.2
578	-0.726033	199.930078	0.007283	7.9
579	-0.804256	199.753617	0.013521	8.9
580	0.000000	199.577571	0.000000	8.3
581	-0.753217	199.401938	0.006007	9.2
582	-0.575340	199.226717	0.005795	8.0
583	-0.383595	199.051905	0.005869	9.0
584	-0.590947	198.877502	0.008458	8.1
585	-0.768673	198.703506	0.005698	9.4
586	-0.000000	198.529916	0.000000	8.4
587	-0.000000	198.356729	0.000000	8.7
588	-0.969411	198.183944	0.013575	8.1
589	-0.906297	198.011560	0.009549	9.0
590	-0.574995	197.839576	0.005495	8.3
591	-0.000000	197.667989	0.000000	8.7
592	-0.223850	197.496798	0.003413	8.7
593	-0.545125	197.326002	0.006709	9.0
594	-0.746019	197.155600	0.010028	8.7
595	-0.519783	196.985589	0.007657	8.8
596	-0.418938	196.815969	0.004806	8.5
597	-0.409402	196.646738	0.005382	8.8
598	-0.827834	196.477894	0.012780	9.2
599	-0.000223	196.309436	0.000021	7.9
600	-0.343844	196.141363	0.013715	9.4
601	-0.846107	195.973673	0.009413	8.4
602	-0.747961	195.806365	0.006693	9.0
603	-0.002518	195.639437	0.000037	8.0
604	-0.879527	195.472888	0.008072	9.0
605	-0.106709	195.306717	0.001571	8.0
606	-0.000000	195.140922	0.000000	8.9
607	-0.399077	194.975501	0.004125	8.0
608	-0.566820	194.810454	0.006224	9.4
609	-0.414987	194.645779	0.008136	8.4
610	-0.889127	194.481475	0.007220	8.9
611	-0.318135	194.317540	0.004624	7.9
612	-0.482735	194.153973	0.008371	9.1
613	-0.301950	193.990773	0.003555	8.3
614	-0.683496	193.827938	0.009217	8.5
615	-0.018390	193.665467	0.000509	7.6
616	-0.000000	193.503358	0.000000	8.4
617	-0.732646	193.341611	0.005945	8.1
618	-0.643327	193.180224	0.006658	8.4
619	-0.000000	193.019196	0.000000	8.4
620	-0.545208	192.858525	0.003825	8.6
621	-0.571105	192.698210	0.018148	8.5
622	-0.671016	192.538251	0.005763	9.8
623	-0.091772	192.378644	0.001456	9.1
624	-0.713995	192.219391	0.007530	8.3
625	-0.304677	192.060488	0.009774	9.4
626	-0.000000	191.901935	0.000000	8.8
627	-0.950450	191.743730	0.013048	9.5
628	-0.005423	191.585873	0.000615	8.2
629	-0.537158	191.428362	0.007948	9.4
630	0.000000	191.271196	0.000000	8.4
631	-0.983481	191.114374	0.011625	9.0
632	-0.665806	190.957893	0.006515	8.6
633	-0.230095	190.801755	0.003306	8.5
634	-0.412692	190.645956	0.004627	9.2
635	-0.048079	190.490495	0.001733	8.2
636	-0.409476	190.335373	0.007844	9.2
637	-0.863968	190.180587	0.011013	8.3
638	-0.251715	190.026136	0.002637	8.8
639	-0.227617	189.872019	0.003492	8.0
640	-0.830078	189.718235	0.008319	9.0
641	-0.000000	189.564782	0.000000	8.0
642	-0.692521	189.411661	0.004530	9.1
643	-0.752663	189.258868	0.007379	8.1
644	-0.000020	189.106404	0.000015	8.6
645	-0.943699	188.954267	0.020697	8.0
646	-0.145850	188.802456	0.005920	8.8
647	-0.509128	188.650969	0.004494	9.1
648	-0.087903	188.499807	0.002974	8.5
649	-0.006585	188.348967	0.000101	8.0
650	-0.854374	188.198448	0.008449	8.3
651	-0.537033	188.048250	0.007020	8.2
652	-0.774410	187.898371	0.007478	9.1
653	-0.921189	187.748810	0.012265	7.8
654	-0.347752	187.599566	0.003594	9.3
655	-0.596677	187.450638	0.005803	8.1
656	-0.015718	187.302025	0.001543	8.2
657	-0.359576	187.153725	0.007283	8.3
658	-0.792268	187.005739	0.007499	8.9
659	-0.495725	186.858064	0.004403	8.5
660	-0.000000	186.710699	0.000000	8.2
661	-0.367711	186.563645	0.004179	9.2
662	0.000000	186.416898	0.000000	8.4
663	-0.653748	186.270459	0.009140	9.2
664	-0.437796	186.124326	0.006191	8.0
665	-0.883293	185.978499	0.007398	9.5
666	-0.000000	185.832976	0.000000	8.1
667	-0.785783	185.687756	0.006132	8.5
668	-0.693052	185.542838	0.006654	8.4
669	-0.000000	185.398222	0.000000	8.8
670	-0.764236	185.253906	0.006952	8.4
671	-0.804412	185.109889	0.006651	9.2
672	-0.433200	184.966170	0.005285	8.3
673	-0.019235	184.822748	0.000883	8.6
674	-0.000000	184.679623	0.000000	7.7
675	-0.501381	184.536792	0.004930	8.7
676	-0.005824	184.394256	0.000941	8.1
677	-0.865315	184.252013	0.005823	8.8
678	-0.619549	184.110062	0.008452	8.2
679	0.000000	183.968403	0.000000	8.2
680	-0.000000	183.827034	0.000000	7.4
681	-0.000000	183.685954	0.000000	8.2
682	-0.891953	183.545163	0.016237	8.1
683	-0.751257	183.404658	0.006964	8.9
684	-0.863135	183.264441	0.005944	7.7
685	0.000000	183.124509	0.000000	8.7
686	-0.192054	182.984861	0.006915	7.8
687	-1.032077	182.845497	0.008168	8.9
688	0.000000	182.706416	0.000000	7.9
689	-0.818612	182.567616	0.013399	9.0
690	-0.900012	182.429098	0.008819	8.4
691	-0.000106	182.290859	0.000057	8.1
692	-0.162129	182.152899	0.003241	8.0
693	-0.096744	182.015217	0.004494	8.5
694	-1.018439	181.877813	0.014627	8.7
695	-0.649588	181.740684	0.008643	8.5
696	-0.580352	181.603832	0.005489	8.7
697	-0.959956	181.467253	0.017555	9.4
698	-0.930484	181.330948	0.010164	9.5
699	-0.819154	181.194916	0.004876	8.4
700	-0.011214	181.059155	0.000727	9.1
701	-0.000000	180.923666	0.000000	8.3
702	-0.511375	180.788446	0.005973	8.3
703	-0.015868	180.653496	0.000567	8.1
704	-0.264096	180.518814	0.003215	8.4
705	-0.902525	180.384399	0.010216	7.9
706	-0.000000	180.250251	0.000000	9.1
707	-0.051473	180.116369	0.001469	8.1
708	-0.000000	179.982752	0.000000	8.7
709	-0.820304	179.849398	0.018715	8.2
710	-0.780009	179.716308	0.005346	8.9
711	-0.667437	179.583480	0.005914	8.0
712	0.000000	179.450913	0.000000	8.7
713	-0.414302	179.318607	0.003509	8.0
714	-1.055312	179.186561	0.013669	7.9
715	-0.800852	179.054774	0.008130	8.8
716	-0.360938	178.923245	0.004191	8.5
717	-0.017267	178.791973	0.000188	7.9
718	-0.574807	178.660958	0.005516	9.2
719	0.000000	178.530199	0.000000	7.9
720	-0.918181	178.399694	0.006474	9.1
721	-0.000000	178.269444	0.000000	7.9
722	-0.979990	178.139447	0.005998	9.0
723	-0.144268	178.009702	0.002737	8.4
724	-0.593863	177.880209	0.007250	9.1
725	-0.457729	177.750967	0.004208	8.4
726	-0.816283	177.621975	0.007599	7.9
727	-0.568086	177.493232	0.006123	8.2
728	-0.682236	177.364738	0.005645	8.8
729	-0.273840	177.236492	0.005673	8.4
730	-0.816969	177.108492	0.007743	8.0
731	-0.947988	176.980739	0.004409	8.4
732	-0.409082	176.853231	0.007249	7.9
733	-0.709528	176.725968	0.005703	9.4
734	-0.000081	176.598949	0.000003	8.3
735	-0.691777	176.472173	0.005513	9.1
736	-0.000000	176.345639	0.000000	8.9
737	-0.821308	176.219348	0.006225	9.4
738	-0.901265	176.093296	0.009035	8.3
739	-0.000000	175.967486	0.000000	9.3
740	-0.304198	175.841914	0.004219	8.9
741	-0.859921	175.716581	0.006851	8.9
742	-0.283195	175.591486	0.005848	8.7
743	-0.917160	175.466629	0.007528	8.7
744	-0.594061	175.342008	0.007290	8.9
745	-0.725272	175.217622	0.006257	8.2
746	-0.576752	175.093472	0.005606	8.9
747	-0.226008	174.969556	0.003915	8.0
748	-0.596613	174.845873	0.008246	8.7
749	-0.000000	174.722423	0.000000	8.8
750	-0.000000	174.599206	0.000000	9.1
751	-0.034500	174.476220	0.002337	8.0
752	-0.959366	174.353464	0.008576	8.9
753	-0.340041	174.230939	0.005339	8.1
754	-0.095533	174.108643	0.001219	8.9
755	-0.039785	173.986576	0.002280	7.9
756	-0.933486	173.864737	0.010658	9.0
757	-0.000000	173.743124	0.000000	7.9
758	-0.157255	173.621739	0.005371	8.4
759	-0.742193	173.500579	0.003976	8.3
760	-0.819472	173.379645	0.008947	8.9
761	-0.442102	173.258935	0.006271	8.0
762	-0.037110	173.138449	0.001364	8.3
763	-0.741636	173.018186	0.008133	8.0
764	-0.000000	172.898146	0.000000	9.2
765	-0.012975	172.778327	0.000207	8.0
766	-0.012765	172.658730	0.000531	8.5
767	-1.044784	172.539353	0.008605	8.3
768	-0.000000	172.420196	0.000000	8.4
769	-0.796531	172.301258	0.008090	7.9
770	-0.052727	172.182539	0.002027	8.7
771	-0.730589	172.064037	0.007690	8.1
772	-0.743014	171.945753	0.007323	8.8
773	-0.020230	171.827686	0.001302	7.8
774	-0.769916	171.709834	0.006855	9.3
775	-0.000000	171.592198	0.000000	8.5
776	-0.266301	171.474776	0.003052	8.7
777	-0.665396	171.357568	0.005181	10.2
778	-0.121955	171.240574	0.002708	8.3
779	-0.557675	171.123793	0.014264	9.1
780	-0.345287	171.007223	0.005104	8.4
781	-0.000000	170.890865	0.000000	8.8
782	-0.580186	170.774718	0.005288	7.9
783	-1.018857	170.658782	0.008289	8.7
784	-0.000000	170.543055	0.000000	8.3
785	-0.495203	170.427537	0.008640	8.5
786	-0.770171	170.312227	0.007075	8.5
787	-0.000000	170.197125	0.000000	9.0
788	-0.000000	170.082231	0.000000	8.0
789	-0.009186	169.967543	0.000378	8.3
790	-0.057498	169.853061	0.001830	8.1
791	-0.562673	169.738784	0.006447	8.8
792	-0.527090	169.624713	0.014696	7.8
793	-0.036458	169.510845	0.002302	8.9
794	-0.002576	169.397181	0.000060	8.3
795	-0.150008	169.283720	0.002483	8.3
796	-0.514666	169.170462	0.008739	8.0
797	-0.934570	169.057405	0.007806	9.2
798	-0.619312	168.944549	0.009676	8.4
799	-0.926105	168.831895	0.008838	8.6
800	-0.891158	168.719440	0.009449	7.9
801	-0.754689	168.607185	0.005613	8.5
802	-0.436891	168.495129	0.003773	7.9
803	-0.939710	168.383271	0.008249	8.6
804	-0.524318	168.271611	0.003718	8.1
805	-0.000000	168.160148	0.000000	9.8
806	-0.000005	168.048882	0.000001	9.5
807	-0.920870	167.937812	0.016067	8.3
808	-0.361600	167.826938	0.005027	9.3
809	-0.006626	167.716258	0.000295	8.0
810	-0.940492	167.605773	0.007985	9.0
811	-0.000000	167.495482	0.000000	8.5
812	-0.692110	167.385384	0.006571	9.2
813	-0.402747	167.275479	0.003890	8.1
814	-0.375608	167.165766	0.008331	9.3
815	-0.863485	167.056245	0.006357	8.3
816	-0.866335	166.946915	0.005688	9.1
817	-0.755499	166.837776	0.005643	8.2
818	-0.842006	166.728826	0.006506	9.0
819	-0.125804	166.620067	0.002326	8.1
820	-0.000000	166.511496	0.000000	8.5
821	-0.000000	166.403113	0.000000	8.5
822	-0.719681	166.294919	0.005329	9.0
823	-0.545189	166.186912	0.003769	8.6
824	-0.753108	166.079091	0.007361	8.2
825	-0.828753	165.971458	0.005320	8.9
826	-0.519239	165.864009	0.004418	7.9
827	-0.619392	165.756747	0.007263	9.0
828	-0.655725	165.649669	0.005954	8.4
829	-0.509286	165.542775	0.006225	8.4
830	-0.000000	165.436065	0.000000	8.1
831	-0.671617	165.329538	0.004924	9.2
832	-0.671485	165.223194	0.004301	8.3
833	-0.000000	165.117032	0.000000	8.9
834	-0.729538	165.011052	0.006096	8.5
835	-0.000000	164.905253	0.000000	8.8
836	-1.001026	164.799635	0.006233	8.8
837	-0.487542	164.694197	0.006624	8.9
838	-0.890947	164.588939	0.008617	8.0
839	-0.817849	164.483859	0.008439	8.9
840	-0.000000	164.378959	0.000000	7.6
841	0.000000	164.274237	0.000000	8.3
842	-0.822428	164.169692	0.004419	8.1
843	-0.000000	164.065325	0.000000	8.7
844	-0.747429	163.961135	0.006060	8.1
845	-0.570511	163.857120	0.004804	8.7
846	-0.000000	163.753282	0.000000	8.0
847	-0.146396	163.649619	0.002689	8.8
848	-0.922975	163.546130	0.008820	8.2
849	-0.000000	163.442816	0.000000	9.1
850	-0.814118	163.339676	0.005979	8.7
851	-0.491002	163.236709	0.005475	8.4
852	-0.841932	163.133915	0.007248	9.2
853	-0.078531	163.031294	0.001885	8.9
854	-0.891153	162.928844	0.015569	9.2
855	-0.656061	162.826566	0.006020	9.4
856	-0.570619	162.724459	0.005630	9.3
857	-0.589504	162.622523	0.006431	7.9
858	-0.000000	162.520757	0.000000	9.0
859	-0.987524	162.419160	0.008223	7.9
860	-0.000000	162.317733	0.000000	8.0
861	0.000000	162.216474	0.000000	7.5
862	-0.391314	162.115383	0.002678	9.5
863	-0.894964	162.014461	0.021992	8.3
864	-0.000000	161.913705	0.000000	9.1
865	-0.492170	161.813117	0.005677	7.8
866	-0.448821	161.712695	0.005436	9.7
867	-0.000000	161.612439	0.000000	8.3
868	-0.040372	161.512349	0.000540	8.4
869	-0.589715	161.412424	0.005267	8.6
870	-0.000000	161.312663	0.000000	8.2
871	-0.820819	161.213067	0.016385	9.0
872	-0.601727	161.113635	0.008801	8.1
873	-0.551389	161.014366	0.005453	9.2
874	-0.368663	160.915260	0.005729	8.8
875	-0.855418	160.816316	0.008385	8.9
876	-0.091171	160.717535	0.001798	8.3
877	-0.398547	160.618915	0.003720	8.8
878	-0.011869	160.520456	0.000200	8.0
879	-0.148745	160.422158	0.003825	9.0
880	-0.053904	160.324021	0.001219	8.1
881	-0.268185	160.226043	0.006111	8.3
882	-0.164583	160.128225	0.003111	8.0
883	-0.000000	160.030566	0.000000	8.9
884	-0.000000	159.933066	0.000000	8.4
885	-0.179315	159.835723	0.002244	8.7
886	-0.839226	159.738539	0.008841	8.0
887	-0.759575	159.641512	0.007267	8.3
888	-0.072185	159.544642	0.001568	8.1
889	-0.637466	159.447929	0.006028	9.0
890	-0.000000	159.351372	0.000000	8.2
891	-0.654278	159.254971	0.005451	9.0
892	-0.512469	159.158725	0.003804	8.5
893	-0.814462	159.062634	0.006762	8.7
894	-0.000000	158.966697	0.000000	8.7
895	-0.055584	158.870915	0.001477	8.7
896	-0.912868	158.775286	0.007496	8.8
897	-0.000000	158.679811	0.000000	9.2
898	-0.950764	158.584489	0.006889	9.0
899	-0.499843	158.489319	0.004310	8.4
900	-0.119587	158.394302	0.003826	8.9
901	-0.511744	158.299436	0.004707	8.2
902	-0.805886	158.204721	0.011192	9.0
903	-0.489274	158.110158	0.003884	8.1
904	-0.963687	158.015745	0.008053	8.3
905	-0.779838	157.921482	0.006847	7.9
906	-0.764393	157.827369	0.015717	9.2
907	-0.821009	157.733406	0.004338	8.0
908	-0.781735	157.639591	0.008144	9.2
909	-0.739980	157.545925	0.006062	8.0
910	-0.000000	157.452408	0.000000	8.7
911	-1.006909	157.359038	0.011959	8.5
912	-0.553053	157.265816	0.006737	9.4
913	0.000000	157.172741	0.000000	8.9
914	-0.344636	157.079813	0.003224	8.4
915	-0.000000	156.987031	0.000000	8.5
916	-0.635933	156.894395	0.009242	8.5
917	-0.000000	156.801904	0.000000	8.6
918	-0.376671	156.709559	0.004269	8.0
919	-0.391761	156.617359	0.002879	8.9
920	-0.989211	156.525304	0.012630	8.0
921	-0.875631	156.433392	0.005837	9.2
922	-0.747426	156.341624	0.005309	9.8
923	-0.526723	156.250000	0.004048	9.4
924	-0.592171	156.158519	0.004830	8.2
925	-1.048188	156.067180	0.008086	9.1
926	-1.015600	155.975984	0.013664	8.4
927	-0.736738	155.884930	0.005473	9.2
928	-0.423173	155.794017	0.004589	8.3
929	-0.845180	155.703246	0.010100	8.7
930	-0.000000	155.612615	0.000000	8.6
931	-0.697386	155.522125	0.008731	8.7
932	-0.000000	155.431775	0.000000	9.0
933	-0.389208	155.341565	0.005908	9.3
934	-0.949673	155.251495	0.006061	11.4
935	-0.135278	155.161563	0.004059	10.2
936	-0.370619	155.071771	0.005634	8.9
937	-0.052478	154.982117	0.001839	8.9
938	-0.000000	154.892601	0.000000	9.1
939	-0.663453	154.803222	0.005038	10.5
940	-0.996283	154.713981	0.011235	9.3
941	-0.776277	154.624878	0.005616	10.6
942	-0.000000	154.535910	0.000000	10.5
943	-0.000838	154.447080	0.000174	9.2
944	-0.953162	154.358385	0.008097	10.1
945	-0.000047	154.269826	0.000003	10.0
946	-0.671009	154.181402	0.005910	10.4
947	-0.000000	154.093114	0.000000	10.6
948	-0.060855	154.004960	0.002409	8.7
949	-0.000000	153.916940	0.000000	9.5
950	-0.473310	153.829054	0.009663	9.7
951	-0.082791	153.741303	0.001739	9.2
952	-0.523938	153.653684	0.003817	8.6
953	-0.931309	153.566198	0.013555	9.2
954	-0.481527	153.478846	0.004950	8.3
955	-0.468530	153.391625	0.005171	8.4
956	-0.663138	153.304537	0.007254	9.5
957	-0.878063	153.217580	0.007522	9.6
958	-0.710076	153.130755	0.005875	9.0
959	-0.000000	153.044061	0.000000	8.2
960	-0.588155	152.957498	0.006802	9.0
961	-0.005868	152.871065	0.000092	8.2
962	-0.000000	152.784762	0.000000	9.3
963	-0.751563	152.698589	0.010824	7.9
964	-0.778196	152.612545	0.005266	8.7
965	-0.523167	152.526631	0.006806	8.6
966	-0.832096	152.440845	0.008246	8.5
967	-0.683324	152.355188	0.005386	8.2
968	-0.978891	152.269660	0.006882	10.4
969	-0.800180	152.184259	0.006899	9.6
970	-0.000000	152.098986	0.000000	8.7
971	-1.017531	152.013840	0.006357	9.1
972	-0.044634	151.928821	0.001142	8.0
973	-0.477048	151.843928	0.004595	8.9
974	-0.987760	151.759163	0.008116	8.0
975	-0.000000	151.674523	0.000000	8.7
976	-0.524775	151.590009	0.006164	7.8
977	-0.609121	151.505620	0.005703	8.7
978	-0.454610	151.421357	0.006444	8.1
979	-0.146714	151.337218	0.003188	9.1
980	-0.665400	151.253204	0.007905	7.9
981	-0.327109	151.169314	0.005849	9.7
982	-0.893134	151.085549	0.010464	8.5
983	-0.877340	151.001907	0.005079	9.0
984	-0.695030	150.918388	0.005975	8.1
985	-1.225999	150.834992	0.020649	9.6
986	-0.493350	150.751719	0.009991	8.8
987	-0.942122	150.668569	0.007793	8.2
988	-0.532433	150.585541	0.004620	8.9
989	-0.000000	150.502634	0.000000	8.5
990	-0.000000	150.419849	0.000000	8.6
991	-0.440429	150.337186	0.006659	8.9
992	-0.760822	150.254644	0.005665	9.0
993	-0.331760	150.172222	0.002990	8.2
994	-0.469592	150.089921	0.004010	8.5
995	-0.022253	150.007740	0.000177	9.5
996	-0.048249	149.925679	0.001124	9.1
997	-0.886440	149.843737	0.006144	8.3
998	-0.355281	149.761915	0.003106	8.0
999	-0.634847	149.680212	0.013178	8.0
1000	-0.727647	149.598627	0.008586	9.3
1001	-0.438771	149.517161	0.004118	8.0
1002	-0.000000	149.435814	0.000000	9.0
1003	-0.000000	149.354584	0.000000	8.3
1004	-0.000000	149.273472	0.000000	8.7
1005	-0.768636	149.192477	0.007468	8.2
1006	-0.000000	149.111599	0.000000	9.4
1007	-0.002512	149.030838	0.000052	8.8
1008	-0.000000	148.950194	0.000000	8.2
1009	-0.141224	148.869666	0.004564	8.6
1010	-0.118957	148.789253	0.001473	8.3
1011	-0.854498	148.708957	0.006813	8.5
1012	-0.289678	148.628776	0.011862	8.1
1013	-0.000322	148.548710	0.000059	9.7
1014	-0.289524	148.468759	0.002620	8.5
1015	-0.000000	148.388923	0.000000	9.0
1016	-0.717863	148.309201	0.007471	8.5
1017	-0.604339	148.229594	0.004704	9.5
1018	-0.000146	148.150100	0.000014	8.4
1019	-0.000000	148.070719	0.000000	8.8
1020	-0.898927	147.991452	0.006132	8.7
1021	-0.000003	147.912298	0.000001	8.8
1022	-0.987803	147.833257	0.006755	8.5
1023	-0.099531	147.754329	0.003080	8.7
1024	-0.000000	147.675512	0.000000	8.6
1025	-0.884795	147.596808	0.013091	8.4
1026	-0.000000	147.518216	0.000000	8.2
1027	-0.001446	147.439735	0.000198	8.2
1028	-0.753949	147.361365	0.007884	8.4
1029	-0.000000	147.283106	0.000000	8.6
1030	-0.000000	147.204958	0.000000	8.2
1031	-0.884626	147.126920	0.008867	8.4
1032	-0.508671	147.048993	0.005622	8.8
1033	-0.778412	146.971175	0.004690	9.2
1034	-0.153497	146.893468	0.004844	9.2
1035	-0.669677	146.815869	0.005097	8.3
1036	-0.645417	146.738380	0.006488	9.1
1037	-0.000000	146.661000	0.000000	8.2
1038	-0.787084	146.583729	0.007241	9.0
1039	-0.185336	146.506566	0.004536	8.1
1040	-0.025708	146.429511	0.000906	8.9
1041	-0.806082	146.352565	0.007327	8.6
1042	-0.999618	146.275726	0.012264	8.8
1043	-1.037039	146.198994	0.010265	7.9
1044	-0.960863	146.122370	0.005174	8.8
1045	-0.650762	146.045853	0.005981	8.7
1046	-0.532843	145.969442	0.005374	9.2
1047	-0.665261	145.893139	0.006028	8.6
1048	-1.001180	145.816941	0.011029	8.2
1049	-0.870674	145.740849	0.005269	9.0
1050	-0.498576	145.664863	0.004660	8.6
1051	-0.000000	145.588983	0.000000	9.0
1052	-0.777915	145.513208	0.005833	8.5
1053	-0.465754	145.437538	0.004659	10.0
1054	-0.004198	145.361973	0.000171	8.3
1055	-0.823931	145.286513	0.004529	8.7
1056	-0.387089	145.211157	0.006118	8.5
1057	-0.407024	145.135905	0.004875	8.9
1058	-0.417497	145.060757	0.007792	8.2
1059	-0.546409	144.985712	0.006373	8.7
1060	0.000000	144.910771	0.000000	7.9
1061	-0.259052	144.835934	0.008672	8.6
1062	-0.598992	144.761199	0.006353	8.1
1063	-0.840511	144.686567	0.007369	8.9
1064	-0.964989	144.612037	0.009145	7.8
1065	-0.000000	144.537610	0.000000	8.7
1066	-0.493303	144.463285	0.003862	8.0
1067	-0.046604	144.389062	0.001697	8.2
1068	-0.776838	144.314940	0.009228	8.1
1069	-0.621109	144.240920	0.005640	9.4
1070	-0.136149	144.167001	0.003086	8.1
1071	-0.009182	144.093182	0.000193	8.3
1072	-0.705519	144.019465	0.005409	9.3
1073	-0.834065	143.945848	0.017966	8.2
1074	-0.258209	143.872331	0.004370	8.4
1075	-0.779465	143.798914	0.006988	8.2
1076	-0.948665	143.725597	0.005628	8.9
1077	-0.663909	143.652380	0.006676	8.4
1078	-0.949031	143.579262	0.010681	8.4
1079	-0.735337	143.506243	0.007992	8.6
1080	-0.714659	143.433323	0.007542	8.9
1081	-0.360166	143.360502	0.007759	7.7
1082	-0.867511	143.287780	0.006959	9.0
1083	-0.770907	143.215155	0.007506	31.0
1084	-0.521398	143.142629	0.004350	16.5
1085	-0.860543	143.070201	0.008725	9.9
1086	-0.710381	142.997870	0.008374	12.1
1087	-0.000000	142.925637	0.000000	8.9
1088	-0.707372	142.853501	0.010840	8.8
1089	-0.337444	142.781462	0.003636	9.1
1090	-0.902565	142.709519	0.007952	9.8
1091	-0.860797	142.637674	0.012084	9.8
1092	-0.369250	142.565924	0.003899	8.7
1093	-0.018668	142.494271	0.000902	9.1
1094	-0.136739	142.422714	0.004353	8.1
1095	-0.869592	142.351252	0.004437	9.3
1096	-0.000000	142.279886	0.000000	8.2
1097	-1.001606	142.208616	0.006441	8.7
1098	-0.000000	142.137440	0.000000	8.7
1099	-0.853202	142.066360	0.009034	8.0
1100	-0.088480	141.995374	0.003358	8.6
1101	-0.154612	141.924483	0.002893	8.3
1102	-0.714843	141.853685	0.006248	9.2
1103	-0.611595	141.782983	0.006951	9.5
1104	-0.732703	141.712373	0.005585	9.0
1105	-0.968451	141.641858	0.006050	8.2
1106	-0.000000	141.571436	0.000000	9.1
1107	-0.229017	141.501108	0.003175	7.9
1108	-0.479224	141.430872	0.007959	8.3
1109	-0.526750	141.360730	0.005890	8.9
1110	-0.000000	141.290680	0.000000	8.4
1111	-0.941680	141.220722	0.004724	8.0
1112	-0.502013	141.150857	0.005755	9.3
1113	-0.000000	141.081084	0.000000	7.9
1114	-0.919784	141.011403	0.006485	9.3
1115	-0.415083	140.941813	0.004789	8.3
1116	-0.587447	140.872315	0.004723	8.4
1117	-0.554346	140.802909	0.004820	7.8
1118	-0.337083	140.733593	0.003674	9.2
1119	-0.000000	140.664369	0.000000	8.1
1120	-0.584351	140.595235	0.006655	8.2
1121	-0.000000	140.526192	0.000000	8.3
1122	-0.389521	140.457239	0.007099	8.1
1123	-0.000000	140.388376	0.000000	8.3
1124	-0.477020	140.319603	0.004969	9.2
1125	-0.003805	140.250920	0.000070	8.3
1126	-0.698829	140.182326	0.006336	8.7
1127	-0.000000	140.113822	0.000000	8.8
1128	-0.376518	140.045407	0.004457	8.0
1129	-0.756580	139.977081	0.006101	8.8
1130	-0.000000	139.908844	0.000000	7.7
1131	-0.000000	139.840696	0.000000	8.4
1132	-0.456831	139.772635	0.006422	8.1
1133	-0.086419	139.704664	0.002021	8.6
1134	-0.355201	139.636780	0.004460	7.6
1135	-0.859790	139.568984	0.009709	8.6
1136	-0.000000	139.501276	0.000000	8.5
1137	-0.640917	139.433655	0.006871	9.3
1138	-0.919307	139.366122	0.006868	8.2
1139	-1.087558	139.298676	0.009480	9.2
1140	-0.654669	139.231317	0.005556	8.6
1141	-0.776735	139.164045	0.009491	9.3
1142	-0.566161	139.096859	0.004576	8.1
1143	-1.059082	139.029760	0.019165	9.0
1144	0.000000	138.962747	0.000000	8.3
1145	-0.706307	138.895820	0.005219	8.4
1146	-0.000000	138.828978	0.000000	8.4
1147	-0.000000	138.762223	0.000000	8.6
1148	-0.289329	138.695553	0.002933	7.9
1149	-0.011546	138.628969	0.000338	8.9
1150	-0.979011	138.562469	0.008555	8.1
1151	-0.000000	138.496055	0.000000	8.7
1152	-0.764859	138.429725	0.007906	8.2
1153	-0.516990	138.363481	0.004266	9.3
1154	-0.000000	138.297320	0.000000	8.6
1155	-0.000000	138.231244	0.000000	8.2
1156	-0.084211	138.165252	0.002344	8.7
1157	-0.822577	138.099344	0.004209	8.1
1158	-0.008799	138.033520	0.000643	9.2
1159	-0.395230	137.967779	0.003379	7.9
1160	-0.000879	137.902122	0.000087	8.5
1161	-0.001005	137.836548	0.000036	7.9
1162	-0.000000	137.771057	0.000000	9.0
1163	-0.385558	137.705649	0.005415	7.8
1164	-0.784758	137.640324	0.008780	9.3
1165	-0.988278	137.575081	0.006913	8.5
1166	-0.962229	137.509921	0.012304	8.5
1167	-0.040266	137.444842	0.001237	7.9
1168	-0.842465	137.379846	0.003615	8.9
1169	-0.290262	137.314932	0.002907	8.4
1170	-0.687340	137.250100	0.009820	9.3
1171	-0.000000	137.185349	0.000000	8.1
1172	-0.491932	137.120680	0.005504	8.2
1173	-0.875576	137.056092	0.009705	8.1
1174	-0.562804	136.991585	0.006039	9.0
1175	-0.002034	136.927158	0.000109	8.4
1176	-0.000000	136.862813	0.000000	9.2
1177	-0.002113	136.798548	0.000048	8.4
1178	-0.988817	136.734363	0.024286	8.9
1179	-0.000000	136.670259	0.000000	8.0
1180	-1.053722	136.606235	0.030273	8.7
1181	-0.653962	136.542291	0.005874	8.5
1182	-0.450011	136.478426	0.005916	8.5
1183	-0.698902	136.414641	0.004513	8.6
1184	-0.593370	136.350936	0.006046	8.0
1185	-0.495554	136.287310	0.003621	8.5
1186	-0.930886	136.223763	0.011237	8.0
1187	-0.000687	136.160295	0.000043	8.7
1188	-0.368115	136.096905	0.007080	8.5
1189	-1.024562	136.033594	0.010494	8.8
1190	-0.937848	135.970362	0.005534	9.5
1191	-0.665278	135.907208	0.009199	9.1
1192	-0.000041	135.844133	0.000001	7.7
1193	-0.219533	135.781135	0.005200	9.5
1194	-0.019601	135.718215	0.000799	9.2
1195	-0.007251	135.655373	0.000278	8.5
1196	-0.935888	135.592608	0.006162	8.1
1197	-0.006888	135.529921	0.000317	8.7
1198	-0.793663	135.467311	0.006700	8.0
1199	-0.897123	135.404778	0.006906	8.6
1200	-0.682866	135.342322	0.009206	8.0
1201	-0.000000	135.279942	0.000000	8.3
1202	-0.005521	135.217640	0.000067	8.2
1203	-0.658691	135.155413	0.007956	8.2
1204	-0.000001	135.093263	0.000000	8.5
1205	-0.310466	135.031190	0.004847	8.9
1206	-0.312112	134.969192	0.005140	8.2
1207	-0.033101	134.907270	0.001436	8.3
1208	-0.646445	134.845424	0.008584	8.7
1209	-0.015463	134.783653	0.000215	8.2
1210	-0.000000	134.721958	0.000000	8.4
1211	-0.000000	134.660338	0.000000	7.7
1212	-0.216012	134.598793	0.002369	8.2
1213	-0.019249	134.537323	0.001494	8.4
1214	-0.895808	134.475927	0.006571	8.3
1215	-0.626104	134.414607	0.006154	9.4
1216	-0.939736	134.353361	0.006856	9.1
1217	-0.856583	134.292189	0.010615	8.5
1218	-1.038675	134.231092	0.024530	9.2
1219	-0.000000	134.170068	0.000000	8.1
1220	-0.001447	134.109119	0.000097	9.0
1221	-0.686937	134.048243	0.006011	7.9
1222	-0.462735	133.987441	0.007195	9.0
1223	-0.000000	133.926713	0.000000	8.1
1224	-1.018433	133.866057	0.007266	8.3
1225	-0.655669	133.805475	0.008180	8.0
1226	-0.000000	133.744966	0.000000	8.5
1227	-0.891249	133.684530	0.005014	8.5
1228	-0.000000	133.624167	0.000000	8.8
1229	-1.001011	133.563877	0.006733	8.3
1230	-0.486500	133.503658	0.006553	8.9
1231	-0.355041	133.443513	0.007026	8.0
1232	-0.000000	133.383439	0.000000	8.6
1233	-0.902680	133.323437	0.005201	8.1
1234	-0.718315	133.263508	0.006143	9.3
1235	-0.003855	133.203650	0.000164	7.8
1236	-0.977492	133.143864	0.008007	8.6
1237	-0.846819	133.084149	0.005417	8.0
1238	-0.000000	133.024506	0.000000	8.8
1239	-0.864657	132.964934	0.006602	8.1
1240	-0.510685	132.905433	0.009199	8.8
1241	-1.127629	132.846003	0.009943	7.9
1242	-0.000000	132.786643	0.000000	8.8
1243	-0.225698	132.727355	0.002346	7.8
1244	-0.731316	132.668137	0.006241	8.4
1245	0.000000	132.608989	0.000000	8.4
1246	-0.569187	132.549912	0.005669	8.5
1247	-0.883268	132.490904	0.006973	8.5
1248	-0.596754	132.431967	0.005889	8.0
1249	-0.000000	132.373100	0.000000	8.4
1250	-0.822178	132.314302	0.007564	7.9
1251	-0.671972	132.255574	0.005453	8.8
1252	-0.768703	132.196916	0.007716	9.6
1253	-0.000000	132.138326	0.000000	9.2
1254	-0.000000	132.079806	0.000000	8.2
1255	-0.004005	132.021355	0.000110	9.0
1256	-0.918235	131.962973	0.011471	8.2
1257	-0.777085	131.904660	0.006757	9.5
1258	-0.000000	131.846415	0.000000	7.9
1259	-0.182961	131.788239	0.004239	8.6
1260	-0.659288	131.730131	0.009265	8.0
1261	-0.556541	131.672092	0.006526	8.4
1262	-0.000000	131.614121	0.000000	8.0
1263	-0.701115	131.556217	0.009310	9.0
1264	-0.727901	131.498382	0.013457	7.9
1265	-0.428013	131.440614	0.005339	9.2
1266	-0.092440	131.382914	0.001359	8.2
1267	-0.000000	131.325282	0.000000	8.4
1268	-0.000000	131.267717	0.000000	8.1
1269	-0.820953	131.210219	0.010188	8.8
1270	-0.553382	131.152788	0.007965	7.8
1271	-0.000000	131.095424	0.000000	8.4
1272	-0.000000	131.038127	0.000000	7.9
1273	-0.796023	130.980897	0.005928	8.2
1274	-0.917392	130.923733	0.007435	8.3
1275	-0.001605	130.866636	0.000425	9.3
1276	-0.817833	130.809605	0.011296	8.5
1277	-0.085751	130.752641	0.002510	8.8
1278	-0.899507	130.695742	0.006245	8.3
1279	-0.481715	130.638910	0.003615	8.6
1280	-0.948413	130.582143	0.008322	8.6
1281	-0.797028	130.525442	0.003461	7.9
1282	-0.000000	130.468807	0.000000	9.0
1283	-0.987068	130.412237	0.010563	8.0
1284	-0.061414	130.355733	0.001774	8.6
1285	-0.000000	130.299294	0.000000	8.0
1286	-0.646055	130.242920	0.007286	9.3
1287	-0.278383	130.186611	0.004703	8.5
1288	-0.738403	130.130366	0.006520	9.0
1289	-0.019136	130.074187	0.000622	9.0
1290	-1.046658	130.018072	0.005426	9.4
1291	-0.000000	129.962022	0.000000	8.1
1292	-0.565544	129.906036	0.003507	9.0
1293	-0.277952	129.850114	0.003344	8.5
1294	-0.167467	129.794257	0.003752	8.9
1295	-0.983216	129.738463	0.007643	8.2
1296	-0.778671	129.682734	0.007124	8.1
1297	-0.955422	129.627068	0.006483	8.7
1298	-0.944180	129.571466	0.005434	8.4
1299	-0.663897	129.515927	0.006673	8.5
1300	-0.301967	129.460452	0.003041	8.8
1301	-0.000000	129.405040	0.000000	8.6
1302	-0.707272	129.349692	0.005467	8.6
1303	-0.410330	129.294406	0.004302	9.1
1304	-0.000000	129.239183	0.000000	7.9
1305	-0.078418	129.184024	0.002352	8.5
1306	-0.000010	129.128927	0.000001	8.4
1307	-0.519455	129.073892	0.004300	8.4
1308	-0.877251	129.018921	0.008648	8.0
1309	-0.000000	128.964011	0.000000	9.4
1310	-0.846962	128.909164	0.005529	8.4
1311	-0.000955	128.854379	0.000010	9.6
1312	-0.000000	128.799656	0.000000	7.8
1313	-0.589617	128.744995	0.004747	8.9
1314	-0.000000	128.690396	0.000000	8.8
1315	-0.000000	128.635858	0.000000	8.7
1316	-0.744475	128.581382	0.006473	8.3
1317	-0.986156	128.526968	0.007651	8.2
1318	-0.294494	128.472615	0.003164	8.5
1319	-0.518595	128.418323	0.006102	9.0
1320	-0.884799	128.364092	0.009762	8.4
1321	-0.631292	128.309922	0.006156	8.6
1322	-0.896308	128.255814	0.006130	9.1
1323	-0.184172	128.201766	0.003375	8.5
1324	-0.057243	128.147778	0.002253	9.4
1325	-0.025952	128.093852	0.001424	8.1
1326	-0.760781	128.039985	0.006008	9.2
1327	-0.110760	127.986180	0.002819	8.7
1328	-0.924647	127.932434	0.005429	8.4
1329	-0.000000	127.878749	0.000000	8.3
1330	-0.000000	127.825123	0.000000	8.5
1331	0.000000	127.771558	0.000000	8.3
1332	-0.427783	127.718052	0.005514	9.3
1333	-0.000862	127.664606	0.000127	8.2
1334	-0.531944	127.611220	0.004319	8.2
1335	-0.487338	127.557893	0.003465	8.1
1336	-0.000000	127.504625	0.000000	8.6
1337	-0.040559	127.451417	0.000442	8.2
1338	-0.503866	127.398268	0.004705	9.0
1339	-0.000000	127.345178	0.000000	7.6
1340	-0.220886	127.292147	0.004304	9.2
1341	-1.109967	127.239175	0.008028	8.1
1342	-0.488704	127.186261	0.005848	8.7
1343	-0.021694	127.133407	0.000739	8.0
1344	-0.577164	127.080610	0.007463	9.0
1345	-0.442056	127.027872	0.004660	8.2
1346	-0.867168	126.975193	0.009504	8.5
1347	-0.000000	126.922572	0.000000	7.8
1348	-0.463655	126.870008	0.006297	8.5
1349	-0.710742	126.817503	0.007001	7.9
1350	-0.255075	126.765056	0.004555	9.3
1351	-0.000000	126.712667	0.000000	8.5
1352	-0.000000	126.660335	0.000000	8.7
1353	-0.082834	126.608061	0.002154	9.1
1354	-0.050380	126.555844	0.002263	8.3
1355	-0.561425	126.503685	0.006193	9.3
1356	-0.564947	126.451583	0.006081	8.1
1357	-0.000000	126.399538	0.000000	8.9
1358	-0.000000	126.347550	0.000000	8.3
1359	-1.038233	126.295619	0.009065	9.5
1360	-0.037955	126.243745	0.000730	8.2
1361	-0.606846	126.191928	0.006239	9.2
1362	-0.781798	126.140168	0.006304	8.0
1363	-0.422943	126.088464	0.005398	8.5
1364	-0.505603	126.036817	0.005393	7.9
1365	-0.114863	125.985226	0.001255	8.7
1366	-0.609528	125.933691	0.008177	8.3
1367	-0.000000	125.882212	0.000000	8.6
1368	-0.108362	125.830790	0.004744	7.8
1369	-0.155278	125.779423	0.003614	8.7
1370	-0.584851	125.728113	0.006301	8.1
1371	-0.772936	125.676858	0.007776	9.0
1372	-0.542469	125.625659	0.005626	8.5
1373	-0.463538	125.574515	0.008806	8.3
1374	-0.857433	125.523427	0.006026	8.2
1375	-0.888942	125.472394	0.004425	8.0
1376	-0.184301	125.421417	0.002472	8.3
1377	-0.524047	125.370495	0.006164	8.7
1378	0.000000	125.319628	0.000000	8.3
1379	-0.612997	125.268815	0.006184	8.2
1380	-0.000000	125.218058	0.000000	8.8
1381	-0.810456	125.167356	0.007112	8.0
1382	-0.940795	125.116708	0.012972	9.1
1383	-0.000000	125.066115	0.000000	8.1
1384	-0.798407	125.015576	0.006550	8.8
1385	0.000000	124.965092	0.000000	8.0
1386	-0.013755	124.914662	0.000564	8.7
1387	-0.638049	124.864287	0.005650	7.9
1388	-0.917952	124.813965	0.008958	8.5
1389	-0.598370	124.763698	0.008376	8.5
1390	-0.296164	124.713485	0.003530	9.1
1391	-0.938675	124.663325	0.007313	8.9
1392	-0.920633	124.613219	0.006114	9.4
1393	0.000000	124.563167	0.000000	8.1
1394	-0.517854	124.513168	0.003336	8.5
1395	-0.000000	124.463223	0.000000	8.3
1396	-0.000352	124.413332	0.000008	8.9
1397	-0.000000	124.363493	0.000000	8.0
1398	-0.010466	124.313708	0.000099	8.6
1399	-0.984860	124.263976	0.006035	8.3
1400	-0.000000	124.214297	0.000000	9.1
1401	-0.706516	124.164671	0.007729	8.1
1402	-0.704979	124.115097	0.008225	9.7
1403	-0.501856	124.065577	0.004972	8.5
1404	-0.000000	124.016109	0.000000	8.0
1405	-0.000000	123.966693	0.000000	9.6
1406	-0.719900	123.917330	0.008649	8.1
1407	-0.392232	123.868020	0.005618	9.1
1408	-0.524933	123.818762	0.010535	8.0
1409	-0.000000	123.769556	0.000000	8.3
1410	-0.000000	123.720402	0.000000	7.4
1411	-0.556910	123.671300	0.007383	9.8
1412	-0.497613	123.622250	0.003361	9.3
1413	-0.383635	123.573252	0.003909	9.1
1414	-0.257414	123.524305	0.004746	8.0
1415	-0.592751	123.475411	0.005277	9.6
1416	-0.827438	123.426568	0.007015	8.3
1417	-0.682352	123.377776	0.005427	8.8
1418	-0.000000	123.329036	0.000000	7.9
1419	-0.000000	123.280347	0.000000	8.9
1420	-0.213067	123.231709	0.005351	8.2
1421	-0.921421	123.183122	0.012895	8.5
1422	-0.763556	123.134587	0.007942	7.9
1423	-0.879589	123.086102	0.006158	8.5
1424	-0.343336	123.037669	0.003817	8.3
1425	-0.804551	122.989286	0.004033	9.4
1426	-0.040043	122.940954	0.001542	9.2
1427	-0.672912	122.892672	0.004731	9.6
1428	-0.494781	122.844441	0.009806	9.7
1429	-0.791022	122.796261	0.011535	9.7
1430	-0.884098	122.748130	0.006299	8.8
1431	-0.860357	122.700050	0.008709	9.0
1432	-0.000000	122.652021	0.000000	9.1
1433	-1.053392	122.604041	0.007122	9.1
1434	-0.924831	122.556111	0.006981	8.6
1435	-0.346355	122.508232	0.005579	9.4
1436	-0.000000	122.460402	0.000000	8.4
1437	-0.022988	122.412622	0.001409	9.6
1438	-0.284954	122.364891	0.004780	8.2
1439	-0.559079	122.317210	0.004725	9.5
1440	-0.420443	122.269579	0.005218	8.1
1441	-0.017997	122.221997	0.000261	9.0
1442	-0.602762	122.174465	0.006893	8.1
1443	-0.528281	122.126981	0.006542	8.5
1444	-0.092494	122.079547	0.002072	8.2
1445	-0.000000	122.032162	0.000000	9.0
1446	-0.855008	121.984826	0.006679	8.5
1447	-0.656089	121.937539	0.006088	8.4
1448	-0.915330	121.890301	0.010431	8.4
1449	-0.000000	121.843112	0.000000	8.9
1450	-0.650031	121.795971	0.006625	8.7
1451	-0.000568	121.748879	0.000012	8.1
1452	-0.795326	121.701835	0.004668	8.5
1453	-0.000000	121.654840	0.000000	9.2
1454	-0.496212	121.607893	0.006157	8.0
1455	-0.065089	121.560994	0.001443	8.2
1456	-0.044046	121.514144	0.000975	8.8
1457	-0.668741	121.467342	0.006675	8.2
1458	-0.955541	121.420588	0.009760	8.8
1459	-0.989449	121.373882	0.009645	8.3
1460	-0.989271	121.327223	0.008473	9.1
1461	-1.172773	121.280613	0.012730	8.4
1462	-0.507747	121.234050	0.006558	9.0
1463	-0.919936	121.187535	0.005430	8.2
1464	-0.166638	121.141067	0.002522	8.4
1465	-0.353332	121.094647	0.003982	8.7
1466	-0.000000	121.048274	0.000000	8.7
1467	-0.841430	121.001949	0.007674	8.2
1468	-0.035052	120.955671	0.001715	9.2
1469	-0.874715	120.909440	0.010466	8.5
1470	-0.371606	120.863256	0.004208	8.8
1471	-0.873877	120.817119	0.007799	8.5
1472	-0.578800	120.771029	0.004643	8.1
1473	-0.767152	120.724986	0.007110	8.1
1474	-0.291668	120.678990	0.003486	8.3
1475	-0.714613	120.633040	0.007980	8.9
1476	-0.000000	120.587137	0.000000	9.1
1477	-1.144341	120.541281	0.012482	9.0
1478	-0.882262	120.495471	0.007317	9.6
1479	-0.451703	120.449707	0.006205	8.8
1480	-0.001414	120.403990	0.000410	8.2
1481	-0.543036	120.358319	0.003969	9.0
1482	-0.851652	120.312694	0.004840	8.3
1483	-0.851291	120.267115	0.005978	9.1
1484	-0.051244	120.221582	0.000564	7.5
1485	-0.632759	120.176096	0.007620	8.9
1486	-0.029413	120.130655	0.000379	8.1
1487	-0.000921	120.085260	0.000019	8.8
1488	-0.128779	120.039910	0.002240	7.8
1489	-1.054032	119.994606	0.009874	8.2
1490	-0.000000	119.949348	0.000000	8.8
1491	-0.183185	119.904135	0.005289	8.5
1492	-0.125396	119.858968	0.002054	8.2
1493	-0.827260	119.813846	0.006837	9.1
1494	-0.993913	119.768769	0.007298	8.3
1495	-0.100086	119.723738	0.002978	8.6
1496	-0.955570	119.678752	0.009116	8.5
1497	-0.030828	119.633810	0.001172	8.6
1498	-0.047569	119.588914	0.000728	9.0
1499	-0.628227	119.544062	0.005500	8.5
1500	-0.075033	119.499256	0.001769	8.6
1501	-1.007641	119.454494	0.006008	8.1
1502	-0.108470	119.409777	0.002934	8.9
1503	-1.050428	119.365104	0.006976	9.1
1504	-0.060593	119.320476	0.002248	8.8
1505	-0.789500	119.275893	0.007196	8.6
1506	-0.280904	119.231353	0.004774	9.0
1507	-1.024107	119.186859	0.007111	7.8
1508	-0.000000	119.142408	0.000000	8.8
1509	-0.155056	119.098002	0.003646	8.4
1510	-0.000000	119.053639	0.000000	8.8
1511	-0.550053	119.009321	0.006274	7.9
1512	-0.008477	118.965047	0.000134	8.4
1513	-0.000132	118.920816	0.000023	8.0
1514	-0.614762	118.876630	0.006533	9.0
1515	-0.000000	118.832487	0.000000	8.5
1516	-0.000000	118.788388	0.000000	8.5
1517	-0.748804	118.744332	0.007213	7.7
1518	-0.002570	118.700320	0.000570	9.3
1519	-1.045060	118.656352	0.010452	8.4
1520	-0.924143	118.612427	0.007101	8.3
1521	-0.416215	118.568545	0.004182	8.5
1522	-0.150584	118.524706	0.003345	9.0
1523	-0.550262	118.480911	0.004449	8.4
1524	-0.286736	118.437159	0.002176	8.0
1525	-0.516315	118.393450	0.004415	8.6
1526	-0.000000	118.349784	0.000000	7.9
1527	-0.710434	118.306160	0.005940	8.5
1528	-0.607683	118.262580	0.006194	10.0
1529	-0.026905	118.219042	0.000563	9.8
1530	-0.000000	118.175548	0.000000	8.2
1531	-0.000000	118.132095	0.000000	9.3
1532	-0.494270	118.088686	0.004741	8.4
1533	-0.000000	118.045319	0.000000	9.0
1534	-0.794432	118.001994	0.008911	8.4
1535	-1.011295	117.958712	0.010224	8.6
1536	-0.813682	117.915472	0.009540	8.1
1537	-1.024083	117.872274	0.007641	9.1
1538	-0.000000	117.829118	0.000000	8.9
1539	-0.194823	117.786005	0.001912	9.6
1540	-0.942007	117.742933	0.005366	9.2
1541	-0.561186	117.699904	0.004352	9.0
1542	-0.846112	117.656916	0.005334	9.4
1543	-0.355365	117.613971	0.004773	8.0
1544	-0.359263	117.571067	0.003688	9.2
1545	-0.939345	117.528205	0.007679	8.2
1546	-0.000000	117.485384	0.000000	8.2
1547	-0.028309	117.442605	0.001465	8.3
1548	-0.612448	117.399867	0.005745	8.3
1549	-0.518395	117.357171	0.006184	7.9
1550	-0.306778	117.314517	0.003947	9.0
1551	-0.000000	117.271903	0.000000	8.0
1552	-0.000000	117.229331	0.000000	9.2
1553	-0.000000	117.186800	0.000000	8.0
1554	-0.991989	117.144311	0.011889	8.6
1555	-0.915127	117.101862	0.006759	8.1
1556	-0.485954	117.059454	0.004944	8.4
1557	-0.494527	117.017087	0.004302	7.9
1558	-0.936213	116.974762	0.005775	8.6
1559	-0.000000	116.932476	0.000000	8.1
1560	-0.000000	116.890232	0.000000	8.5
1561	-1.015958	116.848028	0.009491	8.1
1562	-0.000000	116.805865	0.000000	8.8
1563	-0.628449	116.763743	0.007042	8.5
1564	-0.399858	116.721661	0.009924	9.0
1565	-0.608893	116.679619	0.003436	9.0
1566	-0.167410	116.637618	0.002829	8.1
1567	-0.816561	116.595657	0.009925	9.5
1568	-0.693644	116.553736	0.004603	8.4
1569	-0.908083	116.511855	0.006413	9.2
1570	-0.408325	116.470015	0.005866	9.2
1571	-0.000000	116.428214	0.000000	9.0
1572	-0.499540	116.386454	0.005254	8.8
1573	-0.002154	116.344733	0.000246	9.8
1574	-0.849668	116.303052	0.005781	9.1
1575	-0.000000	116.261412	0.000000	7.8
1576	-0.838386	116.219810	0.007504	8.5
1577	-0.272078	116.178249	0.006094	8.8
1578	-0.000000	116.136727	0.000000	9.5
1579	-0.000000	116.095245	0.000000	8.3
1580	-0.954377	116.053802	0.006615	8.8
1581	-0.343447	116.012398	0.007719	8.3
1582	-0.000000	115.971034	0.000000	8.6
1583	-0.538423	115.929710	0.004626	7.8
1584	-0.906632	115.888424	0.015442	9.1
1585	-0.103003	115.847178	0.001418	7.9
1586	-0.754302	115.805970	0.007716	8.7
1587	-0.100586	115.764802	0.003180	7.9
1588	-0.590813	115.723673	0.004138	9.1
1589	-0.892476	115.682583	0.004985	8.3
1590	-0.000000	115.641532	0.000000	9.1
1591	-1.056317	115.600519	0.008914	8.2
1592	-0.029126	115.559546	0.001419	8.4
1593	-0.724934	115.518610	0.006903	8.0
1594	-0.887954	115.477714	0.006430	8.6
1595	-0.468909	115.436856	0.009085	8.4
1596	-0.985806	115.396037	0.006133	8.8
1597	-0.025839	115.355256	0.001029	7.9
1598	0.000000	115.314514	0.000000	8.8
1599	-0.230909	115.273810	0.004345	8.3
1600	-0.000000	115.233144	0.000000	9.9
1601	-0.863274	115.192517	0.007802	8.6
1602	-0.000616	115.151927	0.000592	8.6
1603	-0.000000	115.111376	0.000000	9.4
1604	-0.188990	115.070863	0.004348	8.5
1605	-0.000000	115.030388	0.000000	9.2
1606	-0.519975	114.989951	0.008476	8.2
1607	-0.772812	114.949551	0.006025	9.4
1608	-0.908780	114.909190	0.012664	8.1
1609	-0.627468	114.868866	0.010375	9.3
1610	-0.964870	114.828580	0.007167	8.2
1611	-0.625500	114.788332	0.006287	9.6
1612	-0.872002	114.748121	0.005517	10.0
1613	-0.000000	114.707948	0.000000	9.0
1614	-0.758647	114.667812	0.008380	9.1
1615	-1.046500	114.627714	0.013035	8.0
1616	-0.496002	114.587653	0.005219	8.7
1617	-0.408693	114.547629	0.004877	7.8
1618	-0.846461	114.507643	0.006043	8.8
1619	-0.767789	114.467693	0.005674	7.9
1620	-1.006130	114.427781	0.007290	9.1
1621	-0.303490	114.387907	0.004584	8.0
1622	-0.837164	114.348069	0.006038	8.8
1623	-1.010865	114.308268	0.007061	8.2
1624	-0.557693	114.268504	0.005501	8.9
1625	-0.816726	114.228777	0.006247	8.2
1626	-0.810162	114.189086	0.008676	8.6
1627	-0.764440	114.149433	0.006576	8.2
1628	-0.682514	114.109816	0.005682	9.1
1629	-0.104573	114.070235	0.002177	8.0
1630	-0.445875	114.030692	0.004760	9.9
1631	-0.485252	113.991185	0.004473	8.1
1632	-0.831351	113.951714	0.007465	8.1
1633	-0.213315	113.912280	0.004449	8.2
1634	-0.775808	113.872882	0.006147	8.9
1635	-0.000019	113.833521	0.000009	7.9
1636	-0.747985	113.794195	0.005603	9.8
1637	-0.975312	113.754906	0.005005	8.7
1638	-0.583482	113.715653	0.004935	8.6
1639	0.000000	113.676437	0.000000	8.7
1640	-0.007725	113.637256	0.000223	8.6
1641	-0.810475	113.598111	0.005613	9.0
1642	-0.762626	113.559002	0.005183	8.6
1643	-0.736446	113.519929	0.007869	9.0
1644	0.000000	113.480892	0.000000	8.1
1645	-0.946870	113.441891	0.006513	9.9
1646	-0.703587	113.402925	0.007497	7.7
1647	-0.003237	113.363995	0.000033	9.0
1648	-0.001943	113.325101	0.000250	8.3
1649	-0.163810	113.286242	0.003150	9.8
1650	-0.000000	113.247419	0.000000	8.3
1651	-0.001997	113.208631	0.000045	8.5
1652	-0.343882	113.169879	0.003189	8.3
1653	-0.000000	113.131162	0.000000	10.5
1654	-0.004964	113.092480	0.000462	8.9
1655	-0.680750	113.053833	0.006751	7.8
1656	-0.562401	113.015222	0.006560	8.9
1657	-0.011339	112.976646	0.000307	8.1
1658	-0.637320	112.938105	0.005330	8.9
1659	-0.004129	112.899599	0.000659	7.8
1660	-0.492368	112.861128	0.003841	9.2
1661	-1.035201	112.822692	0.010565	11.1
1662	-0.768168	112.784291	0.005035	9.6
1663	-0.006874	112.745924	0.000157	8.2
1664	-0.999776	112.707593	0.007293	9.4
1665	-0.447019	112.669296	0.003462	9.8
1666	-0.686674	112.631034	0.007195	9.6
1667	-0.950509	112.592806	0.006732	9.3
1668	-0.000000	112.554613	0.000000	8.2
1669	-0.000098	112.516455	0.000003	9.2
1670	-0.298945	112.478331	0.002086	8.2
1671	-1.035291	112.440241	0.007548	9.6
1672	-0.497148	112.402186	0.003100	8.7
1673	-0.091289	112.364165	0.001627	8.5
1674	-0.540521	112.326179	0.006337	9.4
1675	-0.584691	112.288227	0.006098	8.6
1676	-0.481942	112.250309	0.005543	8.8
1677	-0.532982	112.212425	0.009388	8.3
1678	-0.459820	112.174575	0.008568	9.0
1679	-0.171815	112.136759	0.004058	8.0
1680	-0.000000	112.098977	0.000000	8.8
1681	-0.853407	112.061229	0.005291	8.1
1682	-0.000000	112.023515	0.000000	8.5
1683	-1.090800	111.985834	0.007685	7.9
1684	-0.860090	111.948188	0.008184	8.7
1685	-0.023486	111.910575	0.001887	8.5
1686	-0.701190	111.872996	0.005195	9.2
1687	-0.827583	111.835450	0.008954	8.0
1688	-0.341433	111.797939	0.003401	8.7
1689	-0.846305	111.760460	0.009852	7.9
1690	-0.715303	111.723015	0.006011	8.8
1691	-0.181950	111.685604	0.003682	7.9
1692	-0.806743	111.648226	0.005180	9.0
1693	-0.285983	111.610881	0.005879	8.1
1694	-0.594518	111.573570	0.004955	8.1
1695	-0.927103	111.536292	0.007655	8.1
1696	-0.784482	111.499047	0.004385	8.3
1697	-0.000000	111.461835	0.000000	8.1
1698	-0.000000	111.424656	0.000000	8.7
1699	-0.008103	111.387510	0.000077	8.1
1700	-0.566815	111.350398	0.009437	9.3
1701	-0.210909	111.313318	0.002208	8.1
1702	-0.012948	111.276271	0.000615	9.0
1703	-0.808026	111.239257	0.006929	8.7
1704	-0.733666	111.202276	0.006988	8.8
1705	-0.591935	111.165328	0.008110	8.4
1706	-0.782131	111.128412	0.006225	8.3
1707	-0.892419	111.091529	0.008119	8.8
1708	-0.000000	111.054679	0.000000	8.5
1709	-0.928549	111.017861	0.006636	9.2
1710	-0.782205	110.981076	0.008856	8.9
1711	-0.957244	110.944323	0.007298	9.1
1712	-0.836275	110.907603	0.007023	7.9
1713	-0.402752	110.870915	0.007015	9.1
1714	-0.000000	110.834259	0.000000	8.2
1715	-0.357871	110.797636	0.004241	9.3
1716	-0.837499	110.761045	0.005477	8.2
1717	-0.000000	110.724486	0.000000	8.4
1718	-0.918269	110.687959	0.008086	7.9
1719	-0.733324	110.651465	0.005617	8.3
1720	-0.000000	110.615002	0.000000	7.9
1721	-0.496872	110.578572	0.004919	9.3
1722	-0.637917	110.542173	0.004892	8.2
1723	-0.448212	110.505807	0.005126	8.9
1724	-1.030699	110.469472	0.007168	8.3
1725	-0.000000	110.433169	0.000000	8.5
1726	-0.729362	110.396898	0.005998	7.8
1727	-0.950350	110.360659	0.006385	8.5
1728	-0.375091	110.324451	0.004484	8.8
1729	-0.897841	110.288276	0.005657	8.0
1730	-0.969524	110.252131	0.006909	8.4
1731	-0.029520	110.216019	0.002248	8.7
1732	-0.911565	110.179937	0.007336	8.9
1733	-0.797618	110.143888	0.006009	8.3
1734	-0.000000	110.107869	0.000000	8.9
1735	-0.000000	110.071882	0.000000	9.1
1736	-0.452683	110.035927	0.004166	9.3
1737	-0.839488	110.000003	0.009576	8.0
1738	-0.000000	109.964110	0.000000	9.3
1739	-0.527548	109.928248	0.004939	8.3
1740	-0.000000	109.892417	0.000000	8.6
1741	-0.000000	109.856618	0.000000	8.2
1742	-0.573492	109.820850	0.006343	9.0
1743	-0.185509	109.785112	0.002549	8.0
1744	-0.018445	109.749406	0.002082	8.9
1745	-0.070674	109.713730	0.003685	7.9
1746	-0.001398	109.678086	0.000355	9.2
1747	-0.259433	109.642472	0.005277	8.3
1748	-0.055068	109.606890	0.000810	9.2
1749	-0.093611	109.571337	0.002408	8.4
1750	-0.330985	109.535816	0.005949	8.7
1751	-0.454083	109.500326	0.004829	8.1
1752	-0.511290	109.464866	0.006726	8.0
1753	-0.930562	109.429436	0.008223	8.4
1754	-0.705836	109.394038	0.005248	8.0
1755	-0.000000	109.358669	0.000000	7.6
1756	-0.000000	109.323331	0.000000	8.7
1757	-0.000000	109.288024	0.000000	8.5
1758	-0.222111	109.252747	0.003579	8.3
1759	-0.820377	109.217501	0.007985	8.7
1760	-0.064457	109.182284	0.000469	8.2
1761	-0.033166	109.147098	0.001296	8.6
1762	-0.323105	109.111942	0.008652	9.0
1763	-0.002394	109.076817	0.000043	8.7
1764	-0.677857	109.041721	0.006567	8.4
1765	-0.183085	109.006656	0.001773	8.9
1766	-0.716041	108.971620	0.006747	8.2
1767	-0.472667	108.936615	0.005375	9.2
1768	-0.404377	108.901640	0.004427	8.5
1769	-0.202926	108.866694	0.002768	9.6
1770	-0.029159	108.831779	0.002328	8.8
1771	-0.709142	108.796893	0.004429	9.3
1772	-0.220973	108.762037	0.004441	9.3
1773	-0.531838	108.727211	0.003861	9.4
1774	-0.400754	108.692415	0.003781	8.8
1775	-0.689092	108.657648	0.005732	8.9
1776	-0.887109	108.622911	0.006185	9.1
1777	0.000000	108.588203	0.000000	8.3
1778	-0.669012	108.553525	0.005733	8.9
1779	-0.843296	108.518877	0.005927	8.2
1780	-0.094093	108.484258	0.003259	8.4
1781	-0.043328	108.449668	0.000667	7.8
1782	-0.905630	108.415108	0.005576	9.1
1783	-0.013116	108.380578	0.000496	7.9
1784	0.000000	108.346076	0.000000	9.5
1785	-0.000000	108.311604	0.000000	8.1
1786	-0.088207	108.277161	0.002666	8.5
1787	-0.000000	108.242747	0.000000	8.0
1788	-0.890387	108.208363	0.007167	9.1
1789	-1.009385	108.174007	0.006881	8.2
1790	-0.017781	108.139681	0.000272	8.4
1791	-0.000000	108.105383	0.000000	8.0
1792	-0.972485	108.071115	0.008269	8.3
1793	-0.730769	108.036875	0.009032	8.1
1794	-0.119568	108.002665	0.003715	8.7
1795	-0.769550	107.968483	0.011274	7.8
1796	-0.988425	107.934330	0.009578	9.0
1797	-0.632563	107.900206	0.003553	8.0
1798	-0.000000	107.866111	0.000000	9.8
1799	-0.728761	107.832044	0.006814	9.0
1800	-0.692658	107.798007	0.005763	8.1
1801	-0.848792	107.763997	0.012626	9.5
1802	-0.899026	107.730017	0.007789	8.2
1803	-0.000000	107.696065	0.000000	8.9
1804	-0.922511	107.662141	0.006020	7.6
1805	-0.745560	107.628246	0.008202	9.0
1806	-0.823285	107.594379	0.005828	8.6
1807	-0.692460	107.560541	0.007075	9.3
1808	-1.205691	107.526731	0.012422	8.0
1809	-0.000000	107.492949	0.000000	10.1
1810	-0.002113	107.459196	0.000366	8.0
1811	-1.026023	107.425471	0.006925	9.5
1812	-0.617639	107.391774	0.005714	8.6
1813	-0.496876	107.358106	0.004426	8.5
1814	-0.929838	107.324465	0.010210	9.2
1815	-0.714210	107.290853	0.005349	8.4
1816	-0.217718	107.257268	0.003292	9.1
1817	-0.486615	107.223712	0.006699	7.9
1818	-0.552970	107.190184	0.006339	8.8
1819	-0.759037	107.156683	0.005889	8.4
1820	-0.105971	107.123211	0.001230	8.7
1821	-0.000000	107.089766	0.000000	8.4
1822	-0.740786	107.056349	0.005342	9.2
1823	-0.000000	107.022960	0.000000	8.0
1824	-0.000000	106.989599	0.000000	9.1
1825	-0.387829	106.956265	0.004983	8.0
1826	-0.798604	106.922960	0.005159	8.3
1827	-0.509592	106.889681	0.007402	8.1
1828	-0.992881	106.856431	0.007994	8.4
1829	-0.590470	106.823208	0.003305	7.8
1830	-0.835337	106.790012	0.007141	9.4
1831	-0.700933	106.756844	0.006101	7.9
1832	-0.408095	106.723703	0.005995	8.0
1833	-0.803448	106.690590	0.006477	8.1
1834	-0.174729	106.657505	0.004723	8.8
1835	-0.220291	106.624446	0.003891	7.9
1836	-0.662556	106.591415	0.005994	8.8
1837	-0.565630	106.558411	0.005516	8.1
1838	-0.651020	106.525435	0.004793	8.6
1839	-0.462267	106.492485	0.004549	8.0
1840	-0.497856	106.459563	0.004610	8.7
1841	-0.958578	106.426668	0.007534	7.9
1842	-0.961233	106.393800	0.005515	8.9
1843	-0.496717	106.360959	0.003060	8.1
1844	-0.853734	106.328145	0.005277	8.6
1845	-0.739485	106.295358	0.006218	8.5
1846	-1.010800	106.262598	0.011986	9.1
1847	-0.485790	106.229865	0.006455	8.5
1848	-0.000000	106.197158	0.000000	8.5
1849	-1.054977	106.164479	0.008995	9.1
1850	-0.038891	106.131826	0.001295	8.1
1851	-0.000000	106.099201	0.000000	9.2
1852	-0.000008	106.066602	0.000005	8.2
1853	-0.000000	106.034029	0.000000	9.2
1854	-1.087815	106.001483	0.008693	8.1
1855	-0.641183	105.968964	0.009343	8.5
1856	-0.779662	105.936472	0.006734	8.2
1857	-0.000000	105.904006	0.000000	7.9
1858	-0.000000	105.871566	0.000000	8.9
1859	-0.466628	105.839153	0.006090	9.0
1860	0.000000	105.806767	0.000000	8.0
1861	-0.428891	105.774407	0.004547	8.8
1862	-0.047635	105.742073	0.001427	8.0
1863	-0.000000	105.709766	0.000000	8.5
1864	-0.330697	105.677485	0.004104	7.9
1865	-0.953589	105.645230	0.006047	8.9
1866	-0.923978	105.613001	0.004895	8.2
1867	-0.820611	105.580799	0.005421	8.1
1868	-0.791425	105.548623	0.004793	8.0
1869	-0.918017	105.516473	0.005442	9.0
1870	-0.534822	105.484349	0.005896	8.2
1871	-0.501109	105.452251	0.005083	8.8
1872	-0.908117	105.420179	0.009133	8.3
1873	-1.079984	105.388133	0.007139	9.0
1874	-0.000000	105.356113	0.000000	7.8
1875	-0.045588	105.324119	0.001562	9.1
1876	-1.135233	105.292151	0.009639	8.4
1877	-0.680920	105.260209	0.008808	8.3
1878	-0.445032	105.228293	0.006943	8.3
1879	-0.000000	105.196402	0.000000	8.4
1880	-0.791247	105.164537	0.005075	8.9
1881	-0.158403	105.132698	0.002442	8.2
1882	-0.717955	105.100885	0.005844	9.1
1883	-0.834567	105.069097	0.012715	10.7
1884	-0.017661	105.037335	0.000581	8.9
1885	-0.755021	105.005598	0.005869	8.4
1886	-0.797717	104.973887	0.005275	9.1
1887	-0.210606	104.942202	0.002318	8.3
1888	-0.002655	104.910542	0.000051	9.1
1889	-0.263640	104.878907	0.004230	8.1
1890	-0.285281	104.847298	0.006040	8.4
1891	-0.005291	104.815715	0.000881	8.2
1892	-0.927036	104.784156	0.006615	8.2
1893	-0.600943	104.752623	0.006442	8.1
1894	-0.640018	104.721116	0.008116	9.4
1895	-0.000000	104.689633	0.000000	8.7
1896	-0.992127	104.658176	0.012122	8.3
1897	-0.750029	104.626744	0.004412	8.7
1898	-0.180728	104.595337	0.001796	8.4
1899	-0.890988	104.563955	0.004578	9.0
1900	-0.421272	104.532599	0.006942	8.0
1901	-0.000000	104.501267	0.000000	8.4
1902	-0.607741	104.469960	0.007244	7.9
1903	-0.602616	104.438679	0.004282	8.9
1904	-0.821766	104.407422	0.004293	8.3
1905	-0.721873	104.376191	0.004834	8.9
1906	-0.185768	104.344984	0.003078	8.0
1907	-1.070023	104.313802	0.009178	8.8
1908	-0.558390	104.282645	0.004949	8.9
1909	-1.017874	104.251513	0.009852	9.1
1910	-0.000000	104.220405	0.000000	8.5
1911	-0.000041	104.189323	0.000024	9.0
1912	-0.655513	104.158265	0.008579	8.3
1913	-0.000000	104.127231	0.000000	8.4
1914	-0.042960	104.096222	0.001000	8.2
1915	-0.720242	104.065238	0.007333	9.1
1916	-0.212649	104.034279	0.003875	8.3
1917	-0.018077	104.003344	0.001200	8.8
1918	0.000000	103.972433	0.000000	8.0
1919	-1.007162	103.941547	0.007068	9.5
1920	-0.834708	103.910686	0.005595	8.6
1921	-0.340679	103.879849	0.002432	9.6
1922	-0.146157	103.849036	0.002918	9.1
1923	-0.593573	103.818248	0.004630	8.5
1924	-0.490163	103.787484	0.003933	8.4
1925	0.000000	103.756744	0.000000	8.2
1926	-0.073297	103.726029	0.003557	8.7
1927	-0.905523	103.695338	0.009777	8.3
1928	-0.000000	103.664671	0.000000	9.0
1929	-0.269289	103.634028	0.004452	7.7
1930	-0.000000	103.603409	0.000000	9.4
1931	-0.857241	103.572814	0.006581	7.9
1932	-0.711595	103.542244	0.005529	8.6
1933	-0.510152	103.511698	0.004427	8.4
1934	-0.869312	103.481175	0.011746	9.1
1935	-1.030107	103.450677	0.007336	7.7
1936	-0.472336	103.420202	0.002516	8.2
1937	-0.000000	103.389752	0.000000	8.1
1938	-0.000000	103.359325	0.000000	9.2
1939	-0.740953	103.328922	0.007092	7.7
1940	-0.000000	103.298543	0.000000	8.5
1941	-0.847199	103.268188	0.003778	8.0
1942	-0.771672	103.237857	0.008391	8.9
1943	-0.848528	103.207549	0.008067	8.1
1944	-0.000000	103.177265	0.000000	8.9
1945	-0.630092	103.147005	0.002762	8.2
1946	-0.000000	103.116768	0.000000	9.3
1947	0.000000	103.086556	0.000000	8.2
1948	-0.115082	103.056366	0.003082	8.2
1949	-0.487125	103.026200	0.004936	8.2
1950	-0.598323	102.996058	0.004074	8.8
1951	-0.804454	102.965939	0.005273	8.8
1952	-0.870454	102.935844	0.006198	8.4
1953	-0.994675	102.905772	0.006846	8.7
1954	-0.756874	102.875724	0.005531	8.8
1955	-1.060141	102.845699	0.008048	9.2
1956	-0.000585	102.815697	0.000008	8.6
1957	-0.757645	102.785719	0.005414	8.8
1958	-0.000000	102.755764	0.000000	9.2
1959	-0.331126	102.725832	0.005243	8.8
1960	-0.940664	102.695924	0.009384	8.3
1961	-0.000000	102.666038	0.000000	8.5
1962	-0.848658	102.636176	0.005905	7.9
1963	-0.946756	102.606337	0.008657	8.6
1964	-0.766656	102.576521	0.005560	8.1
1965	-0.000000	102.546728	0.000000	9.2
1966	-0.894428	102.516959	0.005037	8.3
1967	-0.091102	102.487212	0.001567	8.0
1968	0.000000	102.457488	0.000000	9.1
1969	-0.000000	102.427788	0.000000	8.3
1970	-0.000000	102.398110	0.000000	8.7
1971	-0.630510	102.368455	0.005753	8.8
1972	-0.877078	102.338823	0.007019	8.9
1973	-0.521025	102.309214	0.006378	8.2
1974	-0.790289	102.279628	0.006358	8.7
1975	-0.198802	102.250064	0.002305	8.0
1976	-0.618020	102.220524	0.007324	9.0
1977	-0.248702	102.191006	0.002665	8.4
1978	-0.575794	102.161511	0.003557	9.0
1979	-0.112733	102.132038	0.002955	8.3
1980	-0.906689	102.102588	0.006260	9.0
1981	-0.913215	102.073161	0.007866	7.9
1982	-1.080332	102.043757	0.007406	8.4
1983	-0.738705	102.014375	0.005048	8.4
1984	-0.000000	101.985015	0.000000	8.9
1985	-0.000000	101.955678	0.000000	8.1
1986	-0.051519	101.926364	0.001972	8.8
1987	0.000000	101.897072	0.000000	7.9
1988	-0.626287	101.867802	0.005739	9.7
1989	-0.188323	101.838555	0.002281	8.3
1990	-0.283765	101.809330	0.006545	8.5
1991	-0.670239	101.780128	0.004874	8.4
1992	-0.809051	101.750948	0.007695	9.2
1993	-1.089114	101.721790	0.008492	8.7
1994	-0.873844	101.692654	0.005725	8.6
1995	-0.130331	101.663541	0.004580	8.8
1996	-0.052358	101.634450	0.001866	9.2
1997	-0.378593	101.605381	0.004707	9.7
1998	-0.109449	101.576335	0.000817	7.5
1999	-0.312344	101.547310	0.002061	9.2
