1:ItNr	2:Metric	3:StepSize	4:||Gradient||	Time[ms]
0	-0.717838	627.201626	0.016914	626.6
1	-0.991646	623.504937	0.024332	4.9
2	-0.865889	619.865785	0.025365	5.0
3	-0.565994	616.282728	0.049758	6.0
4	-0.000000	612.754375	0.000000	4.9
5	-0.324465	609.279381	0.005581	5.0
6	-0.661322	605.856447	0.014376	6.0
7	-0.000000	602.484317	0.000000	5.4
8	-0.000000	599.161779	0.000000	5.1
9	-0.619030	595.887656	0.022587	5.8
10	-0.000000	592.660813	0.000000	4.6
11	-0.418564	589.480151	0.010686	4.6
12	-0.769496	586.344606	0.010821	5.2
13	-0.238939	583.253145	0.003446	5.1
14	-0.000000	580.204771	0.000000	4.9
15	-0.682416	577.198517	0.022466	4.8
16	-0.691603	574.233444	0.021514	5.5
17	-0.818835	571.308645	0.022039	5.0
18	-0.777986	568.423237	0.024990	4.9
19	-0.417461	565.576365	0.012968	6.2
20	-0.000000	562.767201	0.000000	4.9
21	-0.916597	559.994938	0.012101	5.0
22	-0.518708	557.258797	0.008593	5.7
23	-0.037494	554.558018	0.001764	5.0
24	-1.043254	551.891865	0.016111	5.1
25	-0.898045	549.259621	0.018704	5.4
26	-0.669606	546.660592	0.025689	5.2
27	-0.641804	544.094102	0.020355	5.1
28	-0.505579	541.559494	0.004875	5.8
29	-0.361371	539.056129	0.011040	5.1
30	-0.000000	536.583387	0.000000	5.0
31	-0.635165	534.140663	0.012109	5.8
32	-0.000000	531.727370	0.000000	5.2
33	-0.091734	529.342935	0.003706	6.0
34	-0.974870	526.986802	0.009955	6.0
35	-0.262155	524.658430	0.006650	5.6
36	-0.223495	522.357290	0.001694	5.1
37	-0.000000	520.082868	0.000000	6.1
38	-0.011233	517.834665	0.000637	5.4
39	-0.893667	515.612193	0.012592	5.6
40	-0.750817	513.414976	0.012787	6.3
41	-0.286366	511.242551	0.009294	5.3
42	-0.985355	509.094468	0.030359	5.4
43	-0.832761	506.970285	0.030792	5.8
44	-0.000000	504.869574	0.000000	5.3
45	-0.466803	502.791916	0.017865	5.5
46	-0.293763	500.736903	0.002794	5.7
47	-0.955014	498.704137	0.034213	5.5
48	-0.126293	496.693228	0.005655	5.6
49	-0.000000	494.703798	0.000000	5.7
50	-0.000000	492.735476	0.000000	5.3
51	-0.000000	490.787900	0.000000	5.6
52	-0.423797	488.860718	0.029313	5.7
53	-0.298861	486.953585	0.008063	5.7
54	-0.833970	485.066164	0.018331	6.0
55	-0.200876	483.198126	0.003283	6.2
56	-0.881530	481.349149	0.009455	5.7
57	-0.314661	479.518920	0.007606	6.6
58	-0.767998	477.707132	0.029702	5.5
59	-0.490097	475.913485	0.005696	5.5
60	-0.937712	474.137684	0.023272	6.1
61	-0.452368	472.379445	0.019733	5.7
62	-0.000000	470.638485	0.000000	5.9
63	-0.281709	468.914531	0.003104	5.7
64	-0.667631	467.207315	0.009774	5.5
65	-0.853635	465.516573	0.025897	6.4
66	-0.000000	463.842050	0.000000	6.0
67	-0.935920	462.183494	0.010854	5.6
68	-0.514536	460.540658	0.015703	6.7
69	-0.655981	458.913303	0.014010	5.5
70	-0.506140	457.301192	0.006232	5.5
71	-0.264319	455.704096	0.007388	6.1
72	-0.000000	454.121787	0.000000	5.9
73	-0.962190	452.554045	0.027842	5.5
74	-0.509830	451.000653	0.022601	6.4
75	-0.709013	449.461399	0.010789	5.5
76	-0.000043	447.936075	0.000002	5.8
77	-0.819195	446.424477	0.017084	5.8
78	-0.023669	444.926406	0.000317	5.5
79	-0.651643	443.441666	0.007612	6.4
80	-0.801178	441.970065	0.011849	6.5
81	-0.604035	440.511415	0.017963	5.9
82	-0.532808	439.065533	0.027787	6.4
83	-0.638918	437.632238	0.008910	5.8
84	-0.461796	436.211351	0.009942	5.8
85	-0.000000	434.802701	0.000000	6.2
86	-0.823780	433.406117	0.011620	5.7
87	-0.086143	432.021430	0.002963	6.5
88	-0.000057	430.648479	0.000051	5.9
89	-0.000000	429.287101	0.000000	5.7
90	-0.850142	427.937140	0.017831	6.2
91	-0.153488	426.598440	0.001217	6.3
92	-0.608088	425.270849	0.012654	5.9
93	-0.099270	423.954220	0.002073	6.5
94	-0.584971	422.648404	0.011251	5.8
95	-0.069607	421.353259	0.002618	6.2
96	-0.064041	420.068643	0.002535	5.7
97	-0.031016	418.794419	0.000707	5.8
98	-0.000000	417.530451	0.000000	7.1
99	-0.498568	416.276604	0.008799	5.8
100	-0.932529	415.032748	0.015033	5.7
101	-0.951643	413.798754	0.011629	6.2
102	-0.000000	412.574495	0.000000	5.9
103	-0.617183	411.359849	0.012945	5.4
104	-0.852655	410.154691	0.035878	6.2
105	-0.615216	408.958904	0.008910	5.5
106	-0.580773	407.772368	0.008197	6.1
107	-0.616513	406.594968	0.007696	6.1
108	-0.954496	405.426590	0.007731	5.7
109	-0.000005	404.267122	0.000000	7.3
110	-0.515341	403.116456	0.007780	5.8
111	-0.974309	401.974481	0.011506	5.6
112	-0.000000	400.841093	0.000000	6.6
113	-0.763927	399.716187	0.023459	5.4
114	-0.064532	398.599660	0.004230	6.6
115	-0.000000	397.491411	0.000000	6.1
116	-0.000000	396.391342	0.000000	6.2
117	-0.222388	395.299353	0.003003	6.4
118	-0.750023	394.215350	0.018626	5.7
119	-0.129474	393.139238	0.003730	5.8
120	-0.787895	392.070924	0.019114	6.5
121	-0.737650	391.010316	0.015508	5.7
122	-0.000646	389.957325	0.000058	6.2
123	-0.866085	388.911862	0.024070	5.9
124	-0.481482	387.873839	0.008265	5.9
125	-0.881470	386.843173	0.008500	6.3
126	-0.000000	385.819777	0.000000	6.8
127	-0.750583	384.803569	0.019183	5.7
128	-0.701870	383.794468	0.021397	7.0
129	-0.731585	382.792393	0.011569	5.6
130	-0.978440	381.797264	0.041921	6.2
131	-0.230122	380.809005	0.007196	5.9
132	-0.813512	379.827537	0.010197	5.8
133	-0.005591	378.852786	0.000459	6.3
134	-0.843091	377.884678	0.032450	5.6
135	-0.533888	376.923138	0.008638	5.6
136	-0.780753	375.968095	0.010612	6.2
137	-0.557735	375.019479	0.007737	5.6
138	-0.639814	374.077218	0.008685	5.4
139	-0.753823	373.141244	0.013376	6.3
140	-0.094723	372.211489	0.001607	5.5
141	-0.853155	371.287887	0.017662	5.5
142	-0.548945	370.370370	0.015015	6.5
143	-0.327067	369.458876	0.003883	5.6
144	-0.000000	368.553338	0.000000	5.9
145	-0.972836	367.653696	0.011084	5.9
146	-0.742954	366.759885	0.035010	5.5
147	-0.504654	365.871846	0.014283	6.7
148	-0.000574	364.989518	0.000013	5.7
149	-0.481611	364.112841	0.029440	5.7
150	-0.000000	363.241757	0.000000	6.2
151	-0.413144	362.376208	0.008724	5.7
152	-0.026989	361.516137	0.000796	5.6
153	-0.502131	360.661488	0.006757	6.5
154	-0.619759	359.812206	0.011561	5.7
155	-0.102039	358.968236	0.002802	6.4
156	-0.465897	358.129524	0.011755	6.0
157	-0.440324	357.296018	0.013467	5.7
158	-0.000000	356.467665	0.000000	6.5
159	-0.699837	355.644414	0.006954	5.7
160	-0.872977	354.826213	0.012317	5.8
161	-0.866114	354.013012	0.025171	6.2
162	-0.000000	353.204763	0.000000	5.9
163	-0.717657	352.401415	0.006067	6.0
164	-0.000000	351.602922	0.000000	6.2
165	-0.000000	350.809235	0.000000	5.7
166	-0.459505	350.020308	0.012063	6.6
167	-0.864004	349.236095	0.013105	6.0
168	-0.754413	348.456550	0.010730	5.7
169	-0.000000	347.681627	0.000000	6.4
170	-0.713365	346.911283	0.023805	6.0
171	-0.704696	346.145474	0.011080	5.8
172	-0.319194	345.384157	0.003078	6.7
173	-0.999938	344.627288	0.043437	5.9
174	-0.901951	343.874826	0.027843	7.0
175	-0.001210	343.126729	0.000349	5.9
176	-1.002118	342.382957	0.013823	5.6
177	-0.000000	341.643469	0.000000	6.8
178	-0.160753	340.908224	0.004298	5.7
179	-0.594817	340.177184	0.008295	6.0
180	-0.670688	339.450309	0.015324	6.7
181	-0.000000	338.727561	0.000000	5.4
182	-0.082103	338.008902	0.002628	6.7
183	-0.847962	337.294295	0.008599	5.9
184	-0.517853	336.583703	0.018725	5.9
185	-0.886764	335.877089	0.010061	6.2
186	-0.353924	335.174416	0.005607	5.8
187	-0.767204	334.475651	0.039822	5.7
188	-0.729817	333.780756	0.004732	6.6
189	-0.000192	333.089698	0.000017	5.7
190	-0.000000	332.402443	0.000000	6.4
191	-0.738773	331.718955	0.021594	5.8
192	-0.597294	331.039203	0.005814	5.4
193	-0.773961	330.363153	0.007663	7.0
194	-0.349553	329.690771	0.002036	5.5
195	-0.000000	329.022027	0.000000	5.2
196	-1.022768	328.356888	0.025767	6.7
197	-0.000000	327.695322	0.000000	6.1
198	-0.564223	327.037299	0.007994	5.7
199	-0.000000	326.382787	0.000000	6.2
200	-0.264797	325.731758	0.008459	5.6
201	-0.000000	325.084179	0.000000	6.2
202	-1.042076	324.440023	0.029821	5.5
203	-0.904280	323.799258	0.034551	5.6
204	-0.937817	323.161858	0.014742	6.7
205	-0.001062	322.527792	0.000116	5.4
206	-0.509178	321.897034	0.006535	5.4
207	-0.010640	321.269554	0.001647	6.3
208	-0.428826	320.645325	0.006298	5.9
209	-0.051397	320.024320	0.002097	5.8
210	-0.392618	319.406512	0.007065	6.4
211	-0.680341	318.791875	0.012057	5.7
212	-1.017509	318.180381	0.009225	6.7
213	-0.000000	317.572005	0.000000	5.7
214	-0.638882	316.966721	0.014820	5.6
215	-0.000000	316.364504	0.000000	6.0
216	-0.000000	315.765329	0.000000	6.4
217	-0.000000	315.169170	0.000000	5.7
218	-1.017581	314.576003	0.024783	6.6
219	-0.949253	313.985804	0.027135	6.0
220	-0.878815	313.398548	0.012805	7.0
221	-0.000000	312.814213	0.000000	5.6
222	-0.621440	312.232773	0.006904	5.6
223	-0.960524	311.654207	0.010152	6.5
224	-0.488552	311.078491	0.016788	5.7
225	-0.000000	310.505602	0.000000	5.7
226	-0.000000	309.935518	0.000000	6.7
227	-0.805500	309.368217	0.010499	6.0
228	-0.838515	308.803676	0.015801	6.5
229	-0.000000	308.241874	0.000000	5.7
230	-0.446121	307.682789	0.006436	5.7
231	-0.142693	307.126400	0.004376	6.9
232	-0.000000	306.572687	0.000000	5.8
233	-0.000000	306.021627	0.000000	5.7
234	-0.382403	305.473201	0.006704	6.0
235	-0.450252	304.927388	0.008433	5.9
236	-0.535009	304.384168	0.007777	6.2
237	-0.000000	303.843521	0.000000	6.4
238	-0.717095	303.305427	0.011163	5.7
239	-0.945113	302.769867	0.009180	6.9
240	-0.822824	302.236821	0.013395	5.8
241	-0.000000	301.706270	0.000000	5.7
242	-0.927260	301.178196	0.023031	6.7
243	-0.000000	300.652580	0.000000	6.2
244	-0.622485	300.129402	0.015853	6.3
245	-0.844213	299.608645	0.021022	6.0
246	-0.131653	299.090291	0.002085	5.8
247	-0.688526	298.574321	0.012790	6.8
248	-0.868373	298.060718	0.011964	5.7
249	-0.910433	297.549465	0.021246	5.8
250	-0.642733	297.040543	0.005542	6.7
251	-0.650381	296.533936	0.011898	5.7
252	-0.000000	296.029626	0.000000	6.0
253	-0.671133	295.527597	0.003924	7.1
254	-0.467960	295.027832	0.007681	5.6
255	-0.049678	294.530315	0.002801	6.4
256	-0.342482	294.035028	0.004610	5.6
257	-0.827067	293.541956	0.011343	5.9
258	-0.000000	293.051083	0.000000	5.8
259	-0.495949	292.562393	0.005798	5.5
260	-0.000000	292.075870	0.000000	6.0
261	-0.961281	291.591498	0.019390	7.0
262	-0.000000	291.109263	0.000000	5.5
263	-1.044857	290.629149	0.026516	6.2
264	-0.000241	290.151140	0.000030	6.0
265	-0.595230	289.675222	0.010256	5.8
266	-0.136298	289.201380	0.003263	6.4
267	-0.000000	288.729600	0.000000	5.7
268	-0.000000	288.259866	0.000000	5.6
269	-0.769773	287.792165	0.010819	6.7
270	-0.000000	287.326481	0.000000	5.7
271	-0.828259	286.862802	0.012789	6.2
272	-0.002287	286.401113	0.000084	7.2
273	-0.132834	285.941400	0.004885	5.9
274	-0.000000	285.483649	0.000000	6.4
275	-0.658943	285.027847	0.023461	5.6
276	-0.725730	284.573981	0.008454	5.7
277	-0.548215	284.122037	0.007583	8.1
278	-0.904015	283.672002	0.006981	6.1
279	-0.319391	283.223863	0.003479	6.7
280	-0.871175	282.777607	0.021437	5.4
281	-0.000000	282.333221	0.000000	5.7
282	-0.699737	281.890692	0.009381	6.9
283	-0.595265	281.450008	0.006407	5.7
284	-0.898146	281.011157	0.014840	6.7
285	-0.885832	280.574125	0.023274	5.9
286	-0.791452	280.138901	0.009662	5.9
287	-0.237204	279.705473	0.008238	6.9
288	-0.468102	279.273829	0.007068	5.7
289	-0.000000	278.843956	0.000000	5.6
290	-0.792167	278.415844	0.010527	6.5
291	-0.170182	277.989479	0.007804	6.1
292	-0.219874	277.564851	0.004557	6.0
293	-0.275909	277.141949	0.005461	5.8
294	-0.914858	276.720761	0.018199	5.9
295	-0.897444	276.301275	0.019492	7.0
296	-1.124347	275.883480	0.009184	5.7
297	-0.021955	275.467366	0.000643	5.6
298	-0.000000	275.052922	0.000000	7.7
299	-0.221534	274.640136	0.002878	7.9
300	-0.806603	274.228998	0.030901	6.9
301	-0.408655	273.819497	0.011809	5.8
302	-0.000000	273.411623	0.000000	5.5
303	-0.513709	273.005365	0.012973	6.4
304	-0.548824	272.600712	0.006797	6.3
305	-0.000000	272.197655	0.000000	6.4
306	-0.008320	271.796184	0.000476	6.7
307	-0.326555	271.396287	0.006356	5.8
308	-0.520233	270.997956	0.005485	6.7
309	-0.786584	270.601180	0.028103	6.0
310	-0.000004	270.205949	0.000003	6.3
311	-0.676355	269.812254	0.010054	6.4
312	-0.728909	269.420085	0.009151	6.0
313	-0.904309	269.029432	0.020469	7.0
314	-0.485452	268.640287	0.004548	5.7
315	-0.857589	268.252638	0.019874	5.6
316	-0.000000	267.866478	0.000000	6.8
317	-0.131995	267.481796	0.005176	6.1
318	-0.000181	267.098584	0.000020	6.6
319	-0.000000	266.716833	0.000000	6.0
320	-0.475815	266.336533	0.006948	5.8
321	-0.770794	265.957676	0.008390	6.8
322	-0.000000	265.580253	0.000000	6.2
323	-0.707674	265.204254	0.010898	6.1
324	-0.241866	264.829672	0.004510	6.3
325	-0.898774	264.456497	0.019100	5.9
326	-0.374698	264.084721	0.004290	6.8
327	-0.224737	263.714335	0.002114	5.8
328	-0.603946	263.345332	0.008644	5.8
329	-0.595340	262.977702	0.007541	6.3
330	-0.452431	262.611438	0.006322	5.7
331	-0.535861	262.246531	0.006800	6.1
332	-0.510483	261.882973	0.005929	6.2
333	-1.063144	261.520756	0.010047	5.9
334	-0.788900	261.159871	0.006399	6.7
335	-0.649790	260.800312	0.015396	5.8
336	-0.000000	260.442070	0.000000	5.9
337	-0.385780	260.085137	0.007195	6.5
338	-1.018263	259.729505	0.030813	5.8
339	-0.000000	259.375167	0.000000	5.8
340	-0.289201	259.022116	0.004727	6.5
341	-0.790297	258.670343	0.010948	5.8
342	-0.024633	258.319841	0.000876	6.1
343	-0.631341	257.970602	0.014128	5.9
344	-0.963272	257.622620	0.011469	5.5
345	-0.033000	257.275887	0.000432	6.7
346	-1.014450	256.930396	0.050053	5.2
347	-0.305230	256.586139	0.008190	5.5
348	-0.862229	256.243109	0.010624	6.1
349	-0.284647	255.901300	0.006373	5.5
350	-0.597251	255.560703	0.017760	6.0
351	-0.603821	255.221313	0.007730	6.4
352	-0.512350	254.883122	0.006790	5.7
353	-0.693207	254.546124	0.005654	6.3
354	-0.566883	254.210311	0.020416	6.4
355	-0.457880	253.875677	0.005527	5.8
356	-0.100438	253.542215	0.001287	6.3
357	-0.888410	253.209918	0.010429	6.0
358	-0.003060	252.878781	0.000115	5.8
359	-0.695928	252.548795	0.009521	6.8
360	-0.390337	252.219956	0.006481	5.7
361	-0.649672	251.892255	0.009668	6.9
362	-0.617787	251.565688	0.004375	5.9
363	-0.000000	251.240247	0.000000	5.8
364	-0.061728	250.915926	0.002251	6.8
365	-0.000043	250.592720	0.000007	5.7
366	-0.913088	250.270621	0.010752	5.8
367	-0.557070	249.949624	0.010048	6.4
368	-0.556324	249.629723	0.011394	5.7
369	-0.000181	249.310911	0.000029	6.1
370	-0.000000	248.993182	0.000000	6.3
371	-1.068761	248.676531	0.029007	5.7
372	-0.762053	248.360952	0.010819	6.5
373	-0.000000	248.046438	0.000000	6.0
374	-0.000123	247.732984	0.000022	5.4
375	-0.923194	247.420584	0.012900	6.2
376	-0.645532	247.109233	0.007148	6.0
377	-0.024783	246.798924	0.002270	5.8
378	-0.000000	246.489652	0.000000	6.4
379	-0.000000	246.181412	0.000000	5.5
380	-0.000000	245.874197	0.000000	6.3
381	-0.205868	245.568002	0.004267	6.0
382	-0.001512	245.262822	0.000017	5.7
383	-0.657232	244.958652	0.006194	6.9
384	-0.249873	244.655485	0.002545	5.5
385	-0.275866	244.353317	0.004638	5.7
386	-0.010172	244.052142	0.000316	6.3
387	-0.198319	243.751955	0.005008	5.6
388	-0.518404	243.452750	0.009260	5.8
389	-0.468941	243.154523	0.004298	6.3
390	-0.965342	242.857268	0.014626	5.7
391	-1.096474	242.560980	0.014398	6.4
392	-0.462233	242.265654	0.003474	6.1
393	-0.000000	241.971285	0.000000	5.7
394	-0.736516	241.677868	0.010236	6.3
395	-0.728139	241.385397	0.023470	5.9
396	-0.500346	241.093869	0.007090	5.7
397	-0.931245	240.803278	0.013820	6.9
398	-0.000851	240.513619	0.000122	5.6
399	-0.458797	240.224887	0.006003	7.2
400	-0.000000	239.937077	0.000000	5.8
401	-0.435469	239.650186	0.007494	5.7
402	-0.000000	239.364207	0.000000	7.1
403	-0.824005	239.079136	0.016110	5.7
404	-0.618732	238.794969	0.012609	5.8
405	-0.000037	238.511701	0.000005	6.0
406	-1.023131	238.229327	0.011616	5.8
407	-0.979336	237.947843	0.008552	6.3
408	-1.010552	237.667244	0.023282	7.0
409	-0.009502	237.387526	0.000109	5.8
410	-0.000000	237.108684	0.000000	5.3
411	-0.712984	236.830714	0.007692	5.8
412	-0.143029	236.553610	0.003866	5.3
413	-0.000000	236.277370	0.000000	6.2
414	-0.000000	236.001989	0.000000	5.5
415	-0.000000	235.727461	0.000000	5.5
416	-0.537575	235.453784	0.007979	6.3
417	-0.661745	235.180952	0.007269	5.8
418	-0.318785	234.908962	0.006153	5.7
419	-0.575158	234.637809	0.007404	6.0
420	-0.214192	234.367488	0.004420	5.3
421	-0.000000	234.097997	0.000000	6.5
422	-0.693784	233.829331	0.007300	5.8
423	-0.935714	233.561485	0.033786	5.8
424	-0.068102	233.294456	0.001341	6.7
425	-0.202115	233.028239	0.005752	6.0
426	-0.543199	232.762831	0.008433	5.9
427	-0.881056	232.498228	0.012152	6.9
428	-0.155445	232.234425	0.003416	6.4
429	-0.532494	231.971419	0.006004	7.0
430	-0.611268	231.709205	0.003842	5.6
431	-0.613027	231.447781	0.007450	5.7
432	-1.058581	231.187141	0.017741	7.1
433	-0.756700	230.927283	0.023178	5.9
434	-0.000000	230.668202	0.000000	6.5
435	-0.000000	230.409895	0.000000	5.9
436	-0.000000	230.152358	0.000000	6.1
437	-0.000000	229.895587	0.000000	6.6
438	-0.061921	229.639578	0.001517	6.2
439	-0.646874	229.384329	0.006572	5.8
440	-0.737710	229.129834	0.006942	7.0
441	-0.844936	228.876091	0.009277	5.8
442	-0.982176	228.623096	0.031205	6.7
443	-1.021233	228.370846	0.019862	6.2
444	-0.327529	228.119336	0.003306	5.7
445	-0.000000	227.868563	0.000000	7.5
446	-0.021788	227.618525	0.001161	5.6
447	-0.915882	227.369216	0.011092	6.6
448	-0.807415	227.120635	0.013505	5.8
449	-1.015955	226.872777	0.026950	5.9
450	-0.197664	226.625638	0.002920	6.0
451	-0.223483	226.379217	0.005583	5.7
452	-0.476362	226.133509	0.006968	5.7
453	-0.627639	225.888510	0.023459	7.0
454	-1.006945	225.644218	0.028975	5.7
455	-0.000000	225.400630	0.000000	6.4
456	-0.906233	225.157741	0.012504	5.8
457	-0.506770	224.915549	0.007591	5.7
458	-0.000000	224.674051	0.000000	6.9
459	-0.000000	224.433242	0.000000	5.6
460	-0.030041	224.193121	0.000999	5.8
461	-0.000000	223.953684	0.000000	7.1
462	-0.633173	223.714927	0.006311	6.0
463	-0.012556	223.476848	0.000599	6.0
464	-0.119187	223.239444	0.003020	6.1
465	-0.692287	223.002710	0.014693	6.0
466	-0.180704	222.766645	0.001729	6.8
467	-0.378835	222.531245	0.005309	5.6
468	-0.654079	222.296508	0.006151	5.4
469	-0.913030	222.062429	0.022657	6.4
470	-0.000000	221.829007	0.000000	5.5
471	-0.216970	221.596238	0.003874	5.6
472	-0.940596	221.364119	0.012302	5.8
473	-0.146553	221.132647	0.005742	5.5
474	-0.265596	220.901820	0.004335	5.5
475	-0.935249	220.671634	0.019800	5.9
476	-0.956339	220.442086	0.018535	5.7
477	-0.218529	220.213174	0.004939	6.1
478	-0.158773	219.984895	0.000802	5.9
479	-0.746622	219.757246	0.006709	5.4
480	-0.274498	219.530224	0.003497	6.0
481	-0.338263	219.303826	0.002129	5.8
482	-0.395991	219.078050	0.005255	6.0
483	-0.000000	218.852893	0.000000	7.2
484	-1.043991	218.628352	0.008752	5.5
485	-1.067925	218.404424	0.010091	6.0
486	-0.066085	218.181106	0.001726	6.3
487	-0.677223	217.958397	0.006612	5.7
488	-0.000000	217.736292	0.000000	6.6
489	-0.000087	217.514790	0.000058	5.6
490	-0.000000	217.293888	0.000000	5.7
491	-0.000000	217.073584	0.000000	6.4
492	-0.017176	216.853873	0.000343	5.8
493	-0.521365	216.634755	0.007783	5.7
494	-0.873622	216.416227	0.010430	7.1
495	-0.578319	216.198285	0.004694	5.7
496	-0.000000	215.980927	0.000000	6.5
497	-0.063329	215.764151	0.000722	7.0
498	-0.547553	215.547955	0.006336	5.7
499	-0.737899	215.332335	0.009308	6.4
500	-0.000000	215.117289	0.000000	6.1
501	-0.000000	214.902815	0.000000	5.9
502	-0.993807	214.688911	0.009685	6.2
503	-0.873916	214.475573	0.030624	5.7
504	-0.499979	214.262800	0.005894	6.8
505	-0.662636	214.050588	0.007895	6.0
506	-0.285207	213.838936	0.005238	5.7
507	-0.395382	213.627842	0.004235	6.3
508	-0.063327	213.417302	0.001477	5.6
509	-0.000000	213.207314	0.000000	5.4
510	-0.040843	212.997877	0.001874	6.6
511	-0.979029	212.788987	0.006071	5.7
512	-0.039225	212.580642	0.000646	6.2
513	-0.000000	212.372841	0.000000	6.3
514	-0.515071	212.165581	0.006904	5.5
515	-0.337757	211.958859	0.003749	6.1
516	-0.000007	211.752673	0.000003	6.4
517	-1.125006	211.547021	0.014045	5.7
518	-0.514877	211.341902	0.008270	6.3
519	-1.100536	211.137311	0.014399	5.8
520	-0.807024	210.933248	0.031354	5.6
521	-0.785320	210.729710	0.008573	6.7
522	-0.410923	210.526695	0.004442	5.8
523	-0.950951	210.324200	0.011875	6.2
524	-0.000000	210.122224	0.000000	5.7
525	-0.000000	209.920765	0.000000	5.6
526	-0.000000	209.719820	0.000000	7.2
527	-0.444764	209.519387	0.005580	5.8
528	-0.613925	209.319463	0.009611	5.8
529	-0.985462	209.120048	0.021474	6.5
530	-0.528564	208.921139	0.009963	5.7
531	-0.755172	208.722733	0.004895	6.1
532	-1.041663	208.524829	0.011731	6.9
533	-1.002887	208.327425	0.013978	5.9
534	-0.000000	208.130518	0.000000	6.7
535	-1.083998	207.934107	0.018723	5.7
536	-0.917744	207.738189	0.009080	5.9
537	-0.956700	207.542762	0.024825	6.0
538	-0.870441	207.347825	0.011167	5.6
539	-0.611785	207.153376	0.010303	6.0
540	-0.001506	206.959412	0.000035	5.8
541	-0.528708	206.765932	0.004845	5.5
542	-0.627407	206.572933	0.007886	6.3
543	-0.984670	206.380414	0.017731	5.6
544	-0.499726	206.188373	0.005445	5.5
545	-0.008776	205.996807	0.000640	6.4
546	-0.006199	205.805716	0.000580	5.5
547	-0.715356	205.615096	0.010580	5.7
548	-1.013139	205.424946	0.015423	6.2
549	-0.034007	205.235265	0.001604	5.7
550	-0.919861	205.046050	0.010671	5.7
551	-0.592553	204.857299	0.003723	6.5
552	-0.956996	204.669011	0.010500	6.3
553	-0.371401	204.481184	0.007473	7.6
554	-0.000000	204.293816	0.000000	5.3
555	-0.874712	204.106905	0.009538	5.8
556	-0.603890	203.920449	0.009142	6.2
557	-0.749672	203.734447	0.010487	5.6
558	-1.061223	203.548896	0.012654	5.8
559	-0.736175	203.363795	0.011147	7.1
560	-0.372134	203.179143	0.004356	5.9
561	-0.119589	202.994937	0.004967	6.3
562	-0.995230	202.811176	0.008686	5.8
563	-0.000000	202.627857	0.000000	6.0
564	-0.402345	202.444980	0.008315	7.1
565	-0.501668	202.262543	0.011248	5.7
566	-0.000000	202.080543	0.000000	6.4
567	-0.914585	201.898979	0.017716	6.5
568	-0.539819	201.717849	0.007990	6.3
569	-0.813991	201.537153	0.009090	7.0
570	-0.515519	201.356887	0.005736	5.6
571	-0.688452	201.177050	0.010965	5.8
572	-0.206761	200.997642	0.002323	6.5
573	-0.126321	200.818659	0.002560	5.7
574	-0.674575	200.640100	0.006442	6.4
575	-0.000000	200.461965	0.000000	5.3
576	-0.649103	200.284250	0.013860	5.7
577	-0.697465	200.106955	0.009243	6.9
578	-0.624331	199.930078	0.007191	5.8
579	-0.618455	199.753617	0.004328	5.8
580	-0.705064	199.577571	0.004333	6.5
581	-0.677908	199.401938	0.006460	5.9
582	-0.628742	199.226717	0.006094	6.0
583	-0.567612	199.051905	0.026751	6.3
584	-0.831739	198.877502	0.014163	5.7
585	-0.367862	198.703506	0.007562	6.2
586	-0.501905	198.529916	0.003452	6.1
587	-0.018791	198.356729	0.000667	6.0
588	-1.077866	198.183944	0.014644	6.4
589	-0.000000	198.011560	0.000000	5.7
590	-0.000000	197.839576	0.000000	5.7
591	-0.516423	197.667989	0.007270	6.2
592	-1.074870	197.496798	0.018182	5.8
593	-0.000001	197.326002	0.000000	6.6
594	-0.980107	197.155600	0.013364	5.8
595	-0.485415	196.985589	0.004061	5.6
596	-1.077689	196.815969	0.030713	6.8
597	-0.000000	196.646738	0.000000	5.6
598	-0.000000	196.477894	0.000000	5.6
599	-0.465606	196.309436	0.004999	6.7
600	-0.000000	196.141363	0.000000	6.6
601	-0.000000	195.973673	0.000000	6.1
602	-0.000059	195.806365	0.000034	5.9
603	-0.000000	195.639437	0.000000	5.9
604	-0.754439	195.472888	0.014286	6.7
605	-0.002131	195.306717	0.000033	5.5
606	-0.160578	195.140922	0.002562	5.5
607	-0.958322	194.975501	0.019647	6.6
608	-0.000000	194.810454	0.000000	5.7
609	-0.946048	194.645779	0.011060	6.5
610	-0.000898	194.481475	0.000135	5.9
611	-0.003069	194.317540	0.000704	5.7
612	-1.103429	194.153973	0.013920	6.3
613	-0.628458	193.990773	0.006148	5.7
614	-0.645434	193.827938	0.009555	5.7
615	-0.002181	193.665467	0.000262	6.6
616	-0.597342	193.503358	0.007447	5.6
617	-0.976916	193.341611	0.011649	6.1
618	-0.000000	193.180224	0.000000	6.5
619	-0.000053	193.019196	0.000011	5.5
620	-0.595129	192.858525	0.008247	6.6
621	-1.026089	192.698210	0.008151	6.6
622	-0.000001	192.538251	0.000000	5.7
623	-0.956588	192.378644	0.008062	6.5
624	-0.123812	192.219391	0.002387	5.8
625	-0.855782	192.060488	0.013262	5.8
626	-0.658180	191.901935	0.013390	6.2
627	-0.614757	191.743730	0.004223	5.7
628	-0.527098	191.585873	0.015962	6.4
629	-0.724154	191.428362	0.009557	6.3
630	-0.120875	191.271196	0.003356	5.7
631	-1.082460	191.114374	0.025006	6.8
632	-0.000442	190.957893	0.000007	5.8
633	-0.661326	190.801755	0.008132	5.8
634	-1.147717	190.645956	0.021423	6.5
635	-0.904907	190.490495	0.007650	5.5
636	-0.859141	190.335373	0.004434	5.8
637	-0.000000	190.180587	0.000000	6.4
638	-1.031269	190.026136	0.018411	6.0
639	-0.642315	189.872019	0.010427	7.0
640	-0.609274	189.718235	0.006100	6.0
641	-0.844045	189.564782	0.023236	5.7
642	-0.619510	189.411661	0.006381	6.2
643	-0.995089	189.258868	0.028696	5.7
644	-0.813426	189.106404	0.005226	6.6
645	-1.052717	188.954267	0.016294	5.8
646	-0.081367	188.802456	0.002988	5.7
647	-0.556626	188.650969	0.012347	6.9
648	-1.011278	188.499807	0.011254	5.9
649	-0.747643	188.348967	0.005444	5.6
650	-0.497811	188.198448	0.004921	6.3
651	-0.065966	188.048250	0.003076	5.5
652	-1.085011	187.898371	0.015451	5.7
653	-0.000002	187.748810	0.000000	6.1
654	-0.995552	187.599566	0.015513	5.5
655	-0.535026	187.450638	0.010170	5.9
656	-0.697394	187.302025	0.011331	7.0
657	-0.814455	187.153725	0.011716	5.6
658	-0.349437	187.005739	0.003907	6.6
659	-0.016613	186.858064	0.001190	5.6
660	-0.404805	186.710699	0.006697	5.6
661	-0.002164	186.563645	0.000039	6.6
662	-0.000000	186.416898	0.000000	5.7
663	-0.282143	186.270459	0.005898	6.2
664	-0.639777	186.124326	0.007561	6.3
665	-0.033305	185.978499	0.001819	5.7
666	-0.887288	185.832976	0.010588	7.0
667	-0.716568	185.687756	0.008395	5.7
668	-0.895105	185.542838	0.013264	5.6
669	-0.000017	185.398222	0.000011	6.5
670	-0.922276	185.253906	0.028768	6.0
671	-0.503251	185.109889	0.005849	5.8
672	-0.353624	184.966170	0.008056	6.9
673	-0.821832	184.822748	0.015611	5.8
674	-0.000000	184.679623	0.000000	6.5
675	-0.000003	184.536792	0.000000	6.0
676	-0.953513	184.394256	0.011904	5.9
677	-0.670576	184.252013	0.021194	6.3
678	-0.872090	184.110062	0.016237	5.8
679	-0.000000	183.968403	0.000000	6.8
680	-0.000000	183.827034	0.000000	6.2
681	-0.797189	183.685954	0.006191	6.0
682	-0.000000	183.545163	0.000000	6.5
683	-0.753500	183.404658	0.012979	5.7
684	-0.235625	183.264441	0.006248	6.3
685	-0.000000	183.124509	0.000000	7.0
686	-0.654135	182.984861	0.006745	5.9
687	-0.865369	182.845497	0.007857	7.1
688	-0.574601	182.706416	0.008310	5.9
689	-0.295906	182.567616	0.006205	6.6
690	-0.000000	182.429098	0.000000	6.6
691	-0.000128	182.290859	0.000005	5.9
692	-0.596600	182.152899	0.007378	6.6
693	-0.818277	182.015217	0.015031	5.9
694	-0.759100	181.877813	0.009164	6.2
695	-0.865845	181.740684	0.007472	7.1
696	-0.906323	181.603832	0.024454	5.9
697	-0.235360	181.467253	0.003307	6.2
698	-0.732685	181.330948	0.006711	6.7
699	-0.434415	181.194916	0.003680	5.8
700	-0.000000	181.059155	0.000000	7.1
701	-0.000000	180.923666	0.000000	6.1
702	-0.328126	180.788446	0.011594	6.0
703	-0.060097	180.653496	0.001342	7.2
704	-1.146861	180.518814	0.009212	6.9
705	-0.886214	180.384399	0.007507	7.2
706	-0.985041	180.250251	0.010866	6.9
707	-0.107691	180.116369	0.002047	7.0
708	-0.000000	179.982752	0.000000	5.8
709	-0.812479	179.849398	0.019955	5.7
710	-0.000000	179.716308	0.000000	6.6
711	-0.000000	179.583480	0.000000	6.2
712	-0.000000	179.450913	0.000000	5.7
713	-1.010367	179.318607	0.012447	6.6
714	-0.250278	179.186561	0.003558	5.7
715	-0.000000	179.054774	0.000000	6.0
716	-1.060331	178.923245	0.031435	6.2
717	-0.580554	178.791973	0.004332	5.7
718	-0.000000	178.660958	0.000000	7.1
719	-0.499287	178.530199	0.006340	5.8
720	-0.710910	178.399694	0.006707	5.7
721	-0.980174	178.269444	0.012208	6.6
722	-0.904677	178.139447	0.005433	6.3
723	-0.000000	178.009702	0.000000	6.3
724	-1.030114	177.880209	0.011189	5.8
725	-0.414032	177.750967	0.007014	6.0
726	-0.682115	177.621975	0.011478	6.4
727	-0.000000	177.493232	0.000000	5.9
728	-0.685545	177.364738	0.014734	5.7
729	-0.746135	177.236492	0.007272	6.1
730	-0.919010	177.108492	0.011723	5.6
731	-0.369477	176.980739	0.012153	6.0
732	-0.484424	176.853231	0.010381	6.1
733	-0.919731	176.725968	0.011310	5.9
734	-0.496109	176.598949	0.004942	6.9
735	-0.515407	176.472173	0.006942	5.8
736	-0.506366	176.345639	0.004953	6.2
737	-1.087511	176.219348	0.007660	6.6
738	-0.563184	176.093296	0.002414	5.7
739	-0.443531	175.967486	0.005027	6.4
740	-0.394130	175.841914	0.009022	6.3
741	-0.856257	175.716581	0.007205	5.7
742	-0.413241	175.591486	0.006123	7.3
743	-0.606410	175.466629	0.008682	5.7
744	-0.000000	175.342008	0.000000	5.7
745	-0.000000	175.217622	0.000000	6.4
746	-0.002027	175.093472	0.000195	5.6
747	-0.735304	174.969556	0.009408	6.0
748	-1.155470	174.845873	0.013166	6.0
749	-0.650886	174.722423	0.005883	5.8
750	-0.283725	174.599206	0.004892	7.0
751	-0.000000	174.476220	0.000000	5.7
752	-1.176931	174.353464	0.016468	5.7
753	-0.266864	174.230939	0.005776	7.2
754	-0.545335	174.108643	0.008030	6.0
755	-0.200395	173.986576	0.003825	6.2
756	-0.917384	173.864737	0.012070	7.4
757	-0.802982	173.743124	0.007181	5.7
758	-0.729566	173.621739	0.006360	6.7
759	-0.000013	173.500579	0.000001	6.7
760	-0.532307	173.379645	0.005327	6.1
761	-0.747128	173.258935	0.008109	6.1
762	-1.051178	173.138449	0.014676	5.8
763	-0.000000	173.018186	0.000000	6.7
764	-0.777528	172.898146	0.022294	5.8
765	-0.738477	172.778327	0.012757	5.7
766	-0.002893	172.658730	0.000547	6.8
767	-0.790523	172.539353	0.009544	5.5
768	-1.055819	172.420196	0.026734	6.1
769	-0.342622	172.301258	0.002550	6.2
770	-0.035662	172.182539	0.001441	5.7
771	-0.330188	172.064037	0.002242	6.4
772	-0.953835	171.945753	0.010647	5.9
773	-0.082698	171.827686	0.001793	5.5
774	-1.052001	171.709834	0.034443	6.0
775	-0.129127	171.592198	0.002859	6.8
776	-0.974895	171.474776	0.007459	5.8
777	-0.803557	171.357568	0.008847	6.8
778	-1.009992	171.240574	0.005815	5.7
779	-0.000000	171.123793	0.000000	5.9
780	-0.032774	171.007223	0.002071	5.8
781	-0.757883	170.890865	0.007923	6.0
782	-0.555159	170.774718	0.004377	6.7
783	-0.311061	170.658782	0.007274	5.8
784	-0.000000	170.543055	0.000000	5.8
785	-0.969434	170.427537	0.004701	6.9
786	-0.000000	170.312227	0.000000	5.7
787	-0.000000	170.197125	0.000000	6.6
788	-0.851573	170.082231	0.019098	5.9
789	-0.000000	169.967543	0.000000	5.4
790	-1.018716	169.853061	0.026846	6.7
791	-0.047196	169.738784	0.001775	5.9
792	-0.226507	169.624713	0.006057	5.5
793	-0.000000	169.510845	0.000000	5.6
794	-0.730112	169.397181	0.006425	6.0
795	-1.005520	169.283720	0.006918	5.4
796	-0.410139	169.170462	0.006037	6.6
797	-0.594689	169.057405	0.005227	5.8
798	-1.060350	168.944549	0.007773	6.3
799	-0.000000	168.831895	0.000000	5.9
800	-0.440388	168.719440	0.005301	5.7
801	-0.964952	168.607185	0.015906	6.6
802	-0.508680	168.495129	0.007834	5.9
803	-0.937807	168.383271	0.014682	5.9
804	-0.771023	168.271611	0.024562	6.4
805	-0.935501	168.160148	0.007140	5.7
806	-0.000000	168.048882	0.000000	6.1
807	-0.000093	167.937812	0.000010	6.2
808	-0.988835	167.826938	0.007794	5.8
809	-0.699678	167.716258	0.008186	6.6
810	-0.000000	167.605773	0.000000	5.7
811	-1.130921	167.495482	0.014992	5.7
812	-0.958289	167.385384	0.008948	7.1
813	-0.000000	167.275479	0.000000	5.8
814	-0.358280	167.165766	0.006682	5.9
815	-0.771027	167.056245	0.012443	6.0
816	-0.420767	166.946915	0.006011	6.2
817	-0.000000	166.837776	0.000000	6.2
818	-0.000002	166.728826	0.000000	5.8
819	-0.448013	166.620067	0.008786	5.7
820	-0.123157	166.511496	0.003781	6.3
821	-0.000000	166.403113	0.000000	5.5
822	-0.382063	166.294919	0.003343	5.8
823	-0.804248	166.186912	0.008698	6.7
824	-0.994935	166.079091	0.036394	6.0
825	-0.324968	165.971458	0.009671	6.5
826	-0.416144	165.864009	0.006570	5.9
827	-0.681911	165.756747	0.011131	5.7
828	-0.477290	165.649669	0.003354	6.1
829	-0.732039	165.542775	0.004545	6.8
830	-0.853286	165.436065	0.009477	6.1
831	-0.576757	165.329538	0.010575	7.1
832	-0.713244	165.223194	0.010345	5.6
833	-0.145930	165.117032	0.003335	6.6
834	-1.062669	165.011052	0.017388	7.2
835	-0.632984	164.905253	0.003223	6.4
836	-0.956900	164.799635	0.010370	7.0
837	-0.115577	164.694197	0.001536	6.4
838	-0.797702	164.588939	0.008057	7.0
839	-0.175053	164.483859	0.002828	6.6
840	-0.000000	164.378959	0.000000	6.7
841	-0.000000	164.274237	0.000000	6.4
842	-0.402147	164.169692	0.008223	5.7
843	-0.548176	164.065325	0.008550	6.8
844	-1.025486	163.961135	0.012797	5.8
845	-0.000005	163.857120	0.000000	5.8
846	-0.726466	163.753282	0.007162	6.2
847	-0.453784	163.649619	0.006042	6.2
848	-0.044126	163.546130	0.002391	6.0
849	-0.163119	163.442816	0.002359	6.2
850	-0.000000	163.339676	0.000000	5.6
851	-1.139669	163.236709	0.011536	6.9
852	-0.000000	163.133915	0.000000	5.7
853	-0.000000	163.031294	0.000000	5.6
854	-0.000000	162.928844	0.000000	6.3
855	-0.012654	162.826566	0.000344	6.0
856	-0.970303	162.724459	0.012608	5.8
857	-0.524709	162.622523	0.011255	6.3
858	-0.603114	162.520757	0.008669	5.7
859	-0.000037	162.419160	0.000007	6.2
860	-1.000757	162.317733	0.007540	5.9
861	-0.001714	162.216474	0.000101	5.9
862	-0.606184	162.115383	0.008704	7.0
863	-0.572661	162.014461	0.005084	5.7
864	-0.000059	161.913705	0.000002	5.7
865	-0.752772	161.813117	0.018644	6.8
866	-0.000000	161.712695	0.000000	6.1
867	-0.929110	161.612439	0.010544	6.2
868	-1.086038	161.512349	0.018327	5.6
869	-0.000000	161.412424	0.000000	5.8
870	-0.160200	161.312663	0.003283	6.7
871	-0.000000	161.213067	0.000000	5.6
872	-0.000000	161.113635	0.000000	5.5
873	-0.010797	161.014366	0.000705	6.2
874	-0.000000	160.915260	0.000000	5.5
875	-0.366532	160.816316	0.003986	5.7
876	-0.926430	160.717535	0.008115	6.4
877	-0.612340	160.618915	0.012787	5.8
878	-0.002062	160.520456	0.000087	6.7
879	-1.140509	160.422158	0.014087	5.8
880	-0.000000	160.324021	0.000000	5.6
881	-0.001222	160.226043	0.000064	6.8
882	-0.000000	160.128225	0.000000	6.1
883	-0.449043	160.030566	0.006232	5.8
884	-0.000000	159.933066	0.000000	6.3
885	-0.000005	159.835723	0.000001	6.3
886	-0.994865	159.738539	0.009386	6.3
887	-0.098975	159.641512	0.004197	6.3
888	-0.798503	159.544642	0.009668	5.7
889	-0.618994	159.447929	0.005660	6.5
890	-1.068137	159.351372	0.021324	5.8
891	-0.275629	159.254971	0.004125	5.9
892	-0.000000	159.158725	0.000000	5.9
893	-0.421782	159.062634	0.005136	5.8
894	-0.935495	158.966697	0.011793	6.1
895	-0.712071	158.870915	0.009938	6.7
896	-0.849914	158.775286	0.011413	5.8
897	-0.833992	158.679811	0.008601	6.9
898	-0.707172	158.584489	0.013481	5.4
899	-0.332176	158.489319	0.004907	5.9
900	-0.000001	158.394302	0.000000	6.7
901	-0.595677	158.299436	0.007636	5.9
902	-0.759586	158.204721	0.005902	6.1
903	-0.000000	158.110158	0.000000	6.2
904	-0.000000	158.015745	0.000000	5.6
905	-0.863582	157.921482	0.008866	6.9
906	-0.000000	157.827369	0.000000	5.7
907	-0.000000	157.733406	0.000000	5.5
908	-0.176036	157.639591	0.003753	6.3
909	-0.833908	157.545925	0.007711	5.7
910	-0.117300	157.452408	0.003502	5.7
911	-1.029740	157.359038	0.014371	6.9
912	-0.517017	157.265816	0.005215	5.8
913	-1.161829	157.172741	0.018043	7.1
914	-0.894318	157.079813	0.023996	5.8
915	-0.581475	156.987031	0.008720	5.6
916	-0.000028	156.894395	0.000024	6.4
917	-1.017705	156.801904	0.011856	5.6
918	-1.046333	156.709559	0.031064	5.9
919	-0.311111	156.617359	0.005582	7.3
920	-0.681748	156.525304	0.007698	6.5
921	-0.767465	156.433392	0.006619	6.2
922	-1.072321	156.341624	0.041421	6.3
923	-0.949642	156.250000	0.009496	6.0
924	-1.097905	156.158519	0.009568	6.9
925	-0.688752	156.067180	0.013620	5.9
926	-1.045013	155.975984	0.008865	6.4
927	-0.945132	155.884930	0.008186	6.2
928	-0.482660	155.794017	0.004446	5.7
929	-0.848594	155.703246	0.011810	6.4
930	-0.637853	155.612615	0.005906	5.6
931	-0.345187	155.522125	0.002203	5.6
932	-0.000000	155.431775	0.000000	6.8
933	-0.961002	155.341565	0.030516	5.4
934	-0.890696	155.251495	0.007990	6.1
935	-0.588947	155.161563	0.009041	5.8
936	-0.000000	155.071771	0.000000	5.7
937	-0.029972	154.982117	0.000725	6.2
938	-0.000170	154.892601	0.000031	5.7
939	-0.597874	154.803222	0.007037	5.7
940	-0.000000	154.713981	0.000000	6.6
941	-0.305830	154.624878	0.003134	6.0
942	-0.860095	154.535910	0.012915	5.5
943	-0.579408	154.447080	0.004068	6.4
944	-1.151439	154.358385	0.015198	5.7
945	-0.006895	154.269826	0.000244	5.8
946	-0.000000	154.181402	0.000000	6.5
947	-0.697694	154.093114	0.005584	5.6
948	-0.940908	154.004960	0.006417	6.8
949	-1.039873	153.916940	0.014738	5.9
950	-0.007631	153.829054	0.000067	5.7
951	-0.979351	153.741303	0.015338	6.7
952	-0.872869	153.653684	0.007320	5.7
953	-0.816323	153.566198	0.007647	5.9
954	-0.052314	153.478846	0.000675	6.9
955	-0.035294	153.391625	0.001031	5.9
956	-0.869972	153.304537	0.012718	7.0
957	-1.039822	153.217580	0.011237	5.8
958	-0.750935	153.130755	0.014463	5.7
959	-0.213526	153.044061	0.003353	7.3
960	-0.003199	152.957498	0.000283	4.9
961	-0.756373	152.871065	0.006625	6.0
962	-1.128635	152.784762	0.009513	6.2
963	-0.740606	152.698589	0.005986	5.8
964	-1.129467	152.612545	0.015570	7.0
965	-0.043751	152.526631	0.001199	5.8
966	-0.686663	152.440845	0.015621	5.7
967	-0.617471	152.355188	0.010448	6.5
968	-0.429871	152.269660	0.005762	5.8
969	-0.950120	152.184259	0.038619	5.9
970	-0.387266	152.098986	0.007912	6.5
971	-0.848180	152.013840	0.008196	6.4
972	-0.000000	151.928821	0.000000	6.2
973	-0.751967	151.843928	0.006363	5.9
974	-0.945921	151.759163	0.013228	5.8
975	-0.568911	151.674523	0.005605	6.5
976	-0.852529	151.590009	0.012452	5.8
977	-1.040016	151.505620	0.012427	6.0
978	-0.535761	151.421357	0.007715	6.3
979	-0.000000	151.337218	0.000000	5.8
980	-0.650439	151.253204	0.011737	6.9
981	-0.774882	151.169314	0.008337	5.8
982	-0.531588	151.085549	0.007167	5.7
983	-1.139848	151.001907	0.015536	6.5
984	-0.907985	150.918388	0.007003	5.8
985	-0.415108	150.834992	0.005459	5.9
986	-0.000934	150.751719	0.000243	6.3
987	-0.525751	150.668569	0.004061	6.1
988	-0.940536	150.585541	0.035249	6.4
989	-0.826567	150.502634	0.011155	6.6
990	-0.677895	150.419849	0.003918	6.0
991	-0.630072	150.337186	0.004695	6.7
992	-0.093451	150.254644	0.003641	5.9
993	-0.520461	150.172222	0.004374	6.5
994	-1.004114	150.089921	0.009312	5.9
995	-0.008181	150.007740	0.000400	5.5
996	-1.061042	149.925679	0.015398	6.9
997	-0.000000	149.843737	0.000000	5.5
998	-0.962107	149.761915	0.021708	5.7
999	-0.710537	149.680212	0.007044	6.3
1000	-1.103554	149.598627	0.008158	5.3
1001	-0.002239	149.517161	0.000038	5.6
1002	-0.506333	149.435814	0.007344	6.6
1003	-0.787014	149.354584	0.008089	5.6
1004	-0.735888	149.273472	0.012345	6.3
1005	-0.799448	149.192477	0.008192	6.2
1006	-1.091273	149.111599	0.016820	5.8
1007	-0.000000	149.030838	0.000000	6.3
1008	-0.746591	148.950194	0.005765	5.8
1009	-0.000000	148.869666	0.000000	6.3
1010	-0.742980	148.789253	0.007798	6.6
1011	-0.842610	148.708957	0.016197	5.8
1012	-0.591090	148.628776	0.004147	6.2
1013	-0.296671	148.548710	0.003016	5.9
1014	-0.000000	148.468759	0.000000	5.8
1015	-0.000000	148.388923	0.000000	6.8
1016	-1.025322	148.309201	0.008691	5.8
1017	-0.710256	148.229594	0.003687	5.7
1018	-0.720659	148.150100	0.006249	7.1
1019	-0.416336	148.070719	0.007215	5.8
1020	-0.740009	147.991452	0.005529	6.5
1021	-1.141241	147.912298	0.025481	5.8
1022	-0.000000	147.833257	0.000000	5.7
1023	-0.774265	147.754329	0.010111	7.5
1024	-0.978840	147.675512	0.008494	6.2
1025	-0.942821	147.596808	0.011317	5.5
1026	-0.098181	147.518216	0.003445	6.8
1027	-0.506389	147.439735	0.005256	5.7
1028	-0.000000	147.361365	0.000000	6.4
1029	-0.676785	147.283106	0.004922	6.0
1030	-0.739477	147.204958	0.006687	5.7
1031	-0.392109	147.126920	0.003825	6.5
1032	-0.243982	147.048993	0.004132	5.8
1033	-0.926335	146.971175	0.006206	6.2
1034	-0.543164	146.893468	0.009659	6.6
1035	-0.848490	146.815869	0.008389	5.8
1036	-1.233827	146.738380	0.015010	6.9
1037	-0.980879	146.661000	0.022806	5.8
1038	-0.891330	146.583729	0.005711	5.9
1039	-0.869393	146.506566	0.006254	6.8
1040	-0.000000	146.429511	0.000000	5.4
1041	-0.229783	146.352565	0.004428	5.7
1042	-0.398869	146.275726	0.005163	6.7
1043	-0.000000	146.198994	0.000000	5.8
1044	-0.000000	146.122370	0.000000	6.6
1045	-0.879332	146.045853	0.008335	5.8
1046	-0.020810	145.969442	0.000173	5.9
1047	-0.000120	145.893139	0.000008	6.3
1048	-0.001368	145.816941	0.000025	5.7
1049	-0.537075	145.740849	0.005671	5.6
1050	-0.363116	145.664863	0.006706	6.6
1051	-0.856927	145.588983	0.006221	5.6
1052	-0.710209	145.513208	0.017055	6.1
1053	-0.632688	145.437538	0.013398	5.5
1054	-0.507087	145.361973	0.005809	5.6
1055	-0.000000	145.286513	0.000000	7.0
1056	-0.000000	145.211157	0.000000	5.4
1057	-0.000000	145.135905	0.000000	5.5
1058	-0.756559	145.060757	0.020172	6.2
1059	-0.000000	144.985712	0.000000	6.3
1060	-0.808489	144.910771	0.008220	5.7
1061	-0.588333	144.835934	0.005576	7.1
1062	-0.390815	144.761199	0.005161	5.8
1063	-0.000000	144.686567	0.000000	6.4
1064	-0.000000	144.612037	0.000000	5.7
1065	-0.000000	144.537610	0.000000	5.5
1066	-0.560516	144.463285	0.005229	6.9
1067	-0.807208	144.389062	0.008746	5.7
1068	-0.674921	144.314940	0.006123	5.9
1069	-0.283235	144.240920	0.004886	6.9
1070	-0.835836	144.167001	0.024093	5.7
1071	-0.896732	144.093182	0.006985	6.3
1072	-0.612812	144.019465	0.006455	5.9
1073	-0.660816	143.945848	0.027906	6.0
1074	-1.024133	143.872331	0.009817	7.1
1075	-0.665573	143.798914	0.031897	6.3
1076	-0.263991	143.725597	0.004537	6.3
1077	-0.968576	143.652380	0.019063	6.0
1078	-1.127553	143.579262	0.016186	5.7
1079	-1.000663	143.506243	0.013402	6.9
1080	-1.071994	143.433323	0.007190	6.5
1081	-0.814358	143.360502	0.007895	5.7
1082	-0.873761	143.287780	0.011375	7.1
1083	-0.503730	143.215155	0.003136	5.8
1084	-0.247876	143.142629	0.005994	6.8
1085	-0.667329	143.070201	0.011071	5.8
1086	-0.000000	142.997870	0.000000	5.8
1087	-0.606116	142.925637	0.005297	6.7
1088	-0.867230	142.853501	0.010614	5.7
1089	-0.496626	142.781462	0.004308	5.7
1090	-0.181691	142.709519	0.003854	7.2
1091	-0.608927	142.637674	0.006085	5.9
1092	-0.764338	142.565924	0.005906	6.1
1093	-0.860196	142.494271	0.009648	6.4
1094	-0.764981	142.422714	0.009528	5.8
1095	-0.416008	142.351252	0.003805	6.4
1096	-0.815468	142.279886	0.005565	5.6
1097	-0.686837	142.208616	0.008288	6.6
1098	-0.000000	142.137440	0.000000	6.4
1099	-0.091291	142.066360	0.000823	5.8
1100	-0.868983	141.995374	0.007044	6.7
1101	-0.000000	141.924483	0.000000	5.7
1102	-0.908434	141.853685	0.009800	5.8
1103	-0.944434	141.782983	0.007931	6.8
1104	-0.194524	141.712373	0.001775	6.1
1105	-0.241421	141.641858	0.002315	6.1
1106	-1.007693	141.571436	0.010417	6.2
1107	-0.543860	141.501108	0.004609	5.8
1108	-0.946554	141.430872	0.013899	6.2
1109	-0.302642	141.360730	0.003296	6.3
1110	-0.000000	141.290680	0.000000	5.8
1111	-0.600357	141.220722	0.009270	6.5
1112	-0.776353	141.150857	0.018553	5.9
1113	-0.429078	141.081084	0.005316	6.1
1114	-0.248919	141.011403	0.002987	6.0
1115	-0.000000	140.941813	0.000000	6.0
1116	-0.132334	140.872315	0.004293	6.6
1117	-0.000000	140.802909	0.000000	5.7
1118	-0.028294	140.733593	0.001055	5.2
1119	-0.000000	140.664369	0.000000	5.8
1120	-0.000000	140.595235	0.000000	5.7
1121	-0.000000	140.526192	0.000000	5.6
1122	-1.128016	140.457239	0.017835	6.2
1123	-0.569644	140.388376	0.007715	5.4
1124	-0.000000	140.319603	0.000000	5.3
1125	-0.755480	140.250920	0.006434	6.2
1126	-0.928783	140.182326	0.025901	6.0
1127	-0.144530	140.113822	0.005613	5.2
1128	-0.098241	140.045407	0.002026	6.8
1129	-0.182490	139.977081	0.003662	5.6
1130	-0.000000	139.908844	0.000000	6.5
1131	-0.037482	139.840696	0.000806	5.5
1132	-0.107880	139.772635	0.002532	5.7
1133	-0.089168	139.704664	0.001667	6.0
1134	-1.053654	139.636780	0.027149	6.1
1135	-0.189964	139.568984	0.006504	5.5
1136	-0.000000	139.501276	0.000000	6.3
1137	-0.000000	139.433655	0.000000	5.8
1138	-0.049809	139.366122	0.002288	6.4
1139	-0.000000	139.298676	0.000000	6.1
1140	-0.667102	139.231317	0.003995	5.6
1141	-0.263121	139.164045	0.004522	6.4
1142	-0.361887	139.096859	0.006060	6.1
1143	-0.547917	139.029760	0.004317	6.3
1144	-1.021548	138.962747	0.028899	6.8
1145	-0.721306	138.895820	0.008821	6.1
1146	-0.000000	138.828978	0.000000	6.1
1147	-1.074379	138.762223	0.009613	6.2
1148	-1.045754	138.695553	0.011088	5.7
1149	-0.803949	138.628969	0.008774	6.8
1150	-0.000375	138.562469	0.000004	5.7
1151	-0.000000	138.496055	0.000000	5.2
1152	-0.005549	138.429725	0.000411	6.2
1153	-1.125610	138.363481	0.019661	5.9
1154	-0.062703	138.297320	0.002241	6.0
1155	-0.332384	138.231244	0.003247	6.4
1156	-0.748781	138.165252	0.012828	5.6
1157	-0.000069	138.099344	0.000032	6.1
1158	-0.326465	138.033520	0.001642	6.2
1159	-0.447971	137.967779	0.004401	5.8
1160	-0.000000	137.902122	0.000000	7.0
1161	-0.744432	137.836548	0.007567	5.7
1162	-0.193132	137.771057	0.003898	5.7
1163	-0.608078	137.705649	0.008263	6.7
1164	-0.814191	137.640324	0.027218	6.3
1165	-0.939595	137.575081	0.015948	6.4
1166	-0.819268	137.509921	0.010256	6.2
1167	-0.488402	137.444842	0.006407	5.7
1168	-0.747836	137.379846	0.010179	7.2
1169	-0.041609	137.314932	0.002122	5.7
1170	-0.000000	137.250100	0.000000	5.7
1171	-1.182895	137.185349	0.017000	6.3
1172	-0.948107	137.120680	0.009525	5.6
1173	-0.000000	137.056092	0.000000	5.9
1174	-0.879986	136.991585	0.010930	5.7
1175	-0.808436	136.927158	0.008291	5.8
1176	-0.949737	136.862813	0.009254	6.8
1177	-0.608843	136.798548	0.006761	6.0
1178	-0.923976	136.734363	0.005351	5.6
1179	-0.692009	136.670259	0.010733	6.2
1180	-0.502693	136.606235	0.007506	6.7
1181	-0.000000	136.542291	0.000000	6.2
1182	-1.054542	136.478426	0.013310	6.2
1183	-0.217840	136.414641	0.004368	5.6
1184	-0.503665	136.350936	0.005324	6.6
1185	-0.087699	136.287310	0.003013	5.8
1186	-0.004345	136.223763	0.000028	5.8
1187	-0.303561	136.160295	0.008490	6.4
1188	-0.813107	136.096905	0.006881	6.1
1189	-0.039381	136.033594	0.001226	6.1
1190	-0.313356	135.970362	0.005374	5.9
1191	-0.466725	135.907208	0.001921	5.7
1192	-0.352435	135.844133	0.004816	6.8
1193	-0.803700	135.781135	0.009909	5.8
1194	-0.000000	135.718215	0.000000	6.0
1195	-0.286042	135.655373	0.005251	6.4
1196	-0.681775	135.592608	0.005133	5.8
1197	-0.000000	135.529921	0.000000	5.6
1198	-0.021134	135.467311	0.001206	7.2
1199	-0.820140	135.404778	0.010602	6.5
1200	-0.727799	135.342322	0.006372	7.4
1201	-0.623129	135.279942	0.013985	6.6
1202	-0.018045	135.217640	0.000583	7.0
1203	-0.114316	135.155413	0.003716	6.3
1204	-0.603100	135.093263	0.012580	6.4
1205	-0.260218	135.031190	0.006055	6.8
1206	-0.415836	134.969192	0.004349	6.3
1207	-0.613825	134.907270	0.017590	7.2
1208	-0.216740	134.845424	0.004300	6.7
1209	-0.757543	134.783653	0.004704	6.6
1210	-0.000000	134.721958	0.000000	7.0
1211	-0.000000	134.660338	0.000000	6.4
1212	-0.625139	134.598793	0.005017	7.5
1213	-0.570453	134.537323	0.010218	6.2
1214	-0.866911	134.475927	0.010919	6.5
1215	-0.258069	134.414607	0.006835	6.9
1216	-0.000000	134.353361	0.000000	6.3
1217	-0.940586	134.292189	0.015567	6.8
1218	-0.761381	134.231092	0.011855	6.4
1219	-0.639380	134.170068	0.004459	7.0
1220	-0.000000	134.109119	0.000000	6.4
1221	-0.622378	134.048243	0.005633	6.3
1222	-0.000000	133.987441	0.000000	6.8
1223	-0.622382	133.926713	0.004088	6.1
1224	-0.752792	133.866057	0.011612	7.5
1225	-0.636093	133.805475	0.012316	6.5
1226	-1.196261	133.744966	0.014813	6.4
1227	-0.016442	133.684530	0.000101	7.2
1228	-0.885713	133.624167	0.006125	6.3
1229	-0.538104	133.563877	0.004192	6.8
1230	-0.000000	133.503658	0.000000	7.2
1231	-0.896553	133.443513	0.006028	6.8
1232	-0.548347	133.383439	0.004543	7.3
1233	-0.599193	133.323437	0.006363	6.4
1234	-0.398101	133.263508	0.014764	6.7
1235	-0.973600	133.203650	0.018393	6.3
1236	-0.725196	133.143864	0.006221	6.8
1237	-0.842681	133.084149	0.020196	6.5
1238	-0.560612	133.024506	0.006565	6.5
1239	-0.902929	132.964934	0.005876	8.0
1240	-0.682099	132.905433	0.006877	7.8
1241	-1.126276	132.846003	0.011481	7.3
1242	-0.180340	132.786643	0.003582	6.5
1243	-0.842243	132.727355	0.017145	8.5
1244	-0.000000	132.668137	0.000000	7.1
1245	-0.736089	132.608989	0.005989	7.0
1246	-0.000000	132.549912	0.000000	6.9
1247	-0.872826	132.490904	0.011845	6.7
1248	-0.000001	132.431967	0.000000	7.4
1249	-0.493706	132.373100	0.004895	6.5
1250	-0.000000	132.314302	0.000000	7.1
1251	-0.870935	132.255574	0.005494	6.6
1252	-0.013991	132.196916	0.000748	7.0
1253	-0.916176	132.138326	0.014977	6.9
1254	-0.359933	132.079806	0.002711	6.2
1255	-0.000000	132.021355	0.000000	7.3
1256	-0.000000	131.962973	0.000000	6.3
1257	-0.073836	131.904660	0.001575	7.6
1258	-0.739104	131.846415	0.009248	6.4
1259	-0.255984	131.788239	0.002166	6.6
1260	-0.572408	131.730131	0.005185	6.6
1261	-0.667559	131.672092	0.008656	6.4
1262	-0.081753	131.614121	0.002459	7.1
1263	-0.231114	131.556217	0.004503	6.5
1264	-0.690304	131.498382	0.004447	6.2
1265	-0.231625	131.440614	0.004678	6.5
1266	-1.038767	131.382914	0.016839	6.6
1267	-0.809922	131.325282	0.010064	7.4
1268	-0.000000	131.267717	0.000000	6.2
1269	-0.226330	131.210219	0.004777	7.0
1270	-0.488610	131.152788	0.006496	6.5
1271	-0.453878	131.095424	0.004321	6.5
1272	-0.503731	131.038127	0.005044	7.9
1273	-0.057550	130.980897	0.001091	6.4
1274	-0.732144	130.923733	0.007170	6.6
1275	-0.715399	130.866636	0.006735	6.3
1276	-0.359060	130.809605	0.003878	6.5
1277	-0.761511	130.752641	0.017760	7.6
1278	-0.151261	130.695742	0.003423	7.6
1279	-0.454135	130.638910	0.004484	7.3
1280	-1.035393	130.582143	0.013324	6.9
1281	-0.000000	130.525442	0.000000	7.3
1282	-0.471861	130.468807	0.004729	6.4
1283	-0.000000	130.412237	0.000000	6.7
1284	-0.939901	130.355733	0.008486	6.8
1285	-0.043414	130.299294	0.002605	7.6
1286	-0.000000	130.242920	0.000000	7.0
1287	-0.000000	130.186611	0.000000	6.3
1288	-0.860153	130.130366	0.006215	7.7
1289	-0.946193	130.074187	0.006718	6.5
1290	-0.976863	130.018072	0.013504	6.8
1291	-0.865707	129.962022	0.012186	7.2
1292	-0.000000	129.906036	0.000000	6.6
1293	-0.628312	129.850114	0.004798	7.9
1294	-0.000000	129.794257	0.000000	6.6
1295	-1.029026	129.738463	0.007752	7.2
1296	-0.000000	129.682734	0.000000	6.6
1297	-1.058049	129.627068	0.028705	7.0
1298	-0.297487	129.571466	0.001852	7.0
1299	-0.273743	129.515927	0.006200	6.5
1300	-0.000024	129.460452	0.000001	7.5
1301	-0.000000	129.405040	0.000000	6.8
1302	-0.797903	129.349692	0.008389	7.8
1303	-0.799821	129.294406	0.005556	6.3
1304	-0.154436	129.239183	0.005159	7.0
1305	-0.869347	129.184024	0.009145	6.5
1306	-0.618310	129.128927	0.006560	6.8
1307	-0.848768	129.073892	0.013426	7.3
1308	-0.000000	129.018921	0.000000	6.9
1309	-0.000000	128.964011	0.000000	7.5
1310	-0.002038	128.909164	0.000185	6.4
1311	-0.008093	128.854379	0.001123	6.4
1312	-0.311573	128.799656	0.004115	6.5
1313	-0.106977	128.744995	0.003395	6.5
1314	-0.847114	128.690396	0.010335	7.6
1315	-0.955451	128.635858	0.012580	6.6
1316	-0.872583	128.581382	0.006142	8.0
1317	-0.896450	128.526968	0.006688	6.9
1318	-0.000000	128.472615	0.000000	6.8
1319	-0.889855	128.418323	0.025548	6.9
1320	-0.931845	128.364092	0.004418	6.7
1321	-0.800243	128.309922	0.008088	7.4
1322	-0.767768	128.255814	0.009576	6.8
1323	-1.014239	128.201766	0.006275	7.3
1324	-1.073842	128.147778	0.022392	6.5
1325	-0.004483	128.093852	0.000561	6.8
1326	-0.622528	128.039985	0.003986	6.7
1327	-0.656147	127.986180	0.004641	6.6
1328	-0.928832	127.932434	0.008913	7.2
1329	-0.094984	127.878749	0.004292	6.6
1330	-0.000007	127.825123	0.000000	7.0
1331	-0.000000	127.771558	0.000000	6.3
1332	-0.000000	127.718052	0.000000	6.9
1333	-1.038765	127.664606	0.005589	7.5
1334	-0.137496	127.611220	0.003917	6.5
1335	-0.662787	127.557893	0.011088	6.9
1336	-0.000544	127.504625	0.000024	6.9
1337	-0.770470	127.451417	0.010685	7.5
1338	-0.000000	127.398268	0.000000	6.7
1339	-0.870243	127.345178	0.012103	6.3
1340	-0.019007	127.292147	0.001301	7.1
1341	-0.520584	127.239175	0.004865	6.6
1342	-0.201842	127.186261	0.006631	7.7
1343	-0.950989	127.133407	0.009629	6.4
1344	-0.795024	127.080610	0.006370	7.7
1345	-0.924329	127.027872	0.005770	7.4
1346	-1.100013	126.975193	0.013431	6.6
1347	-0.513353	126.922572	0.006036	7.0
1348	-0.530027	126.870008	0.005603	6.5
1349	-0.016778	126.817503	0.000294	7.6
1350	-0.705924	126.765056	0.008645	6.4
1351	-0.568834	126.712667	0.007184	7.0
1352	-0.669223	126.660335	0.015987	6.5
1353	-0.000000	126.608061	0.000000	6.4
1354	-0.017590	126.555844	0.000136	7.2
1355	-0.781262	126.503685	0.020695	6.4
1356	-0.000000	126.451583	0.000000	7.2
1357	-0.673893	126.399538	0.007705	6.5
1358	-0.547418	126.347550	0.009232	6.5
1359	-0.223968	126.295619	0.004283	6.7
1360	-0.500808	126.243745	0.007741	6.4
1361	-0.031047	126.191928	0.001525	7.2
1362	-0.415809	126.140168	0.005169	6.3
1363	-0.589965	126.088464	0.004470	6.8
1364	-0.000000	126.036817	0.000000	7.4
1365	-0.000000	125.985226	0.000000	6.5
1366	-0.754572	125.933691	0.006993	6.9
1367	-0.117013	125.882212	0.001424	6.9
1368	-0.763856	125.830790	0.006098	7.2
1369	-0.737179	125.779423	0.005479	7.2
1370	-0.087436	125.728113	0.002523	6.7
1371	-0.307137	125.676858	0.010361	7.0
1372	-0.522249	125.625659	0.010193	6.5
1373	-0.965820	125.574515	0.010801	7.6
1374	-0.320705	125.523427	0.002357	6.7
1375	-0.539889	125.472394	0.007793	8.3
1376	-0.003120	125.421417	0.000377	6.7
1377	-0.006268	125.370495	0.000231	7.2
1378	-1.044488	125.319628	0.004975	7.2
1379	-1.005727	125.268815	0.024718	6.5
1380	-1.011037	125.218058	0.009863	7.3
1381	-0.513244	125.167356	0.005224	6.7
1382	-0.639330	125.116708	0.005393	7.7
1383	-0.522723	125.066115	0.005007	6.3
1384	-0.132871	125.015576	0.006537	7.9
1385	-0.000000	124.965092	0.000000	8.2
1386	-0.876313	124.914662	0.007958	8.3
1387	-0.157678	124.864287	0.004322	6.5
1388	-0.640863	124.813965	0.006548	6.4
1389	-0.968732	124.763698	0.008249	6.7
1390	-0.667442	124.713485	0.011295	5.9
1391	-0.830459	124.663325	0.008078	6.7
1392	-0.533553	124.613219	0.005960	6.4
1393	-0.000000	124.563167	0.000000	6.2
1394	-0.000000	124.513168	0.000000	7.5
1395	-1.044634	124.463223	0.009954	6.6
1396	-0.000002	124.413332	0.000000	7.2
1397	-0.714899	124.363493	0.008558	6.5
1398	-0.822134	124.313708	0.007941	6.4
1399	-0.767790	124.263976	0.006878	6.4
1400	-0.632870	124.214297	0.008198	5.9
1401	-0.277643	124.164671	0.004895	7.2
1402	-0.000000	124.115097	0.000000	5.9
1403	-0.584392	124.065577	0.004364	5.8
1404	-0.841976	124.016109	0.006523	6.6
1405	-0.753568	123.966693	0.016855	5.8
1406	-0.926971	123.917330	0.003504	6.6
1407	-0.036325	123.868020	0.000966	6.1
1408	-0.000000	123.818762	0.000000	6.0
1409	-0.644896	123.769556	0.006930	6.3
1410	-0.738864	123.720402	0.005486	5.6
1411	-0.696958	123.671300	0.005437	6.1
1412	-0.677540	123.622250	0.005697	7.2
1413	-0.021678	123.573252	0.001397	6.4
1414	-0.871801	123.524305	0.005577	6.6
1415	-1.156878	123.475411	0.011482	5.9
1416	-0.914513	123.426568	0.013701	6.3
1417	-0.000000	123.377776	0.000000	6.6
1418	-0.076911	123.329036	0.003153	5.9
1419	-0.092503	123.280347	0.002443	6.6
1420	-0.122705	123.231709	0.002695	5.9
1421	-0.495743	123.183122	0.003968	6.2
1422	-0.000000	123.134587	0.000000	7.0
1423	-0.702118	123.086102	0.005882	6.0
1424	-0.960972	123.037669	0.009203	6.2
1425	-0.894691	122.989286	0.012314	6.4
1426	-0.000000	122.940954	0.000000	6.0
1427	-0.736979	122.892672	0.002770	6.7
1428	-0.509625	122.844441	0.004518	6.6
1429	-0.617236	122.796261	0.008753	6.4
1430	-0.000000	122.748130	0.000000	6.9
1431	-0.335210	122.700050	0.003222	5.7
1432	-0.992956	122.652021	0.010757	6.7
1433	-0.561028	122.604041	0.005656	5.9
1434	-0.667785	122.556111	0.005818	5.8
1435	-0.000000	122.508232	0.000000	6.0
1436	-0.379990	122.460402	0.007283	5.9
1437	-0.409962	122.412622	0.006401	6.0
1438	-0.792414	122.364891	0.012140	6.9
1439	-1.058662	122.317210	0.013561	5.9
1440	-0.001184	122.269579	0.000037	6.9
1441	-0.530708	122.221997	0.005299	5.6
1442	-0.000000	122.174465	0.000000	5.9
1443	-0.000000	122.126981	0.000000	6.3
1444	-0.890093	122.079547	0.008664	6.2
1445	-0.079665	122.032162	0.002942	6.5
1446	-0.622420	121.984826	0.004803	6.5
1447	-0.748215	121.937539	0.007183	6.4
1448	-0.744306	121.890301	0.009035	6.5
1449	-0.006475	121.843112	0.000151	5.9
1450	-1.007415	121.795971	0.028858	6.0
1451	-0.611284	121.748879	0.004645	6.6
1452	-0.592553	121.701835	0.006880	5.9
1453	-0.821347	121.654840	0.007869	6.6
1454	-0.009054	121.607893	0.000658	5.9
1455	-0.789998	121.560994	0.007028	5.8
1456	-0.813239	121.514144	0.014298	6.4
1457	-0.937247	121.467342	0.008825	5.8
1458	-0.000000	121.420588	0.000000	5.7
1459	-0.519921	121.373882	0.006159	6.7
1460	-0.645645	121.327223	0.004177	5.7
1461	-0.853581	121.280613	0.012026	6.4
1462	-0.000041	121.234050	0.000027	6.9
1463	-0.000000	121.187535	0.000000	5.8
1464	-1.075267	121.141067	0.010723	6.5
1465	-0.581274	121.094647	0.007796	5.8
1466	-1.005622	121.048274	0.016130	5.8
1467	-0.582647	121.001949	0.004066	6.2
1468	-0.306862	120.955671	0.004361	5.7
1469	-0.889019	120.909440	0.013278	6.4
1470	-0.000000	120.863256	0.000000	6.0
1471	-0.000102	120.817119	0.000001	5.8
1472	-0.000000	120.771029	0.000000	6.8
1473	-0.076446	120.724986	0.003505	5.8
1474	-0.000000	120.678990	0.000000	5.7
1475	-1.009153	120.633040	0.009109	6.9
1476	-0.786424	120.587137	0.006785	5.6
1477	-0.438064	120.541281	0.004024	6.4
1478	-0.178777	120.495471	0.005410	6.5
1479	-0.000704	120.449707	0.000113	5.8
1480	-0.782063	120.403990	0.007963	6.4
1481	-0.302898	120.358319	0.005252	5.7
1482	-0.608002	120.312694	0.008546	5.8
1483	-0.000000	120.267115	0.000000	6.5
1484	-0.099617	120.221582	0.001592	5.7
1485	-1.047759	120.176096	0.019061	6.1
1486	-0.538881	120.130655	0.007490	6.0
1487	-0.101021	120.085260	0.003854	5.7
1488	-0.185468	120.039910	0.005069	6.6
1489	-0.902766	119.994606	0.012098	5.7
1490	-0.083579	119.949348	0.001926	5.7
1491	-0.483039	119.904135	0.005932	6.6
1492	-0.317599	119.858968	0.004557	5.7
1493	-1.040667	119.813846	0.013098	5.7
1494	-0.582513	119.768769	0.005314	6.8
1495	-0.418682	119.723738	0.003835	5.6
1496	-0.920266	119.678752	0.008663	6.2
1497	-0.961600	119.633810	0.008234	6.2
1498	-1.036446	119.588914	0.011837	6.1
1499	-0.456295	119.544062	0.004910	6.4
1500	-1.005549	119.499256	0.010889	5.7
1501	-1.132712	119.454494	0.009521	5.8
1502	-0.000005	119.409777	0.000002	6.8
1503	-0.848210	119.365104	0.007022	5.7
1504	-0.863311	119.320476	0.010952	6.4
1505	-0.929696	119.275893	0.005870	5.9
1506	-0.679206	119.231353	0.007272	5.9
1507	-1.075174	119.186859	0.011351	6.9
1508	-0.836039	119.142408	0.010154	5.8
1509	-0.000000	119.098002	0.000000	5.8
1510	-0.952001	119.053639	0.014117	6.9
1511	-0.550385	119.009321	0.007235	5.8
1512	-0.559834	118.965047	0.005910	6.4
1513	-0.018981	118.920816	0.000543	6.4
1514	-0.000000	118.876630	0.000000	5.7
1515	-0.800363	118.832487	0.007885	6.7
1516	-0.758886	118.788388	0.005975	6.0
1517	-1.036107	118.744332	0.013225	6.2
1518	-0.000000	118.700320	0.000000	6.2
1519	-0.000000	118.656352	0.000000	5.7
1520	-1.090109	118.612427	0.006854	6.5
1521	-0.444252	118.568545	0.005420	5.8
1522	-1.023739	118.524706	0.004857	5.9
1523	-0.807988	118.480911	0.005748	6.4
1524	-0.004378	118.437159	0.000039	5.8
1525	-1.102596	118.393450	0.008014	5.7
1526	-0.762605	118.349784	0.005202	6.9
1527	-1.088455	118.306160	0.010433	5.7
1528	-0.316489	118.262580	0.006135	6.8
1529	-0.482982	118.219042	0.011454	5.9
1530	-0.807701	118.175548	0.007451	5.8
1531	-0.574936	118.132095	0.005816	7.7
1532	-0.187181	118.088686	0.002817	6.9
1533	-0.325060	118.045319	0.003495	7.0
1534	-0.211863	118.001994	0.002542	6.0
1535	-0.000000	117.958712	0.000000	5.5
1536	-0.914741	117.915472	0.007674	6.3
1537	-0.336763	117.872274	0.003876	5.6
1538	-0.814161	117.829118	0.010640	5.5
1539	-0.000000	117.786005	0.000000	6.4
1540	-0.046094	117.742933	0.001637	5.5
1541	-1.109953	117.699904	0.007348	5.5
1542	-0.000000	117.656916	0.000000	6.4
1543	-0.976493	117.613971	0.011219	5.6
1544	-0.000000	117.571067	0.000000	6.2
1545	-0.782325	117.528205	0.009048	5.5
1546	-0.850055	117.485384	0.006650	5.6
1547	-0.030872	117.442605	0.001358	6.5
1548	-0.965377	117.399867	0.008814	5.3
1549	-0.000009	117.357171	0.000003	5.5
1550	-0.115492	117.314517	0.003280	6.1
1551	-0.352925	117.271903	0.007334	6.2
1552	-0.000000	117.229331	0.000000	5.7
1553	-0.719602	117.186800	0.009923	6.7
1554	-0.537673	117.144311	0.004317	5.8
1555	-0.896725	117.101862	0.009706	7.0
1556	-0.953375	117.059454	0.008077	5.8
1557	-0.833996	117.017087	0.006885	5.9
1558	-0.394298	116.974762	0.004624	6.2
1559	-0.577146	116.932476	0.004125	5.7
1560	-0.391106	116.890232	0.005837	6.0
1561	-0.192117	116.848028	0.003152	6.6
1562	-0.849519	116.805865	0.004134	5.7
1563	-0.000000	116.763743	0.000000	6.5
1564	-1.089662	116.721661	0.010258	5.9
1565	-0.248944	116.679619	0.002385	5.8
1566	-0.508954	116.637618	0.006198	6.6
1567	-0.793472	116.595657	0.006023	5.9
1568	-1.037732	116.553736	0.008187	5.8
1569	-0.000000	116.511855	0.000000	6.3
1570	-0.861569	116.470015	0.007106	5.8
1571	-0.698212	116.428214	0.005021	6.4
1572	-1.051734	116.386454	0.015793	5.8
1573	-0.995280	116.344733	0.008261	5.9
1574	-0.934634	116.303052	0.007214	7.1
1575	-0.100483	116.261412	0.004076	5.7
1576	-0.863152	116.219810	0.005766	5.9
1577	-0.791205	116.178249	0.011410	6.8
1578	-0.072734	116.136727	0.003842	5.9
1579	-0.529648	116.095245	0.010596	6.2
1580	-0.337687	116.053802	0.009996	5.9
1581	-0.950478	116.012398	0.007097	5.8
1582	-1.134620	115.971034	0.018142	6.8
1583	-1.027148	115.929710	0.008765	5.8
1584	-0.976452	115.888424	0.014258	5.8
1585	-0.824650	115.847178	0.007105	6.0
1586	-0.000000	115.805970	0.000000	5.6
1587	-0.000000	115.764802	0.000000	5.7
1588	-1.025825	115.723673	0.009578	6.6
1589	-0.016694	115.682583	0.002368	5.8
1590	-1.133216	115.641532	0.008684	6.5
1591	-0.000000	115.600519	0.000000	5.8
1592	-0.702811	115.559546	0.009194	5.7
1593	-0.990077	115.518610	0.014184	6.8
1594	-1.128258	115.477714	0.009738	5.7
1595	-1.150320	115.436856	0.007975	5.6
1596	-1.003456	115.396037	0.012139	6.8
1597	-1.072488	115.355256	0.008329	5.7
1598	-0.989053	115.314514	0.014931	7.2
1599	-0.040300	115.273810	0.002234	6.0
1600	-0.745338	115.233144	0.007463	5.7
1601	-0.910988	115.192517	0.010501	6.2
1602	-0.054587	115.151927	0.001506	5.9
1603	-0.518471	115.111376	0.016384	6.2
1604	-0.000553	115.070863	0.000037	7.1
1605	-0.933356	115.030388	0.007586	5.7
1606	-0.398774	114.989951	0.004324	6.9
1607	-0.702278	114.949551	0.009509	5.6
1608	-0.919002	114.909190	0.005704	5.8
1609	-0.000000	114.868866	0.000000	7.6
1610	-0.728905	114.828580	0.008078	5.7
1611	-1.062485	114.788332	0.010130	7.1
1612	-1.054445	114.748121	0.006812	5.8
1613	-0.974638	114.707948	0.010789	5.5
1614	-0.493204	114.667812	0.008401	6.3
1615	-0.538270	114.627714	0.005630	5.8
1616	-0.824153	114.587653	0.013256	5.8
1617	-0.613755	114.547629	0.007476	7.0
1618	-0.812039	114.507643	0.009496	5.7
1619	-0.994160	114.467693	0.005547	6.0
1620	-0.000000	114.427781	0.000000	7.1
1621	-0.152508	114.387907	0.002716	5.8
1622	-0.883516	114.348069	0.007748	6.3
1623	-0.734253	114.308268	0.008931	5.7
1624	-0.886345	114.268504	0.007592	5.6
1625	-0.562806	114.228777	0.005865	6.2
1626	-0.063022	114.189086	0.001016	5.7
1627	-0.768264	114.149433	0.008897	5.9
1628	-0.509322	114.109816	0.005780	5.9
1629	-0.461000	114.070235	0.005194	5.5
1630	-0.146797	114.030692	0.005392	6.3
1631	-0.502730	113.991185	0.004888	5.8
1632	-0.001440	113.951714	0.000189	5.5
1633	-0.000000	113.912280	0.000000	6.2
1634	-0.996105	113.872882	0.006410	5.5
1635	-0.727302	113.833521	0.006027	5.5
1636	-0.329545	113.794195	0.003809	6.6
1637	-0.567904	113.754906	0.003823	5.8
1638	-0.000000	113.715653	0.000000	5.9
1639	-1.010647	113.676437	0.006780	7.1
1640	-0.000000	113.637256	0.000000	6.2
1641	-0.079029	113.598111	0.002442	6.6
1642	-0.000000	113.559002	0.000000	5.7
1643	-0.000000	113.519929	0.000000	5.7
1644	-0.947900	113.480892	0.007755	6.9
1645	-0.578704	113.441891	0.005466	5.9
1646	-0.617361	113.402925	0.008984	6.0
1647	-0.338004	113.363995	0.006748	6.1
1648	-0.843254	113.325101	0.007420	5.8
1649	-0.756436	113.286242	0.006395	6.5
1650	-0.082931	113.247419	0.003754	6.4
1651	-0.209869	113.208631	0.005863	5.7
1652	-0.814521	113.169879	0.005456	6.5
1653	-0.949070	113.131162	0.006686	5.7
1654	-0.818612	113.092480	0.006151	6.4
1655	-0.627808	113.053833	0.006386	6.9
1656	-0.045347	113.015222	0.000986	6.0
1657	-0.000000	112.976646	0.000000	6.8
1658	-0.078978	112.938105	0.001424	5.7
1659	-0.989817	112.899599	0.006496	5.8
1660	-0.355693	112.861128	0.001817	6.4
1661	-0.531379	112.822692	0.005687	5.7
1662	-0.000000	112.784291	0.000000	6.1
1663	-0.227691	112.745924	0.004587	6.2
1664	-0.000000	112.707593	0.000000	5.7
1665	-0.932438	112.669296	0.014340	6.9
1666	-0.377763	112.631034	0.004748	5.6
1667	-0.921263	112.592806	0.007560	5.8
1668	-0.887965	112.554613	0.011546	6.6
1669	-0.000000	112.516455	0.000000	5.7
1670	-1.079971	112.478331	0.008995	6.6
1671	-0.653642	112.440241	0.008545	7.7
1672	-0.861310	112.402186	0.006923	7.0
1673	-0.000000	112.364165	0.000000	6.3
1674	-0.894012	112.326179	0.004600	5.4
1675	-0.948847	112.288227	0.024449	6.0
1676	-0.000000	112.250309	0.000000	6.1
1677	-0.691728	112.212425	0.009552	5.7
1678	-1.008566	112.174575	0.008318	6.8
1679	-0.896245	112.136759	0.005993	6.3
1680	-1.008599	112.098977	0.007930	5.8
1681	-0.014447	112.061229	0.000939	6.7
1682	-0.967044	112.023515	0.009912	5.7
1683	-0.055798	111.985834	0.002610	6.0
1684	-1.017979	111.948188	0.010122	6.2
1685	-1.182475	111.910575	0.008630	6.0
1686	-0.964849	111.872996	0.005588	7.1
1687	-0.583468	111.835450	0.015468	5.5
1688	-0.209603	111.797939	0.006273	5.6
1689	-0.016217	111.760460	0.001307	7.1
1690	-0.660204	111.723015	0.013622	6.1
1691	-0.588575	111.685604	0.006254	5.8
1692	-0.000000	111.648226	0.000000	6.0
1693	-0.736711	111.610881	0.005864	5.5
1694	-0.953940	111.573570	0.008966	6.8
1695	-1.071446	111.536292	0.008512	6.0
1696	-0.568998	111.499047	0.004447	6.0
1697	-1.120553	111.461835	0.029661	6.7
1698	-0.637387	111.424656	0.004194	5.7
1699	-0.647595	111.387510	0.020430	6.2
1700	-0.000000	111.350398	0.000000	6.6
1701	-0.000000	111.313318	0.000000	5.7
1702	-0.311814	111.276271	0.005861	7.0
1703	-0.482181	111.239257	0.011529	5.7
1704	-0.915919	111.202276	0.003524	5.8
1705	-0.931632	111.165328	0.003299	6.7
1706	-0.961798	111.128412	0.007909	5.4
1707	-0.000002	111.091529	0.000001	6.2
1708	-0.720218	111.054679	0.005437	6.9
1709	-0.585470	111.017861	0.006778	6.2
1710	-0.579743	110.981076	0.006102	6.5
1711	-0.000000	110.944323	0.000000	5.8
1712	-0.616863	110.907603	0.011994	5.8
1713	-0.000000	110.870915	0.000000	6.9
1714	-0.859972	110.834259	0.009981	5.6
1715	-0.879419	110.797636	0.006585	6.3
1716	-0.463220	110.761045	0.006067	5.7
1717	-0.972349	110.724486	0.007921	6.2
1718	-0.760727	110.687959	0.011262	6.1
1719	-0.053419	110.651465	0.001343	5.7
1720	-0.000000	110.615002	0.000000	5.7
1721	-0.488909	110.578572	0.007023	6.5
1722	-0.566336	110.542173	0.008678	6.2
1723	-0.660774	110.505807	0.007384	6.2
1724	-0.000000	110.469472	0.000000	6.5
1725	-0.338173	110.433169	0.004927	5.8
1726	-0.797473	110.396898	0.007331	7.0
1727	-0.019393	110.360659	0.000643	5.7
1728	-0.732596	110.324451	0.013052	5.9
1729	-0.933392	110.288276	0.017081	6.4
1730	-0.785505	110.252131	0.006754	5.6
1731	-0.335755	110.216019	0.004527	7.0
1732	-0.679872	110.179937	0.004793	5.8
1733	-1.018178	110.143888	0.012111	6.0
1734	-0.016975	110.107869	0.000192	6.0
1735	-1.108087	110.071882	0.009530	5.7
1736	-0.051618	110.035927	0.001526	5.6
1737	-0.876354	110.000003	0.008832	6.2
1738	-0.914327	109.964110	0.008777	6.2
1739	-0.448932	109.928248	0.009745	5.9
1740	-0.000000	109.892417	0.000000	6.0
1741	-0.000000	109.856618	0.000000	5.9
1742	-0.954847	109.820850	0.013215	6.4
1743	-0.452962	109.785112	0.005324	6.4
1744	-0.021175	109.749406	0.000529	5.8
1745	-0.471835	109.713730	0.004654	6.5
1746	-0.002771	109.678086	0.000051	5.7
1747	-0.654069	109.642472	0.006769	5.8
1748	-0.139802	109.606890	0.002753	6.2
1749	-0.990936	109.571337	0.006693	5.5
1750	-0.555844	109.535816	0.006643	6.2
1751	-0.000000	109.500326	0.000000	5.8
1752	-0.465403	109.464866	0.009307	5.5
1753	-0.020301	109.429436	0.001387	6.3
1754	-0.876447	109.394038	0.008428	5.5
1755	-0.827556	109.358669	0.005934	5.6
1756	-0.186473	109.323331	0.004268	6.5
1757	-0.923258	109.288024	0.006124	5.7
1758	-0.000000	109.252747	0.000000	5.9
1759	-0.229844	109.217501	0.005562	6.2
1760	-0.767208	109.182284	0.010978	6.4
1761	-0.000000	109.147098	0.000000	6.2
1762	-0.258173	109.111942	0.002605	6.3
1763	-0.623131	109.076817	0.005172	5.6
1764	-0.850832	109.041721	0.004874	6.9
1765	-0.000000	109.006656	0.000000	5.7
1766	-0.965138	108.971620	0.008525	5.9
1767	-0.483586	108.936615	0.004715	6.7
1768	-0.732063	108.901640	0.008187	5.8
1769	-0.634847	108.866694	0.014623	6.2
1770	-0.992339	108.831779	0.007487	5.9
1771	-0.442288	108.796893	0.006195	5.5
1772	-0.545608	108.762037	0.010932	6.6
1773	-0.248321	108.727211	0.003889	5.8
1774	-0.210459	108.692415	0.003023	5.9
1775	-0.830689	108.657648	0.006831	6.3
1776	-0.000000	108.622911	0.000000	5.8
1777	-0.688967	108.588203	0.006441	5.7
1778	-0.710339	108.553525	0.004269	6.8
1779	-1.145451	108.518877	0.020508	5.8
1780	-0.000000	108.484258	0.000000	6.5
1781	-0.968389	108.449668	0.006174	5.9
1782	-0.542553	108.415108	0.006184	6.1
1783	-0.656532	108.380578	0.003935	6.5
1784	-0.134474	108.346076	0.003591	5.7
1785	-0.898694	108.311604	0.006089	5.6
1786	-0.529794	108.277161	0.002855	6.3
1787	-0.938900	108.242747	0.006666	5.7
1788	-0.000460	108.208363	0.000012	6.4
1789	-0.211853	108.174007	0.001858	5.7
1790	-0.535363	108.139681	0.007492	5.7
1791	-0.213034	108.105383	0.002704	6.6
1792	-0.966179	108.071115	0.005412	5.7
1793	-0.857490	108.036875	0.018316	5.8
1794	-0.850230	108.002665	0.007898	6.6
1795	-1.160337	107.968483	0.015621	6.3
1796	-0.926061	107.934330	0.011450	6.2
1797	-0.693992	107.900206	0.012174	5.8
1798	-1.066489	107.866111	0.009761	6.0
1799	-0.611057	107.832044	0.006353	6.9
1800	-0.555368	107.798007	0.005007	5.7
1801	-0.634392	107.763997	0.004073	6.1
1802	-0.930581	107.730017	0.006325	6.7
1803	-0.343844	107.696065	0.005107	6.0
1804	-0.888884	107.662141	0.007325	6.3
1805	-0.000000	107.628246	0.000000	5.7
1806	-0.735852	107.594379	0.006689	5.7
1807	-0.990692	107.560541	0.005480	6.3
1808	-0.000000	107.526731	0.000000	5.5
1809	-0.000000	107.492949	0.000000	5.6
1810	-0.770651	107.459196	0.009933	6.5
1811	-0.000000	107.425471	0.000000	5.6
1812	-0.698175	107.391774	0.007889	5.7
1813	-0.875298	107.358106	0.006673	6.3
1814	-0.974579	107.324465	0.006824	5.8
1815	-0.747312	107.290853	0.019541	6.2
1816	-1.109408	107.257268	0.022610	6.4
1817	-0.000000	107.223712	0.000000	6.0
1818	-0.696783	107.190184	0.005700	6.5
1819	-0.617684	107.156683	0.006482	5.5
1820	-0.000000	107.123211	0.000000	5.4
1821	-0.198801	107.089766	0.003106	6.1
1822	-0.000000	107.056349	0.000000	5.9
1823	-0.846947	107.022960	0.009760	5.3
1824	-0.243715	106.989599	0.004584	6.4
1825	-0.031675	106.956265	0.001147	5.6
1826	-0.962547	106.922960	0.007902	5.7
1827	-0.000000	106.889681	0.000000	5.9
1828	-0.000000	106.856431	0.000000	5.5
1829	-0.862330	106.823208	0.006006	6.5
1830	-0.583531	106.790012	0.004915	6.0
1831	-0.061344	106.756844	0.001665	6.1
1832	-1.039981	106.723703	0.010611	6.7
1833	-0.000000	106.690590	0.000000	5.7
1834	-1.079889	106.657505	0.007387	5.9
1835	-0.197935	106.624446	0.003786	6.1
1836	-0.855021	106.591415	0.013145	5.7
1837	-0.000000	106.558411	0.000000	6.4
1838	-0.873751	106.525435	0.012681	6.1
1839	-0.586667	106.492485	0.006028	5.8
1840	-0.203100	106.459563	0.005789	7.4
1841	-0.106949	106.426668	0.002628	6.4
1842	-0.980247	106.393800	0.007039	7.5
1843	-0.495948	106.360959	0.005310	6.5
1844	-0.752824	106.328145	0.006616	6.2
1845	-0.564433	106.295358	0.005411	6.8
1846	-0.902229	106.262598	0.007751	6.1
1847	-0.670449	106.229865	0.006084	6.3
1848	-0.608225	106.197158	0.010677	6.7
1849	-0.000000	106.164479	0.000000	5.4
1850	-0.000000	106.131826	0.000000	6.8
1851	-0.823874	106.099201	0.005158	6.0
1852	-0.405466	106.066602	0.004570	6.1
1853	-0.578772	106.034029	0.007231	7.1
1854	-0.393555	106.001483	0.004584	5.7
1855	-1.031558	105.968964	0.012586	7.1
1856	-0.388811	105.936472	0.003850	6.5
1857	-1.018611	105.904006	0.028037	5.7
1858	-0.902056	105.871566	0.007223	6.4
1859	-0.528180	105.839153	0.004646	5.9
1860	-0.182091	105.806767	0.003523	6.1
1861	-0.000000	105.774407	0.000000	6.0
1862	-0.900431	105.742073	0.009221	5.8
1863	-0.459305	105.709766	0.008787	7.0
1864	-0.485032	105.677485	0.006485	5.7
1865	-0.703590	105.645230	0.003220	6.2
1866	-0.000000	105.613001	0.000000	6.4
1867	-0.000000	105.580799	0.000000	5.7
1868	-1.001746	105.548623	0.009568	5.9
1869	-0.010956	105.516473	0.000648	7.1
1870	-0.000000	105.484349	0.000000	5.8
1871	-0.000000	105.452251	0.000000	6.8
1872	-0.000000	105.420179	0.000000	5.6
1873	-1.053160	105.388133	0.007788	5.9
1874	-0.121870	105.356113	0.001926	6.5
1875	-0.948697	105.324119	0.015549	5.8
1876	-0.000000	105.292151	0.000000	6.4
1877	-1.163215	105.260209	0.010145	5.9
1878	-0.000000	105.228293	0.000000	5.7
1879	-0.524735	105.196402	0.005935	7.0
1880	-0.000471	105.164537	0.000052	5.7
1881	-0.783385	105.132698	0.007547	5.7
1882	-0.757487	105.100885	0.005272	6.5
1883	-0.934611	105.069097	0.006290	5.6
1884	-0.000000	105.037335	0.000000	6.2
1885	-0.736241	105.005598	0.019590	6.0
1886	-0.000000	104.973887	0.000000	5.8
1887	-0.684925	104.942202	0.009295	6.5
1888	-0.534689	104.910542	0.006986	6.2
1889	-0.185326	104.878907	0.001936	5.7
1890	-0.788399	104.847298	0.006235	6.5
1891	-0.816123	104.815715	0.005660	5.7
1892	-0.002519	104.784156	0.000233	5.6
1893	-0.001561	104.752623	0.000027	6.5
1894	-0.551179	104.721116	0.005933	6.0
1895	-0.748237	104.689633	0.006211	6.4
1896	-0.345877	104.658176	0.004450	5.7
1897	-0.000000	104.626744	0.000000	5.5
1898	-0.000000	104.595337	0.000000	6.8
1899	-1.041555	104.563955	0.009815	5.5
1900	-0.123590	104.532599	0.002253	5.6
1901	-0.772874	104.501267	0.011321	6.1
1902	-0.027474	104.469960	0.001467	5.5
1903	-0.398157	104.438679	0.004794	5.7
1904	-1.106242	104.407422	0.021993	6.3
1905	-0.133673	104.376191	0.004863	6.3
1906	-0.000000	104.344984	0.000000	6.2
1907	-0.803134	104.313802	0.007172	5.8
1908	-0.717154	104.282645	0.006415	5.6
1909	-0.002284	104.251513	0.000267	5.9
1910	-0.892454	104.220405	0.010941	6.0
1911	-0.977167	104.189323	0.012576	5.7
1912	-0.468406	104.158265	0.005307	6.9
1913	-0.000000	104.127231	0.000000	5.7
1914	-0.000000	104.096222	0.000000	6.1
1915	-0.000000	104.065238	0.000000	6.0
1916	-0.053741	104.034279	0.001376	5.8
1917	-0.900272	104.003344	0.007023	6.7
1918	-1.098424	103.972433	0.008479	5.6
1919	-0.400308	103.941547	0.004219	5.7
1920	-0.127712	103.910686	0.002477	6.7
1921	-0.891321	103.879849	0.007378	6.5
1922	-0.000000	103.849036	0.000000	8.1
1923	-0.731090	103.818248	0.012475	6.1
1924	-0.775023	103.787484	0.011941	5.7
1925	-0.996024	103.756744	0.007643	6.6
1926	-0.312056	103.726029	0.004379	5.8
1927	-0.814198	103.695338	0.011660	6.4
1928	-0.000000	103.664671	0.000000	6.2
1929	-0.434779	103.634028	0.008558	6.0
1930	-0.725215	103.603409	0.008768	6.9
1931	-0.705110	103.572814	0.006588	5.9
1932	-0.000000	103.542244	0.000000	5.7
1933	-0.000000	103.511698	0.000000	6.5
1934	-0.973103	103.481175	0.009954	5.8
1935	-1.012231	103.450677	0.014823	6.4
1936	-0.612738	103.420202	0.006064	6.3
1937	-0.584224	103.389752	0.006260	5.9
1938	-0.713206	103.359325	0.013352	6.9
1939	-0.310372	103.328922	0.003504	6.1
1940	-0.036072	103.298543	0.000558	5.7
1941	-0.656515	103.268188	0.007275	6.8
1942	-0.000000	103.237857	0.000000	5.8
1943	-1.047850	103.207549	0.008896	6.2
1944	-0.837445	103.177265	0.006341	6.2
1945	-0.000000	103.147005	0.000000	5.7
1946	-0.000000	103.116768	0.000000	6.8
1947	-0.888429	103.086556	0.004759	5.7
1948	-1.005215	103.056366	0.005777	5.8
1949	-1.010130	103.026200	0.008022	6.9
1950	-0.086447	102.996058	0.001771	5.8
1951	-0.000000	102.965939	0.000000	6.5
1952	-0.000000	102.935844	0.000000	5.6
1953	-0.491315	102.905772	0.007421	5.8
1954	-0.151046	102.875724	0.002500	6.0
1955	-0.677533	102.845699	0.009801	6.5
1956	-0.361811	102.815697	0.005381	5.8
1957	-0.955034	102.785719	0.005925	6.9
1958	-0.444324	102.755764	0.003985	5.8
1959	-0.567396	102.725832	0.003268	6.4
1960	-0.868448	102.695924	0.005236	6.1
1961	-0.419034	102.666038	0.007132	6.1
1962	-0.022997	102.636176	0.000352	6.2
1963	-0.704205	102.606337	0.006256	5.7
1964	-0.978769	102.576521	0.011021	5.8
1965	-0.990924	102.546728	0.006824	6.6
1966	-0.931164	102.516959	0.006081	5.9
1967	-0.824384	102.487212	0.006276	6.3
1968	-0.294113	102.457488	0.005780	6.0
1969	-0.799847	102.427788	0.007701	5.5
1970	-0.000000	102.398110	0.000000	6.4
1971	-0.000000	102.368455	0.000000	6.8
1972	-0.837973	102.338823	0.008680	5.6
1973	-0.031101	102.309214	0.000974	6.1
1974	-0.639845	102.279628	0.006268	5.5
1975	-0.000000	102.250064	0.000000	6.1
1976	-0.049682	102.220524	0.000832	5.7
1977	-0.000000	102.191006	0.000000	5.6
1978	-0.216974	102.161511	0.003619	6.3
1979	-1.062366	102.132038	0.018746	5.8
1980	-0.908233	102.102588	0.019507	5.6
1981	-0.858688	102.073161	0.006040	6.8
1982	-0.935509	102.043757	0.005457	5.7
1983	-0.000000	102.014375	0.000000	6.2
1984	-0.922006	101.985015	0.006167	6.5
1985	-0.045372	101.955678	0.001803	5.7
1986	-0.464515	101.926364	0.005143	6.3
1987	-1.027102	101.897072	0.010230	6.4
1988	-0.860768	101.867802	0.006052	6.2
1989	-0.000085	101.838555	0.000003	6.5
1990	-0.000000	101.809330	0.000000	5.7
1991	-0.000000	101.780128	0.000000	6.0
1992	-0.000000	101.750948	0.000000	7.1
1993	-0.000002	101.721790	0.000000	6.0
1994	-0.464582	101.692654	0.003938	7.0
1995	-0.542224	101.663541	0.004893	5.7
1996	-0.956301	101.634450	0.006897	5.7
1997	-0.000379	101.605381	0.000081	6.7
1998	-0.519477	101.576335	0.005184	5.7
1999	-0.054104	101.547310	0.001742	5.7
