1:ItNr	2:Metric	3a:Time	3b:StepSize	4:||Gradient||	Time[ms]
0	-0.573679	0.000000	18.941587	0.011455	248.1
1	-0.567030	0.000000	18.941587	0.017008	1.7
2	-0.597364	1.000000	18.080606	0.015197	1.7
3	-0.564676	2.000000	17.294493	0.012209	1.6
4	-0.565546	1.240856	17.884803	0.011851	1.6
5	-0.553560	0.477765	18.520239	0.013972	1.7
6	-0.549786	1.477765	17.696303	0.017188	1.7
7	-0.566458	0.714673	18.318182	0.016635	2.3
8	-0.534396	1.714673	17.511735	0.016386	1.9
9	-0.574181	0.951582	18.120486	0.012085	1.6
10	-0.520715	0.188490	18.773085	0.008027	1.6
11	-0.542042	0.000000	18.941587	0.012323	1.6
12	-0.549436	0.000000	18.941587	0.012786	1.7
13	-0.589731	0.000000	18.941587	0.012735	1.7
14	-0.543402	0.000000	18.941587	0.013738	1.8
15	-0.560017	0.000000	18.941587	0.015447	2.7
16	-0.533833	0.999962	18.080637	0.013129	2.0
17	-0.577894	1.999962	17.294521	0.015391	1.7
18	-0.559144	2.999962	16.573915	0.009157	1.7
19	-0.588188	3.222141	16.421890	0.019362	1.6
20	-0.577280	2.459051	16.956071	0.012647	1.6
21	-0.550948	3.459044	16.262832	0.012168	1.6
22	-0.547491	4.459044	15.624048	0.009863	1.8
23	-0.587035	3.724841	16.088004	0.013839	1.9
24	-0.585585	2.979796	16.587853	0.013555	3.0
25	-0.556955	2.217097	17.132777	0.014166	1.9
26	-0.566606	1.454248	17.714837	0.012216	2.1
27	-0.569472	0.993922	18.085602	0.013796	1.7
28	-0.565405	0.230832	18.735645	0.008459	1.6
29	-0.584474	1.230832	17.892868	0.011329	1.6
30	-0.587969	2.230828	17.122650	0.015120	1.6
31	-0.564312	1.477010	17.696897	0.015766	1.6
32	-0.570138	2.477010	16.943100	0.011234	2.4
33	-0.596287	3.477010	16.250896	0.013963	2.0
34	-0.571544	4.446900	15.631505	0.010912	1.9
35	-0.563863	5.360247	15.089894	0.014546	2.1
36	-0.556078	4.597155	15.539748	0.011872	2.4
37	-0.582236	3.834064	16.017247	0.011954	2.5
38	-0.557394	4.834064	15.397242	0.014301	2.5
39	-0.557113	4.070972	15.865892	0.011722	3.4
40	-0.565852	5.070972	15.257326	0.010605	2.2
41	-0.567836	6.067907	14.695386	0.010288	1.9
42	-0.599586	5.306543	15.120699	0.010323	1.9
43	-0.555646	4.543456	15.572417	0.013301	2.0
44	-0.557311	5.543456	14.985740	0.017159	2.2
45	-0.543808	6.543393	14.441697	0.017120	2.2
46	-0.540535	5.780301	14.853206	0.007296	3.4
47	-0.565691	6.780301	14.318539	0.014141	2.6
48	-0.568656	6.017210	14.722961	0.017100	3.0
49	-0.562057	7.017210	14.197464	0.015525	2.6
50	-0.548275	6.254118	14.594981	0.007165	2.4
51	-0.545333	7.254093	14.078432	0.010718	2.6
52	-0.572781	8.233693	13.606674	0.016149	3.3
53	-0.571012	7.470602	13.971371	0.014732	2.7
54	-0.584552	8.470602	13.497293	0.013258	2.7
55	-0.546550	9.470602	13.054331	0.009232	2.7
56	-0.575346	10.465859	12.641426	0.014353	2.6
57	-0.554062	11.456074	12.255744	0.016208	3.2
58	-0.582012	10.692982	12.550833	0.010289	2.4
59	-0.518243	11.692980	12.166934	0.012574	2.4
60	-0.595757	12.692972	11.805825	0.014043	2.1
61	-0.565502	11.929881	12.079404	0.010382	2.7
62	-0.571954	11.254016	12.332521	0.013770	3.3
63	-0.560399	12.244534	11.965075	0.011451	5.2
64	-0.554048	11.498817	12.239625	0.007886	3.2
65	-0.597698	12.498816	11.874250	0.012936	2.1
66	-0.552144	11.735725	12.151047	0.013478	3.1
67	-0.550796	10.972636	12.441055	0.016518	2.5
68	-0.594784	11.972636	12.063741	0.014155	5.0
69	-0.588423	12.972636	11.708639	0.010904	2.5
70	-0.562671	12.244496	11.965088	0.017035	2.2
71	-0.559664	11.481404	12.246186	0.013922	2.0
72	-0.569521	12.481404	11.880426	0.013836	1.9
73	-0.581768	11.718313	12.157514	0.008811	1.6
74	-0.571396	10.955221	12.447835	0.012471	1.8
75	-0.574115	11.951768	12.071381	0.010016	2.8
76	-0.594642	12.951679	11.715866	0.012217	2.0
77	-0.552480	13.924983	11.389364	0.010960	1.7
78	-0.542669	13.161894	11.643773	0.010219	1.7
79	-0.568229	14.161894	11.312625	0.015186	1.7
80	-0.537249	15.161891	10.999793	0.014870	1.8
81	-0.559653	16.161891	10.703797	0.015445	1.8
82	-0.558728	15.399039	10.928127	0.009630	1.6
83	-0.559454	16.399039	10.635924	0.015486	2.3
84	-0.563525	15.635947	10.857460	0.013463	2.0
85	-0.555899	16.038179	10.739549	0.012268	1.7
86	-0.555270	17.038179	10.457213	0.012143	1.6
87	-0.571797	18.037249	10.189584	0.010710	1.6
88	-0.558034	19.037249	9.935082	0.012628	1.6
89	-0.563876	20.037249	9.692982	0.011598	1.7
90	-0.564874	19.274157	9.876639	0.015902	1.6
91	-0.575450	20.273207	9.637568	0.016364	1.8
92	-0.556567	19.619587	9.792648	0.014809	2.4
93	-0.617754	20.619587	9.557359	0.014054	2.1
94	-0.569862	21.021301	9.465993	0.009266	1.6
95	-0.565570	20.258209	9.641071	0.014013	2.0
96	-0.550363	19.495118	9.822748	0.017603	2.2
97	-0.558314	20.495118	9.586027	0.011374	2.2
98	-0.549327	19.732026	9.765616	0.013557	1.7
99	-0.558421	20.732026	9.531609	0.007659	1.7
100	-0.569152	21.613890	9.334359	0.012470	2.1
101	-0.547440	22.612366	9.120655	0.015590	2.0
102	-0.572822	23.612366	8.916212	0.009449	1.7
103	-0.555900	22.849274	9.071378	0.010055	1.6
104	-0.537884	23.659158	8.906870	0.013448	1.6
105	-0.557182	24.658897	8.711847	0.011103	1.9
106	-0.562482	24.952337	8.656215	0.008517	1.8
107	-0.566578	25.952194	8.471880	0.010605	1.9
108	-0.554426	26.950306	8.295533	0.010375	1.7
109	-0.570200	26.187618	8.429612	0.013032	2.4
110	-0.583669	27.187618	8.254679	0.017111	1.9
111	-0.564551	28.186067	8.087114	0.015569	1.7
112	-0.565600	28.550776	8.027590	0.015268	1.7
113	-0.576250	29.550776	7.868788	0.012629	1.8
114	-0.555617	28.787685	7.989392	0.011176	1.6
115	-0.578537	29.787685	7.832082	0.017058	1.6
116	-0.578080	30.787663	7.680851	0.013070	1.7
117	-0.585483	31.655795	7.554218	0.015489	1.6
118	-0.545374	32.655795	7.413427	0.013000	2.4
119	-0.541208	31.892789	7.520370	0.010624	1.7
120	-0.563336	32.892788	7.380827	0.012037	1.6
121	-0.544964	33.892570	7.246397	0.014817	1.6
122	-0.554528	34.892570	7.116748	0.012111	1.6
123	-0.568385	35.892570	6.991657	0.010573	1.6
124	-0.539297	36.892570	6.870887	0.015798	1.6
125	-0.560095	36.209063	6.952978	0.010402	1.9
126	-0.569947	37.209063	6.833529	0.012945	1.7
127	-0.563767	38.052535	6.735923	0.013553	2.5
128	-0.585495	37.289443	6.824106	0.017035	2.0
129	-0.540385	36.566617	6.909792	0.016395	2.0
130	-0.566003	35.803525	7.002617	0.010774	1.6
131	-0.533731	35.040446	7.097969	0.018003	1.6
132	-0.557330	36.040446	6.973531	0.010434	1.7
133	-0.570196	35.277354	7.068089	0.010712	1.6
134	-0.549890	34.514262	7.165246	0.013688	1.6
135	-0.567361	35.514262	7.038459	0.024267	1.6
136	-0.596321	36.514262	6.916082	0.010697	2.3
137	-0.554494	37.425490	6.808216	0.015733	1.9
138	-0.547336	36.662896	6.898255	0.015304	1.9
139	-0.587428	35.899804	6.990768	0.010911	1.7
140	-0.553370	35.136713	7.085797	0.010726	1.6
141	-0.554687	34.373621	7.183445	0.012551	1.7
142	-0.547726	33.610529	7.283821	0.012427	1.6
143	-0.576723	34.607379	7.153247	0.020189	1.6
144	-0.581001	33.844306	7.252774	0.014777	3.5
145	-0.574699	34.844292	7.122901	0.009074	3.2
146	-0.586116	34.081776	7.221505	0.014239	3.9
147	-0.565443	33.318685	7.322956	0.014364	3.7
148	-0.557147	34.318685	7.190578	0.014040	4.3
149	-0.555846	35.318685	7.062902	0.012929	3.3
150	-0.602950	34.555594	7.159915	0.011104	2.1
151	-0.570150	35.103275	7.090020	0.010789	2.1
152	-0.573951	36.103275	6.965859	0.008063	1.9
153	-0.584236	37.103230	6.845976	0.011072	1.9
154	-0.564142	38.103229	6.730146	0.012077	1.9
155	-0.572848	39.103229	6.618169	0.010202	3.5
156	-0.566554	38.340137	6.703276	0.013033	3.0
157	-0.561713	39.340135	6.592185	0.013129	2.1
158	-0.545439	40.340135	6.484716	0.010219	2.7
159	-0.549684	41.340135	6.380694	0.011504	2.6
160	-0.570155	40.623259	6.454922	0.021698	2.3
161	-0.560686	39.860203	6.535853	0.012503	3.0
162	-0.590869	40.860197	6.430198	0.015975	2.9
163	-0.498859	41.855877	6.328340	0.008817	2.0
164	-0.569923	42.844858	6.230311	0.010103	1.9
165	-0.574805	43.844738	6.134242	0.009259	2.1
166	-0.570742	44.825297	6.042864	0.018862	2.5
167	-0.527968	44.062206	6.113739	0.009594	2.6
168	-0.556840	43.299115	6.186296	0.014062	3.5
169	-0.589522	42.536023	6.260595	0.011090	2.8
170	-0.570850	43.536023	6.163586	0.017883	2.5
171	-0.565374	42.772940	6.237337	0.016967	2.5
172	-0.576455	42.009849	6.312876	0.006630	2.9
173	-0.577802	41.246757	6.390266	0.008094	3.3
174	-0.604462	42.239262	6.289974	0.011972	2.4
175	-0.542504	41.476180	6.366800	0.011968	2.2
176	-0.552481	40.713089	6.445526	0.006951	1.9
177	-0.584016	41.328740	6.381861	0.007120	1.8
178	-0.558169	40.585154	6.458916	0.008260	1.7
179	-0.552911	41.585152	6.355714	0.012541	1.7
180	-0.569592	40.892871	6.426804	0.013895	2.6
181	-0.550067	40.129779	6.507030	0.019910	2.4
182	-0.581715	41.129779	6.402298	0.015980	2.6
183	-0.572336	42.129779	6.300883	0.010867	2.3
184	-0.561041	41.366688	6.377978	0.014707	2.7
185	-0.560472	40.603596	6.456982	0.019108	2.2
186	-0.553017	39.840505	6.537969	0.008081	2.1
187	-0.581934	39.077413	6.621013	0.012289	5.5
188	-0.568073	40.077389	6.512612	0.009018	2.8
189	-0.605366	40.984438	6.417310	0.013473	2.1
190	-0.592698	40.221614	6.497270	0.008101	2.4
191	-0.560256	41.203812	6.394678	0.008499	1.9
192	-0.568812	40.945157	6.421379	0.017481	2.8
193	-0.555963	41.945155	6.319364	0.012828	3.1
194	-0.593186	42.944936	6.220560	0.012902	3.1
195	-0.567181	42.181844	6.295690	0.010305	2.4
196	-0.581740	41.603581	6.353843	0.014018	2.0
197	-0.568420	42.603581	6.253946	0.012433	2.0
198	-0.545415	41.840489	6.329889	0.014773	3.8
199	-0.577763	41.077427	6.407697	0.014687	3.9
200	-0.568963	42.077427	6.306112	0.017763	2.7
201	-0.565921	41.314351	6.383334	0.012405	2.2
202	-0.562725	42.313858	6.282564	0.009554	2.1
203	-0.567783	41.551017	6.359183	0.013108	1.9
204	-0.550390	42.551010	6.259119	0.009355	2.4
205	-0.558075	43.550883	6.162167	0.016224	2.4
206	-0.576701	42.804697	6.234233	0.010674	2.0
207	-0.599863	42.240565	6.289845	0.011280	2.1
208	-0.574261	43.240145	6.191974	0.014434	1.9
209	-0.581813	44.240145	6.097064	0.007847	2.1
210	-0.609073	43.477202	6.169209	0.011874	2.0
211	-0.568024	42.714113	6.243096	0.016608	2.0
212	-0.580967	41.955176	6.318358	0.012993	2.4
213	-0.558077	42.955176	6.219564	0.010568	2.0
214	-0.588680	42.192084	6.294670	0.008223	1.7
215	-0.561354	42.823097	6.232435	0.015717	1.7
216	-0.572219	43.823097	6.136290	0.013353	1.8
217	-0.568275	44.109388	6.109308	0.013651	1.6
218	-0.537088	45.109379	6.016897	0.015640	1.6
219	-0.579758	44.719220	6.052618	0.026804	1.6
220	-0.569203	43.956128	6.123723	0.010254	2.1
221	-0.567993	44.956128	6.030878	0.012230	2.1
222	-0.554479	44.223010	6.098666	0.011806	2.2
223	-0.576965	45.130280	6.014995	0.015815	1.9
224	-0.553209	44.367188	6.085214	0.004617	1.7
225	-0.585182	45.366823	5.993557	0.015272	1.6
226	-0.591353	45.751596	5.959009	0.014506	1.6
227	-0.552150	44.988504	6.027919	0.017304	1.6
228	-0.550895	45.988504	5.937934	0.013315	1.7
229	-0.585047	46.988504	5.850597	0.013644	2.5
230	-0.553380	47.389131	5.816324	0.012144	2.0
231	-0.595878	46.626040	5.881955	0.008727	1.8
232	-0.555900	47.626028	5.796246	0.011204	1.9
233	-0.562094	48.626026	5.712998	0.009682	1.6
234	-0.574609	49.626026	5.632107	0.009556	1.6
235	-0.563173	48.862985	5.693621	0.008831	1.6
236	-0.553279	49.850961	5.614226	0.010277	1.8
237	-0.567627	49.089109	5.675252	0.015356	2.5
238	-0.528130	48.326018	5.737721	0.011005	2.7
239	-0.581736	49.325194	5.656200	0.016764	2.4
240	-0.550127	48.562102	5.718248	0.013686	1.8
241	-0.573925	47.799010	5.781672	0.007453	1.7
242	-0.557184	47.035919	5.846520	0.009879	1.8
243	-0.585254	46.376593	5.903732	0.010748	1.9
244	-0.549993	45.613501	5.971362	0.017939	1.7
245	-0.581898	44.850472	6.040554	0.009535	2.3
246	-0.584110	45.850472	5.950195	0.011525	2.0
247	-0.560453	46.844227	5.863039	0.014925	1.8
248	-0.559892	46.081135	5.929735	0.006595	1.7
249	-0.574980	45.318051	5.997965	0.012642	1.6
