1:ItNr	2:Metric	3:StepSize	4:||Gradient||	Time[ms]
0	-0.040854	627.201626	0.002279	618.6
1	-1.346729	623.504937	0.009629	4.5
2	-0.000028	619.865785	0.000005	3.8
3	-0.900750	616.282728	0.006877	4.0
4	-1.093229	612.754375	0.015247	4.1
5	-1.584503	609.279381	0.010038	4.6
6	-0.668688	605.856447	0.017293	3.7
7	-0.014059	602.484317	0.001115	3.7
8	-1.252464	599.161779	0.004254	3.9
9	-0.116421	595.887656	0.001997	4.9
10	-1.158289	592.660813	0.009955	4.0
11	-0.932151	589.480151	0.011176	3.5
12	-1.600064	586.344606	0.009091	4.0
13	-1.415556	583.253145	0.010812	4.3
14	-0.573909	580.204771	0.001946	3.5
15	-0.898745	577.198517	0.010533	3.4
16	-1.287155	574.233444	0.007274	3.9
17	-0.100590	571.308645	0.001590	4.6
18	-0.655409	568.423237	0.009847	3.5
19	-0.968245	565.576365	0.005395	3.8
20	-0.961542	562.767201	0.009989	3.4
21	-0.673070	559.994938	0.015628	3.9
22	-0.856039	557.258797	0.008422	3.9
23	-0.000000	554.558018	0.000000	3.5
24	-0.000134	551.891865	0.000020	3.8
25	-0.970434	549.259621	0.013530	3.8
26	-0.305270	546.660592	0.009273	3.8
27	-0.701113	544.094102	0.003893	3.4
28	0.000000	541.559494	0.000000	3.8
29	-0.076524	539.056129	0.000967	3.5
30	-1.402923	536.583387	0.017599	4.3
31	-1.405892	534.140663	0.008699	3.4
32	-0.972556	531.727370	0.012472	4.1
33	-0.464314	529.342935	0.003866	3.7
34	-0.000001	526.986802	0.000000	4.4
35	-0.818909	524.658430	0.006659	4.3
36	-0.013677	522.357290	0.001175	3.4
37	-1.131762	520.082868	0.011372	3.4
38	-0.703933	517.834665	0.014875	3.7
39	-1.216911	515.612193	0.020566	4.2
40	-1.392234	513.414976	0.015791	3.3
41	-1.087797	511.242551	0.016895	3.4
42	-0.745412	509.094468	0.009393	3.5
43	-1.314228	506.970285	0.012161	4.2
44	-0.954135	504.869574	0.018162	3.7
45	-0.000000	502.791916	0.000000	4.0
46	-0.097128	500.736903	0.001418	3.8
47	-0.621683	498.704137	0.010994	4.2
48	-0.000041	496.693228	0.000010	3.6
49	-1.447152	494.703798	0.012279	4.0
50	-0.895226	492.735476	0.006129	3.7
51	-0.000000	490.787900	0.000000	4.2
52	-1.123609	488.860718	0.008829	3.4
53	-0.848925	486.953585	0.014098	3.6
54	-1.277333	485.066164	0.018434	4.0
55	-0.013210	483.198126	0.001444	4.1
56	-1.651986	481.349149	0.005125	4.0
57	-1.288681	479.518920	0.011794	3.4
58	-0.148306	477.707132	0.001984	3.7
59	-0.776770	475.913485	0.004477	3.5
60	-0.055361	474.137684	0.002111	4.7
61	-1.320890	472.379445	0.012756	3.4
62	-0.158584	470.638485	0.003570	3.9
63	-1.544588	468.914531	0.011098	3.6
64	-1.082561	467.207315	0.012066	4.1
65	-0.000000	465.516573	0.000000	4.2
66	-1.619761	463.842050	0.007071	3.8
67	-0.931345	462.183494	0.007855	3.4
68	-0.699545	460.540658	0.011768	3.9
69	-1.248220	458.913303	0.012612	4.4
70	-0.588380	457.301192	0.006663	3.6
71	-0.889573	455.704096	0.008926	3.7
72	-1.202840	454.121787	0.027654	3.7
73	-1.026301	452.554045	0.010932	4.0
74	-0.318840	451.000653	0.003292	3.8
75	-1.276857	449.461399	0.013191	3.4
76	-1.361971	447.936075	0.015733	3.6
77	-0.375982	446.424477	0.013013	4.4
78	-0.468944	444.926406	0.003686	3.4
79	-0.421551	443.441666	0.005621	3.4
80	-0.000000	441.970065	0.000000	3.4
81	-0.000000	440.511415	0.000000	4.0
82	-1.644084	439.065533	0.012168	3.8
83	-1.019063	437.632238	0.011723	4.0
84	-1.182059	436.211351	0.010227	3.9
85	-0.000000	434.802701	0.000000	4.1
86	-0.621195	433.406117	0.010117	3.9
87	-0.941901	432.021430	0.011921	3.5
88	-0.982061	430.648479	0.008392	4.2
89	-0.000005	429.287101	0.000001	3.7
90	-0.551917	427.937140	0.013716	4.6
91	-0.101724	426.598440	0.003672	4.0
92	-1.416789	425.270849	0.010291	3.5
93	-0.029580	423.954220	0.001637	3.5
94	-0.413867	422.648404	0.015433	4.9
95	-1.077173	421.353259	0.007226	3.4
96	-0.496811	420.068643	0.004071	3.4
97	-0.468697	418.794419	0.007136	3.3
98	-1.268846	417.530451	0.011590	4.3
99	-0.524486	416.276604	0.005467	3.5
100	-0.957269	415.032748	0.004359	3.6
101	-1.097521	413.798754	0.011154	3.4
102	-1.042394	412.574495	0.013239	3.6
103	-1.178299	411.359849	0.011898	4.1
104	-0.006377	410.154691	0.000082	3.4
105	-1.071290	408.958904	0.017400	3.5
106	-1.059382	407.772368	0.012775	3.5
107	-1.170201	406.594968	0.009010	4.2
108	-1.359620	405.426590	0.006635	3.5
109	-1.217209	404.267122	0.018610	3.5
110	-1.302173	403.116456	0.007006	3.6
111	-1.272608	401.974481	0.012247	3.8
112	-0.255347	400.841093	0.005283	3.9
113	-0.276150	399.716187	0.002495	3.5
114	-1.306836	398.599660	0.010376	3.3
115	-0.639324	397.491411	0.005474	3.5
116	-0.000000	396.391342	0.000000	4.1
117	-1.132849	395.299353	0.011233	3.5
118	-0.637130	394.215350	0.006982	3.5
119	-0.101619	393.139238	0.003604	3.5
120	-0.229844	392.070924	0.002404	3.7
121	-0.359667	391.010316	0.003782	4.3
122	-1.296762	389.957325	0.014336	3.8
123	-0.797351	388.911862	0.007870	3.5
124	-0.003396	387.873839	0.000349	3.6
125	-1.525803	386.843173	0.010432	4.5
126	-1.471440	385.819777	0.015315	3.4
127	-0.000000	384.803569	0.000000	3.4
128	-0.525045	383.794468	0.003448	3.4
129	-0.000003	382.792393	0.000001	4.3
130	-0.452757	381.797264	0.006033	3.5
131	-0.304656	380.809005	0.003603	3.5
132	-0.000000	379.827537	0.000000	3.7
133	-0.998865	378.852786	0.003407	3.5
134	-0.290051	377.884678	0.005241	4.2
135	-0.533620	376.923138	0.007553	3.4
136	-1.092046	375.968095	0.020234	3.5
137	-0.356438	375.019479	0.002902	3.5
138	-0.615924	374.077218	0.009827	4.4
139	-1.124675	373.141244	0.007922	3.4
140	-0.401067	372.211489	0.004822	3.5
141	-1.052226	371.287887	0.020840	3.5
142	-0.732056	370.370370	0.008064	3.7
143	-0.906478	369.458876	0.017424	3.7
144	-1.295295	368.553338	0.006759	3.4
145	-0.001810	367.653696	0.000230	3.7
146	-1.268536	366.759885	0.005249	3.5
147	-0.001222	365.871846	0.000181	4.2
148	-0.019036	364.989518	0.001061	4.2
149	-1.116794	364.112841	0.011431	3.5
150	-1.440657	363.241757	0.011171	3.4
151	-0.695962	362.376208	0.006112	4.0
152	-1.198521	361.516137	0.009065	3.8
153	-0.000000	360.661488	0.000000	3.4
154	-0.841041	359.812206	0.019792	3.4
155	-0.013447	358.968236	0.000488	3.5
156	-0.997143	358.129524	0.027277	4.2
157	-0.612097	357.296018	0.007045	3.4
158	-0.000000	356.467665	0.000000	3.5
159	-1.475475	355.644414	0.017144	3.6
160	-1.279348	354.826213	0.007177	4.5
161	-1.505436	354.013012	0.005473	3.6
162	-0.648373	353.204763	0.007291	3.4
163	-0.127077	352.401415	0.003650	3.6
164	-0.848075	351.602922	0.011419	3.7
165	-0.131263	350.809235	0.002903	4.2
166	-1.264478	350.020308	0.013532	3.4
167	-0.823506	349.236095	0.004036	3.6
168	-0.000000	348.456550	0.000000	3.4
169	-0.185887	347.681627	0.005139	4.0
170	-1.318327	346.911283	0.011895	3.5
171	-0.000000	346.145474	0.000000	3.5
172	-1.291285	345.384157	0.022863	3.6
173	-0.556660	344.627288	0.009158	3.8
174	-1.174343	343.874826	0.019976	3.8
175	-1.326587	343.126729	0.019573	3.6
176	-0.000003	342.382957	0.000001	3.6
177	-0.561860	341.643469	0.010531	3.5
178	-1.339945	340.908224	0.011367	4.3
179	-0.436086	340.177184	0.003462	4.2
180	-1.227080	339.450309	0.013844	3.4
181	-1.496224	338.727561	0.016212	3.4
182	-0.740408	338.008902	0.007874	4.2
183	-0.005086	337.294295	0.000535	3.4
184	-0.811364	336.583703	0.012982	3.4
185	-0.296890	335.877089	0.003931	3.5
186	-0.263192	335.174416	0.003297	3.8
187	-1.365390	334.475651	0.011261	4.2
188	-0.000000	333.780756	0.000000	3.5
189	-1.100480	333.089698	0.009101	3.4
190	-1.364139	332.402443	0.005552	3.5
191	-0.801329	331.718955	0.003808	4.5
192	-0.000024	331.039203	0.000005	3.4
193	-0.652378	330.363153	0.013162	3.7
194	-1.195741	329.690771	0.009802	3.5
195	-0.706789	329.022027	0.006394	3.9
196	-0.069941	328.356888	0.000957	3.4
197	-0.006846	327.695322	0.000651	3.5
198	-0.047705	327.037299	0.001651	3.4
199	-1.195439	326.382787	0.008794	3.7
200	-0.843912	325.731758	0.006305	4.1
201	-0.459719	325.084179	0.004723	3.6
202	-1.125729	324.440023	0.010773	3.5
203	-0.118378	323.799258	0.002372	3.5
204	-0.905748	323.161858	0.008249	4.2
205	-1.333944	322.527792	0.013024	3.9
206	-0.003329	321.897034	0.000440	3.6
207	-0.000000	321.269554	0.000000	3.5
208	-0.001169	320.645325	0.000120	3.6
209	-0.851442	320.024320	0.009586	4.5
210	-0.204556	319.406512	0.004433	3.8
211	-1.375940	318.791875	0.004512	3.8
212	-1.092531	318.180381	0.006520	3.4
213	-0.696658	317.572005	0.005907	4.6
214	-0.198588	316.966721	0.003451	3.4
215	-1.339967	316.364504	0.014075	3.4
216	-0.369398	315.765329	0.003300	3.7
217	-0.000000	315.169170	0.000000	4.7
218	-0.000000	314.576003	0.000000	3.4
219	-1.305539	313.985804	0.012281	3.6
220	-1.312844	313.398548	0.006869	3.4
221	-1.327611	312.814213	0.008402	3.7
222	-0.007935	312.232773	0.000744	3.6
223	-0.000149	311.654207	0.000022	3.5
224	-1.285789	311.078491	0.011670	3.5
225	-0.018558	310.505602	0.001234	3.6
226	-0.000010	309.935518	0.000002	3.9
227	-1.482792	309.368217	0.010591	3.5
228	-0.919427	308.803676	0.016973	3.4
229	-1.546014	308.241874	0.008708	3.6
230	-0.358205	307.682789	0.007479	3.6
231	-1.553981	307.126400	0.008536	4.5
232	-0.290284	306.572687	0.005615	3.6
233	-1.210824	306.021627	0.013478	3.4
234	-0.573729	305.473201	0.009857	3.4
235	-0.528576	304.927388	0.004144	4.8
236	-0.593627	304.384168	0.012607	3.4
237	-0.000000	303.843521	0.000000	3.4
238	-0.000000	303.305427	0.000000	3.5
239	-0.172531	302.769867	0.003467	4.0
240	-1.011839	302.236821	0.014636	4.1
241	-0.015732	301.706270	0.000875	4.3
242	-1.268223	301.178196	0.013904	3.9
243	-0.714363	300.652580	0.008719	3.9
244	-1.177046	300.129402	0.009595	3.8
245	-0.494713	299.608645	0.007243	3.5
246	-0.914489	299.090291	0.010070	3.4
247	-1.472062	298.574321	0.013904	3.6
248	-1.140387	298.060718	0.009709	4.0
249	-0.773473	297.549465	0.006114	3.6
250	-0.095565	297.040543	0.002243	3.5
251	-0.236359	296.533936	0.006149	3.6
252	-0.995029	296.029626	0.006647	4.0
253	-0.473805	295.527597	0.015381	4.3
254	-0.666580	295.027832	0.008810	3.7
255	-0.000019	294.530315	0.000003	3.4
256	-1.334356	294.035028	0.007187	3.8
257	-0.203937	293.541956	0.002728	4.3
258	-0.055120	293.051083	0.001231	3.3
259	-0.889609	292.562393	0.007821	3.5
260	-0.000000	292.075870	0.000000	3.5
261	-1.051964	291.591498	0.010415	4.5
262	-1.272401	291.109263	0.014253	3.4
263	-0.952022	290.629149	0.011544	3.4
264	-1.130213	290.151140	0.011430	3.9
265	-1.274823	289.675222	0.010186	4.0
266	-1.390003	289.201380	0.021495	4.1
267	-0.031812	288.729600	0.001068	4.2
268	-0.639134	288.259866	0.010278	3.4
269	-0.648768	287.792165	0.007198	4.1
270	-0.640739	287.326481	0.009342	3.9
271	-0.815851	286.862802	0.018892	3.4
272	-0.355760	286.401113	0.002751	3.7
273	-0.366432	285.941400	0.017263	3.5
274	-1.019353	285.483649	0.004751	4.0
275	-0.739079	285.027847	0.007493	3.5
276	-0.128873	284.573981	0.001623	3.8
277	-1.502226	284.122037	0.008304	3.7
278	-0.922442	283.672002	0.010498	3.9
279	-0.421321	283.223863	0.002133	3.5
280	-1.457761	282.777607	0.008181	4.0
281	-0.038769	282.333221	0.001185	3.6
282	-0.005128	281.890692	0.000232	4.0
283	-1.229579	281.450008	0.008022	4.0
284	-1.339674	281.011157	0.010432	3.9
285	-1.569535	280.574125	0.006367	3.4
286	-0.460342	280.138901	0.015956	3.5
287	-0.000251	279.705473	0.000031	4.5
288	-0.617370	279.273829	0.020987	3.4
289	-1.104033	278.843956	0.011048	3.7
290	-0.000000	278.415844	0.000000	3.8
291	-0.576794	277.989479	0.007366	4.5
292	-0.645558	277.564851	0.006826	3.3
293	-1.170095	277.141949	0.010734	4.1
294	-1.618377	276.720761	0.010583	3.6
295	-0.101257	276.301275	0.003084	4.3
296	-0.877606	275.883480	0.012205	4.3
297	-0.819559	275.467366	0.003730	3.5
298	-0.873330	275.052922	0.013451	3.5
299	-0.688401	274.640136	0.004148	4.1
300	-0.869078	274.228998	0.012154	3.6
301	-1.166689	273.819497	0.022624	3.8
302	-1.052676	273.411623	0.006583	3.8
303	-1.265625	273.005365	0.010110	3.7
304	-0.051076	272.600712	0.001370	4.2
305	-1.038028	272.197655	0.016222	3.5
306	-1.523232	271.796184	0.008925	3.6
307	-1.385374	271.396287	0.006959	3.5
308	-0.062321	270.997956	0.001558	4.2
309	-1.206382	270.601180	0.005889	3.7
310	-0.000001	270.205949	0.000000	3.6
311	-0.086616	269.812254	0.002681	3.7
312	-0.343725	269.420085	0.009138	4.0
313	-0.219004	269.029432	0.001293	3.9
314	-0.655664	268.640287	0.005614	3.4
315	-1.037789	268.252638	0.014373	3.9
316	-1.022166	267.866478	0.010846	3.6
317	-1.217818	267.481796	0.012533	4.4
318	-1.408741	267.098584	0.012220	3.4
319	-1.176871	266.716833	0.009898	3.4
320	-0.003150	266.336533	0.000433	3.9
321	-0.838879	265.957676	0.006640	4.4
322	-0.000000	265.580253	0.000000	4.0
323	-0.333078	265.204254	0.006988	3.7
324	-0.000000	264.829672	0.000000	3.6
325	-0.615769	264.456497	0.007328	4.2
326	-0.000003	264.084721	0.000001	3.5
327	-1.346373	263.714335	0.013989	3.8
328	-0.471986	263.345332	0.002993	3.5
329	-0.957485	262.977702	0.008883	4.0
330	-0.002655	262.611438	0.000329	4.2
331	-0.718202	262.246531	0.004012	3.5
332	-1.132465	261.882973	0.010184	3.9
333	-0.835222	261.520756	0.004480	3.4
334	-0.000104	261.159871	0.000019	4.2
335	-0.360225	260.800312	0.007730	4.0
336	-0.578921	260.442070	0.017283	3.5
337	-0.945223	260.085137	0.008281	3.8
338	-1.391724	259.729505	0.013308	4.0
339	-0.975363	259.375167	0.009089	3.8
340	-1.103882	259.022116	0.012418	3.6
341	-0.863063	258.670343	0.022461	3.7
342	-0.000000	258.319841	0.000000	4.0
343	-1.478743	257.970602	0.012695	3.6
344	-0.000045	257.622620	0.000008	3.9
345	-0.979734	257.275887	0.014661	3.5
346	-1.259625	256.930396	0.008501	3.5
347	-1.296418	256.586139	0.014943	4.8
348	-0.000000	256.243109	0.000000	3.5
349	-1.527426	255.901300	0.007400	3.4
350	-1.007005	255.560703	0.027755	3.9
351	-1.491176	255.221313	0.009559	4.3
352	-0.529499	254.883122	0.007576	4.3
353	-1.043503	254.546124	0.017873	3.5
354	-1.338097	254.210311	0.014479	3.5
355	-0.008943	253.875677	0.000594	4.7
356	-0.207347	253.542215	0.003194	3.8
357	-1.384661	253.209918	0.005316	3.8
358	-0.782226	252.878781	0.021404	3.5
359	-0.000000	252.548795	0.000000	4.0
360	-0.811073	252.219956	0.005277	3.8
361	-0.695405	251.892255	0.006229	3.4
362	-0.001717	251.565688	0.000252	3.4
363	-1.176110	251.240247	0.015578	4.4
364	-0.328555	250.915926	0.008175	4.4
365	-0.621372	250.592720	0.006772	3.4
366	-0.131972	250.270621	0.004166	3.6
367	-1.263995	249.949624	0.015850	3.6
368	-0.581148	249.629723	0.009437	4.2
369	-1.315727	249.310911	0.012388	3.4
370	-0.000199	248.993182	0.000039	4.0
371	-0.540231	248.676531	0.011602	3.5
372	-0.000000	248.360952	0.000000	4.7
373	-0.995269	248.046438	0.012384	3.4
374	-1.444127	247.732984	0.008751	3.5
375	-1.334005	247.420584	0.014541	3.9
376	-0.725260	247.109233	0.006375	4.3
377	-0.000000	246.798924	0.000000	4.2
378	-1.146571	246.489652	0.009281	3.7
379	-0.000052	246.181412	0.000010	3.4
380	-0.383638	245.874197	0.014863	4.3
381	-1.358051	245.568002	0.009241	4.0
382	-1.659978	245.262822	0.009695	3.9
383	-0.145411	244.958652	0.002659	3.5
384	-1.396053	244.655485	0.010601	4.0
385	-0.610113	244.353317	0.008512	4.4
386	-0.000001	244.052142	0.000000	3.8
387	-0.247585	243.751955	0.006931	3.5
388	-0.012917	243.452750	0.000771	3.5
389	-0.000000	243.154523	0.000000	4.6
390	-0.706395	242.857268	0.008158	3.5
391	-1.357922	242.560980	0.018181	3.7
392	-0.926540	242.265654	0.015668	3.5
393	-0.001696	241.971285	0.000264	4.5
394	-1.319920	241.677868	0.006251	3.6
395	-1.220020	241.385397	0.008340	3.7
396	-1.042594	241.093869	0.008898	3.7
397	-0.000000	240.803278	0.000000	3.8
398	-1.273541	240.513619	0.007633	4.2
399	-0.011589	240.224887	0.000882	3.8
400	-0.136681	239.937077	0.002314	3.7
401	-0.012029	239.650186	0.000476	3.8
402	-0.000000	239.364207	0.000000	3.9
403	-0.329476	239.079136	0.006708	3.5
404	-1.650023	238.794969	0.012464	3.5
405	-1.366469	238.511701	0.010113	4.0
406	-0.517529	238.229327	0.022229	4.1
407	-0.000000	237.947843	0.000000	4.3
408	-0.180255	237.667244	0.004100	3.5
409	-1.358190	237.387526	0.008254	3.7
410	-1.171901	237.108684	0.011820	4.3
411	-0.000000	236.830714	0.000000	4.0
412	-1.564901	236.553610	0.007545	3.6
413	-0.367883	236.277370	0.017032	3.9
414	-1.055290	236.001989	0.009919	4.2
415	-1.538335	235.727461	0.008624	3.6
416	-1.063283	235.453784	0.009267	3.9
417	-0.738552	235.180952	0.004854	3.5
418	-0.488442	234.908962	0.008308	3.8
419	-0.568797	234.637809	0.012404	4.2
420	-0.955411	234.367488	0.006691	3.8
421	-0.952494	234.097997	0.016542	3.8
422	-1.255596	233.829331	0.009648	3.5
423	-1.181688	233.561485	0.009263	4.7
424	-0.470532	233.294456	0.007993	3.8
425	-1.270299	233.028239	0.008637	3.5
426	-0.861840	232.762831	0.021323	3.5
427	-0.000000	232.498228	0.000000	4.2
428	-0.438749	232.234425	0.011655	3.7
429	-1.346813	231.971419	0.013003	3.4
430	-1.090782	231.709205	0.008182	4.0
431	-0.494978	231.447781	0.008052	3.7
432	-1.205519	231.187141	0.010445	4.3
433	-0.088473	230.927283	0.001403	4.1
434	-0.799401	230.668202	0.007931	3.5
435	0.000000	230.409895	0.000000	3.5
436	-0.031453	230.152358	0.001919	4.6
437	-0.729302	229.895587	0.008752	3.6
438	-1.490392	229.639578	0.010906	3.7
439	-0.677739	229.384329	0.008643	3.4
440	-0.096519	229.129834	0.001835	4.5
441	-1.244064	228.876091	0.008072	3.5
442	-0.000000	228.623096	0.000000	3.5
443	-0.746301	228.370846	0.010263	3.8
444	-0.000260	228.119336	0.000030	4.6
445	-0.000000	227.868563	0.000000	3.8
446	-0.341677	227.618525	0.005151	3.5
447	-1.365632	227.369216	0.011901	4.0
448	-1.149919	227.120635	0.005022	4.1
449	-0.052607	226.872777	0.001593	4.0
450	-0.182648	226.625638	0.005717	3.4
451	-0.970801	226.379217	0.010967	3.6
452	-0.770320	226.133509	0.003739	4.3
453	-0.000000	225.888510	0.000000	3.5
454	-0.033860	225.644218	0.001619	3.9
455	-0.161834	225.400630	0.002719	3.5
456	-1.571162	225.157741	0.008506	3.9
457	-0.538137	224.915549	0.007179	4.0
458	-0.136149	224.674051	0.001963	3.4
459	-1.177554	224.433242	0.009585	3.5
460	-0.584206	224.193121	0.006936	3.9
461	0.000000	223.953684	0.000000	4.4
462	-0.973454	223.714927	0.022418	4.3
463	-0.848823	223.476848	0.019821	3.5
464	-0.587442	223.239444	0.007030	3.5
465	-0.489386	223.002710	0.013689	4.0
466	-1.396985	222.766645	0.012416	4.3
467	-1.269096	222.531245	0.018268	4.0
468	-1.368078	222.296508	0.013851	3.6
469	-1.255527	222.062429	0.006880	3.8
470	-0.905325	221.829007	0.007535	4.0
471	-1.691253	221.596238	0.009590	3.4
472	-0.610691	221.364119	0.004750	3.5
473	-0.481089	221.132647	0.003666	4.0
474	-1.407936	220.901820	0.004785	4.6
475	-0.000000	220.671634	0.000000	3.4
476	-1.383012	220.442086	0.010396	3.9
477	-0.792085	220.213174	0.012691	3.6
478	-0.762925	219.984895	0.008370	4.2
479	-1.234606	219.757246	0.009257	3.8
480	-1.577125	219.530224	0.008358	3.9
481	-0.963076	219.303826	0.008532	3.5
482	-1.392948	219.078050	0.010056	3.9
483	-0.004315	218.852893	0.000465	3.6
484	-1.427357	218.628352	0.011206	4.0
485	-1.225608	218.404424	0.005895	3.9
486	-1.238758	218.181106	0.022599	3.9
487	-1.075017	217.958397	0.007521	4.5
488	-0.030251	217.736292	0.001083	3.6
489	-1.290228	217.514790	0.010116	3.5
490	-0.617152	217.293888	0.006140	3.5
491	-1.466130	217.073584	0.017827	5.2
492	-0.020637	216.853873	0.000619	4.0
493	-0.000001	216.634755	0.000000	3.8
494	-1.166806	216.416227	0.010328	3.7
495	-0.256067	216.198285	0.002217	4.6
496	-0.000000	215.980927	0.000000	3.1
497	-0.694376	215.764151	0.005983	3.6
498	-0.018528	215.547955	0.000789	3.8
499	-0.208973	215.332335	0.005235	4.9
500	-0.859786	215.117289	0.014292	3.6
501	-1.166096	214.902815	0.020256	3.5
502	-1.264907	214.688911	0.004728	3.7
503	-1.190472	214.475573	0.015368	4.2
504	-0.137655	214.262800	0.004174	3.4
505	-1.416609	214.050588	0.008621	3.8
506	-0.586818	213.838936	0.013998	3.5
507	-0.056927	213.627842	0.002400	4.0
508	-0.098689	213.417302	0.002520	4.3
509	-0.806264	213.207314	0.001886	4.0
510	-1.304883	212.997877	0.011473	3.8
511	-0.849791	212.788987	0.025143	4.3
512	-0.088366	212.580642	0.002335	4.5
513	-0.319916	212.372841	0.013001	3.6
514	-0.173112	212.165581	0.002723	3.5
515	-0.000000	211.958859	0.000000	3.5
516	-0.740522	211.752673	0.005872	5.0
517	-1.479725	211.547021	0.011803	3.4
518	-0.742188	211.341902	0.007469	3.4
519	-0.845932	211.137311	0.005545	3.5
520	-1.477206	210.933248	0.014088	4.7
521	-0.133785	210.729710	0.003415	4.1
522	-0.000271	210.526695	0.000056	3.8
523	-1.495050	210.324200	0.006713	3.7
524	-1.564359	210.122224	0.013918	4.5
525	-1.619207	209.920765	0.004906	3.4
526	-0.564331	209.719820	0.007619	3.5
527	-1.224371	209.519387	0.006186	3.6
528	-0.000000	209.319463	0.000000	4.2
529	-1.192871	209.120048	0.005037	4.0
530	-0.602118	208.921139	0.006858	3.4
531	-0.352949	208.722733	0.003845	3.7
532	-1.210572	208.524829	0.011350	3.8
533	-1.231499	208.327425	0.006054	4.1
534	-1.173171	208.130518	0.019762	3.8
535	-0.129438	207.934107	0.002040	3.5
536	-0.000000	207.738189	0.000000	3.3
537	-0.000000	207.542762	0.000000	4.6
538	-0.812748	207.347825	0.017706	4.1
539	-0.147434	207.153376	0.003677	4.5
540	-0.208167	206.959412	0.003133	4.2
541	-0.816131	206.765932	0.009789	5.4
542	-0.053828	206.572933	0.002019	4.7
543	-0.727654	206.380414	0.002870	3.8
544	-0.000000	206.188373	0.000000	3.9
545	-1.488638	205.996807	0.009650	3.8
546	-1.254653	205.805716	0.005229	3.9
547	-0.000000	205.615096	0.000000	3.6
548	-0.482282	205.424946	0.011825	3.9
549	-1.133610	205.235265	0.021734	4.9
550	-0.613039	205.046050	0.013765	3.6
551	-0.756944	204.857299	0.010641	3.4
552	-1.147118	204.669011	0.012401	3.6
553	-1.365739	204.481184	0.022811	4.3
554	-1.510321	204.293816	0.010224	3.7
555	-0.404763	204.106905	0.005780	3.8
556	-0.739297	203.920449	0.010062	3.7
557	-1.235017	203.734447	0.025349	4.1
558	-0.000000	203.548896	0.000000	3.4
559	-0.000000	203.363795	0.000000	3.5
560	-0.512557	203.179143	0.014238	3.5
561	-1.637267	202.994937	0.006350	4.4
562	-1.028976	202.811176	0.011279	4.2
563	-1.201064	202.627857	0.008012	3.6
564	-1.367546	202.444980	0.005990	3.4
565	-0.440345	202.262543	0.007127	3.5
566	-1.406949	202.080543	0.025788	4.3
567	-1.689962	201.898979	0.009183	4.3
568	-0.110122	201.717849	0.003158	3.8
569	-1.031501	201.537153	0.011716	3.4
570	-1.192964	201.356887	0.005822	4.7
571	-0.738915	201.177050	0.010658	3.6
572	-0.061245	200.997642	0.002980	3.5
573	-0.010167	200.818659	0.000508	3.6
574	-0.875829	200.640100	0.010252	4.3
575	-0.000000	200.461965	0.000000	3.5
576	-0.000164	200.284250	0.000022	3.7
577	-0.600301	200.106955	0.010111	3.5
578	-0.902128	199.930078	0.010590	4.3
579	-0.953098	199.753617	0.010306	3.9
580	-0.040189	199.577571	0.001031	3.5
581	-0.000000	199.401938	0.000000	3.5
582	-1.187982	199.226717	0.011349	3.5
583	-1.087735	199.051905	0.008403	4.5
584	-0.173049	198.877502	0.002916	3.4
585	-0.000001	198.703506	0.000000	3.4
586	-1.028266	198.529916	0.005099	3.6
587	-1.656645	198.356729	0.016461	4.4
588	-0.160077	198.183944	0.002373	3.5
589	-0.993561	198.011560	0.006647	3.4
590	-1.486506	197.839576	0.021767	4.1
591	-1.455968	197.667989	0.006574	4.3
592	-0.000000	197.496798	0.000000	3.6
593	-0.008725	197.326002	0.000762	3.5
594	-0.000000	197.155600	0.000000	3.7
595	-0.778084	196.985589	0.004865	3.6
596	0.000000	196.815969	0.000000	4.5
597	-0.419087	196.646738	0.004841	3.9
598	-1.391137	196.477894	0.015614	4.0
599	-0.234739	196.309436	0.003360	3.5
600	-0.336973	196.141363	0.006120	4.7
601	-0.132467	195.973673	0.001447	3.6
602	-0.743437	195.806365	0.004739	3.4
603	-0.858307	195.639437	0.005460	3.5
604	-1.481004	195.472888	0.009017	4.4
605	-0.993940	195.306717	0.006903	3.5
606	-1.426520	195.140922	0.015182	3.6
607	-0.000000	194.975501	0.000000	3.7
608	-1.245857	194.810454	0.010635	3.9
609	-0.559910	194.645779	0.006776	3.6
610	-1.195657	194.481475	0.010707	3.9
611	-0.393816	194.317540	0.003863	3.6
612	-0.000000	194.153973	0.000000	3.5
613	-0.667606	193.990773	0.004914	4.5
614	-0.562187	193.827938	0.007448	3.9
615	-0.707718	193.665467	0.014282	3.6
616	-0.801283	193.503358	0.005204	3.8
617	-0.000000	193.341611	0.000000	4.5
618	-1.208301	193.180224	0.008146	3.6
619	-0.152875	193.019196	0.002656	3.5
620	-0.816515	192.858525	0.007922	4.0
621	-0.728316	192.698210	0.011745	4.0
622	-0.504080	192.538251	0.012469	3.9
623	-1.458320	192.378644	0.009039	3.4
624	-0.000000	192.219391	0.000000	3.8
625	-1.298520	192.060488	0.011280	4.1
626	-1.441074	191.901935	0.010429	4.2
627	-0.000235	191.743730	0.000024	4.1
628	-1.593610	191.585873	0.011887	3.6
629	-0.359937	191.428362	0.006877	3.6
630	-1.342701	191.271196	0.009589	4.2
631	-1.051088	191.114374	0.013142	3.6
632	-0.993220	190.957893	0.011802	3.9
633	-0.932936	190.801755	0.010173	3.7
634	-1.428132	190.645956	0.008989	4.3
635	-0.603598	190.490495	0.008370	3.6
636	-0.364427	190.335373	0.011319	3.5
637	-0.707165	190.180587	0.019262	4.0
638	-0.341861	190.026136	0.003211	4.3
639	-0.788291	189.872019	0.006602	4.0
640	-0.000057	189.718235	0.000008	3.5
641	-0.818995	189.564782	0.010308	3.8
642	-0.000000	189.411661	0.000000	3.9
643	-1.225643	189.258868	0.009696	3.9
644	-0.000306	189.106404	0.000060	3.4
645	-1.609673	188.954267	0.013995	3.5
646	-0.047827	188.802456	0.002078	3.8
647	-1.152232	188.650969	0.011688	4.1
648	-0.097493	188.499807	0.001942	3.7
649	-0.174552	188.348967	0.003192	3.5
650	-1.549982	188.198448	0.009531	3.5
651	-1.471159	188.048250	0.010495	4.6
652	-1.383347	187.898371	0.007538	3.5
653	-0.012911	187.748810	0.001460	4.2
654	-0.772689	187.599566	0.005842	3.9
655	-0.774001	187.450638	0.007588	4.3
656	-0.605245	187.302025	0.023480	4.1
657	-1.105455	187.153725	0.009023	3.5
658	-0.806584	187.005739	0.003245	4.0
659	-0.755219	186.858064	0.025009	4.1
660	-0.930858	186.710699	0.024901	3.8
661	-0.000007	186.563645	0.000002	3.9
662	-0.845430	186.416898	0.015200	3.6
663	-1.551067	186.270459	0.005418	4.0
664	-1.431709	186.124326	0.013570	4.3
665	-1.331958	185.978499	0.009324	3.5
666	-1.244340	185.832976	0.010560	4.0
667	-1.091371	185.687756	0.021415	3.7
668	-1.587369	185.542838	0.011146	3.9
669	-0.001263	185.398222	0.000223	3.6
670	-0.058721	185.253906	0.002083	4.0
671	-0.129393	185.109889	0.004902	3.7
672	-1.410767	184.966170	0.010756	4.4
673	-0.516838	184.822748	0.003872	3.9
674	-0.887270	184.679623	0.021113	3.5
675	-0.000000	184.536792	0.000000	3.2
676	-0.000894	184.394256	0.000121	4.6
677	-0.670963	184.252013	0.015582	3.9
678	-0.006609	184.110062	0.000459	3.4
679	-0.871493	183.968403	0.004870	3.4
680	-1.284254	183.827034	0.021903	3.8
681	-0.166227	183.685954	0.002702	4.6
682	-1.060911	183.545163	0.006741	3.7
683	-0.247237	183.404658	0.003053	3.7
684	-0.847597	183.264441	0.007985	3.6
685	-1.349682	183.124509	0.013283	4.1
686	-1.138128	182.984861	0.008174	3.4
687	-0.114346	182.845497	0.004058	3.5
688	-0.402804	182.706416	0.011271	3.9
689	-0.610057	182.567616	0.009600	4.8
690	-1.259896	182.429098	0.013661	3.8
691	-0.020503	182.290859	0.000638	3.5
692	-0.001746	182.152899	0.000285	4.1
693	-0.563236	182.015217	0.006338	4.3
694	-0.761768	181.877813	0.009114	3.8
695	-1.112288	181.740684	0.012154	3.5
696	-1.116896	181.603832	0.004408	3.9
697	-1.068061	181.467253	0.014622	4.3
698	-0.000172	181.330948	0.000029	4.0
699	-0.807420	181.194916	0.007543	3.5
700	-0.932642	181.059155	0.009973	3.9
701	-0.007810	180.923666	0.000401	4.2
702	-1.263860	180.788446	0.008320	3.8
703	-0.662311	180.653496	0.023489	3.5
704	-0.941934	180.518814	0.004909	3.8
705	-1.101269	180.384399	0.007506	4.2
706	-1.034857	180.250251	0.004647	4.2
707	-0.423437	180.116369	0.004948	4.0
708	-1.279892	179.982752	0.009315	3.8
709	-1.270711	179.849398	0.014562	3.5
710	-1.628236	179.716308	0.010067	4.4
711	-0.968087	179.583480	0.008891	3.4
712	-0.667792	179.450913	0.024588	3.8
713	-1.072236	179.318607	0.018065	3.5
714	-0.000000	179.186561	0.000000	4.5
715	-0.958681	179.054774	0.018148	3.5
716	-0.808243	178.923245	0.007904	3.5
717	-0.135460	178.791973	0.003269	3.8
718	-1.370360	178.660958	0.006310	4.2
719	-0.689185	178.530199	0.010559	3.7
720	-0.868769	178.399694	0.012657	3.4
721	-0.617381	178.269444	0.008388	3.5
722	-0.720137	178.139447	0.006169	3.9
723	-1.179776	178.009702	0.010353	4.6
724	-1.449849	177.880209	0.006263	3.7
725	-1.011354	177.750967	0.011333	3.5
726	-0.745236	177.621975	0.006448	3.9
727	-0.000000	177.493232	0.000000	4.9
728	-0.938229	177.364738	0.007893	3.3
729	-0.058671	177.236492	0.001688	3.8
730	-0.432660	177.108492	0.005299	3.8
731	-0.000011	176.980739	0.000002	4.1
732	-1.285928	176.853231	0.010662	3.5
733	-1.378120	176.725968	0.007909	3.5
734	-0.887891	176.598949	0.004195	4.0
735	-0.443422	176.472173	0.005396	3.6
736	-0.120845	176.345639	0.001987	4.2
737	-0.490388	176.219348	0.016034	3.8
738	-1.262875	176.093296	0.007912	4.0
739	-0.807812	175.967486	0.005541	3.9
740	-0.736099	175.841914	0.005905	4.4
741	-1.006695	175.716581	0.007586	3.5
742	-0.863044	175.591486	0.019475	3.5
743	-0.076587	175.466629	0.002703	3.6
744	-0.216637	175.342008	0.002980	4.7
745	-0.608718	175.217622	0.008252	3.5
746	-1.174038	175.093472	0.014020	3.9
747	-1.530281	174.969556	0.015024	3.9
748	-1.195630	174.845873	0.016983	4.3
749	-0.993599	174.722423	0.009582	3.5
750	-0.929317	174.599206	0.006177	3.7
751	-1.094975	174.476220	0.008549	3.5
752	-1.198047	174.353464	0.011895	5.2
753	-0.000240	174.230939	0.000037	4.3
754	-0.000000	174.108643	0.000000	3.2
755	-1.514150	173.986576	0.009090	3.9
756	-0.505219	173.864737	0.005662	4.3
757	-0.496226	173.743124	0.010781	3.6
758	-1.167569	173.621739	0.007151	3.7
759	-0.993777	173.500579	0.008503	3.6
760	-0.907131	173.379645	0.006340	3.9
761	-0.624958	173.258935	0.007732	4.3
762	-0.167343	173.138449	0.001140	3.9
763	-0.000589	173.018186	0.000066	3.8
764	-1.095250	172.898146	0.007591	3.8
765	-1.356337	172.778327	0.011096	4.2
766	-0.000002	172.658730	0.000000	3.8
767	-1.357186	172.539353	0.008935	3.5
768	-0.011680	172.420196	0.000435	3.6
769	-1.095463	172.301258	0.014885	4.3
770	-1.125225	172.182539	0.009432	3.5
771	-0.000000	172.064037	0.000000	3.9
772	-1.198047	171.945753	0.006364	3.8
773	-1.399769	171.827686	0.009198	4.4
774	-0.391531	171.709834	0.009276	3.5
775	-0.022403	171.592198	0.001313	3.4
776	-1.331077	171.474776	0.012296	3.9
777	-0.585991	171.357568	0.004333	4.8
778	-1.017547	171.240574	0.003362	3.8
779	-0.094036	171.123793	0.003196	3.4
780	-1.263202	171.007223	0.005686	3.5
781	-0.763954	170.890865	0.004017	3.6
782	-1.142767	170.774718	0.003503	4.2
783	-1.473247	170.658782	0.013301	3.8
784	-0.023604	170.543055	0.001232	3.4
785	-0.361017	170.427537	0.005003	3.6
786	-1.307403	170.312227	0.015864	4.5
787	-1.211436	170.197125	0.008392	3.8
788	-1.008840	170.082231	0.017341	3.4
789	-1.296815	169.967543	0.008677	3.5
790	-1.379893	169.853061	0.009123	4.2
791	-1.199130	169.738784	0.017722	4.3
792	-1.306357	169.624713	0.011210	4.3
793	-0.047764	169.510845	0.001176	3.5
794	-1.141380	169.397181	0.009166	4.2
795	-1.295230	169.283720	0.012576	3.8
796	-0.295741	169.170462	0.005418	3.7
797	-0.828535	169.057405	0.009336	3.5
798	-1.182348	168.944549	0.010861	4.0
799	-0.000195	168.831895	0.000025	4.3
800	-1.048136	168.719440	0.006614	3.6
801	-0.555606	168.607185	0.012107	4.0
802	-1.396297	168.495129	0.013740	3.8
803	-1.283457	168.383271	0.009385	4.5
804	-0.629973	168.271611	0.009540	3.8
805	-0.807293	168.160148	0.010044	4.1
806	-0.755350	168.048882	0.008393	4.2
807	-0.156598	167.937812	0.001103	3.8
808	-1.323597	167.826938	0.013741	4.0
809	-1.394584	167.716258	0.011638	3.9
810	-1.416264	167.605773	0.011777	3.9
811	-1.253106	167.495482	0.005284	4.7
812	-1.543074	167.385384	0.004730	4.3
813	-0.000000	167.275479	0.000000	4.2
814	-0.257803	167.165766	0.004941	4.3
815	-0.591122	167.056245	0.006905	4.8
816	-0.936073	166.946915	0.024737	4.6
817	-1.349324	166.837776	0.009108	4.4
818	-1.149483	166.728826	0.013703	4.6
819	-0.725004	166.620067	0.006057	4.0
820	-0.000000	166.511496	0.000000	4.3
821	-0.000010	166.403113	0.000001	4.1
822	-0.000002	166.294919	0.000001	4.9
823	-0.597696	166.186912	0.021794	4.4
824	-0.367734	166.079091	0.004319	4.1
825	-0.765933	165.971458	0.008323	4.7
826	-0.392306	165.864009	0.005770	4.7
827	-0.821685	165.756747	0.009517	4.1
828	-1.172103	165.649669	0.015142	4.1
829	-1.211452	165.542775	0.006440	5.0
830	-1.017581	165.436065	0.011688	4.6
831	-1.331017	165.329538	0.005999	4.6
832	-0.442527	165.223194	0.013431	4.2
833	-1.087247	165.117032	0.024511	5.0
834	-0.611570	165.011052	0.005856	4.2
835	-0.939522	164.905253	0.006792	4.3
836	-1.037445	164.799635	0.005495	4.8
837	-1.497044	164.694197	0.008693	5.3
838	-1.532498	164.588939	0.004698	4.2
839	-1.342119	164.483859	0.010312	4.7
840	-0.000474	164.378959	0.000080	5.2
841	-0.182519	164.274237	0.004625	5.1
842	-0.551076	164.169692	0.016009	4.7
843	-0.746975	164.065325	0.006136	5.2
844	-1.565671	163.961135	0.012843	4.6
845	-0.000617	163.857120	0.000116	4.2
846	-0.000000	163.753282	0.000000	4.8
847	-1.468721	163.649619	0.011462	5.4
848	-1.108013	163.546130	0.005119	4.3
849	-0.839606	163.442816	0.011413	4.6
850	-0.000099	163.339676	0.000021	4.6
851	-0.530710	163.236709	0.005659	4.2
852	-0.000605	163.133915	0.000059	4.3
853	-0.094716	163.031294	0.002465	4.9
854	-1.363655	162.928844	0.004319	5.4
855	-0.000020	162.826566	0.000004	4.9
856	-0.748719	162.724459	0.007032	5.0
857	-1.159951	162.622523	0.010498	5.5
858	-0.000000	162.520757	0.000000	4.4
859	-0.361963	162.419160	0.004179	4.5
860	-0.067669	162.317733	0.002435	4.7
861	-1.333109	162.216474	0.013464	5.2
862	-1.423213	162.115383	0.010944	5.2
863	-0.988700	162.014461	0.004165	5.5
864	-1.330701	161.913705	0.006236	4.9
865	-0.081413	161.813117	0.002945	5.0
866	-0.979616	161.712695	0.016824	4.9
867	-0.000000	161.612439	0.000000	5.4
868	-0.000000	161.512349	0.000000	5.3
869	-0.061360	161.412424	0.002066	4.6
870	-1.048769	161.312663	0.006790	4.9
871	-0.005670	161.213067	0.000440	4.5
872	-1.282640	161.113635	0.022825	4.9
873	-0.893282	161.014366	0.010033	5.1
874	-0.971416	160.915260	0.016350	4.9
875	-0.889295	160.816316	0.009845	4.4
876	-0.653618	160.717535	0.009232	5.2
877	-0.000001	160.618915	0.000000	5.4
878	-0.329044	160.520456	0.002120	4.4
879	-0.000000	160.422158	0.000000	4.3
880	-0.712587	160.324021	0.006716	6.0
881	-0.039614	160.226043	0.002187	4.8
882	-1.128383	160.128225	0.013580	4.7
883	-1.239289	160.030566	0.011492	5.2
884	-0.000060	159.933066	0.000007	5.2
885	-1.547501	159.835723	0.008516	5.2
886	-1.642854	159.738539	0.007334	4.8
887	-1.464895	159.641512	0.008279	4.9
888	-0.128927	159.544642	0.001976	4.8
889	-1.571495	159.447929	0.014085	5.2
890	-1.210923	159.351372	0.015752	4.9
891	-1.168858	159.254971	0.007507	4.5
892	-0.236025	159.158725	0.003304	4.4
893	-0.005216	159.062634	0.000563	5.4
894	-0.000000	158.966697	0.000000	4.8
895	-1.388265	158.870915	0.014146	4.3
896	-0.808688	158.775286	0.010390	5.6
897	-0.301810	158.679811	0.005783	4.9
898	-0.801416	158.584489	0.015013	4.4
899	-0.885213	158.489319	0.004977	4.9
900	-1.319426	158.394302	0.013656	5.4
901	-0.000000	158.299436	0.000000	4.0
902	-1.364593	158.204721	0.015238	4.4
903	-0.866361	158.110158	0.006542	5.3
904	-0.016766	158.015745	0.000788	6.0
905	-0.952748	157.921482	0.006551	4.8
906	-0.264695	157.827369	0.003399	5.3
907	-0.066123	157.733406	0.001721	4.6
908	-0.782602	157.639591	0.010306	5.1
909	-1.191022	157.545925	0.020496	5.1
910	-0.801989	157.452408	0.005329	4.6
911	-1.259871	157.359038	0.006844	5.1
912	-0.000000	157.265816	0.000000	4.8
913	-1.441979	157.172741	0.010754	5.8
914	-0.103339	157.079813	0.002298	4.6
915	-0.000000	156.987031	0.000000	4.9
916	-0.000467	156.894395	0.000056	5.5
917	-1.524542	156.801904	0.004405	5.0
918	-1.267968	156.709559	0.017360	4.9
919	-0.619592	156.617359	0.008841	5.2
920	-1.416083	156.525304	0.022349	5.4
921	-0.867338	156.433392	0.008808	5.6
922	-0.568054	156.341624	0.010990	5.4
923	-0.000000	156.250000	0.000000	5.8
924	-0.892569	156.158519	0.011432	5.4
925	-0.390850	156.067180	0.005630	5.7
926	-0.000000	155.975984	0.000000	5.7
927	-0.973860	155.884930	0.016547	4.9
928	-0.069221	155.794017	0.001539	4.7
929	-0.779224	155.703246	0.007643	5.2
930	-1.464493	155.612615	0.011115	4.6
931	-0.618590	155.522125	0.007018	5.5
932	-0.655700	155.431775	0.005209	5.3
933	-0.000001	155.341565	0.000000	5.2
934	-1.181356	155.251495	0.017575	5.3
935	-1.408436	155.161563	0.018534	5.2
936	-1.276041	155.071771	0.020177	4.4
937	-1.117672	154.982117	0.013528	4.4
938	-0.763432	154.892601	0.009755	6.0
939	-1.579791	154.803222	0.009999	4.8
940	-0.000000	154.713981	0.000000	4.4
941	-1.450375	154.624878	0.011811	5.2
942	-1.375137	154.535910	0.011677	4.8
943	-0.000015	154.447080	0.000003	4.9
944	-0.719399	154.358385	0.007951	5.6
945	-1.249530	154.269826	0.017331	5.2
946	-0.000000	154.181402	0.000000	4.4
947	-1.051992	154.093114	0.004661	4.5
948	-0.874322	154.004960	0.010007	5.5
949	-0.000018	153.916940	0.000004	5.3
950	-1.545628	153.829054	0.010922	5.2
951	-0.000000	153.741303	0.000000	5.8
952	-0.511907	153.653684	0.008409	4.8
953	-0.579525	153.566198	0.022671	4.4
954	-0.170073	153.478846	0.003276	5.3
955	-1.296963	153.391625	0.008746	4.8
956	-0.603992	153.304537	0.006426	4.6
957	-1.300094	153.217580	0.017325	5.5
958	-1.527315	153.130755	0.008645	6.3
959	-0.000000	153.044061	0.000000	6.0
960	-1.035530	152.957498	0.012614	6.0
961	-0.000046	152.871065	0.000008	4.5
962	-0.007191	152.784762	0.000417	4.5
963	-0.000001	152.698589	0.000000	6.7
964	-0.824831	152.612545	0.019439	5.2
965	-1.287464	152.526631	0.012951	4.6
966	-1.528725	152.440845	0.012218	5.0
967	-0.586811	152.355188	0.006024	5.8
968	-1.091739	152.269660	0.007160	4.9
969	-0.082890	152.184259	0.003125	5.1
970	-1.401931	152.098986	0.011680	4.9
971	-0.000072	152.013840	0.000014	4.6
972	-0.902651	151.928821	0.010694	5.4
973	-0.481692	151.843928	0.006929	5.9
974	-0.000005	151.759163	0.000001	4.5
975	-1.352363	151.674523	0.010115	4.5
976	-1.449615	151.590009	0.010001	5.8
977	-0.000352	151.505620	0.000027	5.4
978	0.000000	151.421357	0.000000	4.8
979	-1.156318	151.337218	0.008173	5.7
980	-0.044419	151.253204	0.002057	4.6
981	-1.439689	151.169314	0.010043	4.5
982	-1.208350	151.085549	0.008147	5.1
983	-0.927907	151.001907	0.009762	5.3
984	-1.552044	150.918388	0.006166	4.7
985	-0.011196	150.834992	0.000726	4.3
986	-0.000000	150.751719	0.000000	5.4
987	-0.722779	150.668569	0.018489	4.4
988	-1.499036	150.585541	0.011953	4.8
989	-0.869554	150.502634	0.012921	5.3
990	-0.750298	150.419849	0.006076	5.4
991	-1.104049	150.337186	0.004520	4.8
992	-1.305029	150.254644	0.011878	5.3
993	-0.401826	150.172222	0.008894	5.1
994	-1.514794	150.089921	0.010189	4.4
995	-0.700650	150.007740	0.015087	5.3
996	-0.622553	149.925679	0.012380	4.5
997	-0.000005	149.843737	0.000001	4.8
998	-1.391236	149.761915	0.014413	4.7
999	-1.312564	149.680212	0.005535	5.4
1000	-0.792673	149.598627	0.009230	4.4
1001	-0.640148	149.517161	0.009945	4.9
1002	-0.674300	149.435814	0.008861	5.4
1003	-0.000001	149.354584	0.000000	4.9
1004	-1.478058	149.273472	0.013268	4.6
1005	-0.000000	149.192477	0.000000	4.8
1006	-0.000021	149.111599	0.000004	4.5
1007	-0.293112	149.030838	0.002333	5.2
1008	-0.000000	148.950194	0.000000	4.6
1009	-0.567501	148.869666	0.011229	5.4
1010	-1.084341	148.789253	0.006543	5.3
1011	-0.052517	148.708957	0.002620	4.6
1012	-0.920403	148.628776	0.015433	5.7
1013	-0.001545	148.548710	0.000251	4.6
1014	-0.043262	148.468759	0.001517	4.9
1015	-0.000025	148.388923	0.000006	6.1
1016	-1.184489	148.309201	0.008361	4.6
1017	-0.308002	148.229594	0.003753	4.5
1018	-0.441902	148.150100	0.004594	5.3
1019	-1.243670	148.070719	0.010194	5.1
1020	-0.000005	147.991452	0.000001	5.0
1021	-1.193523	147.912298	0.012405	4.7
1022	-0.556287	147.833257	0.009573	5.7
1023	-0.470076	147.754329	0.011850	4.6
1024	-1.269765	147.675512	0.010539	4.5
1025	-1.202762	147.596808	0.009605	5.6
1026	-0.658267	147.518216	0.011155	4.7
1027	-1.338719	147.439735	0.010984	4.5
1028	-0.330933	147.361365	0.005256	4.9
1029	-1.448174	147.283106	0.006482	4.9
1030	-0.029060	147.204958	0.001364	4.5
1031	-0.638997	147.126920	0.010193	4.4
1032	-1.112719	147.048993	0.023177	5.5
1033	-0.817448	146.971175	0.008085	5.7
1034	-1.371619	146.893468	0.013237	4.5
1035	-0.630586	146.815869	0.009013	5.5
1036	-1.234425	146.738380	0.010474	4.3
1037	-0.904650	146.661000	0.018568	5.2
1038	-1.239615	146.583729	0.014164	5.1
1039	-1.458149	146.506566	0.013420	4.6
1040	-0.751403	146.429511	0.007866	4.4
1041	-0.000847	146.352565	0.000119	4.8
1042	-0.000000	146.275726	0.000000	4.9
1043	-1.464902	146.198994	0.011511	4.3
1044	-0.845707	146.122370	0.009712	4.9
1045	-1.065411	146.045853	0.015695	5.0
1046	-1.050840	145.969442	0.014404	4.6
1047	-1.071764	145.893139	0.007413	4.5
1048	-1.424559	145.816941	0.009380	4.9
1049	-1.088068	145.740849	0.010205	5.0
1050	-0.231761	145.664863	0.003327	4.5
1051	-0.905083	145.588983	0.003502	5.0
1052	-1.280770	145.513208	0.010834	5.5
1053	-1.251368	145.437538	0.016982	5.1
1054	-0.893290	145.361973	0.007318	4.7
1055	-0.253763	145.286513	0.004827	5.3
1056	-0.170015	145.211157	0.003530	4.5
1057	-0.171375	145.135905	0.003941	4.4
1058	-0.071728	145.060757	0.002395	4.9
1059	-0.006277	144.985712	0.000704	5.1
1060	-0.003085	144.910771	0.000427	4.9
1061	-0.028668	144.835934	0.001388	4.4
1062	-1.083906	144.761199	0.008658	6.1
1063	-1.316807	144.686567	0.012740	4.5
1064	-1.407582	144.612037	0.015744	4.8
1065	-1.130140	144.537610	0.009781	5.2
1066	-0.068430	144.463285	0.002799	4.6
1067	-1.234461	144.389062	0.020219	5.4
1068	-1.098160	144.314940	0.018843	5.0
1069	-0.684587	144.240920	0.005223	4.9
1070	-0.000588	144.167001	0.000084	5.0
1071	-0.584463	144.093182	0.009809	5.1
1072	-0.608859	144.019465	0.015184	6.0
1073	-1.470488	143.945848	0.004688	5.2
1074	-0.587759	143.872331	0.006447	4.6
1075	-0.000000	143.798914	0.000000	5.6
1076	-0.371125	143.725597	0.006380	4.6
1077	-1.423588	143.652380	0.012151	5.0
1078	-0.022251	143.579262	0.000867	5.6
1079	-0.582166	143.506243	0.010622	4.6
1080	-1.024972	143.433323	0.006844	5.0
1081	-1.629929	143.360502	0.006453	5.8
1082	-0.761145	143.287780	0.009122	4.6
1083	-1.262711	143.215155	0.006977	4.3
1084	-0.122723	143.142629	0.003218	4.4
1085	-1.052827	143.070201	0.004522	5.4
1086	0.000000	142.997870	0.000000	4.0
1087	-0.791841	142.925637	0.009921	4.5
1088	-1.376366	142.853501	0.010850	5.3
1089	-1.306966	142.781462	0.009648	4.4
1090	-1.297733	142.709519	0.009413	4.6
1091	-1.123731	142.637674	0.011701	4.8
1092	-0.822663	142.565924	0.012582	5.2
1093	-1.453096	142.494271	0.009620	4.7
1094	-0.799497	142.422714	0.005910	4.5
1095	-1.295008	142.351252	0.014504	5.4
1096	-0.926611	142.279886	0.007704	5.1
1097	-0.043010	142.208616	0.001241	4.4
1098	-0.802544	142.137440	0.009517	5.8
1099	-1.328200	142.066360	0.013895	4.4
1100	-0.000000	141.995374	0.000000	4.6
1101	-1.445871	141.924483	0.013014	4.3
1102	-1.186657	141.853685	0.003591	5.3
1103	-0.746942	141.782983	0.007569	4.4
1104	-0.910109	141.712373	0.009681	4.8
1105	-1.741778	141.641858	0.005257	5.4
1106	-0.004833	141.571436	0.000295	4.4
1107	-1.172705	141.501108	0.015275	4.9
1108	-1.145279	141.430872	0.015059	4.9
1109	-1.080609	141.360730	0.012624	4.6
1110	-0.964248	141.290680	0.007949	4.5
1111	-1.031327	141.220722	0.017369	4.9
1112	-0.000000	141.150857	0.000000	5.2
1113	-0.000001	141.081084	0.000000	4.5
1114	-1.266324	141.011403	0.013195	5.0
1115	-0.002068	140.941813	0.000213	5.4
1116	-0.663193	140.872315	0.009116	5.8
1117	-1.212453	140.802909	0.017919	4.9
1118	-1.362849	140.733593	0.019498	5.8
1119	-0.590554	140.664369	0.004077	4.7
1120	-0.007058	140.595235	0.000742	4.5
1121	-1.372007	140.526192	0.010345	5.0
1122	-0.000000	140.457239	0.000000	5.0
1123	-0.478446	140.388376	0.005638	5.1
1124	-0.000000	140.319603	0.000000	4.5
1125	-0.489622	140.250920	0.005586	5.1
1126	-0.005008	140.182326	0.000468	4.6
1127	-0.703897	140.113822	0.006140	4.7
1128	-0.435154	140.045407	0.006301	5.4
1129	-0.955765	139.977081	0.006992	4.6
1130	-0.232010	139.908844	0.003536	5.0
1131	-1.088808	139.840696	0.012065	5.8
1132	-1.078179	139.772635	0.008572	4.7
1133	-0.443476	139.704664	0.005095	4.5
1134	-0.848224	139.636780	0.005969	4.3
1135	-1.246994	139.568984	0.023165	5.4
1136	-0.818499	139.501276	0.007207	4.8
1137	-1.382879	139.433655	0.011780	4.6
1138	-1.500595	139.366122	0.007335	5.4
1139	-0.854513	139.298676	0.019409	5.4
1140	-1.357332	139.231317	0.012090	5.5
1141	-0.986875	139.164045	0.007025	6.0
1142	-1.246084	139.096859	0.014576	5.2
1143	-0.747620	139.029760	0.011459	4.4
1144	-0.000000	138.962747	0.000000	5.4
1145	-1.157215	138.895820	0.007592	4.4
1146	-1.440070	138.828978	0.006813	4.6
1147	-0.961662	138.762223	0.008191	4.7
1148	-1.309097	138.695553	0.015581	5.7
1149	-1.370657	138.628969	0.016390	4.5
1150	-1.307202	138.562469	0.008920	4.6
1151	-1.154715	138.496055	0.005651	5.8
1152	-1.102164	138.429725	0.006760	4.6
1153	-1.323611	138.363481	0.022762	5.0
1154	-0.406154	138.297320	0.005992	5.9
1155	-0.000000	138.231244	0.000000	4.9
1156	-0.000000	138.165252	0.000000	4.5
1157	-0.626265	138.099344	0.006437	6.2
1158	-0.275115	138.033520	0.004749	5.3
1159	-0.119930	137.967779	0.003475	5.6
1160	-0.902365	137.902122	0.006906	5.4
1161	-0.009919	137.836548	0.000601	5.8
1162	-1.675857	137.771057	0.009480	4.6
1163	-1.390169	137.705649	0.014268	5.6
1164	-0.509470	137.640324	0.012922	4.8
1165	-0.874422	137.575081	0.007423	5.1
1166	-1.405362	137.509921	0.005854	5.2
1167	-0.000000	137.444842	0.000000	5.1
1168	-0.932611	137.379846	0.008283	4.6
1169	-0.241847	137.314932	0.003438	4.8
1170	-0.000000	137.250100	0.000000	5.6
1171	-1.498192	137.185349	0.005098	4.4
1172	-0.060250	137.120680	0.001796	5.0
1173	-1.359626	137.056092	0.007172	5.4
1174	-0.565187	136.991585	0.016323	4.4
1175	-1.141645	136.927158	0.007501	4.4
1176	-0.812903	136.862813	0.004589	4.8
1177	-0.576652	136.798548	0.014125	4.9
1178	-0.000000	136.734363	0.000000	4.3
1179	-0.032469	136.670259	0.001145	4.8
1180	-0.731581	136.606235	0.009027	5.7
1181	-0.000000	136.542291	0.000000	4.4
1182	-0.000802	136.478426	0.000108	4.1
1183	-0.000000	136.414641	0.000000	5.4
1184	-1.418190	136.350936	0.010116	5.5
1185	-1.190657	136.287310	0.007099	4.3
1186	-0.592939	136.223763	0.005667	5.0
1187	-0.833675	136.160295	0.010769	5.6
1188	-1.112136	136.096905	0.009523	4.4
1189	-0.000000	136.033594	0.000000	4.4
1190	-0.984216	135.970362	0.019865	5.8
1191	-0.800014	135.907208	0.005375	4.3
1192	-1.084176	135.844133	0.007770	4.5
1193	-1.612902	135.781135	0.007717	5.5
1194	-0.895817	135.718215	0.008347	4.8
1195	-1.323683	135.655373	0.015777	4.4
1196	-1.446303	135.592608	0.007072	4.4
1197	-1.079627	135.529921	0.010050	5.2
1198	-0.000000	135.467311	0.000000	5.1
1199	-0.000000	135.404778	0.000000	4.4
1200	-0.000002	135.342322	0.000001	5.8
1201	-0.005472	135.279942	0.000558	4.5
1202	-0.663045	135.217640	0.005530	4.9
1203	-0.615031	135.155413	0.008621	5.0
1204	-0.127642	135.093263	0.002128	5.3
1205	-0.594609	135.031190	0.016664	5.4
1206	-0.781684	134.969192	0.006239	4.6
1207	-1.382137	134.907270	0.008859	5.6
1208	-1.514168	134.845424	0.005892	4.6
1209	-0.677536	134.783653	0.004634	4.6
1210	-0.018952	134.721958	0.000693	5.9
1211	-0.326212	134.660338	0.003215	4.6
1212	-0.030225	134.598793	0.001815	4.8
1213	-0.002645	134.537323	0.000272	5.5
1214	-1.575335	134.475927	0.006530	4.5
1215	-0.267443	134.414607	0.003983	4.6
1216	-0.609988	134.353361	0.005773	5.7
1217	-1.296944	134.292189	0.007769	4.9
1218	-1.191564	134.231092	0.012406	4.6
1219	-1.169370	134.170068	0.007096	4.9
1220	-0.925724	134.109119	0.011618	5.6
1221	-1.338145	134.048243	0.006578	4.5
1222	-1.180955	133.987441	0.011537	4.9
1223	-1.081278	133.926713	0.011128	5.5
1224	-0.677301	133.866057	0.018744	4.9
1225	-1.287676	133.805475	0.008738	4.8
1226	-0.611185	133.744966	0.005435	5.1
1227	-1.252068	133.684530	0.012417	5.3
1228	-1.015887	133.624167	0.002419	4.9
1229	-1.151606	133.563877	0.012215	4.7
1230	-1.332578	133.503658	0.007997	4.9
1231	-1.308360	133.443513	0.022571	4.8
1232	-0.172474	133.383439	0.003083	5.0
1233	-1.163652	133.323437	0.013437	5.3
1234	-1.429663	133.263508	0.013206	4.4
1235	-0.205470	133.203650	0.005769	4.8
1236	-0.351599	133.143864	0.004186	5.7
1237	-0.041709	133.084149	0.001451	4.4
1238	-0.298477	133.024506	0.004169	4.8
1239	-0.729692	132.964934	0.007178	4.8
1240	-0.884679	132.905433	0.019118	5.3
1241	-0.745357	132.846003	0.003656	4.5
1242	-1.478703	132.786643	0.024405	4.4
1243	-0.062613	132.727355	0.002082	5.4
1244	-0.035688	132.668137	0.001366	4.4
1245	-1.455366	132.608989	0.007793	5.2
1246	-0.740171	132.549912	0.016105	4.9
1247	-0.000000	132.490904	0.000000	5.3
1248	-0.261799	132.431967	0.002561	4.7
1249	-1.519491	132.373100	0.008232	4.7
1250	-1.584929	132.314302	0.013532	4.8
1251	-0.000072	132.255574	0.000008	5.0
1252	-1.210607	132.196916	0.008466	4.4
1253	-0.418622	132.138326	0.006899	5.3
1254	-0.459383	132.079806	0.003449	4.5
1255	-1.123278	132.021355	0.011525	4.8
1256	-1.291277	131.962973	0.012052	6.0
1257	-1.292380	131.904660	0.012487	4.7
1258	-1.580459	131.846415	0.009908	4.6
1259	-0.643857	131.788239	0.012526	5.0
1260	-1.306595	131.730131	0.009580	5.1
1261	-1.375538	131.672092	0.014741	4.6
1262	-0.000000	131.614121	0.000000	4.7
1263	-1.149274	131.556217	0.002364	6.8
1264	-1.048995	131.498382	0.016474	4.5
1265	-1.296625	131.440614	0.011369	4.6
1266	-1.059932	131.382914	0.021824	5.5
1267	-1.375921	131.325282	0.011056	5.5
1268	-1.228683	131.267717	0.010810	4.6
1269	-1.340747	131.210219	0.014449	6.0
1270	-0.086069	131.152788	0.001977	5.1
1271	-1.299151	131.095424	0.028037	4.5
1272	-0.759602	131.038127	0.017430	5.4
1273	-1.198835	130.980897	0.015727	4.4
1274	-0.955280	130.923733	0.007129	4.3
1275	-0.123713	130.866636	0.003903	5.1
1276	-1.145944	130.809605	0.011097	5.1
1277	-0.742762	130.752641	0.007630	4.7
1278	-1.331396	130.695742	0.008870	4.6
1279	-0.666399	130.638910	0.004300	5.5
1280	-1.544092	130.582143	0.011663	4.9
1281	-1.368807	130.525442	0.002989	4.4
1282	-1.460838	130.468807	0.011511	5.7
1283	-1.558372	130.412237	0.008522	4.4
1284	-0.465511	130.355733	0.003065	4.4
1285	-1.573227	130.299294	0.013577	4.9
1286	-1.277188	130.242920	0.009642	5.2
1287	-0.777259	130.186611	0.020927	4.4
1288	-0.016625	130.130366	0.000457	4.4
1289	-0.608176	130.074187	0.005644	5.0
1290	-0.006699	130.018072	0.000295	5.1
1291	-0.688010	129.962022	0.008156	4.7
1292	-0.705091	129.906036	0.009987	5.8
1293	-0.752508	129.850114	0.012379	4.8
1294	-0.253867	129.794257	0.003878	4.3
1295	-0.585479	129.738463	0.009713	4.4
1296	-0.112936	129.682734	0.001935	5.3
1297	-1.299862	129.627068	0.007183	4.4
1298	-1.275047	129.571466	0.007147	4.7
1299	-0.764313	129.515927	0.024471	5.8
1300	-0.630213	129.460452	0.005025	4.4
1301	-0.905122	129.405040	0.023387	4.3
1302	-0.001149	129.349692	0.000194	4.5
1303	-0.000000	129.294406	0.000000	5.2
1304	-0.000289	129.239183	0.000052	4.4
1305	-1.081407	129.184024	0.005619	4.6
1306	-0.213599	129.128927	0.003470	5.6
1307	-0.000000	129.073892	0.000000	4.5
1308	-1.541738	129.018921	0.005874	4.6
1309	-0.321433	128.964011	0.006348	5.5
1310	-1.143136	128.909164	0.013910	5.7
1311	-1.019208	128.854379	0.007226	4.9
1312	-0.000000	128.799656	0.000000	5.1
1313	-1.481832	128.744995	0.014381	4.8
1314	-1.455973	128.690396	0.013730	4.5
1315	-1.260050	128.635858	0.005389	4.5
1316	-0.398726	128.581382	0.006085	6.2
1317	-1.221452	128.526968	0.010984	4.8
1318	-0.070485	128.472615	0.001348	5.1
1319	-1.170282	128.418323	0.008880	5.7
1320	-0.000000	128.364092	0.000000	4.9
1321	-0.000000	128.309922	0.000000	4.5
1322	-1.416264	128.255814	0.014072	5.5
1323	-1.243890	128.201766	0.021892	5.0
1324	-1.459993	128.147778	0.006118	4.4
1325	-1.038521	128.093852	0.010982	5.5
1326	-1.021351	128.039985	0.006149	4.9
1327	-0.998525	127.986180	0.008797	4.6
1328	-1.284967	127.932434	0.015788	4.6
1329	-0.489305	127.878749	0.017918	5.6
1330	-0.568266	127.825123	0.014884	4.8
1331	-0.000000	127.771558	0.000000	4.4
1332	-0.338988	127.718052	0.005486	5.5
1333	-0.813975	127.664606	0.006571	4.4
1334	-0.105153	127.611220	0.001550	4.9
1335	-1.268569	127.557893	0.007156	5.2
1336	-1.311636	127.504625	0.005748	5.0
1337	-1.406888	127.451417	0.008403	4.4
1338	-0.936727	127.398268	0.013213	4.4
1339	-1.044293	127.345178	0.005600	5.8
1340	-0.856661	127.292147	0.006853	4.4
1341	-0.917006	127.239175	0.010383	4.9
1342	-1.388166	127.186261	0.008893	5.3
1343	-0.702119	127.133407	0.012178	4.4
1344	-0.830053	127.080610	0.023011	4.4
1345	-0.349001	127.027872	0.005276	4.4
1346	-0.515085	126.975193	0.006643	5.9
1347	-1.312115	126.922572	0.009032	4.4
1348	-1.344042	126.870008	0.008222	4.7
1349	-0.728396	126.817503	0.004854	5.8
1350	-0.000004	126.765056	0.000001	4.4
1351	-0.000000	126.712667	0.000000	4.6
1352	-0.834503	126.660335	0.006274	5.7
1353	-0.088207	126.608061	0.002795	5.4
1354	-0.000000	126.555844	0.000000	4.8
1355	-0.922766	126.503685	0.009466	5.5
1356	-1.127148	126.451583	0.008544	5.0
1357	-0.660509	126.399538	0.011180	4.6
1358	-1.116717	126.347550	0.011035	4.6
1359	-0.001732	126.295619	0.000194	6.5
1360	-0.724578	126.243745	0.011493	6.0
1361	-0.000111	126.191928	0.000022	4.7
1362	-0.157657	126.140168	0.004115	5.0
1363	-1.065560	126.088464	0.023146	4.6
1364	-0.747861	126.036817	0.006680	5.1
1365	-1.004655	125.985226	0.007615	5.8
1366	-1.618630	125.933691	0.008620	4.6
1367	-0.955080	125.882212	0.011112	4.5
1368	-0.532895	125.830790	0.007114	6.0
1369	-0.000043	125.779423	0.000008	4.6
1370	-1.507651	125.728113	0.010728	4.5
1371	-0.185992	125.676858	0.002095	5.0
1372	-0.000006	125.625659	0.000001	5.5
1373	-0.781023	125.574515	0.008244	5.0
1374	-0.000000	125.523427	0.000000	4.4
1375	-0.537913	125.472394	0.004230	5.2
1376	-0.865230	125.421417	0.008780	4.4
1377	-1.437822	125.370495	0.011575	4.4
1378	-1.495352	125.319628	0.012246	5.1
1379	-0.613447	125.268815	0.016505	5.0
1380	-1.350659	125.218058	0.014082	4.6
1381	-1.058292	125.167356	0.014265	4.9
1382	-1.234973	125.116708	0.013093	4.6
1383	-1.554668	125.066115	0.016831	4.4
1384	-0.000015	125.015576	0.000003	5.1
1385	-1.339990	124.965092	0.015561	5.7
1386	-1.517414	124.914662	0.010627	4.4
1387	-0.629709	124.864287	0.006638	4.5
1388	-0.198528	124.813965	0.004486	5.4
1389	-0.000007	124.763698	0.000002	4.4
1390	-0.415198	124.713485	0.007220	5.0
1391	-1.169008	124.663325	0.010077	4.7
1392	-0.472970	124.613219	0.006089	4.9
1393	-0.448448	124.563167	0.005924	4.4
1394	-1.431433	124.513168	0.006660	4.8
1395	-0.002672	124.463223	0.000249	5.2
1396	-1.651861	124.413332	0.008701	5.6
1397	-1.070330	124.363493	0.010978	4.7
1398	-1.115105	124.313708	0.006535	5.5
1399	-0.672073	124.263976	0.016838	4.6
1400	-0.000000	124.214297	0.000000	4.6
1401	-1.415553	124.164671	0.006718	5.3
1402	-1.260040	124.115097	0.009949	4.4
1403	-0.731070	124.065577	0.010228	4.4
1404	-0.587636	124.016109	0.009986	4.8
1405	-1.268797	123.966693	0.007202	5.2
1406	-1.259015	123.917330	0.006862	4.4
1407	-0.116684	123.868020	0.001778	4.8
1408	-1.457293	123.818762	0.009720	5.8
1409	-1.411495	123.769556	0.012291	4.6
1410	-0.000919	123.720402	0.000103	5.1
1411	-0.631585	123.671300	0.007652	5.4
1412	-1.020185	123.622250	0.010298	4.6
1413	-0.700631	123.573252	0.013595	5.1
1414	-1.500132	123.524305	0.008215	4.8
1415	-0.776087	123.475411	0.015067	5.9
1416	-0.024584	123.426568	0.002145	4.9
1417	-0.322968	123.377776	0.004785	4.8
1418	-0.242467	123.329036	0.003393	5.3
1419	-0.098308	123.280347	0.002783	4.5
1420	-0.398197	123.231709	0.004772	4.7
1421	-1.522865	123.183122	0.007691	5.6
1422	-0.452138	123.134587	0.003896	4.9
1423	-0.131627	123.086102	0.001565	5.0
1424	-0.514820	123.037669	0.003797	5.5
1425	-0.600505	122.989286	0.003973	4.9
1426	-1.505206	122.940954	0.005713	4.4
1427	-1.419580	122.892672	0.006093	4.8
1428	-0.022584	122.844441	0.001525	5.0
1429	-1.010314	122.796261	0.013830	4.8
1430	-0.000000	122.748130	0.000000	4.4
1431	-0.863127	122.700050	0.009755	5.5
1432	-1.220914	122.652021	0.008663	4.3
1433	-0.737550	122.604041	0.010865	4.3
1434	-0.000000	122.556111	0.000000	5.6
1435	-1.438004	122.508232	0.012580	4.7
1436	-0.370670	122.460402	0.004708	4.5
1437	-0.000000	122.412622	0.000000	4.5
1438	-1.036061	122.364891	0.007621	5.9
1439	-0.911826	122.317210	0.010730	4.9
1440	-0.000000	122.269579	0.000000	4.3
1441	-1.492088	122.221997	0.018364	5.7
1442	-0.813155	122.174465	0.004657	4.8
1443	-0.000000	122.126981	0.000000	4.4
1444	-1.344551	122.079547	0.009181	5.7
1445	-1.046828	122.032162	0.008778	4.4
1446	-1.637683	121.984826	0.012603	4.8
1447	-0.005231	121.937539	0.000550	4.4
1448	-0.132731	121.890301	0.001772	5.5
1449	-0.604848	121.843112	0.014750	4.4
1450	-1.058997	121.795971	0.008426	4.8
1451	-0.070230	121.748879	0.002097	5.7
1452	-0.015891	121.701835	0.000984	4.3
1453	-1.360267	121.654840	0.023424	4.4
1454	-0.988400	121.607893	0.004865	5.8
1455	-0.332937	121.560994	0.006332	4.7
1456	-1.196901	121.514144	0.014753	4.6
1457	-0.000072	121.467342	0.000016	5.2
1458	-1.458390	121.420588	0.009356	5.4
1459	-0.000270	121.373882	0.000048	4.6
1460	-1.403101	121.327223	0.009913	5.0
1461	-0.510976	121.280613	0.007891	5.5
1462	-1.322012	121.234050	0.011529	5.3
1463	-1.419395	121.187535	0.014715	4.6
1464	-1.004646	121.141067	0.012328	6.1
1465	-0.977569	121.094647	0.012007	4.5
1466	-0.000000	121.048274	0.000000	4.2
1467	-0.147667	121.001949	0.002543	6.1
1468	-1.283493	120.955671	0.007627	4.6
1469	-1.057193	120.909440	0.012751	4.9
1470	-0.112233	120.863256	0.002301	5.0
1471	-0.752388	120.817119	0.009780	5.0
1472	-1.190430	120.771029	0.016673	4.6
1473	-0.771957	120.724986	0.009109	4.5
1474	-1.303942	120.678990	0.014985	5.7
1475	-0.000000	120.633040	0.000000	4.8
1476	-0.895611	120.587137	0.017777	4.4
1477	-1.268362	120.541281	0.013737	5.3
1478	-1.521606	120.495471	0.013189	4.5
1479	-0.669056	120.449707	0.007611	4.6
1480	-1.056138	120.403990	0.005877	5.0
1481	-1.142948	120.358319	0.010011	5.5
1482	-0.000000	120.312694	0.000000	4.9
1483	-1.503430	120.267115	0.010206	4.4
1484	-0.002827	120.221582	0.000191	5.6
1485	-0.002187	120.176096	0.000323	4.3
1486	-1.254164	120.130655	0.013713	4.8
1487	-1.388292	120.085260	0.011417	5.5
1488	-1.292054	120.039910	0.015533	5.2
1489	-1.524498	119.994606	0.008015	4.8
1490	-1.325297	119.949348	0.009939	4.8
1491	-0.196965	119.904135	0.003599	4.5
1492	-0.000325	119.858968	0.000044	4.3
1493	-0.554425	119.813846	0.005129	4.8
1494	-1.473094	119.768769	0.021568	5.3
1495	-1.117424	119.723738	0.015075	4.4
1496	-1.410010	119.678752	0.011935	4.9
1497	-0.517449	119.633810	0.008178	5.6
1498	-1.204966	119.588914	0.008197	4.9
1499	-0.603199	119.544062	0.008611	4.3
1500	-1.204505	119.499256	0.021746	4.4
1501	-0.001953	119.454494	0.000284	6.2
1502	-1.074242	119.409777	0.009827	5.2
1503	-0.557818	119.365104	0.013907	5.6
1504	-1.066843	119.320476	0.018177	5.6
1505	-1.005050	119.275893	0.005268	5.0
1506	-0.000000	119.231353	0.000000	4.8
1507	-0.869223	119.186859	0.016559	5.7
1508	-1.061354	119.142408	0.007041	6.7
1509	-1.113925	119.098002	0.008377	5.2
1510	-0.000000	119.053639	0.000000	4.6
1511	-1.418171	119.009321	0.006649	4.9
1512	-1.514740	118.965047	0.014588	4.6
1513	-1.076992	118.920816	0.006072	6.0
1514	-0.000000	118.876630	0.000000	4.9
1515	-1.026720	118.832487	0.009320	5.1
1516	-0.495197	118.788388	0.006572	5.9
1517	-0.592631	118.744332	0.013792	4.6
1518	-1.396035	118.700320	0.005291	4.6
1519	-1.193119	118.656352	0.012766	5.6
1520	-1.048005	118.612427	0.007856	5.1
1521	-1.167795	118.568545	0.016097	4.8
1522	-0.035936	118.524706	0.001253	5.4
1523	-1.425563	118.480911	0.008726	5.7
1524	-1.244473	118.437159	0.011282	5.2
1525	-1.279466	118.393450	0.007321	5.1
1526	-1.159844	118.349784	0.009444	4.8
1527	-1.270783	118.306160	0.013437	5.0
1528	-0.537911	118.262580	0.005779	4.8
1529	-1.474092	118.219042	0.012787	5.4
1530	-0.440162	118.175548	0.005738	4.4
1531	-1.596381	118.132095	0.007419	4.4
1532	-1.407758	118.088686	0.010310	5.1
1533	-1.552906	118.045319	0.010945	4.5
1534	-1.212069	118.001994	0.010658	4.5
1535	-0.012219	117.958712	0.000663	5.6
1536	-1.340843	117.915472	0.009584	4.9
1537	-1.248116	117.872274	0.004559	4.7
1538	-0.033626	117.829118	0.001177	4.4
1539	-0.565767	117.786005	0.008808	5.2
1540	-0.957360	117.742933	0.020071	4.4
1541	-1.037922	117.699904	0.007647	5.0
1542	-1.357106	117.656916	0.001824	5.2
1543	-0.244416	117.613971	0.002993	4.8
1544	-1.528202	117.571067	0.006822	4.4
1545	-1.266898	117.528205	0.004430	4.4
1546	-0.469147	117.485384	0.007706	5.8
1547	-1.405342	117.442605	0.016399	4.8
1548	-0.000234	117.399867	0.000053	4.4
1549	-1.188725	117.357171	0.013240	5.9
1550	-0.945829	117.314517	0.012964	5.1
1551	-0.846043	117.271903	0.014471	4.4
1552	-0.870324	117.229331	0.018614	5.4
1553	-0.003270	117.186800	0.000369	4.4
1554	-1.371821	117.144311	0.008495	4.4
1555	-0.030984	117.101862	0.002372	4.9
1556	-1.345287	117.059454	0.010909	5.8
1557	-1.423598	117.017087	0.010918	5.1
1558	-0.615730	116.974762	0.009089	5.1
1559	-0.230805	116.932476	0.002849	5.1
1560	-0.431333	116.890232	0.012169	4.7
1561	-0.744006	116.848028	0.007058	4.4
1562	-0.000013	116.805865	0.000003	5.8
1563	-0.252357	116.763743	0.002967	4.6
1564	-0.236463	116.721661	0.004101	4.6
1565	-0.236730	116.679619	0.002740	6.0
1566	-0.628511	116.637618	0.005265	5.0
1567	-0.509512	116.595657	0.016639	4.5
1568	-1.375181	116.553736	0.009631	5.4
1569	-1.330133	116.511855	0.019902	5.4
1570	-1.283291	116.470015	0.013273	4.9
1571	-0.000000	116.428214	0.000000	5.1
1572	-1.327601	116.386454	0.011114	5.3
1573	-0.696839	116.344733	0.006144	4.9
1574	-0.848667	116.303052	0.011523	4.6
1575	-1.409359	116.261412	0.010645	5.8
1576	-0.081212	116.219810	0.001962	4.5
1577	-1.281626	116.178249	0.004391	5.1
1578	-0.000053	116.136727	0.000010	5.3
1579	-0.293683	116.095245	0.002500	4.7
1580	-0.587655	116.053802	0.006350	4.5
1581	-0.677830	116.012398	0.005644	5.1
1582	-1.396610	115.971034	0.015787	4.9
1583	-1.610450	115.929710	0.017560	4.9
1584	-1.231560	115.888424	0.016885	4.5
1585	-1.399441	115.847178	0.014988	5.9
1586	-0.306045	115.805970	0.004182	4.5
1587	-0.000000	115.764802	0.000000	4.3
1588	-0.000000	115.723673	0.000000	5.4
1589	-0.958857	115.682583	0.007693	5.3
1590	-0.437276	115.641532	0.004194	4.7
1591	-0.945547	115.600519	0.008140	5.1
1592	-1.484075	115.559546	0.009966	4.8
1593	-0.002175	115.518610	0.000134	4.9
1594	-0.841975	115.477714	0.023070	4.7
1595	-1.348666	115.436856	0.005604	5.6
1596	-0.719237	115.396037	0.007409	4.7
1597	-0.122946	115.355256	0.004263	4.4
1598	-0.275064	115.314514	0.003611	5.3
1599	-1.489017	115.273810	0.006278	4.9
1600	-0.000000	115.233144	0.000000	4.6
1601	-0.127819	115.192517	0.001713	5.3
1602	-1.300015	115.151927	0.013455	5.0
1603	-0.000000	115.111376	0.000000	4.3
1604	-1.354247	115.070863	0.018053	4.4
1605	-1.668272	115.030388	0.008613	5.4
1606	-0.000006	114.989951	0.000001	4.4
1607	-0.853034	114.949551	0.007649	5.1
1608	-0.370175	114.909190	0.006089	5.6
1609	-1.217128	114.868866	0.012965	5.0
1610	-1.614214	114.828580	0.010579	5.3
1611	-0.923497	114.788332	0.014216	5.6
1612	-1.441960	114.748121	0.018902	5.4
1613	-1.422233	114.707948	0.014087	4.9
1614	-1.232135	114.667812	0.012146	5.7
1615	-0.407260	114.627714	0.004317	5.0
1616	-1.405161	114.587653	0.013873	4.8
1617	-1.068802	114.547629	0.011204	5.1
1618	-0.369944	114.507643	0.003185	5.1
1619	-1.268988	114.467693	0.011164	4.4
1620	-0.000001	114.427781	0.000000	4.8
1621	-0.000883	114.387907	0.000110	5.5
1622	-1.477558	114.348069	0.004669	4.6
1623	-1.433868	114.308268	0.012117	5.4
1624	-1.386553	114.268504	0.010391	5.8
1625	-0.656516	114.228777	0.007802	4.6
1626	-1.455279	114.189086	0.009201	5.0
1627	-1.012326	114.149433	0.013520	5.7
1628	-1.025859	114.109816	0.010034	4.9
1629	-0.006968	114.070235	0.000556	4.5
1630	-1.229772	114.030692	0.012165	5.0
1631	-0.000000	113.991185	0.000000	5.3
1632	-0.486539	113.951714	0.003004	5.2
1633	-0.523254	113.912280	0.019555	4.5
1634	-0.124635	113.872882	0.003635	5.3
1635	-1.068349	113.833521	0.007768	4.5
1636	-0.000000	113.794195	0.000000	4.4
1637	-0.351830	113.754906	0.005020	5.4
1638	-1.023620	113.715653	0.007273	4.8
1639	-0.711426	113.676437	0.013296	4.4
1640	-1.285831	113.637256	0.009915	5.4
1641	-1.506052	113.598111	0.012735	4.9
1642	-0.000001	113.559002	0.000000	4.4
1643	-0.000032	113.519929	0.000004	4.5
1644	-1.122845	113.480892	0.019401	5.8
1645	-1.006929	113.441891	0.023613	4.5
1646	-1.303397	113.402925	0.015124	4.4
1647	-0.000045	113.363995	0.000010	5.2
1648	-0.658825	113.325101	0.005435	4.5
1649	-1.383201	113.286242	0.008474	4.9
1650	-0.975204	113.247419	0.006985	4.6
1651	-1.325912	113.208631	0.012706	5.0
1652	-1.434140	113.169879	0.014044	5.2
1653	-1.276803	113.131162	0.020240	4.6
1654	-0.552155	113.092480	0.005195	5.6
1655	-0.749396	113.053833	0.007233	5.1
1656	-0.679382	113.015222	0.008082	4.4
1657	-0.945552	112.976646	0.014901	5.4
1658	-0.711165	112.938105	0.005732	4.6
1659	-1.305371	112.899599	0.009672	4.6
1660	-1.403179	112.861128	0.008128	5.0
1661	-0.030217	112.822692	0.000943	4.7
1662	-0.018805	112.784291	0.000565	4.8
1663	-0.000000	112.745924	0.000000	4.6
1664	-1.413868	112.707593	0.005940	6.0
1665	-0.381623	112.669296	0.006092	4.6
1666	-1.222184	112.631034	0.004356	4.5
1667	-1.322723	112.592806	0.007723	5.6
1668	-1.453984	112.554613	0.013307	5.0
1669	-0.000019	112.516455	0.000004	5.2
1670	-0.346405	112.478331	0.003255	5.6
1671	-0.050106	112.440241	0.001046	4.6
1672	-1.066383	112.402186	0.019447	5.0
1673	-0.000060	112.364165	0.000014	5.1
1674	-0.000000	112.326179	0.000000	5.7
1675	-1.569393	112.288227	0.010001	5.1
1676	-1.332173	112.250309	0.008696	5.1
1677	-0.618129	112.212425	0.008218	5.2
1678	-1.701851	112.174575	0.002593	5.2
1679	-0.316728	112.136759	0.003900	4.7
1680	-1.128923	112.098977	0.009003	5.6
1681	-1.049372	112.061229	0.009310	4.6
1682	-0.501897	112.023515	0.008733	5.0
1683	-0.000000	111.985834	0.000000	5.5
1684	-0.521708	111.948188	0.002772	5.0
1685	-1.289314	111.910575	0.016470	4.9
1686	-1.136597	111.872996	0.007945	5.8
1687	-1.092085	111.835450	0.012577	4.4
1688	-1.266664	111.797939	0.012637	4.8
1689	-0.420847	111.760460	0.002847	4.9
1690	-0.000000	111.723015	0.000000	4.9
1691	-0.493203	111.685604	0.003033	4.7
1692	-0.080972	111.648226	0.001830	4.6
1693	-0.000610	111.610881	0.000093	5.8
1694	-1.487966	111.573570	0.009991	4.4
1695	-0.314676	111.536292	0.003092	4.3
1696	-0.644577	111.499047	0.003257	5.5
1697	-1.303408	111.461835	0.009955	5.2
1698	-0.000001	111.424656	0.000000	4.7
1699	-0.011678	111.387510	0.000837	5.4
1700	-0.524702	111.350398	0.007423	4.7
1701	-1.170084	111.313318	0.004864	4.4
1702	-0.273321	111.276271	0.002301	4.4
1703	-0.013229	111.239257	0.000346	5.7
1704	-0.344394	111.202276	0.006763	4.6
1705	-1.269586	111.165328	0.007328	4.4
1706	-1.442266	111.128412	0.009684	5.5
1707	-1.100686	111.091529	0.005739	4.8
1708	-0.674778	111.054679	0.006294	5.5
1709	-1.286864	111.017861	0.008946	6.2
1710	-0.771435	110.981076	0.008503	5.5
1711	-1.735886	110.944323	0.007767	5.3
1712	-0.000000	110.907603	0.000000	6.3
1713	-0.000000	110.870915	0.000000	5.1
1714	-0.487675	110.834259	0.006454	5.6
1715	-1.533431	110.797636	0.015360	5.9
1716	-0.000000	110.761045	0.000000	5.6
1717	-0.924884	110.724486	0.007877	5.1
1718	-1.433459	110.687959	0.010034	7.0
1719	-1.186621	110.651465	0.008354	6.6
1720	-0.914464	110.615002	0.007362	6.4
1721	-0.710057	110.578572	0.009294	5.8
1722	-1.432357	110.542173	0.011622	6.4
1723	-0.000000	110.505807	0.000000	6.1
1724	-0.623369	110.469472	0.009532	4.8
1725	-0.033086	110.433169	0.002013	4.9
1726	-1.372619	110.396898	0.016550	6.4
1727	-0.770604	110.360659	0.020989	6.1
1728	-0.005853	110.324451	0.000764	9.3
1729	-1.437660	110.288276	0.011500	5.8
1730	-0.299251	110.252131	0.003221	6.2
1731	-0.628547	110.216019	0.017527	6.8
1732	-0.688826	110.179937	0.005778	5.9
1733	-1.309242	110.143888	0.006833	6.6
1734	-0.901864	110.107869	0.014956	6.9
1735	-1.366050	110.071882	0.010340	6.1
1736	-0.563031	110.035927	0.008519	6.6
1737	-0.323950	110.000003	0.005831	5.7
1738	-0.554256	109.964110	0.007830	5.9
1739	-1.331037	109.928248	0.006022	6.4
1740	-1.444072	109.892417	0.004080	5.4
1741	-0.911356	109.856618	0.006522	6.7
1742	-1.000964	109.820850	0.003397	5.9
1743	-1.042168	109.785112	0.016271	5.3
1744	-1.035131	109.749406	0.009384	6.2
1745	-0.915927	109.713730	0.005980	5.1
1746	-1.434403	109.678086	0.006281	5.3
1747	-0.020032	109.642472	0.000513	6.1
1748	-1.412826	109.606890	0.007485	5.2
1749	-0.498773	109.571337	0.005432	5.1
1750	-0.947910	109.535816	0.011258	6.0
1751	-0.000001	109.500326	0.000000	5.3
1752	-0.470091	109.464866	0.004379	5.4
1753	-0.000000	109.429436	0.000000	5.9
1754	-0.001612	109.394038	0.000204	6.1
1755	-1.304006	109.358669	0.012848	5.1
1756	-1.015444	109.323331	0.003695	5.9
1757	-1.344681	109.288024	0.005193	4.7
1758	-0.000313	109.252747	0.000056	5.8
1759	-0.848133	109.217501	0.005839	6.1
1760	-1.462537	109.182284	0.008366	5.0
1761	-0.658454	109.147098	0.005226	5.5
1762	-1.337849	109.111942	0.006085	6.4
1763	-0.000012	109.076817	0.000003	5.2
1764	-0.558555	109.041721	0.006155	6.3
1765	-1.517103	109.006656	0.008834	5.2
1766	-1.199973	108.971620	0.010017	4.7
1767	-1.170434	108.936615	0.005622	6.1
1768	-0.720799	108.901640	0.012621	5.5
1769	-1.365754	108.866694	0.010428	4.7
1770	-1.734503	108.831779	0.004311	5.7
1771	-1.313707	108.796893	0.011920	6.2
1772	-1.512666	108.762037	0.010145	4.9
1773	-0.000001	108.727211	0.000000	6.3
1774	-0.287920	108.692415	0.003602	5.3
1775	-0.000000	108.657648	0.000000	4.5
1776	-0.000000	108.622911	0.000000	5.8
1777	-0.619893	108.588203	0.009185	5.0
1778	-1.216689	108.553525	0.008008	5.3
1779	-0.700254	108.518877	0.007790	5.7
1780	-0.074362	108.484258	0.001295	6.4
1781	-0.592734	108.449668	0.009982	5.5
1782	-0.487774	108.415108	0.002343	6.2
1783	-1.460024	108.380578	0.015859	5.0
1784	-0.815503	108.346076	0.003761	4.9
1785	-0.026689	108.311604	0.001059	6.1
1786	-1.212691	108.277161	0.011732	4.9
1787	-1.479329	108.242747	0.012406	4.7
1788	-0.914826	108.208363	0.010335	5.7
1789	-1.480245	108.174007	0.014395	6.6
1790	-1.133715	108.139681	0.007001	5.5
1791	-0.189774	108.105383	0.002864	6.1
1792	-0.730799	108.071115	0.028819	5.6
1793	-0.518477	108.036875	0.004064	5.1
1794	-0.000000	108.002665	0.000000	5.8
1795	-0.597279	107.968483	0.008423	4.9
1796	-0.000511	107.934330	0.000086	5.3
1797	-0.000000	107.900206	0.000000	6.3
1798	-0.150655	107.866111	0.002691	4.7
1799	-0.265676	107.832044	0.002172	5.4
1800	-1.386784	107.798007	0.011535	6.0
1801	-1.407123	107.763997	0.006683	5.2
1802	-0.914191	107.730017	0.013529	5.5
1803	-0.166796	107.696065	0.003270	5.9
1804	-0.000002	107.662141	0.000000	4.7
1805	-1.213178	107.628246	0.006653	5.1
1806	-1.293422	107.594379	0.005827	6.1
1807	-0.780651	107.560541	0.006569	5.8
1808	-1.467796	107.526731	0.013824	5.0
1809	-1.331612	107.492949	0.012290	6.6
1810	-0.949371	107.459196	0.005138	5.7
1811	-0.000381	107.425471	0.000069	5.3
1812	-0.000178	107.391774	0.000019	5.7
1813	-1.338143	107.358106	0.007189	6.4
1814	-0.199402	107.324465	0.004264	6.2
1815	-1.103177	107.290853	0.012077	5.7
1816	-0.304506	107.257268	0.002290	6.1
1817	-0.689912	107.223712	0.005869	6.1
1818	-1.553663	107.190184	0.012017	4.9
1819	-0.000817	107.156683	0.000081	5.3
1820	-0.028226	107.123211	0.000611	5.9
1821	-1.032244	107.089766	0.004156	4.9
1822	-1.335087	107.056349	0.009105	5.8
1823	-1.291301	107.022960	0.011819	6.0
1824	-1.102784	106.989599	0.009480	4.8
1825	-0.892001	106.956265	0.005428	4.8
1826	-1.372473	106.922960	0.008816	6.9
1827	-1.406348	106.889681	0.007845	5.3
1828	-1.203580	106.856431	0.003996	4.9
1829	-0.041741	106.823208	0.001797	6.8
1830	-0.867726	106.790012	0.005944	5.4
1831	-0.459490	106.756844	0.007426	5.6
1832	-1.327700	106.723703	0.008579	5.4
1833	-0.045251	106.690590	0.001090	4.8
1834	-0.141174	106.657505	0.003909	5.8
1835	-1.159767	106.624446	0.014330	5.6
1836	-1.428313	106.591415	0.011727	4.7
1837	-1.266207	106.558411	0.013473	5.0
1838	-0.010538	106.525435	0.000372	6.0
1839	-1.611384	106.492485	0.011713	5.8
1840	-1.488976	106.459563	0.010257	5.6
1841	-0.004247	106.426668	0.000296	5.4
1842	-0.528258	106.393800	0.014554	5.5
1843	-0.767223	106.360959	0.011435	5.6
1844	-0.066572	106.328145	0.002397	5.3
1845	-0.482333	106.295358	0.003763	4.7
1846	-1.424865	106.262598	0.009974	5.1
1847	-1.351552	106.229865	0.005689	6.1
1848	-0.536431	106.197158	0.013152	5.0
1849	-0.916667	106.164479	0.011768	4.9
1850	-0.924487	106.131826	0.013587	5.7
1851	-0.388860	106.099201	0.003203	5.3
1852	-1.220258	106.066602	0.014134	4.6
1853	-1.345305	106.034029	0.008979	5.5
1854	-0.436219	106.001483	0.004869	6.0
1855	-0.413560	105.968964	0.004477	4.9
1856	-0.274345	105.936472	0.004406	5.9
1857	-1.154275	105.904006	0.006106	5.1
1858	-0.744587	105.871566	0.016054	5.3
1859	-0.825728	105.839153	0.016876	5.7
1860	-0.459835	105.806767	0.004025	5.6
1861	-0.729758	105.774407	0.007689	5.4
1862	-1.443045	105.742073	0.007159	5.9
1863	-1.275370	105.709766	0.006499	5.1
1864	-0.948695	105.677485	0.013324	5.2
1865	-1.145996	105.645230	0.019323	5.7
1866	-0.324537	105.613001	0.005547	5.4
1867	-0.105557	105.580799	0.003009	5.2
1868	-1.675348	105.548623	0.015850	6.0
1869	-0.000000	105.516473	0.000000	5.2
1870	-0.887017	105.484349	0.015765	5.4
1871	-0.482917	105.452251	0.008150	6.4
1872	-1.120654	105.420179	0.008554	5.2
1873	-1.032103	105.388133	0.024284	5.4
1874	-1.100383	105.356113	0.008542	5.2
1875	-0.945384	105.324119	0.014457	5.0
1876	-1.210549	105.292151	0.008302	5.1
1877	-0.329163	105.260209	0.003377	5.9
1878	-0.732121	105.228293	0.008477	5.6
1879	-1.176609	105.196402	0.016109	5.5
1880	-0.000000	105.164537	0.000000	6.1
1881	-1.506881	105.132698	0.013927	5.1
1882	-1.346457	105.100885	0.003744	5.8
1883	-0.967616	105.069097	0.011197	5.9
1884	-0.017651	105.037335	0.000599	4.7
1885	-0.033522	105.005598	0.001328	5.0
1886	-0.000000	104.973887	0.000000	5.9
1887	-1.011893	104.942202	0.004913	5.3
1888	-0.239295	104.910542	0.004490	5.7
1889	-0.927214	104.878907	0.007249	5.3
1890	-1.528594	104.847298	0.004531	4.8
1891	-1.460801	104.815715	0.010345	4.7
1892	-0.001138	104.784156	0.000193	5.7
1893	-1.204339	104.752623	0.015342	5.2
1894	-1.037175	104.721116	0.010492	5.1
1895	-1.443258	104.689633	0.011257	6.2
1896	-0.088644	104.658176	0.001833	4.6
1897	-0.402517	104.626744	0.005202	4.9
1898	-0.000000	104.595337	0.000000	5.6
1899	-0.329509	104.563955	0.003130	4.6
1900	-1.409440	104.532599	0.009695	4.6
1901	-0.157009	104.501267	0.002101	5.8
1902	-1.016311	104.469960	0.011195	4.7
1903	-1.162573	104.438679	0.014126	5.0
1904	-1.365862	104.407422	0.012771	5.4
1905	-0.000000	104.376191	0.000000	5.6
1906	-0.683526	104.344984	0.008972	5.2
1907	-1.282642	104.313802	0.006305	5.0
1908	-0.770681	104.282645	0.009551	5.4
1909	-1.343006	104.251513	0.007298	4.6
1910	-1.295629	104.220405	0.020198	5.1
1911	-0.689927	104.189323	0.010852	4.9
1912	-0.523022	104.158265	0.005420	5.3
1913	-0.000000	104.127231	0.000000	5.1
1914	-1.048181	104.096222	0.017675	5.6
1915	-1.412005	104.065238	0.004190	5.1
1916	-0.458798	104.034279	0.007703	4.8
1917	-0.000000	104.003344	0.000000	6.0
1918	-1.148678	103.972433	0.008796	5.3
1919	-0.132539	103.941547	0.003785	4.7
1920	-0.000180	103.910686	0.000030	6.2
1921	-1.221525	103.879849	0.008475	5.1
1922	-0.415785	103.849036	0.003518	4.4
1923	-0.000669	103.818248	0.000110	6.0
1924	-1.228932	103.787484	0.012598	5.1
1925	-0.380192	103.756744	0.002697	4.7
1926	-1.604999	103.726029	0.010172	5.8
1927	-0.792781	103.695338	0.015744	5.2
1928	-1.003436	103.664671	0.005212	5.1
1929	-0.357726	103.634028	0.005420	6.2
1930	-0.635510	103.603409	0.004277	5.8
1931	-0.329112	103.572814	0.006889	5.6
1932	-0.000000	103.542244	0.000000	5.7
1933	-1.497658	103.511698	0.006667	4.6
1934	-1.168382	103.481175	0.009891	4.8
1935	-1.217336	103.450677	0.026314	5.5
1936	-0.773763	103.420202	0.005949	4.7
1937	-1.146103	103.389752	0.007286	4.6
1938	-1.549341	103.359325	0.009667	5.7
1939	-1.313450	103.328922	0.009085	4.9
1940	-0.000000	103.298543	0.000000	4.7
1941	-0.064596	103.268188	0.001375	4.6
1942	-0.168473	103.237857	0.002464	5.7
1943	-1.361784	103.207549	0.027557	4.5
1944	-0.550355	103.177265	0.015387	4.6
1945	-0.715301	103.147005	0.010456	5.7
1946	-1.244826	103.116768	0.012313	5.3
1947	-1.564154	103.086556	0.014182	4.7
1948	-0.000000	103.056366	0.000000	5.8
1949	-0.968853	103.026200	0.008887	4.7
1950	-0.854107	102.996058	0.012732	5.0
1951	-1.312716	102.965939	0.005209	6.4
1952	-0.228382	102.935844	0.004320	4.9
1953	-0.947949	102.905772	0.004166	4.8
1954	-1.008818	102.875724	0.004052	5.5
1955	-1.367088	102.845699	0.007499	4.5
1956	-1.483939	102.815697	0.011172	4.6
1957	-0.009976	102.785719	0.000756	5.1
1958	-1.462279	102.755764	0.003955	5.1
1959	-1.463786	102.725832	0.004094	4.6
1960	-1.232531	102.695924	0.009690	5.0
1961	-1.262435	102.666038	0.003845	5.8
1962	-1.303036	102.636176	0.010890	4.5
1963	-1.399556	102.606337	0.019145	4.7
1964	-0.897205	102.576521	0.014054	5.5
1965	-0.472554	102.546728	0.005795	5.5
1966	-1.308049	102.516959	0.006291	4.5
1967	-1.271752	102.487212	0.008271	5.4
1968	-1.345378	102.457488	0.008724	4.6
1969	-0.000000	102.427788	0.000000	4.7
1970	-0.405194	102.398110	0.002798	5.4
1971	-1.298213	102.368455	0.012621	5.8
1972	-0.043714	102.338823	0.000885	5.0
1973	-1.178219	102.309214	0.014181	5.3
1974	-0.237192	102.279628	0.004654	5.9
1975	-0.530311	102.250064	0.007443	5.2
1976	-1.430927	102.220524	0.006202	5.5
1977	-1.473616	102.191006	0.014873	5.1
1978	-1.245366	102.161511	0.006048	4.5
1979	-0.000000	102.132038	0.000000	4.8
1980	-0.875723	102.102588	0.006450	5.9
1981	-0.912957	102.073161	0.007155	4.6
1982	-1.339005	102.043757	0.002496	4.6
1983	-1.033380	102.014375	0.005941	5.7
1984	-0.000000	101.985015	0.000000	4.5
1985	-1.350789	101.955678	0.005377	4.5
1986	-0.000000	101.926364	0.000000	5.4
1987	-1.441746	101.897072	0.012508	5.3
1988	-0.000000	101.867802	0.000000	4.7
1989	-1.253026	101.838555	0.005523	4.6
1990	-1.188670	101.809330	0.014997	5.7
1991	-0.003367	101.780128	0.000330	4.6
1992	-1.572224	101.750948	0.010859	4.5
1993	-1.338069	101.721790	0.004956	5.8
1994	-0.299930	101.692654	0.002636	5.0
1995	-1.749593	101.663541	0.007384	4.6
1996	-1.511456	101.634450	0.012147	5.5
1997	-0.000023	101.605381	0.000005	4.6
1998	-1.520273	101.576335	0.010372	4.7
1999	-0.470859	101.547310	0.007305	5.2
