1:ItNr	2:Metric	3:StepSize	4:||Gradient||	Time[ms]
0	-0.091567	627.201626	0.003723	631.0
1	-0.771922	623.504937	0.017078	3.9
2	-0.000000	619.865785	0.000000	3.7
3	-0.714429	616.282728	0.015008	3.7
4	-0.000000	612.754375	0.000000	4.8
5	-0.014729	609.279381	0.001433	3.7
6	-0.990838	605.856447	0.008288	4.0
7	-0.926750	602.484317	0.015033	3.7
8	-0.272836	599.161779	0.000794	4.6
9	-0.000000	595.887656	0.000000	3.6
10	-0.488746	592.660813	0.008690	3.6
11	-0.006066	589.480151	0.000857	4.1
12	-0.826932	586.344606	0.018613	4.8
13	-0.632471	583.253145	0.017732	4.4
14	-0.629471	580.204771	0.004150	3.6
15	0.000000	577.198517	0.000000	4.5
16	-0.643188	574.233444	0.008465	3.9
17	-0.698609	571.308645	0.029316	3.6
18	-0.000001	568.423237	0.000001	3.7
19	-0.573084	565.576365	0.020921	4.2
20	-0.052403	562.767201	0.001703	3.9
21	-0.002577	559.994938	0.000411	3.6
22	-0.864754	557.258797	0.005535	4.0
23	-1.040671	554.558018	0.008453	4.0
24	-0.814374	551.891865	0.008389	4.4
25	-0.915056	549.259621	0.011201	3.9
26	-0.430464	546.660592	0.007226	4.3
27	-0.832894	544.094102	0.011542	4.4
28	-0.047225	541.559494	0.000995	4.3
29	-0.000438	539.056129	0.000093	4.1
30	-1.103405	536.583387	0.015459	3.8
31	-0.488541	534.140663	0.011935	5.0
32	-0.286621	531.727370	0.002267	4.0
33	-0.964864	529.342935	0.028218	4.3
34	-1.000619	526.986802	0.018678	3.9
35	-0.988415	524.658430	0.015197	5.0
36	-0.612612	522.357290	0.015647	3.9
37	-0.562165	520.082868	0.016381	3.9
38	-0.691395	517.834665	0.012847	4.3
39	-0.000000	515.612193	0.000000	5.4
40	-0.824037	513.414976	0.013320	4.9
41	-0.765078	511.242551	0.010972	4.1
42	-0.879915	509.094468	0.024270	4.7
43	-0.834351	506.970285	0.009346	4.4
44	-0.109612	504.869574	0.004314	4.0
45	-0.978299	502.791916	0.011595	4.4
46	-0.085225	500.736903	0.003299	5.0
47	-0.961147	498.704137	0.012709	4.4
48	-0.535574	496.693228	0.015066	4.0
49	-0.637682	494.703798	0.003863	4.5
50	-0.000000	492.735476	0.000000	5.3
51	-0.675297	490.787900	0.008815	4.3
52	-0.774524	488.860718	0.033409	4.2
53	-1.039195	486.953585	0.008262	5.0
54	-0.517678	485.066164	0.008005	4.4
55	-0.580748	483.198126	0.008730	4.2
56	-0.601609	481.349149	0.010855	4.8
57	-0.702456	479.518920	0.016263	5.9
58	-0.314550	477.707132	0.002648	4.2
59	-0.912926	475.913485	0.008144	4.2
60	-0.000152	474.137684	0.000056	5.0
61	-1.061702	472.379445	0.025661	5.3
62	-0.000000	470.638485	0.000000	4.2
63	-0.932023	468.914531	0.014127	4.5
64	-1.016574	467.207315	0.011348	5.6
65	-0.586351	465.516573	0.012306	4.2
66	-0.000000	463.842050	0.000000	4.4
67	-0.558021	462.183494	0.007420	5.2
68	-1.144595	460.540658	0.023235	4.3
69	-0.000010	458.913303	0.000004	4.6
70	-1.012541	457.301192	0.019799	4.7
71	-0.639769	455.704096	0.041904	5.4
72	-0.773539	454.121787	0.009362	4.5
73	-0.000626	452.554045	0.000083	4.3
74	0.000000	451.000653	0.000000	5.3
75	-0.803339	449.461399	0.010646	4.4
76	-0.000000	447.936075	0.000000	4.3
77	-0.336589	446.424477	0.007362	5.8
78	-0.000000	444.926406	0.000000	4.4
79	-0.267953	443.441666	0.005949	4.7
80	-0.934917	441.970065	0.011171	4.4
81	-0.328805	440.511415	0.007796	6.7
82	-0.854313	439.065533	0.008024	5.0
83	-0.000000	437.632238	0.000000	4.7
84	-0.756552	436.211351	0.005163	5.4
85	-0.266411	434.802701	0.005305	5.1
86	-0.414467	433.406117	0.004942	4.4
87	-0.561554	432.021430	0.007607	5.6
88	-0.805438	430.648479	0.009085	6.3
89	0.000000	429.287101	0.000000	6.2
90	-0.631139	427.937140	0.014497	7.0
91	-1.086856	426.598440	0.009231	5.9
92	-0.799418	425.270849	0.007682	6.7
93	-1.138946	423.954220	0.022977	5.5
94	-0.611587	422.648404	0.006901	5.5
95	-1.019521	421.353259	0.010836	6.3
96	-0.562649	420.068643	0.008547	6.1
97	-0.684656	418.794419	0.005131	5.9
98	-0.078402	417.530451	0.004070	5.5
99	-0.000000	416.276604	0.000000	4.3
100	-1.002559	415.032748	0.009088	4.7
101	-0.811233	413.798754	0.010586	5.3
102	-0.528275	412.574495	0.017158	4.8
103	-0.938382	411.359849	0.017528	4.7
104	-0.637934	410.154691	0.011155	4.9
105	-1.031067	408.958904	0.020395	4.7
106	-0.657097	407.772368	0.008079	4.3
107	-0.693628	406.594968	0.013677	4.4
108	-0.466349	405.426590	0.009953	5.6
109	-0.846907	404.267122	0.012403	4.4
110	0.000000	403.116456	0.000000	4.3
111	-0.000000	401.974481	0.000000	5.0
112	-0.451862	400.841093	0.004287	4.5
113	-0.538814	399.716187	0.008471	4.3
114	-0.927958	398.599660	0.005537	4.5
115	-0.565023	397.491411	0.008733	5.8
116	-0.311071	396.391342	0.006395	4.5
117	-0.000000	395.299353	0.000000	4.4
118	-1.029010	394.215350	0.010095	5.9
119	-1.049739	393.139238	0.012165	4.8
120	-0.497556	392.070924	0.012860	4.5
121	-0.000000	391.010316	0.000000	4.8
122	-0.512029	389.957325	0.009232	5.2
123	-0.000000	388.911862	0.000000	4.7
124	-1.054577	387.873839	0.036028	4.9
125	-0.700927	386.843173	0.005306	5.5
126	-0.576473	385.819777	0.008654	5.4
127	-0.729221	384.803569	0.009545	4.6
128	-0.667777	383.794468	0.006131	5.8
129	-0.898497	382.792393	0.018204	4.5
130	-0.100059	381.797264	0.005907	4.5
131	-0.864480	380.809005	0.013149	5.7
132	-0.000000	379.827537	0.000000	4.5
133	-0.922692	378.852786	0.011648	4.5
134	-0.800602	377.884678	0.006116	4.7
135	-0.200208	376.923138	0.004219	5.3
136	-0.483517	375.968095	0.005554	4.4
137	-0.075919	375.019479	0.002798	4.4
138	-0.485999	374.077218	0.005191	5.4
139	-0.761172	373.141244	0.004715	4.7
140	-0.000000	372.211489	0.000000	4.3
141	-0.010528	371.287887	0.001070	4.6
142	-0.179427	370.370370	0.005404	4.8
143	-1.145939	369.458876	0.012067	4.4
144	-0.123263	368.553338	0.001955	4.4
145	-0.668304	367.653696	0.009048	5.4
146	-0.069860	366.759885	0.001385	4.4
147	-0.601006	365.871846	0.005198	4.3
148	-0.927607	364.989518	0.007130	4.5
149	-0.601441	364.112841	0.003807	5.7
150	-0.896421	363.241757	0.013492	4.6
151	-0.810413	362.376208	0.006191	4.6
152	-0.002710	361.516137	0.000208	5.4
153	-0.736397	360.661488	0.006654	4.4
154	-0.877369	359.812206	0.011033	4.3
155	-0.064193	358.968236	0.001732	5.3
156	-0.615918	358.129524	0.012969	5.2
157	-0.686186	357.296018	0.008953	4.7
158	-0.235127	356.467665	0.004688	4.3
159	-0.138045	355.644414	0.003576	5.3
160	-0.137402	354.826213	0.003218	4.5
161	-1.028854	354.013012	0.012901	4.5
162	-0.000203	353.204763	0.000010	5.6
163	-0.000000	352.401415	0.000000	4.6
164	-0.961601	351.602922	0.012934	4.7
165	-1.035195	350.809235	0.013677	5.4
166	-0.176349	350.020308	0.003056	4.7
167	-0.794954	349.236095	0.013418	4.8
168	-0.021594	348.456550	0.000807	4.5
169	-1.081707	347.681627	0.009411	5.7
170	-0.000000	346.911283	0.000000	5.2
171	-0.851487	346.145474	0.011232	4.6
172	-1.102999	345.384157	0.006512	5.7
173	-0.393509	344.627288	0.004242	4.5
174	-0.938826	343.874826	0.022667	4.6
175	-1.016783	343.126729	0.018886	5.6
176	-0.932379	342.382957	0.009118	4.7
177	-1.118339	341.643469	0.013290	4.7
178	-0.595228	340.908224	0.010206	4.6
179	-0.625906	340.177184	0.005386	5.2
180	-0.143057	339.450309	0.003066	4.4
181	-0.214840	338.727561	0.004307	4.4
182	-0.831714	338.008902	0.015252	5.5
183	-0.630614	337.294295	0.005180	4.6
184	-0.861196	336.583703	0.011713	4.4
185	-1.034461	335.877089	0.030087	5.1
186	-0.851734	335.174416	0.004923	4.9
187	-0.069810	334.475651	0.002377	4.4
188	-0.379498	333.780756	0.013506	4.5
189	-0.664239	333.089698	0.015510	5.4
190	-0.907580	332.402443	0.008327	5.1
191	-0.000000	331.718955	0.000000	4.1
192	-0.897390	331.039203	0.021750	5.6
193	-0.000000	330.363153	0.000000	4.5
194	-0.231405	329.690771	0.004068	4.6
195	-0.548863	329.022027	0.010213	4.6
196	-1.038028	328.356888	0.021686	5.0
197	-0.001039	327.695322	0.000140	4.4
198	-0.283611	327.037299	0.003547	4.4
199	-0.968402	326.382787	0.009838	6.1
200	-0.552613	325.731758	0.007490	6.0
201	-0.040195	325.084179	0.001875	4.4
202	-0.060858	324.440023	0.002807	5.2
203	-0.000000	323.799258	0.000000	5.2
204	-1.047721	323.161858	0.008739	5.2
205	-0.070669	322.527792	0.000864	6.0
206	-0.524817	321.897034	0.006083	4.8
207	-0.000081	321.269554	0.000021	5.0
208	-1.024779	320.645325	0.022372	5.4
209	-0.609958	320.024320	0.006289	5.3
210	-1.309840	319.406512	0.018107	5.4
211	-1.189620	318.791875	0.016767	5.7
212	-1.256387	318.180381	0.022226	5.1
213	-1.098435	317.572005	0.005569	4.5
214	-0.000000	316.966721	0.000000	5.5
215	-0.081752	316.364504	0.001386	5.2
216	-0.000000	315.765329	0.000000	4.8
217	-0.227609	315.169170	0.003217	4.5
218	-0.010147	314.576003	0.000542	5.8
219	-0.001183	313.985804	0.000040	4.5
220	-1.217932	313.398548	0.007614	5.4
221	-0.645425	312.814213	0.007876	5.5
222	-0.426125	312.232773	0.003954	4.5
223	-1.124185	311.654207	0.017040	5.0
224	-0.173943	311.078491	0.006014	5.5
225	-0.000000	310.505602	0.000000	4.6
226	-0.803109	309.935518	0.008519	4.4
227	-0.000000	309.368217	0.000000	4.5
228	-1.173924	308.803676	0.021506	5.4
229	-0.544863	308.241874	0.013722	4.4
230	-0.106679	307.682789	0.003605	4.6
231	-0.000071	307.126400	0.000025	5.6
232	-0.054351	306.572687	0.002164	5.4
233	-0.750089	306.021627	0.018911	4.3
234	-0.310108	305.473201	0.003011	5.3
235	-0.898934	304.927388	0.009863	4.4
236	-0.976975	304.384168	0.021137	5.1
237	-0.201453	303.843521	0.004297	4.9
238	-0.551895	303.305427	0.011714	5.2
239	-0.395689	302.769867	0.005857	4.5
240	-0.018158	302.236821	0.000971	4.8
241	-0.805537	301.706270	0.014091	5.2
242	-0.846473	301.178196	0.005820	4.4
243	-0.519659	300.652580	0.009308	4.3
244	-0.328039	300.129402	0.005299	5.5
245	-0.692781	299.608645	0.017988	5.2
246	-0.999674	299.090291	0.012025	4.6
247	-1.160761	298.574321	0.010857	4.8
248	-0.000002	298.060718	0.000001	5.9
249	-0.000000	297.549465	0.000000	5.5
250	-0.056790	297.040543	0.002261	5.5
251	-0.635030	296.533936	0.009422	5.6
252	-0.266181	296.029626	0.003531	4.9
253	-0.731814	295.527597	0.008734	5.3
254	-0.000000	295.027832	0.000000	5.4
255	-0.600269	294.530315	0.005584	4.5
256	-0.761768	294.035028	0.006617	5.0
257	-0.665359	293.541956	0.006754	5.6
258	-1.086425	293.051083	0.010856	4.6
259	-0.969010	292.562393	0.014151	4.5
260	-0.000000	292.075870	0.000000	5.5
261	-0.925821	291.591498	0.004912	4.5
262	-0.695923	291.109263	0.008723	4.5
263	-0.097017	290.629149	0.002565	5.5
264	-0.042097	290.151140	0.002561	5.0
265	-0.729091	289.675222	0.007049	5.1
266	-0.741039	289.201380	0.008380	5.0
267	-0.563295	288.729600	0.005617	5.4
268	-0.078914	288.259866	0.002509	5.2
269	-1.103055	287.792165	0.009327	4.5
270	-0.478275	287.326481	0.008974	5.7
271	-0.804398	286.862802	0.010640	4.8
272	-0.328262	286.401113	0.004151	4.6
273	-0.833304	285.941400	0.010341	5.3
274	-0.828462	285.483649	0.010084	5.2
275	-0.001138	285.027847	0.000115	4.3
276	-0.985863	284.573981	0.022217	5.1
277	-0.655526	284.122037	0.005877	4.9
278	-0.409577	283.672002	0.007514	4.9
279	-0.000000	283.223863	0.000000	4.7
280	-0.962793	282.777607	0.015649	5.3
281	-0.000000	282.333221	0.000000	4.7
282	-0.227332	281.890692	0.003909	4.4
283	-0.000000	281.450008	0.000000	5.4
284	-0.683237	281.011157	0.006085	5.0
285	-0.412389	280.574125	0.008982	4.7
286	-0.737377	280.138901	0.010397	5.5
287	-0.780529	279.705473	0.012439	4.7
288	-1.095918	279.273829	0.014788	4.3
289	-0.555153	278.843956	0.006015	4.4
290	-0.209500	278.415844	0.004441	5.5
291	-0.000000	277.989479	0.000000	4.3
292	-0.823426	277.564851	0.012371	5.0
293	-0.980388	277.141949	0.010339	5.0
294	-0.982085	276.720761	0.012321	5.5
295	-1.019791	276.301275	0.013632	5.1
296	-0.000000	275.883480	0.000000	5.3
297	-0.498003	275.467366	0.015064	4.6
298	-0.974290	275.052922	0.018619	5.0
299	-0.875903	274.640136	0.006162	4.8
300	-0.146872	274.228998	0.001585	5.1
301	-0.955078	273.819497	0.009319	5.0
302	-0.553190	273.411623	0.009103	4.8
303	-0.000000	273.005365	0.000000	5.6
304	-0.291005	272.600712	0.005155	4.6
305	-0.000000	272.197655	0.000000	4.9
306	-0.000000	271.796184	0.000000	5.0
307	-0.000265	271.396287	0.000058	5.1
308	-0.002349	270.997956	0.000067	4.5
309	-0.000000	270.601180	0.000000	5.7
310	-0.000000	270.205949	0.000000	4.9
311	-0.617753	269.812254	0.011820	4.6
312	-0.575397	269.420085	0.007682	5.2
313	-0.617696	269.029432	0.011458	5.5
314	-0.000000	268.640287	0.000000	5.0
315	-0.712759	268.252638	0.013124	4.6
316	-0.291410	267.866478	0.005927	6.1
317	-0.141203	267.481796	0.005614	5.1
318	-0.874412	267.098584	0.006925	4.4
319	-0.940833	266.716833	0.007012	5.8
320	-0.406798	266.336533	0.006686	4.4
321	-0.000000	265.957676	0.000000	4.6
322	-1.041274	265.580253	0.013394	5.6
323	-0.189467	265.204254	0.002964	4.5
324	-0.829346	264.829672	0.008115	4.3
325	-0.763500	264.456497	0.007907	4.6
326	-0.984039	264.084721	0.018139	6.1
327	-0.504425	263.714335	0.008884	4.5
328	-0.000000	263.345332	0.000000	4.8
329	-0.001220	262.977702	0.000129	5.5
330	-0.969566	262.611438	0.016237	4.5
331	-0.351836	262.246531	0.006118	4.3
332	-0.694534	261.882973	0.005119	5.4
333	-0.486326	261.520756	0.011028	4.5
334	-0.847068	261.159871	0.007373	4.8
335	-0.217842	260.800312	0.004333	4.3
336	-1.212150	260.442070	0.018012	5.6
337	-0.525360	260.085137	0.008322	5.6
338	-0.327710	259.729505	0.009585	4.4
339	-0.092673	259.375167	0.000621	5.8
340	-0.000000	259.022116	0.000000	4.5
341	-0.000000	258.670343	0.000000	4.6
342	-1.144015	258.319841	0.006083	6.1
343	-0.994509	257.970602	0.011849	4.5
344	-1.005074	257.622620	0.012262	4.9
345	-0.948064	257.275887	0.021616	5.5
346	-0.952980	256.930396	0.006058	4.8
347	-1.016830	256.586139	0.029083	4.5
348	-0.000000	256.243109	0.000000	5.2
349	-0.806129	255.901300	0.008142	5.6
350	-0.071919	255.560703	0.003391	4.7
351	-0.788109	255.221313	0.015420	4.6
352	-0.711022	254.883122	0.006604	6.0
353	-0.829678	254.546124	0.013288	4.8
354	-0.000827	254.210311	0.000104	5.0
355	-0.662448	253.875677	0.003835	6.5
356	-0.552800	253.542215	0.008702	4.5
357	-1.034682	253.209918	0.013382	5.4
358	-0.000002	252.878781	0.000001	5.6
359	-0.196934	252.548795	0.003315	5.2
360	-0.000607	252.219956	0.000043	4.5
361	-0.042962	251.892255	0.001782	5.6
362	-0.820461	251.565688	0.011462	4.6
363	-0.874945	251.240247	0.007215	5.0
364	-0.974883	250.915926	0.015505	5.1
365	-0.863147	250.592720	0.015149	5.3
366	-0.037182	250.270621	0.000430	4.3
367	-0.505554	249.949624	0.006520	4.9
368	-0.019973	249.629723	0.001255	5.4
369	-0.108405	249.310911	0.005621	4.4
370	-0.659608	248.993182	0.011160	4.7
371	-0.671378	248.676531	0.008580	5.8
372	-0.000000	248.360952	0.000000	4.5
373	-0.979754	248.046438	0.013197	4.4
374	-0.000080	247.732984	0.000013	5.5
375	-0.000890	247.420584	0.000120	4.8
376	-1.134418	247.109233	0.042493	4.6
377	-0.952567	246.798924	0.005137	4.4
378	-0.000000	246.489652	0.000000	5.4
379	-0.012563	246.181412	0.001268	6.0
380	-0.000000	245.874197	0.000000	4.6
381	-1.160375	245.568002	0.005143	5.5
382	-0.849726	245.262822	0.005789	4.8
383	-0.004623	244.958652	0.000826	4.9
384	-1.054604	244.655485	0.013347	5.8
385	-0.000000	244.353317	0.000000	4.4
386	-0.552866	244.052142	0.009666	4.7
387	-0.271144	243.751955	0.004586	4.9
388	-0.260711	243.452750	0.006134	5.3
389	-0.142004	243.154523	0.002851	4.3
390	-0.734534	242.857268	0.009908	4.4
391	-1.247999	242.560980	0.016831	5.6
392	-0.267890	242.265654	0.006112	5.3
393	-0.211398	241.971285	0.004535	4.9
394	-0.043827	241.677868	0.002290	6.2
395	-0.826204	241.385397	0.007412	5.5
396	-0.966874	241.093869	0.010265	5.4
397	-0.186258	240.803278	0.005531	5.5
398	-0.406675	240.513619	0.007075	5.0
399	-0.804808	240.224887	0.008947	4.5
400	-1.054629	239.937077	0.007218	5.8
401	-1.059319	239.650186	0.013029	5.6
402	-0.834346	239.364207	0.012049	4.7
403	-0.038278	239.079136	0.001603	5.9
404	-1.035430	238.794969	0.013709	4.6
405	-1.064600	238.511701	0.043083	4.5
406	-0.137468	238.229327	0.003136	5.8
407	-0.015419	237.947843	0.001043	4.7
408	-0.000000	237.667244	0.000000	4.3
409	-0.487281	237.387526	0.007612	5.0
410	-0.775163	237.108684	0.007483	5.5
411	-0.740463	236.830714	0.006093	4.8
412	-0.381825	236.553610	0.002496	4.5
413	-0.950297	236.277370	0.014779	5.6
414	-0.865404	236.001989	0.064049	4.4
415	-0.770421	235.727461	0.011192	4.9
416	-0.700721	235.453784	0.006627	5.5
417	-0.721425	235.180952	0.006663	4.9
418	-0.048953	234.908962	0.000316	4.5
419	-0.841469	234.637809	0.011098	4.7
420	-0.617554	234.367488	0.005953	5.4
421	-1.153677	234.097997	0.038977	4.7
422	-0.353131	233.829331	0.003906	4.5
423	0.000000	233.561485	0.000000	5.7
424	-0.848255	233.294456	0.011144	4.6
425	-0.819186	233.028239	0.004600	4.7
426	-0.015960	232.762831	0.000348	5.1
427	-0.951958	232.498228	0.016341	4.8
428	-0.525257	232.234425	0.004970	4.6
429	-1.000397	231.971419	0.024572	4.5
430	-0.799461	231.709205	0.006446	5.1
431	-0.143322	231.447781	0.002946	4.8
432	-0.897327	231.187141	0.007559	4.4
433	-0.303687	230.927283	0.004031	5.2
434	-1.226412	230.668202	0.025312	5.0
435	-0.682134	230.409895	0.008684	4.7
436	-0.987708	230.152358	0.009275	5.3
437	-0.025312	229.895587	0.002445	4.4
438	-0.955483	229.639578	0.016843	4.9
439	-0.333573	229.384329	0.008035	4.5
440	-0.053599	229.129834	0.002185	5.3
441	-0.007110	228.876091	0.000835	5.0
442	-0.023298	228.623096	0.000936	4.5
443	-0.341057	228.370846	0.001207	5.5
444	-0.610340	228.119336	0.004643	5.6
445	-0.925531	227.868563	0.008440	4.5
446	-1.072248	227.618525	0.013179	5.7
447	-0.000644	227.369216	0.000109	4.9
448	-0.203917	227.120635	0.002011	4.6
449	-0.000000	226.872777	0.000000	5.3
450	-0.004663	226.625638	0.000230	4.8
451	-0.873164	226.379217	0.008484	4.6
452	-0.420593	226.133509	0.003401	4.7
453	-0.000000	225.888510	0.000000	5.9
454	-0.256540	225.644218	0.004327	4.5
455	-0.740895	225.400630	0.021554	4.5
456	-0.000000	225.157741	0.000000	5.6
457	-0.981956	224.915549	0.024219	4.5
458	-0.816469	224.674051	0.009417	4.7
459	-0.000000	224.433242	0.000000	5.8
460	-0.123490	224.193121	0.002126	4.8
461	-1.015437	223.953684	0.004570	5.0
462	-0.898275	223.714927	0.005742	5.1
463	-0.342634	223.476848	0.004010	5.1
464	-0.000014	223.239444	0.000001	4.3
465	-1.195261	223.002710	0.007419	4.4
466	-0.000000	222.766645	0.000000	5.4
467	-0.117924	222.531245	0.004581	5.4
468	-0.805226	222.296508	0.023309	4.4
469	-1.100420	222.062429	0.030642	5.3
470	-0.542729	221.829007	0.008321	4.9
471	-0.628844	221.596238	0.005745	5.2
472	-0.947969	221.364119	0.005237	5.1
473	-0.790712	221.132647	0.004925	4.7
474	-0.869383	220.901820	0.007749	4.3
475	-0.894852	220.671634	0.017027	4.4
476	-0.975634	220.442086	0.010634	5.2
477	-0.000000	220.213174	0.000000	4.8
478	-0.109268	219.984895	0.002739	5.0
479	-0.143506	219.757246	0.003874	5.2
480	-0.872207	219.530224	0.011052	4.4
481	-0.000000	219.303826	0.000000	4.9
482	-0.000001	219.078050	0.000000	5.0
483	-0.000035	218.852893	0.000011	5.1
484	-0.537891	218.628352	0.002067	4.6
485	-0.776429	218.404424	0.015177	4.3
486	-0.000001	218.181106	0.000000	5.3
487	-0.937109	217.958397	0.013315	4.4
488	-0.783061	217.736292	0.015650	4.6
489	-0.000000	217.514790	0.000000	5.4
490	-0.000000	217.293888	0.000000	5.3
491	-0.388037	217.073584	0.004702	4.6
492	-0.057853	216.853873	0.002013	4.4
493	-0.938551	216.634755	0.019076	5.4
494	0.000000	216.416227	0.000000	4.5
495	-1.191934	216.198285	0.010517	4.6
496	-0.636552	215.980927	0.010818	6.2
497	-0.982735	215.764151	0.009267	4.8
498	-0.333698	215.547955	0.008108	4.5
499	-1.086129	215.332335	0.010532	5.9
500	-0.232495	215.117289	0.007350	4.5
501	-0.239175	214.902815	0.003515	5.2
502	-0.000000	214.688911	0.000000	4.8
503	-0.962437	214.475573	0.007582	5.1
504	-0.518146	214.262800	0.010911	4.5
505	-0.567634	214.050588	0.009839	5.5
506	-0.390176	213.838936	0.007480	5.4
507	-0.942644	213.627842	0.018517	4.9
508	-0.024441	213.417302	0.000921	4.9
509	-0.660168	213.207314	0.014465	5.5
510	-1.009815	212.997877	0.015786	5.7
511	-0.000063	212.788987	0.000011	4.5
512	-0.446726	212.580642	0.006759	5.6
513	-1.207955	212.372841	0.023192	4.7
514	-0.000000	212.165581	0.000000	4.6
515	-0.873490	211.958859	0.013186	5.3
516	-0.501155	211.752673	0.010235	4.5
517	-0.955831	211.547021	0.009878	4.4
518	-0.786273	211.341902	0.014018	4.9
519	-0.618055	211.137311	0.007592	5.1
520	-0.173480	210.933248	0.000987	4.3
521	-0.037524	210.729710	0.001696	4.5
522	-0.985355	210.526695	0.014743	5.7
523	-0.472861	210.324200	0.006906	4.9
524	-1.000493	210.122224	0.015446	4.8
525	-0.031004	209.920765	0.001021	5.1
526	-0.000000	209.719820	0.000000	4.5
527	-0.596998	209.519387	0.007838	4.4
528	-1.001810	209.319463	0.010899	4.8
529	-0.344452	209.120048	0.004343	5.5
530	-0.907209	208.921139	0.014154	5.3
531	-0.001091	208.722733	0.000126	4.9
532	-0.202621	208.524829	0.003696	6.0
533	-0.594839	208.327425	0.004552	4.9
534	-0.570190	208.130518	0.006613	4.4
535	-0.123865	207.934107	0.000907	5.6
536	-0.801289	207.738189	0.010242	4.8
537	-0.000000	207.542762	0.000000	4.4
538	-0.731780	207.347825	0.009971	5.1
539	-1.046337	207.153376	0.011556	5.1
540	-0.201770	206.959412	0.004612	5.0
541	-0.646068	206.765932	0.010212	4.8
542	-0.000007	206.572933	0.000001	5.7
543	-0.220085	206.380414	0.003715	4.4
544	-0.000000	206.188373	0.000000	4.5
545	-0.197000	205.996807	0.001513	5.6
546	-0.705132	205.805716	0.013726	5.0
547	-1.111928	205.615096	0.020358	4.9
548	-0.805037	205.424946	0.009607	5.7
549	-0.223630	205.235265	0.002703	4.9
550	-0.591258	205.046050	0.014958	5.0
551	-0.941300	204.857299	0.015129	5.2
552	-0.583141	204.669011	0.005077	5.7
553	-0.904698	204.481184	0.007215	5.2
554	-0.754457	204.293816	0.005231	5.2
555	-0.555280	204.106905	0.011987	5.0
556	-0.621716	203.920449	0.009573	4.5
557	-0.830442	203.734447	0.021398	4.8
558	-0.981646	203.548896	0.028349	5.7
559	-0.951172	203.363795	0.013436	5.1
560	-0.154476	203.179143	0.003439	4.5
561	-1.033152	202.994937	0.019844	5.7
562	-0.227247	202.811176	0.006379	4.5
563	-0.857552	202.627857	0.004982	4.5
564	-0.001466	202.444980	0.000094	6.3
565	-1.092128	202.262543	0.016119	4.8
566	-0.578274	202.080543	0.009961	4.4
567	-1.045830	201.898979	0.010916	5.7
568	-0.000855	201.717849	0.000117	4.6
569	-0.115348	201.537153	0.002073	4.5
570	-0.491096	201.356887	0.004575	4.4
571	-0.020679	201.177050	0.000310	6.1
572	-0.853203	200.997642	0.014173	4.4
573	-0.000000	200.818659	0.000000	4.4
574	-0.939472	200.640100	0.008272	5.4
575	-0.546659	200.461965	0.013438	5.2
576	-0.817513	200.284250	0.009112	4.9
577	0.000000	200.106955	0.000000	5.5
578	-1.041196	199.930078	0.013613	4.4
579	-0.000000	199.753617	0.000000	4.8
580	-0.608064	199.577571	0.003860	4.4
581	-0.000000	199.401938	0.000000	5.8
582	-0.000000	199.226717	0.000000	4.8
583	-1.012184	199.051905	0.010578	4.3
584	-0.824935	198.877502	0.001746	5.7
585	-0.770168	198.703506	0.008065	4.4
586	-0.760000	198.529916	0.006022	5.0
587	-0.000017	198.356729	0.000003	5.3
588	-0.676000	198.183944	0.008542	4.5
589	-0.514937	198.011560	0.006614	4.4
590	-0.823854	197.839576	0.004619	4.4
591	-0.000000	197.667989	0.000000	6.6
592	-0.341458	197.496798	0.006328	5.1
593	-0.000623	197.326002	0.000027	4.3
594	-1.125432	197.155600	0.008646	5.5
595	-0.000000	196.985589	0.000000	5.4
596	-0.010900	196.815969	0.001125	4.5
597	-0.548640	196.646738	0.006473	6.0
598	-0.527558	196.477894	0.007125	5.2
599	-0.000532	196.309436	0.000016	4.8
600	-0.916809	196.141363	0.010460	5.7
601	-1.072812	195.973673	0.009744	4.5
602	-0.228823	195.806365	0.004508	4.8
603	-0.466105	195.639437	0.003453	5.7
604	-0.974160	195.472888	0.007194	4.6
605	-0.835880	195.306717	0.005939	4.5
606	-0.629081	195.140922	0.005302	4.6
607	-0.597399	194.975501	0.004876	6.1
608	-0.665359	194.810454	0.011539	4.5
609	-0.000000	194.645779	0.000000	4.7
610	-0.674821	194.481475	0.012667	5.6
611	-0.532491	194.317540	0.006059	4.9
612	-0.000004	194.153973	0.000001	5.0
613	-1.044061	193.990773	0.012172	5.6
614	-0.865993	193.827938	0.005113	5.1
615	-0.630941	193.665467	0.010516	4.5
616	-0.049094	193.503358	0.001364	4.9
617	-0.730817	193.341611	0.024243	5.4
618	-0.000000	193.180224	0.000000	4.6
619	-1.029146	193.019196	0.013581	4.8
620	-0.536066	192.858525	0.005429	5.3
621	-0.812581	192.698210	0.012829	4.4
622	-1.098124	192.538251	0.018127	4.7
623	-0.979242	192.378644	0.015197	5.2
624	-0.971831	192.219391	0.010459	4.4
625	-0.549297	192.060488	0.005002	5.2
626	-0.641331	191.901935	0.012509	5.3
627	-0.000000	191.743730	0.000000	4.7
628	-0.846597	191.585873	0.018696	5.0
629	-0.000000	191.428362	0.000000	4.4
630	-0.247286	191.271196	0.002429	5.7
631	-0.000000	191.114374	0.000000	4.4
632	-0.872278	190.957893	0.019291	4.7
633	-1.131903	190.801755	0.021855	5.7
634	-1.085460	190.645956	0.008425	4.4
635	-0.549939	190.490495	0.008515	4.9
636	-1.058558	190.335373	0.007082	5.0
637	-1.019974	190.180587	0.006639	5.2
638	-0.000227	190.026136	0.000025	4.8
639	-0.172596	189.872019	0.005203	4.9
640	-0.862198	189.718235	0.011903	5.2
641	-0.956014	189.564782	0.010132	4.8
642	-0.132519	189.411661	0.004596	4.3
643	-0.767831	189.258868	0.008527	5.4
644	-1.048867	189.106404	0.007726	4.5
645	-0.773160	188.954267	0.006795	5.1
646	-0.000000	188.802456	0.000000	4.9
647	-0.968003	188.650969	0.010644	4.7
648	-0.624993	188.499807	0.006320	4.6
649	-0.787973	188.348967	0.008382	4.7
650	-0.000000	188.198448	0.000000	6.0
651	-1.039808	188.048250	0.012878	4.6
652	-1.150316	187.898371	0.014629	4.5
653	-0.000000	187.748810	0.000000	6.6
654	-0.848022	187.599566	0.007134	4.7
655	-1.105610	187.450638	0.013104	5.1
656	-0.237273	187.302025	0.007245	6.0
657	-0.000000	187.153725	0.000000	4.8
658	-0.000931	187.005739	0.000176	4.7
659	-0.823171	186.858064	0.009713	5.6
660	-1.130842	186.710699	0.008448	5.6
661	-1.061903	186.563645	0.010914	4.7
662	-0.849516	186.416898	0.008786	5.8
663	-0.000048	186.270459	0.000005	4.4
664	-0.000000	186.124326	0.000000	4.4
665	-0.777463	185.978499	0.004116	4.8
666	-1.061302	185.832976	0.017001	5.0
667	-0.501443	185.687756	0.006034	4.9
668	-1.168208	185.542838	0.009015	4.4
669	-0.921954	185.398222	0.005098	5.6
670	-0.894116	185.253906	0.012642	4.4
671	-0.965352	185.109889	0.011452	4.7
672	-1.122739	184.966170	0.010258	5.7
673	-0.000000	184.822748	0.000000	4.4
674	-0.441817	184.679623	0.006854	4.9
675	-0.243362	184.536792	0.003828	4.4
676	-0.000000	184.394256	0.000000	5.5
677	-0.030872	184.252013	0.000968	4.4
678	-0.798695	184.110062	0.025514	4.8
679	-0.726611	183.968403	0.008004	5.6
680	-1.002616	183.827034	0.009228	5.0
681	-0.970993	183.685954	0.009384	4.6
682	-0.198575	183.545163	0.003176	5.4
683	-0.388455	183.404658	0.008454	4.7
684	-0.937477	183.264441	0.013535	5.0
685	-0.897215	183.124509	0.004654	5.5
686	-1.154731	182.984861	0.017267	4.9
687	-0.000494	182.845497	0.000004	4.5
688	-0.926450	182.706416	0.005873	4.9
689	-0.735377	182.567616	0.025929	5.6
690	-0.686465	182.429098	0.006807	4.5
691	-0.779118	182.290859	0.005798	5.1
692	-0.902614	182.152899	0.012287	5.9
693	-0.000000	182.015217	0.000000	4.5
694	-0.211381	181.877813	0.006144	4.7
695	-0.000110	181.740684	0.000042	5.5
696	0.000000	181.603832	0.000000	4.7
697	-0.762267	181.467253	0.008391	4.6
698	-0.000000	181.330948	0.000000	4.9
699	-0.646963	181.194916	0.011060	5.8
700	-0.000000	181.059155	0.000000	4.6
701	-0.407013	180.923666	0.006739	4.7
702	-0.000000	180.788446	0.000000	5.5
703	-0.691466	180.653496	0.006652	5.5
704	-0.667354	180.518814	0.010448	4.4
705	-0.897396	180.384399	0.016917	5.4
706	-1.102092	180.250251	0.039645	4.9
707	-0.000000	180.116369	0.000000	4.6
708	-0.000000	179.982752	0.000000	5.2
709	-0.934017	179.849398	0.005867	4.7
710	-0.053195	179.716308	0.002912	4.3
711	-0.226627	179.583480	0.004750	4.9
712	-0.917819	179.450913	0.008672	5.3
713	-0.340473	179.318607	0.003394	4.6
714	-0.000000	179.186561	0.000000	4.3
715	-1.091445	179.054774	0.007550	5.4
716	-1.088204	178.923245	0.008675	4.8
717	-0.000634	178.791973	0.000066	4.9
718	-0.068699	178.660958	0.002719	5.2
719	-0.938879	178.530199	0.012908	4.8
720	-0.734004	178.399694	0.008446	4.3
721	-0.914158	178.269444	0.009722	4.4
722	-0.967365	178.139447	0.009815	5.6
723	-0.100230	178.009702	0.002307	5.2
724	-0.864042	177.880209	0.016443	4.4
725	-0.800362	177.750967	0.006599	5.2
726	-0.470076	177.621975	0.003572	4.5
727	-0.842375	177.493232	0.009584	5.1
728	-1.084605	177.364738	0.014291	5.4
729	-0.598966	177.236492	0.003732	4.6
730	-1.043521	177.108492	0.021757	4.9
731	-0.020543	176.980739	0.000631	4.5
732	-0.732906	176.853231	0.006905	5.7
733	-0.000000	176.725968	0.000000	4.8
734	-0.666238	176.598949	0.011422	5.1
735	-0.995328	176.472173	0.005185	5.7
736	-1.164754	176.345639	0.007817	4.5
737	-0.000000	176.219348	0.000000	5.0
738	-0.000615	176.093296	0.000077	5.7
739	0.000000	175.967486	0.000000	4.6
740	-1.181220	175.841914	0.010996	5.0
741	-0.257030	175.716581	0.004098	5.9
742	-0.945984	175.591486	0.003503	4.5
743	-0.969900	175.466629	0.021299	4.8
744	-1.118100	175.342008	0.009044	5.6
745	-0.000509	175.217622	0.000069	5.6
746	-0.000283	175.093472	0.000054	5.0
747	-0.953769	174.969556	0.009095	4.8
748	-1.172662	174.845873	0.007323	4.9
749	-0.720346	174.722423	0.005921	4.6
750	-1.091018	174.599206	0.013958	4.9
751	-0.960896	174.476220	0.013027	5.9
752	-0.358536	174.353464	0.006581	4.4
753	-0.858459	174.230939	0.020118	4.4
754	-0.646378	174.108643	0.005690	5.5
755	-0.453511	173.986576	0.004353	4.4
756	-0.005660	173.864737	0.000338	4.3
757	-0.691606	173.743124	0.007570	4.9
758	-0.000452	173.621739	0.000059	5.5
759	-0.131829	173.500579	0.002828	4.3
760	-0.001229	173.379645	0.000343	4.9
761	-0.788253	173.258935	0.008412	5.7
762	-0.754871	173.138449	0.011018	4.4
763	-0.484780	173.018186	0.007521	4.8
764	-1.029706	172.898146	0.010104	4.9
765	-0.002353	172.778327	0.000413	5.6
766	-0.004190	172.658730	0.000487	4.4
767	-0.939319	172.539353	0.011508	5.0
768	-0.264419	172.420196	0.005154	4.8
769	-0.836721	172.301258	0.012475	4.8
770	-0.631440	172.182539	0.012991	4.7
771	-0.927495	172.064037	0.008348	5.7
772	-0.900350	171.945753	0.015790	4.5
773	-0.949143	171.827686	0.015395	4.8
774	-0.647392	171.709834	0.007490	5.3
775	-0.832223	171.592198	0.004751	4.4
776	-0.730469	171.474776	0.007347	4.5
777	-0.837731	171.357568	0.016343	5.4
778	-0.636164	171.240574	0.007255	4.9
779	-0.000000	171.123793	0.000000	4.4
780	-0.219327	171.007223	0.003811	4.7
781	-0.982700	170.890865	0.012274	5.9
782	-0.706106	170.774718	0.005766	4.5
783	-0.162749	170.658782	0.005022	4.9
784	-0.373158	170.543055	0.005583	5.6
785	-1.218792	170.427537	0.008171	5.6
786	-0.511063	170.312227	0.008889	5.8
787	-1.109191	170.197125	0.015275	5.6
788	-0.740101	170.082231	0.002404	4.9
789	-0.007807	169.967543	0.000471	4.8
790	-0.340297	169.853061	0.006625	5.6
791	-1.153743	169.738784	0.006953	4.5
792	-0.000000	169.624713	0.000000	4.5
793	-0.131209	169.510845	0.003169	5.6
794	-1.189750	169.397181	0.008129	5.2
795	-0.402178	169.283720	0.004940	4.6
796	-0.909685	169.170462	0.010223	4.8
797	-0.065472	169.057405	0.002235	6.0
798	-0.284882	168.944549	0.004684	4.8
799	-0.636576	168.831895	0.006478	5.1
800	-0.768636	168.719440	0.006990	5.6
801	-1.048084	168.607185	0.020061	4.5
802	-0.437512	168.495129	0.005769	4.5
803	-0.681914	168.383271	0.010942	5.2
804	-0.000000	168.271611	0.000000	5.3
805	-0.797743	168.160148	0.005754	4.9
806	-0.202196	168.048882	0.005355	4.7
807	-0.892084	167.937812	0.005842	4.9
808	-0.036672	167.826938	0.001857	4.7
809	-0.704254	167.716258	0.013739	4.5
810	0.000000	167.605773	0.000000	5.3
811	-1.171479	167.495482	0.012268	4.4
812	-0.594123	167.385384	0.009559	4.7
813	-0.743933	167.275479	0.006624	5.5
814	-0.757982	167.165766	0.002874	4.7
815	-0.000000	167.056245	0.000000	4.3
816	-0.243361	166.946915	0.001987	4.4
817	-0.000000	166.837776	0.000000	5.6
818	-0.002450	166.728826	0.000130	4.3
819	-0.660425	166.620067	0.011165	4.4
820	-1.049625	166.511496	0.013568	5.8
821	-0.000000	166.403113	0.000000	4.5
822	-0.000000	166.294919	0.000000	4.4
823	-0.540960	166.186912	0.005746	5.0
824	-1.130117	166.079091	0.007152	5.1
825	-0.723919	165.971458	0.008725	4.3
826	-0.806248	165.864009	0.011486	4.4
827	-0.741272	165.756747	0.010884	5.6
828	-0.885488	165.649669	0.019559	5.4
829	-0.918584	165.542775	0.012296	4.4
830	-0.000903	165.436065	0.000192	5.6
831	-0.633325	165.329538	0.012073	4.5
832	-0.889256	165.223194	0.013457	4.6
833	-1.156538	165.117032	0.011439	5.8
834	-0.732246	165.011052	0.014508	4.6
835	-0.008318	164.905253	0.000971	4.5
836	-0.658054	164.799635	0.013604	5.5
837	-0.773118	164.694197	0.006406	5.2
838	-0.000363	164.588939	0.000113	5.0
839	-0.604266	164.483859	0.007764	4.5
840	-0.747299	164.378959	0.006716	5.5
841	-1.156299	164.274237	0.011314	4.5
842	-0.077401	164.169692	0.001163	5.0
843	-0.861179	164.065325	0.010905	5.8
844	-0.000000	163.961135	0.000000	4.7
845	-0.890384	163.857120	0.004570	5.0
846	-1.104026	163.753282	0.007197	5.5
847	-1.148931	163.649619	0.004395	5.5
848	-0.188304	163.546130	0.001185	4.5
849	-1.042288	163.442816	0.007364	4.6
850	-0.005717	163.339676	0.000609	5.5
851	-0.755620	163.236709	0.009254	5.1
852	-0.825848	163.133915	0.004493	4.4
853	-0.133746	163.031294	0.002930	5.7
854	-0.943780	162.928844	0.011798	4.3
855	-0.615702	162.826566	0.013542	4.4
856	-0.493544	162.724459	0.009043	5.9
857	-0.782030	162.622523	0.007377	4.5
858	-0.868016	162.520757	0.008111	4.4
859	-0.598342	162.419160	0.006634	5.3
860	-0.998151	162.317733	0.005292	4.7
861	-0.950135	162.216474	0.014566	4.6
862	-0.698889	162.115383	0.005903	4.4
863	-0.933122	162.014461	0.012707	5.9
864	-1.018348	161.913705	0.009758	4.5
865	-1.071088	161.813117	0.012565	4.3
866	-0.000015	161.712695	0.000002	5.8
867	-0.558835	161.612439	0.005657	4.4
868	-0.675630	161.512349	0.010796	4.7
869	-0.746952	161.412424	0.007937	5.0
870	-1.101963	161.312663	0.013460	5.6
871	-0.372805	161.213067	0.005484	4.5
872	-1.221937	161.113635	0.015700	4.4
873	-0.000000	161.014366	0.000000	5.3
874	-1.151095	160.915260	0.031099	4.4
875	-0.000000	160.816316	0.000000	5.2
876	-0.000000	160.717535	0.000000	5.9
877	-1.270560	160.618915	0.028586	4.8
878	-0.896296	160.520456	0.006430	4.6
879	-0.357328	160.422158	0.004417	5.7
880	-0.832644	160.324021	0.005158	4.7
881	-0.890635	160.226043	0.016083	4.6
882	-0.843828	160.128225	0.018772	5.2
883	-1.040639	160.030566	0.027053	5.1
884	0.000000	159.933066	0.000000	4.7
885	-0.930595	159.835723	0.008306	4.8
886	-0.810385	159.738539	0.009792	5.7
887	-0.914677	159.641512	0.011064	4.5
888	-0.823449	159.544642	0.013064	5.2
889	-0.022594	159.447929	0.000876	5.6
890	-0.639683	159.351372	0.005752	4.5
891	-0.019249	159.254971	0.000262	5.0
892	-0.678830	159.158725	0.009595	5.3
893	-0.715238	159.062634	0.007306	5.2
894	-0.548361	158.966697	0.005336	4.3
895	-0.823437	158.870915	0.006457	4.5
896	-0.887377	158.775286	0.012729	5.6
897	-0.000000	158.679811	0.000000	4.6
898	-0.988009	158.584489	0.004908	4.6
899	-0.670872	158.489319	0.004645	5.5
900	-0.000024	158.394302	0.000004	4.5
901	-0.946011	158.299436	0.009906	4.3
902	-0.279558	158.204721	0.003451	5.2
903	-0.365598	158.110158	0.002628	4.5
904	-0.000000	158.015745	0.000000	4.9
905	-0.423083	157.921482	0.007893	4.3
906	-0.953131	157.827369	0.005177	5.4
907	-0.696412	157.733406	0.007445	4.4
908	-1.048989	157.639591	0.017765	5.1
909	-0.485304	157.545925	0.008571	5.5
910	-0.000000	157.452408	0.000000	4.5
911	-0.945304	157.359038	0.015943	4.7
912	-0.000000	157.265816	0.000000	4.8
913	-0.893375	157.172741	0.008179	5.4
914	-0.494258	157.079813	0.004193	4.5
915	-0.307467	156.987031	0.004406	4.4
916	-0.573898	156.894395	0.007122	5.5
917	-0.175991	156.801904	0.002884	4.9
918	-1.236466	156.709559	0.010466	4.8
919	-1.237345	156.617359	0.020479	5.2
920	-0.272737	156.525304	0.006485	4.1
921	-0.598155	156.433392	0.006353	4.6
922	-0.450224	156.341624	0.007725	5.9
923	-1.073439	156.250000	0.015563	4.7
924	-1.083655	156.158519	0.007814	4.9
925	-0.000000	156.067180	0.000000	4.5
926	-1.020116	155.975984	0.010384	5.6
927	-0.024447	155.884930	0.000573	4.6
928	-1.093281	155.794017	0.017191	4.9
929	-0.609540	155.703246	0.012927	5.8
930	-0.684712	155.612615	0.011891	4.5
931	-0.437944	155.522125	0.008806	5.0
932	-0.691543	155.431775	0.015979	5.6
933	-0.446665	155.341565	0.003764	4.7
934	-1.097786	155.251495	0.008061	5.0
935	-0.749783	155.161563	0.010742	5.2
936	-0.982307	155.071771	0.007127	5.6
937	-0.471327	154.982117	0.007037	5.4
938	-0.917130	154.892601	0.010969	5.7
939	-0.363061	154.803222	0.006297	4.5
940	-0.795169	154.713981	0.010606	4.5
941	-0.422217	154.624878	0.006689	4.8
942	-0.000000	154.535910	0.000000	5.5
943	-0.749709	154.447080	0.007058	4.6
944	-0.000000	154.358385	0.000000	4.2
945	-0.817762	154.269826	0.007311	5.8
946	-0.892759	154.181402	0.003734	4.3
947	-0.835169	154.093114	0.013091	4.4
948	-0.769664	154.004960	0.014316	5.9
949	-1.110925	153.916940	0.016338	4.4
950	-0.912110	153.829054	0.008746	4.8
951	-0.974216	153.741303	0.011369	4.7
952	-0.385734	153.653684	0.006624	5.3
953	-0.762682	153.566198	0.009795	4.7
954	-0.155670	153.478846	0.003596	4.6
955	-0.898029	153.391625	0.008538	5.4
956	-0.898754	153.304537	0.009889	4.5
957	-0.978990	153.217580	0.011179	4.3
958	-0.006471	153.130755	0.000690	5.3
959	-0.480795	153.044061	0.003848	5.3
960	-1.043061	152.957498	0.013330	4.8
961	-0.751279	152.871065	0.009226	4.4
962	-0.096137	152.784762	0.001424	5.7
963	-0.710155	152.698589	0.007912	4.3
964	-0.777235	152.612545	0.011855	4.9
965	-0.790862	152.526631	0.006398	5.6
966	-0.000000	152.440845	0.000000	4.7
967	-0.000000	152.355188	0.000000	4.2
968	-1.039730	152.269660	0.008788	5.0
969	-0.821483	152.184259	0.012240	4.8
970	-0.882044	152.098986	0.007223	4.5
971	-0.710147	152.013840	0.005296	4.6
972	-0.897921	151.928821	0.011094	6.0
973	-1.215995	151.843928	0.013205	5.0
974	-0.000000	151.759163	0.000000	4.9
975	-0.324414	151.674523	0.005051	5.6
976	-1.070745	151.590009	0.011127	4.8
977	-0.860645	151.505620	0.008785	4.5
978	-0.807723	151.421357	0.005979	5.9
979	-0.941442	151.337218	0.009811	4.8
980	-0.000000	151.253204	0.000000	4.8
981	-1.119089	151.169314	0.005996	5.1
982	-0.803666	151.085549	0.010481	5.5
983	-0.519339	151.001907	0.003875	5.7
984	-0.000000	150.918388	0.000000	6.1
985	-0.725513	150.834992	0.008638	4.8
986	-0.000000	150.751719	0.000000	5.1
987	-0.454923	150.668569	0.007345	5.0
988	-0.040777	150.585541	0.002010	6.9
989	-0.141463	150.502634	0.003924	5.3
990	-1.037995	150.419849	0.008455	5.8
991	-0.000063	150.337186	0.000020	5.2
992	-0.911893	150.254644	0.009302	4.4
993	-0.179676	150.172222	0.004464	4.6
994	-1.181668	150.089921	0.006326	5.5
995	-1.122526	150.007740	0.011403	4.4
996	-0.859582	149.925679	0.008942	4.4
997	-1.041310	149.843737	0.005140	6.0
998	-0.012569	149.761915	0.000597	4.5
999	-0.677121	149.680212	0.005612	4.8
1000	-0.990480	149.598627	0.006258	5.3
1001	-1.091137	149.517161	0.010215	4.5
1002	-0.967560	149.435814	0.017166	4.8
1003	-0.893609	149.354584	0.009760	4.8
1004	-1.007388	149.273472	0.009628	5.7
1005	-0.000000	149.192477	0.000000	4.8
1006	-0.958059	149.111599	0.009412	4.5
1007	-0.000000	149.030838	0.000000	5.4
1008	-0.918148	148.950194	0.009295	4.8
1009	-1.154101	148.869666	0.005083	4.4
1010	-0.000000	148.789253	0.000000	5.5
1011	-0.686537	148.708957	0.009837	4.4
1012	-0.519609	148.628776	0.010780	4.8
1013	-0.886130	148.548710	0.008369	4.6
1014	-0.797589	148.468759	0.010300	5.8
1015	-0.000000	148.388923	0.000000	4.6
1016	-0.551752	148.309201	0.007003	4.3
1017	-0.729406	148.229594	0.004854	5.7
1018	-0.556089	148.150100	0.001699	4.4
1019	-1.151209	148.070719	0.013048	4.6
1020	-0.692363	147.991452	0.005983	5.5
1021	-1.030580	147.912298	0.017427	4.7
1022	-1.020339	147.833257	0.009821	5.4
1023	-0.000000	147.754329	0.000000	5.2
1024	-0.883314	147.675512	0.003370	5.6
1025	-0.000000	147.596808	0.000000	4.9
1026	-0.089216	147.518216	0.002641	5.3
1027	-0.698646	147.439735	0.006086	5.0
1028	-0.889537	147.361365	0.007279	4.5
1029	-0.752006	147.283106	0.003416	4.8
1030	-0.563209	147.204958	0.007294	5.5
1031	-0.856370	147.126920	0.005726	5.1
1032	-1.082861	147.048993	0.016895	5.0
1033	-0.766849	146.971175	0.025120	6.0
1034	-0.947159	146.893468	0.009420	5.1
1035	-0.932200	146.815869	0.007773	4.7
1036	-0.605724	146.738380	0.004572	5.7
1037	-0.720706	146.661000	0.009663	4.9
1038	-0.000018	146.583729	0.000001	4.4
1039	-0.000000	146.506566	0.000000	5.7
1040	-1.107645	146.429511	0.017552	4.5
1041	-0.250928	146.352565	0.002565	4.9
1042	-0.677142	146.275726	0.007404	4.5
1043	-0.343820	146.198994	0.009856	5.6
1044	-0.000000	146.122370	0.000000	4.4
1045	-1.050477	146.045853	0.007228	4.4
1046	-0.550400	145.969442	0.009745	5.8
1047	-0.710488	145.893139	0.017190	5.2
1048	-0.000000	145.816941	0.000000	4.4
1049	-0.000000	145.740849	0.000000	5.3
1050	-0.048599	145.664863	0.001115	5.0
1051	-0.705186	145.588983	0.004608	4.3
1052	-0.849465	145.513208	0.005032	4.7
1053	-0.000001	145.437538	0.000000	5.6
1054	-0.000000	145.361973	0.000000	4.4
1055	-1.082025	145.286513	0.014006	4.8
1056	-1.159452	145.211157	0.009171	5.4
1057	-0.957273	145.135905	0.008785	4.9
1058	-0.759814	145.060757	0.002876	4.8
1059	-0.044837	144.985712	0.002143	5.5
1060	-0.910377	144.910771	0.013178	4.4
1061	-0.967096	144.835934	0.008409	4.4
1062	-1.064888	144.761199	0.006224	5.1
1063	-1.069167	144.686567	0.012305	5.8
1064	-0.448121	144.612037	0.004240	4.4
1065	-0.275640	144.537610	0.001677	4.6
1066	-0.035786	144.463285	0.001300	5.4
1067	-0.000000	144.389062	0.000000	5.4
1068	-0.600224	144.314940	0.003723	4.7
1069	-0.183070	144.240920	0.004345	6.0
1070	-0.655090	144.167001	0.005933	4.6
1071	-0.862406	144.093182	0.006761	4.5
1072	-0.000000	144.019465	0.000000	5.9
1073	-1.022749	143.945848	0.010851	4.8
1074	-0.375617	143.872331	0.005272	4.5
1075	-0.062125	143.798914	0.000932	5.4
1076	-0.007153	143.725597	0.000151	5.4
1077	-1.095888	143.652380	0.013742	4.8
1078	-1.036277	143.579262	0.014089	4.6
1079	-0.744831	143.506243	0.009510	5.8
1080	-0.043749	143.433323	0.001944	4.6
1081	-0.789958	143.360502	0.008833	5.1
1082	-1.166244	143.287780	0.013768	5.9
1083	-1.050907	143.215155	0.013206	4.6
1084	-0.989937	143.142629	0.007596	4.7
1085	-1.146429	143.070201	0.013412	5.9
1086	-0.008937	142.997870	0.000194	4.5
1087	-0.616809	142.925637	0.012716	4.3
1088	-0.063629	142.853501	0.003220	5.3
1089	-1.131779	142.781462	0.007796	5.3
1090	-1.102178	142.709519	0.009176	4.7
1091	-0.000000	142.637674	0.000000	4.8
1092	-0.780312	142.565924	0.008785	5.5
1093	-0.698645	142.494271	0.004395	4.7
1094	-1.051124	142.422714	0.006525	4.7
1095	-1.171906	142.351252	0.009801	5.8
1096	-1.229751	142.279886	0.030760	4.5
1097	-0.945979	142.208616	0.016232	4.4
1098	-0.847783	142.137440	0.008727	5.8
1099	-0.437071	142.066360	0.005742	4.8
1100	-0.000000	141.995374	0.000000	4.4
1101	-0.900230	141.924483	0.009370	4.4
1102	-0.986244	141.853685	0.009927	5.7
1103	-0.000000	141.782983	0.000000	4.4
1104	-0.835555	141.712373	0.012742	4.4
1105	-0.057912	141.641858	0.000883	5.7
1106	-1.139008	141.571436	0.020777	4.4
1107	-0.455251	141.501108	0.008883	4.8
1108	-0.768040	141.430872	0.007164	5.0
1109	-1.158477	141.360730	0.020848	4.6
1110	-1.148068	141.290680	0.010315	4.4
1111	-0.780295	141.220722	0.004559	4.3
1112	-0.000000	141.150857	0.000000	5.6
1113	-1.087476	141.081084	0.010122	5.4
1114	-0.592673	141.011403	0.008047	4.9
1115	-0.666518	140.941813	0.009212	5.2
1116	-0.069011	140.872315	0.001583	4.5
1117	-0.448256	140.802909	0.005809	5.2
1118	-0.171938	140.733593	0.003403	5.7
1119	-1.114160	140.664369	0.006510	4.5
1120	-0.034247	140.595235	0.000607	5.2
1121	-1.080258	140.526192	0.016646	5.1
1122	-0.769390	140.457239	0.006284	4.8
1123	-0.896727	140.388376	0.011489	4.6
1124	-0.937393	140.319603	0.008882	5.2
1125	-0.772369	140.250920	0.008575	6.0
1126	-0.005189	140.182326	0.000588	4.5
1127	-1.077064	140.113822	0.009049	4.6
1128	-0.846328	140.045407	0.011137	5.7
1129	-0.855160	139.977081	0.009987	4.5
1130	-0.000023	139.908844	0.000004	4.7
1131	-1.228033	139.840696	0.011350	6.0
1132	-0.000000	139.772635	0.000000	5.1
1133	-0.000000	139.704664	0.000000	4.9
1134	-0.969290	139.636780	0.012070	5.9
1135	-0.000000	139.568984	0.000000	5.0
1136	-1.115486	139.501276	0.005707	4.9
1137	-1.098437	139.433655	0.012973	5.1
1138	-0.758947	139.366122	0.007293	5.2
1139	-0.929967	139.298676	0.008422	4.4
1140	-0.699699	139.231317	0.013341	5.1
1141	-0.000000	139.164045	0.000000	5.5
1142	-0.000000	139.096859	0.000000	4.8
1143	-0.060641	139.029760	0.001476	4.4
1144	-0.990755	138.962747	0.009691	5.6
1145	-1.058315	138.895820	0.006806	4.5
1146	-1.020786	138.828978	0.013169	4.6
1147	-0.000000	138.762223	0.000000	5.2
1148	-0.000000	138.695553	0.000000	5.0
1149	0.000000	138.628969	0.000000	4.7
1150	-0.021325	138.562469	0.001269	4.2
1151	-0.105877	138.496055	0.003106	5.4
1152	-0.056531	138.429725	0.000946	4.6
1153	-0.174731	138.363481	0.004468	4.4
1154	-0.872354	138.297320	0.010829	5.5
1155	-0.000024	138.231244	0.000006	5.7
1156	-0.272161	138.165252	0.004717	4.4
1157	-0.865496	138.099344	0.006340	5.1
1158	-0.172145	138.033520	0.004163	4.6
1159	-0.773879	137.967779	0.015624	4.4
1160	-0.413488	137.902122	0.003061	4.4
1161	-0.000000	137.836548	0.000000	5.5
1162	-0.813257	137.771057	0.005711	4.5
1163	-0.788910	137.705649	0.011540	5.0
1164	-0.885915	137.640324	0.020747	6.0
1165	-0.949192	137.575081	0.018536	5.1
1166	-0.000000	137.509921	0.000000	4.5
1167	-0.575807	137.444842	0.014933	5.3
1168	-0.748535	137.379846	0.006439	4.8
1169	-0.774076	137.314932	0.006237	5.4
1170	-0.000000	137.250100	0.000000	4.8
1171	-0.000000	137.185349	0.000000	5.5
1172	-0.062384	137.120680	0.001268	4.9
1173	-0.640139	137.056092	0.007355	4.9
1174	-1.138184	136.991585	0.012472	6.3
1175	-0.840500	136.927158	0.009843	4.8
1176	-0.863285	136.862813	0.013776	4.5
1177	-0.041180	136.798548	0.002100	5.7
1178	-0.317077	136.734363	0.003594	5.9
1179	-0.734754	136.670259	0.015373	5.4
1180	-0.232383	136.606235	0.003376	6.1
1181	-1.047281	136.542291	0.004583	4.4
1182	-0.090932	136.478426	0.001476	5.0
1183	-0.000000	136.414641	0.000000	6.1
1184	-1.101495	136.350936	0.012736	4.3
1185	-0.000000	136.287310	0.000000	4.3
1186	-1.018821	136.223763	0.012100	6.2
1187	-1.137736	136.160295	0.011729	5.1
1188	-0.502229	136.096905	0.006834	4.9
1189	-0.000000	136.033594	0.000000	5.5
1190	-1.088793	135.970362	0.010832	4.5
1191	-0.583870	135.907208	0.011811	4.7
1192	-0.841562	135.844133	0.005182	4.5
1193	-0.022214	135.781135	0.001343	5.2
1194	-1.170315	135.718215	0.008977	4.4
1195	-0.000106	135.655373	0.000030	4.8
1196	-0.238704	135.592608	0.002633	5.5
1197	-0.147460	135.529921	0.005622	5.1
1198	-0.000000	135.467311	0.000000	4.3
1199	-0.688706	135.404778	0.008070	5.1
1200	-0.654271	135.342322	0.009954	4.5
1201	-0.531263	135.279942	0.007801	4.4
1202	-0.614808	135.217640	0.010068	4.9
1203	-1.172410	135.155413	0.023546	5.4
1204	-0.966406	135.093263	0.024816	5.0
1205	-1.186149	135.031190	0.014671	4.3
1206	-0.805798	134.969192	0.004267	5.2
1207	-0.025784	134.907270	0.001183	4.3
1208	-1.107256	134.845424	0.011533	4.7
1209	-0.772137	134.783653	0.009100	5.5
1210	-0.894724	134.721958	0.008284	5.0
1211	-1.184831	134.660338	0.009226	5.0
1212	-0.001405	134.598793	0.000215	4.5
1213	-0.765498	134.537323	0.011226	5.7
1214	-0.707765	134.475927	0.009608	4.5
1215	-0.962051	134.414607	0.007005	4.5
1216	-0.000887	134.353361	0.000204	6.0
1217	-0.574767	134.292189	0.009727	4.6
1218	-1.062024	134.231092	0.004583	5.0
1219	-0.583428	134.170068	0.003397	5.7
1220	-1.188068	134.109119	0.014054	6.0
1221	-1.025917	134.048243	0.013454	5.5
1222	-0.977540	133.987441	0.008143	5.6
1223	-0.680382	133.926713	0.005982	4.5
1224	-0.624115	133.866057	0.006764	5.1
1225	-0.947214	133.805475	0.010628	5.7
1226	-0.362195	133.744966	0.003856	4.8
1227	-1.194874	133.684530	0.009102	4.9
1228	-0.861826	133.624167	0.006257	5.3
1229	-1.081536	133.563877	0.005794	4.6
1230	0.000000	133.503658	0.000000	4.9
1231	-0.908562	133.443513	0.015651	4.4
1232	-0.905201	133.383439	0.010169	5.4
1233	-0.859062	133.323437	0.007734	4.4
1234	-0.453319	133.263508	0.005531	5.0
1235	-1.027807	133.203650	0.006548	5.4
1236	-0.000000	133.143864	0.000000	4.6
1237	-0.000000	133.084149	0.000000	4.4
1238	-1.229494	133.024506	0.005384	4.7
1239	-0.296239	132.964934	0.004971	5.5
1240	-0.000321	132.905433	0.000040	5.2
1241	-0.140235	132.846003	0.004643	4.2
1242	-1.225621	132.786643	0.012510	5.5
1243	-0.000000	132.727355	0.000000	4.9
1244	-0.775205	132.668137	0.009207	4.4
1245	-0.788304	132.608989	0.011533	5.5
1246	-1.142791	132.549912	0.012881	4.3
1247	-1.099922	132.490904	0.007317	4.5
1248	-0.000000	132.431967	0.000000	5.2
1249	-1.123744	132.373100	0.010167	5.0
1250	-0.000000	132.314302	0.000000	4.3
1251	-1.106310	132.255574	0.007219	4.7
1252	-0.818819	132.196916	0.012261	5.5
1253	-0.055817	132.138326	0.000704	4.4
1254	-0.000000	132.079806	0.000000	4.8
1255	-0.290276	132.021355	0.006453	5.3
1256	-0.876858	131.962973	0.008928	4.7
1257	-0.468863	131.904660	0.005313	4.4
1258	-0.976535	131.846415	0.008974	4.6
1259	-0.040176	131.788239	0.000803	5.3
1260	-0.729824	131.730131	0.005958	4.4
1261	-0.071687	131.672092	0.002214	4.8
1262	-0.173895	131.614121	0.001809	5.4
1263	-0.733035	131.556217	0.011383	5.3
1264	-0.000000	131.498382	0.000000	4.9
1265	-0.699038	131.440614	0.006113	5.7
1266	-0.000007	131.382914	0.000003	4.7
1267	-0.768905	131.325282	0.007357	4.7
1268	-0.736965	131.267717	0.006819	5.2
1269	-0.773983	131.210219	0.007379	5.6
1270	-0.909628	131.152788	0.011344	4.6
1271	-1.259744	131.095424	0.021595	4.6
1272	-0.002873	131.038127	0.000356	5.8
1273	-0.834472	130.980897	0.006751	5.1
1274	-0.037967	130.923733	0.001392	4.6
1275	-1.029845	130.866636	0.017246	5.5
1276	-0.761862	130.809605	0.009415	4.9
1277	-0.691479	130.752641	0.002583	4.6
1278	-0.636475	130.695742	0.006752	5.7
1279	-1.041144	130.638910	0.017107	4.9
1280	-0.499884	130.582143	0.011986	4.4
1281	-0.892443	130.525442	0.010806	5.2
1282	-1.072796	130.468807	0.008641	5.4
1283	-0.636033	130.412237	0.005531	4.4
1284	-0.563049	130.355733	0.006581	4.4
1285	-0.154728	130.299294	0.004877	5.7
1286	-0.687935	130.242920	0.007988	4.8
1287	-0.547778	130.186611	0.007078	4.4
1288	-1.005217	130.130366	0.009939	5.9
1289	-0.758954	130.074187	0.005576	4.4
1290	-1.019202	130.018072	0.004557	4.8
1291	-0.158665	129.962022	0.004462	5.5
1292	-0.130823	129.906036	0.004969	4.4
1293	-0.000000	129.850114	0.000000	4.8
1294	-1.043497	129.794257	0.005527	4.6
1295	-0.875122	129.738463	0.004949	5.0
1296	-0.951046	129.682734	0.009756	4.8
1297	-0.100511	129.627068	0.001485	4.6
1298	-1.066087	129.571466	0.015361	5.4
1299	-0.881601	129.515927	0.013915	4.5
1300	-0.009609	129.460452	0.000872	5.2
1301	-0.424049	129.405040	0.006053	5.5
1302	-0.739779	129.349692	0.006142	5.2
1303	-0.409414	129.294406	0.005025	4.5
1304	-0.287131	129.239183	0.006497	5.3
1305	-0.367906	129.184024	0.004148	6.0
1306	-0.037953	129.128927	0.001329	4.8
1307	-0.298780	129.073892	0.005167	5.3
1308	-1.001360	129.018921	0.006160	4.9
1309	-0.772571	128.964011	0.004953	4.4
1310	-1.081103	128.909164	0.007828	4.9
1311	-0.878088	128.854379	0.008683	5.3
1312	-1.161138	128.799656	0.019938	4.4
1313	-1.132894	128.744995	0.010947	4.4
1314	-1.210560	128.690396	0.045297	5.8
1315	-0.705346	128.635858	0.008495	4.8
1316	-1.122082	128.581382	0.012027	4.5
1317	-0.503425	128.526968	0.004912	5.9
1318	-0.550456	128.472615	0.006019	4.8
1319	-0.945210	128.418323	0.005799	4.8
1320	-0.000466	128.364092	0.000069	5.1
1321	-1.057965	128.309922	0.007348	5.8
1322	-0.000000	128.255814	0.000000	4.2
1323	-0.822647	128.201766	0.012971	4.6
1324	-0.356892	128.147778	0.006312	6.1
1325	-0.417633	128.093852	0.006727	4.6
1326	-1.046757	128.039985	0.004846	4.9
1327	-0.730965	127.986180	0.016142	5.5
1328	-0.066047	127.932434	0.004063	5.3
1329	-0.152475	127.878749	0.003091	4.7
1330	-0.266472	127.825123	0.002784	5.8
1331	-0.509756	127.771558	0.003673	4.4
1332	-0.738736	127.718052	0.007270	4.8
1333	-0.000000	127.664606	0.000000	4.6
1334	-1.012381	127.611220	0.010469	5.7
1335	0.000000	127.557893	0.000000	4.4
1336	-0.000000	127.504625	0.000000	4.4
1337	-0.000000	127.451417	0.000000	5.8
1338	-0.100226	127.398268	0.001446	4.5
1339	-0.736937	127.345178	0.007732	4.7
1340	-0.115491	127.292147	0.001357	5.7
1341	-0.060812	127.239175	0.000875	4.3
1342	-1.231035	127.186261	0.021726	5.0
1343	-0.135206	127.133407	0.003278	5.3
1344	-0.726049	127.080610	0.010432	4.7
1345	-0.754530	127.027872	0.014729	4.4
1346	-0.613619	126.975193	0.008172	4.9
1347	-0.240189	126.922572	0.001711	5.6
1348	-0.791238	126.870008	0.009433	5.2
1349	-0.000000	126.817503	0.000000	4.7
1350	-0.000002	126.765056	0.000001	5.6
1351	-1.063393	126.712667	0.007250	4.4
1352	-0.603452	126.660335	0.006577	4.7
1353	-0.775569	126.608061	0.005872	5.6
1354	-0.882759	126.555844	0.006633	4.6
1355	-0.433435	126.503685	0.004184	4.5
1356	-0.308084	126.451583	0.005635	5.1
1357	-0.970814	126.399538	0.012860	5.5
1358	-0.921240	126.347550	0.009972	5.0
1359	-0.740562	126.295619	0.008818	4.8
1360	-0.886223	126.243745	0.007290	5.5
1361	-0.208186	126.191928	0.002758	5.0
1362	-0.459395	126.140168	0.004712	4.7
1363	-0.015981	126.088464	0.000656	5.4
1364	-0.011670	126.036817	0.000473	4.6
1365	-0.578780	125.985226	0.007167	5.3
1366	-1.249038	125.933691	0.013592	5.4
1367	-0.785576	125.882212	0.010176	5.0
1368	-1.125684	125.830790	0.021376	4.5
1369	-0.326337	125.779423	0.004341	5.2
1370	-0.000000	125.728113	0.000000	5.8
1371	-0.206590	125.676858	0.003828	5.0
1372	-1.157872	125.625659	0.014971	4.4
1373	-1.145156	125.574515	0.014591	6.0
1374	-1.154161	125.523427	0.010401	4.4
1375	-0.118651	125.472394	0.001276	4.4
1376	0.000000	125.421417	0.000000	6.1
1377	-1.012877	125.370495	0.010514	4.8
1378	-0.584881	125.319628	0.011198	5.5
1379	-0.000000	125.268815	0.000000	5.7
1380	-1.228686	125.218058	0.012707	4.6
1381	-0.704341	125.167356	0.005721	4.4
1382	-1.106472	125.116708	0.007278	5.2
1383	-0.593277	125.066115	0.006432	5.0
1384	-1.279897	125.015576	0.010380	4.5
1385	-0.019911	124.965092	0.001167	4.6
1386	-0.683791	124.914662	0.005900	5.7
1387	-0.792747	124.864287	0.009281	4.3
1388	-0.754744	124.813965	0.013742	4.3
1389	-0.700912	124.763698	0.004745	5.4
1390	-0.007181	124.713485	0.000247	4.5
1391	-0.714274	124.663325	0.005988	5.3
1392	-1.076668	124.613219	0.016105	4.9
1393	-0.922584	124.563167	0.009690	5.5
1394	-0.382440	124.513168	0.006565	4.5
1395	-0.339812	124.463223	0.007619	4.6
1396	-0.990534	124.413332	0.003067	5.6
1397	-0.000001	124.363493	0.000000	4.4
1398	-0.478787	124.313708	0.007224	5.1
1399	-0.201745	124.263976	0.005541	5.5
1400	-1.021194	124.214297	0.015469	4.6
1401	-0.773555	124.164671	0.004011	4.7
1402	-0.090198	124.115097	0.001994	6.2
1403	-0.914588	124.065577	0.026960	5.1
1404	-0.846974	124.016109	0.010727	4.6
1405	-0.562584	123.966693	0.010738	5.4
1406	-0.000000	123.917330	0.000000	4.8
1407	-0.807423	123.868020	0.005755	5.1
1408	-0.390077	123.818762	0.007676	4.7
1409	-0.206782	123.769556	0.003604	5.1
1410	-0.657035	123.720402	0.011718	4.9
1411	-0.000384	123.671300	0.000129	4.7
1412	-1.178801	123.622250	0.008835	5.5
1413	-1.092098	123.573252	0.011776	5.2
1414	-0.000000	123.524305	0.000000	4.3
1415	-0.950939	123.475411	0.011195	5.9
1416	-0.000000	123.426568	0.000000	5.0
1417	-0.751034	123.377776	0.010545	4.7
1418	-1.092377	123.329036	0.010842	5.5
1419	-1.129033	123.280347	0.009459	4.6
1420	-0.011520	123.231709	0.001558	4.4
1421	-1.249341	123.183122	0.016073	4.8
1422	-1.114827	123.134587	0.007761	5.5
1423	-0.000000	123.086102	0.000000	4.4
1424	-0.910700	123.037669	0.007322	4.9
1425	-0.843768	122.989286	0.004275	5.6
1426	-0.209358	122.940954	0.005581	4.3
1427	-0.688027	122.892672	0.009651	4.4
1428	-0.555355	122.844441	0.009873	5.6
1429	0.000000	122.796261	0.000000	5.5
1430	-0.000000	122.748130	0.000000	5.6
1431	-0.886849	122.700050	0.003074	6.7
1432	-0.000000	122.652021	0.000000	5.6
1433	-0.632883	122.604041	0.005622	5.6
1434	-0.713400	122.556111	0.010952	5.9
1435	-1.018147	122.508232	0.010875	6.2
1436	-1.141616	122.460402	0.003129	5.5
1437	-1.172888	122.412622	0.008030	6.7
1438	-0.898041	122.364891	0.007016	5.5
1439	-0.000000	122.317210	0.000000	5.5
1440	-0.827394	122.269579	0.011291	6.0
1441	-0.593048	122.221997	0.007176	5.7
1442	-0.000000	122.174465	0.000000	6.6
1443	-1.048779	122.126981	0.011028	5.5
1444	-0.843068	122.079547	0.009622	5.5
1445	-1.015675	122.032162	0.008515	6.6
1446	-0.000000	121.984826	0.000000	5.6
1447	-0.000000	121.937539	0.000000	5.5
1448	-1.076320	121.890301	0.007140	6.2
1449	-0.000050	121.843112	0.000006	5.5
1450	0.000000	121.795971	0.000000	5.8
1451	-0.905814	121.748879	0.004493	6.3
1452	0.000000	121.701835	0.000000	5.4
1453	-0.564317	121.654840	0.009140	5.8
1454	-0.800593	121.607893	0.007386	5.8
1455	-0.460835	121.560994	0.007305	5.5
1456	-0.819533	121.514144	0.017827	6.5
1457	-0.245087	121.467342	0.005762	5.8
1458	-0.498806	121.420588	0.006879	5.6
1459	-0.436607	121.373882	0.006052	6.7
1460	-0.000000	121.327223	0.000000	5.7
1461	-0.929713	121.280613	0.009372	5.5
1462	-0.389809	121.234050	0.007240	6.1
1463	0.000000	121.187535	0.000000	5.5
1464	-1.162571	121.141067	0.023247	5.7
1465	-0.070664	121.094647	0.002202	6.1
1466	-0.329120	121.048274	0.003971	5.4
1467	-0.924850	121.001949	0.005952	6.3
1468	-0.812087	120.955671	0.009652	6.0
1469	-0.865505	120.909440	0.011888	5.6
1470	-0.725560	120.863256	0.007390	6.1
1471	-0.800843	120.817119	0.008008	6.4
1472	-0.704880	120.771029	0.009710	6.1
1473	-0.969488	120.724986	0.005049	6.4
1474	-1.139100	120.678990	0.015115	5.6
1475	-1.171265	120.633040	0.010181	6.0
1476	-1.070256	120.587137	0.008533	5.8
1477	-1.139573	120.541281	0.011271	5.7
1478	-0.372820	120.495471	0.005502	5.9
1479	-0.032442	120.449707	0.000340	5.8
1480	-0.784151	120.403990	0.005393	5.6
1481	-0.739620	120.358319	0.013425	7.1
1482	-0.924408	120.312694	0.011318	5.4
1483	-0.304911	120.267115	0.001158	5.5
1484	-0.789387	120.221582	0.010583	6.6
1485	-0.973838	120.176096	0.009793	5.5
1486	-0.419568	120.130655	0.005828	5.4
1487	-0.810541	120.085260	0.011680	6.5
1488	-1.165416	120.039910	0.019924	5.8
1489	-0.008464	119.994606	0.000452	5.7
1490	-0.793297	119.949348	0.005496	6.2
1491	-1.083535	119.904135	0.004756	5.6
1492	-1.056492	119.858968	0.007763	6.6
1493	-0.959735	119.813846	0.016042	5.6
1494	-0.609288	119.768769	0.008709	5.5
1495	-0.780694	119.723738	0.006771	7.1
1496	-0.179033	119.678752	0.004846	5.5
1497	-0.004182	119.633810	0.000854	5.8
1498	-0.021912	119.588914	0.000471	6.1
1499	-0.456156	119.544062	0.008829	5.5
1500	-0.316793	119.499256	0.002449	6.0
1501	-1.130075	119.454494	0.042135	5.7
1502	-1.006534	119.409777	0.013760	5.5
1503	-0.429374	119.365104	0.003813	6.5
1504	-0.563091	119.320476	0.006140	5.6
1505	-0.000000	119.275893	0.000000	5.6
1506	-0.000000	119.231353	0.000000	5.8
1507	-0.514772	119.186859	0.002224	6.1
1508	-0.000000	119.142408	0.000000	5.8
1509	-0.681198	119.098002	0.008460	6.9
1510	-1.224760	119.053639	0.007766	5.3
1511	-0.000000	119.009321	0.000000	5.8
1512	-0.663555	118.965047	0.008283	5.8
1513	-0.914877	118.920816	0.017617	5.2
1514	-0.000000	118.876630	0.000000	5.9
1515	-0.000000	118.832487	0.000000	6.1
1516	-0.008685	118.788388	0.000694	5.1
1517	-1.200488	118.744332	0.012359	6.7
1518	-0.583825	118.700320	0.009182	5.4
1519	-0.000000	118.656352	0.000000	5.3
1520	-0.487790	118.612427	0.003161	6.6
1521	-0.748742	118.568545	0.011249	5.3
1522	-1.162837	118.524706	0.015045	5.4
1523	-0.659425	118.480911	0.004444	6.9
1524	-0.000000	118.437159	0.000000	5.6
1525	-0.000000	118.393450	0.000000	5.4
1526	-0.575220	118.349784	0.005328	6.3
1527	-0.803764	118.306160	0.006894	5.2
1528	-0.490352	118.262580	0.011079	5.6
1529	-0.957207	118.219042	0.006631	5.8
1530	-1.094603	118.175548	0.012812	5.5
1531	-1.114416	118.132095	0.019982	6.0
1532	-0.000000	118.088686	0.000000	5.8
1533	-0.033508	118.045319	0.001306	5.3
1534	-0.601225	118.001994	0.004838	6.5
1535	-1.021339	117.958712	0.006722	5.4
1536	-0.648774	117.915472	0.007937	5.5
1537	-0.793006	117.872274	0.006862	6.8
1538	-0.000000	117.829118	0.000000	5.9
1539	-0.000000	117.786005	0.000000	5.5
1540	-0.983693	117.742933	0.004979	6.3
1541	-0.000000	117.699904	0.000000	6.0
1542	-0.000006	117.656916	0.000002	5.8
1543	-0.793573	117.613971	0.016649	6.0
1544	-0.683819	117.571067	0.006446	5.8
1545	-0.707808	117.528205	0.006480	6.8
1546	-0.211787	117.485384	0.004053	5.6
1547	-0.664133	117.442605	0.006431	5.6
1548	-0.031219	117.399867	0.001573	6.9
1549	-0.000000	117.357171	0.000000	6.5
1550	-0.974270	117.314517	0.008385	5.5
1551	-1.206516	117.271903	0.007149	6.4
1552	-1.131226	117.229331	0.012077	5.5
1553	-0.053305	117.186800	0.000504	7.2
1554	-0.000041	117.144311	0.000007	5.4
1555	-1.019595	117.101862	0.008676	5.5
1556	-0.762330	117.059454	0.010134	6.7
1557	-0.602598	117.017087	0.006447	5.5
1558	-0.686225	116.974762	0.010447	5.6
1559	-0.938487	116.932476	0.013141	6.9
1560	-0.544336	116.890232	0.002058	6.5
1561	-1.040085	116.848028	0.007625	7.0
1562	-1.097317	116.805865	0.010877	5.8
1563	-0.549903	116.763743	0.008498	5.2
1564	-1.076153	116.721661	0.007200	6.5
1565	-0.925488	116.679619	0.004990	5.4
1566	-0.000022	116.637618	0.000003	5.7
1567	-0.961844	116.595657	0.007582	6.3
1568	-0.878262	116.553736	0.007789	5.3
1569	-1.084810	116.511855	0.007376	5.4
1570	-1.189684	116.470015	0.010823	6.5
1571	-0.000000	116.428214	0.000000	5.3
1572	-1.062521	116.386454	0.019110	5.4
1573	-0.078983	116.344733	0.000673	5.8
1574	-1.027297	116.303052	0.005953	5.3
1575	-0.182964	116.261412	0.003587	5.7
1576	-0.000000	116.219810	0.000000	5.9
1577	-0.217422	116.178249	0.004525	5.5
1578	-1.282494	116.136727	0.012966	6.2
1579	-0.125490	116.095245	0.003484	5.4
1580	-0.752244	116.053802	0.007866	5.4
1581	-1.099307	116.012398	0.014105	6.6
1582	-1.114145	115.971034	0.009128	5.7
1583	-0.712002	115.929710	0.009784	5.4
1584	-1.041961	115.888424	0.015068	7.2
1585	-0.724558	115.847178	0.015980	5.4
1586	-0.227298	115.805970	0.006018	5.7
1587	-0.769447	115.764802	0.009601	6.3
1588	-0.473180	115.723673	0.005624	5.6
1589	-0.742184	115.682583	0.009203	6.0
1590	-0.860137	115.641532	0.004283	5.6
1591	-0.001532	115.600519	0.000277	5.4
1592	-0.716024	115.559546	0.001804	6.4
1593	-0.000000	115.518610	0.000000	5.6
1594	-0.670312	115.477714	0.009668	5.9
1595	-0.676550	115.436856	0.009787	6.5
1596	-0.000000	115.396037	0.000000	5.7
1597	-0.965170	115.355256	0.010719	5.5
1598	-0.043350	115.314514	0.001635	6.1
1599	-0.070188	115.273810	0.003275	5.5
1600	-0.997534	115.233144	0.010902	5.6
1601	-0.555609	115.192517	0.008235	6.8
1602	-0.841692	115.151927	0.006303	5.4
1603	-0.521886	115.111376	0.006056	7.0
1604	-0.723796	115.070863	0.010704	5.7
1605	-0.662902	115.030388	0.010903	5.8
1606	-0.705760	114.989951	0.009937	6.0
1607	-0.000004	114.949551	0.000002	5.7
1608	-0.001011	114.909190	0.000227	5.5
1609	-0.678946	114.868866	0.004020	6.3
1610	-0.000000	114.828580	0.000000	5.9
1611	-0.529675	114.788332	0.007613	5.9
1612	-0.042764	114.748121	0.003063	6.0
1613	-0.236605	114.707948	0.003598	5.6
1614	-0.000707	114.667812	0.000081	5.8
1615	-0.732363	114.627714	0.026420	5.8
1616	-0.869269	114.587653	0.011650	5.4
1617	-0.770084	114.547629	0.007930	5.8
1618	-0.920377	114.507643	0.007468	5.5
1619	-0.724609	114.467693	0.007437	5.2
1620	-0.417054	114.427781	0.004852	5.9
1621	-0.558838	114.387907	0.008500	5.4
1622	-1.118839	114.348069	0.014170	5.4
1623	-0.743259	114.308268	0.004834	6.3
1624	-1.116701	114.268504	0.010517	5.5
1625	-0.690106	114.228777	0.007922	5.5
1626	-0.777109	114.189086	0.012427	7.2
1627	-0.299487	114.149433	0.002761	5.5
1628	-0.000000	114.109816	0.000000	5.6
1629	-0.002134	114.070235	0.000277	6.5
1630	-0.526990	114.030692	0.014105	5.6
1631	-0.992692	113.991185	0.008009	5.9
1632	-1.050297	113.951714	0.013421	6.1
1633	-1.065565	113.912280	0.006579	5.8
1634	-0.000000	113.872882	0.000000	6.8
1635	-0.988934	113.833521	0.011858	5.5
1636	-0.885614	113.794195	0.006282	5.5
1637	-0.000000	113.754906	0.000000	6.4
1638	-0.615212	113.715653	0.006838	5.6
1639	-1.070275	113.676437	0.005088	5.6
1640	-0.000000	113.637256	0.000000	6.8
1641	-0.000151	113.598111	0.000015	5.5
1642	-0.000000	113.559002	0.000000	5.9
1643	-1.273225	113.519929	0.033388	6.0
1644	-0.462593	113.480892	0.005933	5.7
1645	-0.000000	113.441891	0.000000	6.7
1646	-1.006599	113.402925	0.011144	5.7
1647	-0.768725	113.363995	0.008415	5.5
1648	-1.060941	113.325101	0.009068	6.1
1649	-0.716456	113.286242	0.006781	5.4
1650	-0.000000	113.247419	0.000000	5.6
1651	-0.192517	113.208631	0.003286	5.8
1652	-0.746650	113.169879	0.005988	5.6
1653	-0.002834	113.131162	0.000381	5.2
1654	-0.222935	113.092480	0.003691	6.4
1655	-0.000000	113.053833	0.000000	5.3
1656	-0.727952	113.015222	0.003697	5.3
1657	-1.016642	112.976646	0.007385	6.1
1658	-1.055656	112.938105	0.009496	5.5
1659	-0.650163	112.899599	0.009935	5.7
1660	-0.321951	112.861128	0.006093	5.8
1661	-1.033171	112.822692	0.012445	5.2
1662	-0.722010	112.784291	0.007460	6.1
1663	-0.000000	112.745924	0.000000	4.9
1664	-0.790297	112.707593	0.006069	5.3
1665	-0.076633	112.669296	0.002087	5.9
1666	-0.739669	112.631034	0.009871	5.6
1667	-0.000000	112.592806	0.000000	5.4
1668	0.000000	112.554613	0.000000	6.5
1669	-0.997223	112.516455	0.007997	6.2
1670	-0.686258	112.478331	0.006979	5.5
1671	-0.000001	112.440241	0.000000	6.0
1672	-0.592970	112.402186	0.010496	5.5
1673	-0.000003	112.364165	0.000001	5.5
1674	-0.000138	112.326179	0.000020	6.3
1675	-0.667397	112.288227	0.010985	5.7
1676	-0.877936	112.250309	0.006634	5.4
1677	-1.091634	112.212425	0.008470	6.5
1678	-0.746237	112.174575	0.013271	5.5
1679	-0.000014	112.136759	0.000001	5.8
1680	-0.744600	112.098977	0.004761	7.1
1681	-0.052002	112.061229	0.002134	7.9
1682	-1.204599	112.023515	0.011833	6.7
1683	-1.011807	111.985834	0.008123	6.6
1684	-0.755897	111.948188	0.008633	6.9
1685	-0.699899	111.910575	0.006466	5.6
1686	-0.000000	111.872996	0.000000	5.4
1687	-0.028930	111.835450	0.001710	6.6
1688	-0.475383	111.797939	0.005393	5.9
1689	-0.000000	111.760460	0.000000	5.5
1690	-1.197195	111.723015	0.028002	6.4
1691	-0.000000	111.685604	0.000000	5.6
1692	-0.296072	111.648226	0.005148	6.1
1693	-1.095683	111.610881	0.003371	5.7
1694	-0.000000	111.573570	0.000000	6.0
1695	-1.095351	111.536292	0.010468	6.8
1696	-0.000000	111.499047	0.000000	5.5
1697	-0.000000	111.461835	0.000000	5.4
1698	-0.000000	111.424656	0.000000	6.3
1699	-0.000000	111.387510	0.000000	6.1
1700	-0.000000	111.350398	0.000000	6.3
1701	-0.913401	111.313318	0.007013	6.8
1702	-0.307602	111.276271	0.006873	5.6
1703	-0.002660	111.239257	0.000381	6.5
1704	-0.521333	111.202276	0.003441	5.8
1705	-0.924975	111.165328	0.011672	5.8
1706	-0.734836	111.128412	0.004773	7.2
1707	-1.015226	111.091529	0.010653	6.5
1708	-0.082436	111.054679	0.001800	5.8
1709	-0.000000	111.017861	0.000000	6.8
1710	-0.318941	110.981076	0.005383	6.2
1711	-0.144876	110.944323	0.003229	7.2
1712	-1.019648	110.907603	0.010715	5.8
1713	-0.000000	110.870915	0.000000	5.9
1714	-1.073699	110.834259	0.015354	6.6
1715	-0.396989	110.797636	0.004170	5.5
1716	-0.880238	110.761045	0.005062	7.7
1717	-0.066997	110.724486	0.001916	6.1
1718	-1.015301	110.687959	0.014774	7.1
1719	-0.646316	110.651465	0.005483	5.8
1720	-0.927722	110.615002	0.014200	6.0
1721	-0.567272	110.578572	0.010000	7.4
1722	-0.000000	110.542173	0.000000	5.6
1723	-0.791563	110.505807	0.005616	5.8
1724	-0.007777	110.469472	0.000946	7.5
1725	-0.915584	110.433169	0.026373	6.0
1726	-0.793634	110.396898	0.008893	6.3
1727	0.000000	110.360659	0.000000	5.7
1728	-0.000000	110.324451	0.000000	5.5
1729	-0.906826	110.288276	0.004702	6.5
1730	-0.772608	110.252131	0.017213	5.6
1731	-0.698953	110.216019	0.007415	5.8
1732	-0.779097	110.179937	0.005525	6.3
1733	-0.954762	110.143888	0.014340	5.3
1734	-0.421736	110.107869	0.004887	5.8
1735	-1.081457	110.071882	0.011280	6.2
1736	-0.733984	110.035927	0.006529	5.5
1737	-0.638004	110.000003	0.008168	6.1
1738	-0.971283	109.964110	0.008290	6.0
1739	-0.987175	109.928248	0.014573	5.5
1740	-0.669878	109.892417	0.005960	6.7
1741	-0.733081	109.856618	0.007782	6.1
1742	-0.638192	109.820850	0.004081	5.3
1743	-0.000000	109.785112	0.000000	6.1
1744	-0.674187	109.749406	0.011388	6.0
1745	-1.014610	109.713730	0.007941	5.4
1746	-0.873849	109.678086	0.011016	6.7
1747	-0.450674	109.642472	0.003306	5.5
1748	-0.832128	109.606890	0.004240	5.9
1749	-0.000000	109.571337	0.000000	6.0
1750	-0.672407	109.535816	0.005163	5.6
1751	-0.681622	109.500326	0.009721	6.6
1752	-0.589612	109.464866	0.010866	5.5
1753	-1.010231	109.429436	0.014013	5.6
1754	-0.118304	109.394038	0.004877	7.4
1755	-0.948664	109.358669	0.006175	5.4
1756	-0.030744	109.323331	0.001574	5.6
1757	-0.324917	109.288024	0.005305	7.1
1758	-1.048641	109.252747	0.005258	5.5
1759	-0.910696	109.217501	0.007699	5.9
1760	-0.000000	109.182284	0.000000	6.1
1761	-0.780596	109.147098	0.005672	5.6
1762	-1.013343	109.111942	0.019288	6.5
1763	-1.084476	109.076817	0.015385	5.5
1764	-0.502621	109.041721	0.004234	5.7
1765	-0.000000	109.006656	0.000000	6.3
1766	-1.225392	108.971620	0.007584	5.6
1767	-0.701004	108.936615	0.007503	5.4
1768	-0.559775	108.901640	0.007851	6.6
1769	-0.000148	108.866694	0.000051	5.6
1770	-0.447350	108.831779	0.004993	6.5
1771	-0.952523	108.796893	0.014578	5.8
1772	-0.000000	108.762037	0.000000	5.5
1773	-1.012296	108.727211	0.013057	6.8
1774	-0.857697	108.692415	0.010596	5.4
1775	-0.000000	108.657648	0.000000	5.4
1776	-0.999402	108.622911	0.007882	6.5
1777	-0.019053	108.588203	0.000375	5.3
1778	-0.935951	108.553525	0.012883	5.7
1779	-0.000000	108.518877	0.000000	6.3
1780	-0.136911	108.484258	0.002966	5.5
1781	-0.729909	108.449668	0.008589	5.3
1782	-1.024198	108.415108	0.007149	6.3
1783	-0.626576	108.380578	0.007625	5.6
1784	-0.841235	108.346076	0.004387	5.3
1785	-0.993678	108.311604	0.004609	5.8
1786	-0.111046	108.277161	0.003043	5.7
1787	-0.933964	108.242747	0.009912	6.3
1788	-0.410274	108.208363	0.004453	5.9
1789	-0.708911	108.174007	0.005926	5.3
1790	-1.128081	108.139681	0.005408	7.2
1791	-0.486776	108.105383	0.006146	5.6
1792	-1.073207	108.071115	0.007502	5.3
1793	-1.077323	108.036875	0.013260	6.9
1794	-0.678697	108.002665	0.015790	5.4
1795	-0.120763	107.968483	0.002749	5.9
1796	-0.564709	107.934330	0.006925	6.7
1797	-1.004925	107.900206	0.008518	5.4
1798	-0.871883	107.866111	0.021338	6.4
1799	-0.869948	107.832044	0.004810	5.6
1800	-0.714029	107.798007	0.009876	5.7
1801	-0.923551	107.763997	0.014951	6.6
1802	-0.000000	107.730017	0.000000	5.6
1803	-0.788508	107.696065	0.015166	5.5
1804	-0.794896	107.662141	0.006029	6.2
1805	-0.673471	107.628246	0.005113	5.8
1806	-0.834445	107.594379	0.008946	6.0
1807	-1.044579	107.560541	0.008984	6.2
1808	-0.713453	107.526731	0.008158	5.4
1809	-0.393908	107.492949	0.005259	6.4
1810	-0.000000	107.459196	0.000000	5.6
1811	-0.669865	107.425471	0.008257	5.6
1812	-0.118930	107.391774	0.003172	6.2
1813	-0.000958	107.358106	0.000131	6.4
1814	-0.464294	107.324465	0.006343	5.7
1815	-0.014400	107.290853	0.001335	6.2
1816	-0.915517	107.257268	0.011220	5.5
1817	-1.223264	107.223712	0.007011	6.2
1818	-1.034125	107.190184	0.006226	5.7
1819	-0.576091	107.156683	0.007987	5.2
1820	-1.284153	107.123211	0.009736	5.7
1821	-0.000000	107.089766	0.000000	5.9
1822	-0.000000	107.056349	0.000000	5.4
1823	-1.024894	107.022960	0.016087	5.7
1824	-0.355236	106.989599	0.003655	5.6
1825	-0.205652	106.956265	0.003018	5.5
1826	-0.674212	106.922960	0.011252	6.3
1827	-0.503558	106.889681	0.006102	5.4
1828	-0.025802	106.856431	0.001640	5.1
1829	-0.172197	106.823208	0.001813	6.1
1830	-0.942125	106.790012	0.007899	6.1
1831	-1.152646	106.756844	0.013847	5.8
1832	0.000000	106.723703	0.000000	6.2
1833	-0.000447	106.690590	0.000015	5.9
1834	-0.016057	106.657505	0.001260	5.5
1835	-1.032538	106.624446	0.007923	6.3
1836	-0.018870	106.591415	0.001349	5.7
1837	-0.927519	106.558411	0.017692	5.9
1838	-0.681481	106.525435	0.007739	5.9
1839	-0.828155	106.492485	0.011769	5.5
1840	-0.564047	106.459563	0.007822	7.1
1841	-0.053594	106.426668	0.001073	5.4
1842	-0.744052	106.393800	0.009504	5.5
1843	-1.115783	106.360959	0.011081	6.4
1844	-1.004105	106.328145	0.007479	5.6
1845	-0.000000	106.295358	0.000000	5.0
1846	-0.749511	106.262598	0.008920	7.2
1847	-0.127071	106.229865	0.005077	5.6
1848	-0.419717	106.197158	0.006134	5.7
1849	-0.388248	106.164479	0.006909	6.9
1850	-0.886055	106.131826	0.016186	6.0
1851	-0.544394	106.099201	0.006463	6.5
1852	-0.107759	106.066602	0.002574	5.7
1853	-0.039857	106.034029	0.002103	5.5
1854	-0.980617	106.001483	0.009073	6.7
1855	-0.000000	105.968964	0.000000	5.5
1856	-1.133225	105.936472	0.013704	6.0
1857	-0.166619	105.904006	0.004295	6.4
1858	-0.945605	105.871566	0.004491	5.5
1859	-0.000000	105.839153	0.000000	7.0
1860	-0.892733	105.806767	0.009720	5.6
1861	-0.000764	105.774407	0.000056	5.4
1862	-0.783146	105.742073	0.005160	6.4
1863	-0.855091	105.709766	0.013206	5.5
1864	-0.942371	105.677485	0.005778	5.6
1865	-0.892321	105.645230	0.006869	6.5
1866	-0.008078	105.613001	0.000501	5.6
1867	-0.000000	105.580799	0.000000	5.7
1868	-0.378945	105.548623	0.005674	6.0
1869	-0.642917	105.516473	0.002428	5.9
1870	-0.648501	105.484349	0.006400	5.7
1871	-0.157751	105.452251	0.002345	5.6
1872	-0.901275	105.420179	0.009894	5.3
1873	-0.000015	105.388133	0.000007	6.1
1874	-0.000150	105.356113	0.000024	5.7
1875	-1.018134	105.324119	0.005848	5.3
1876	-0.000000	105.292151	0.000000	7.0
1877	-1.086378	105.260209	0.012376	5.3
1878	-0.000000	105.228293	0.000000	5.4
1879	-0.595076	105.196402	0.011811	6.1
1880	-0.000001	105.164537	0.000000	5.5
1881	-0.659170	105.132698	0.004748	5.6
1882	-0.032351	105.100885	0.000785	7.2
1883	-0.885403	105.069097	0.011924	6.1
1884	-0.000000	105.037335	0.000000	5.8
1885	-0.526304	105.005598	0.004624	5.8
1886	-0.000000	104.973887	0.000000	5.7
1887	-0.622772	104.942202	0.006181	7.4
1888	-0.000137	104.910542	0.000022	5.8
1889	-1.095770	104.878907	0.007515	5.5
1890	-0.869811	104.847298	0.006919	6.6
1891	-1.113410	104.815715	0.016422	5.5
1892	-0.000000	104.784156	0.000000	5.2
1893	-0.953546	104.752623	0.007732	6.3
1894	0.000000	104.721116	0.000000	5.4
1895	-1.070215	104.689633	0.012147	6.8
1896	-0.004093	104.658176	0.000209	5.5
1897	-0.635164	104.626744	0.005906	5.5
1898	-0.000000	104.595337	0.000000	6.8
1899	-0.653049	104.563955	0.007984	5.5
1900	-0.000000	104.532599	0.000000	5.7
1901	-0.516636	104.501267	0.004652	6.5
1902	-1.209591	104.469960	0.022570	5.8
1903	-0.924343	104.438679	0.010666	5.4
1904	-0.779641	104.407422	0.004000	6.1
1905	-0.615844	104.376191	0.006856	5.5
1906	0.000000	104.344984	0.000000	6.0
1907	-1.211478	104.313802	0.008303	6.3
1908	-0.861014	104.282645	0.004586	5.5
1909	-0.894181	104.251513	0.005750	6.5
1910	-0.385996	104.220405	0.003368	5.5
1911	-0.647128	104.189323	0.005364	5.5
1912	-0.000000	104.158265	0.000000	5.8
1913	-1.032539	104.127231	0.007967	5.6
1914	-0.000000	104.096222	0.000000	5.7
1915	-1.164906	104.065238	0.008293	6.3
1916	-0.425843	104.034279	0.004442	5.3
1917	-0.905944	104.003344	0.004414	5.5
1918	-0.512939	103.972433	0.006620	6.0
1919	-0.112313	103.941547	0.001927	5.3
1920	-0.705672	103.910686	0.007698	5.5
1921	-1.040883	103.879849	0.009655	6.1
1922	-0.972935	103.849036	0.014933	5.5
1923	-0.000000	103.818248	0.000000	5.3
1924	-0.447275	103.787484	0.008875	5.7
1925	-0.073970	103.756744	0.002773	5.5
1926	-0.000000	103.726029	0.000000	6.2
1927	-0.832395	103.695338	0.006766	5.6
1928	-1.103211	103.664671	0.004756	5.2
1929	-1.004238	103.634028	0.009431	6.3
1930	-0.000000	103.603409	0.000000	5.6
1931	-1.027235	103.572814	0.013628	5.6
1932	-0.757285	103.542244	0.006973	6.8
1933	-0.000000	103.511698	0.000000	5.4
1934	-1.091375	103.481175	0.014134	5.6
1935	-0.000000	103.450677	0.000000	6.3
1936	-0.021542	103.420202	0.000712	5.5
1937	-0.977810	103.389752	0.011513	5.6
1938	-0.000014	103.359325	0.000002	6.4
1939	-0.000000	103.328922	0.000000	5.5
1940	-0.617057	103.298543	0.007630	6.9
1941	-0.633995	103.268188	0.005166	6.3
1942	-0.559800	103.237857	0.011642	5.2
1943	-0.000000	103.207549	0.000000	6.1
1944	-0.000000	103.177265	0.000000	5.5
1945	-0.443758	103.147005	0.005126	5.6
1946	-0.156053	103.116768	0.003807	6.4
1947	-0.775429	103.086556	0.002182	5.4
1948	-0.568312	103.056366	0.002987	5.5
1949	-0.552922	103.026200	0.004003	6.3
1950	-0.000000	102.996058	0.000000	5.2
1951	-0.070152	102.965939	0.001205	5.8
1952	-1.157516	102.935844	0.006170	5.7
1953	-0.000000	102.905772	0.000000	5.5
1954	-0.790826	102.875724	0.010514	6.0
1955	-0.880906	102.845699	0.011299	5.7
1956	-0.427179	102.815697	0.007825	5.6
1957	-0.691471	102.785719	0.004867	6.0
1958	-0.300795	102.755764	0.005556	6.3
1959	-0.790773	102.725832	0.009514	5.4
1960	-0.689898	102.695924	0.006294	5.8
1961	-0.922792	102.666038	0.004325	5.2
1962	-1.083808	102.636176	0.018387	5.4
1963	-1.040319	102.606337	0.005654	6.3
1964	-0.213838	102.576521	0.004189	5.5
1965	-0.521742	102.546728	0.005164	5.6
1966	-0.647617	102.516959	0.005208	6.3
1967	-1.116955	102.487212	0.014348	5.4
1968	-1.004171	102.457488	0.007094	5.4
1969	-1.020014	102.427788	0.013865	6.3
1970	-0.736631	102.398110	0.008141	5.3
1971	-1.038119	102.368455	0.007784	5.8
1972	-0.723474	102.338823	0.002642	6.1
1973	-1.177819	102.309214	0.016363	5.4
1974	-0.185740	102.279628	0.004004	5.9
1975	-0.000000	102.250064	0.000000	6.5
1976	-0.696117	102.220524	0.006724	5.8
1977	-0.502778	102.191006	0.005804	6.1
1978	-0.429794	102.161511	0.005567	5.5
1979	-1.065496	102.132038	0.006019	5.7
1980	-1.239097	102.102588	0.011096	6.0
1981	-0.000000	102.073161	0.000000	5.5
1982	-0.000000	102.043757	0.000000	5.9
1983	-0.865431	102.014375	0.022857	6.6
1984	-1.028343	101.985015	0.009692	5.7
1985	-0.989726	101.955678	0.011027	6.0
1986	-0.000000	101.926364	0.000000	5.9
1987	-1.098738	101.897072	0.010283	5.4
1988	-1.065530	101.867802	0.012513	7.0
1989	-0.335850	101.838555	0.005963	5.4
1990	-0.936137	101.809330	0.008787	5.6
1991	-0.727029	101.780128	0.008147	6.1
1992	-0.000000	101.750948	0.000000	5.5
1993	-1.015551	101.721790	0.010024	5.7
1994	-1.231282	101.692654	0.017468	5.8
1995	-0.755000	101.663541	0.006924	6.1
1996	-0.438130	101.634450	0.003593	5.4
1997	-0.709434	101.605381	0.004290	5.6
1998	-0.006292	101.576335	0.000478	5.7
1999	-0.311978	101.547310	0.005913	5.6
