1:ItNr	2:Metric	3:StepSize	4:||Gradient||	Time[ms]
0	-0.000000	627.201626	0.000000	688.8
1	-0.943906	623.504937	0.007733	27.1
2	-0.785471	619.865785	0.006195	26.9
3	-0.325039	616.282728	0.004664	27.7
4	-0.376234	612.754375	0.005777	27.8
5	-0.000000	609.279381	0.000000	28.8
6	-0.000000	605.856447	0.000000	28.4
7	-0.697963	602.484317	0.004599	29.1
8	-0.560519	599.161779	0.007574	28.2
9	-0.000178	595.887656	0.000013	28.7
10	-0.796263	592.660813	0.011233	29.2
11	-0.000000	589.480151	0.000000	29.5
12	-0.418804	586.344606	0.007017	29.0
13	-0.000000	583.253145	0.000000	29.3
14	-0.606863	580.204771	0.006558	30.0
15	-0.269867	577.198517	0.004811	30.0
16	-0.334178	574.233444	0.003694	29.7
17	-0.434083	571.308645	0.005335	29.5
18	-0.001242	568.423237	0.000056	29.2
19	-0.610263	565.576365	0.006975	29.3
20	-0.000004	562.767201	0.000004	30.0
21	-0.797196	559.994938	0.006282	29.6
22	-0.746947	557.258797	0.006027	29.2
23	-0.831746	554.558018	0.006750	28.5
24	-0.648077	551.891865	0.005305	29.5
25	-0.786796	549.259621	0.009002	29.0
26	-0.519152	546.660592	0.005876	29.7
27	-0.000000	544.094102	0.000000	28.7
28	-0.428718	541.559494	0.006538	28.9
29	-0.143243	539.056129	0.001636	29.9
30	-0.237598	536.583387	0.005802	29.5
31	-0.592130	534.140663	0.006259	28.8
32	-0.029085	531.727370	0.001567	29.6
33	-0.051845	529.342935	0.001461	29.4
34	-0.487869	526.986802	0.005699	29.9
35	-0.736467	524.658430	0.005715	27.8
36	-0.004003	522.357290	0.000117	29.8
37	-0.496724	520.082868	0.006431	30.8
38	-0.403228	517.834665	0.006310	29.0
39	-1.028665	515.612193	0.013669	31.2
40	-0.884741	513.414976	0.008578	29.7
41	-0.411913	511.242551	0.007171	29.2
42	-0.404321	509.094468	0.004892	29.6
43	-0.000369	506.970285	0.000014	30.5
44	-0.693629	504.869574	0.006684	29.5
45	-0.663771	502.791916	0.006250	28.7
46	-0.714791	500.736903	0.006198	29.2
47	-0.000000	498.704137	0.000000	29.8
48	-0.540486	496.693228	0.007052	29.6
49	-0.514512	494.703798	0.004918	29.4
50	-0.000000	492.735476	0.000000	29.2
51	-0.000210	490.787900	0.000102	29.7
52	-0.078131	488.860718	0.001775	29.5
53	-0.410545	486.953585	0.005109	29.9
54	-0.704740	485.066164	0.008471	29.2
55	-0.660449	483.198126	0.005909	30.0
56	-0.000000	481.349149	0.000000	29.6
57	-0.000000	479.518920	0.000000	29.2
58	-0.000000	477.707132	0.000000	29.3
59	-0.316017	475.913485	0.004572	29.0
60	-0.000000	474.137684	0.000000	30.6
61	-0.000000	472.379445	0.000001	30.1
62	-0.403451	470.638485	0.005688	29.3
63	-0.000000	468.914531	0.000000	29.9
64	-0.540501	467.207315	0.004490	29.3
65	-0.848606	465.516573	0.008032	31.0
66	-0.691715	463.842050	0.005725	30.2
67	-0.698617	462.183494	0.010769	30.1
68	-0.826727	460.540658	0.006776	29.4
69	-0.008932	458.913303	0.000125	29.7
70	-0.536709	457.301192	0.003665	29.3
71	-0.621799	455.704096	0.005586	29.8
72	-0.803965	454.121787	0.009864	31.1
73	-0.154213	452.554045	0.002228	28.5
74	-0.649895	451.000653	0.006156	30.2
75	-0.538490	449.461399	0.005577	29.3
76	-0.161896	447.936075	0.002002	30.2
77	-0.000000	446.424477	0.000000	30.0
78	-0.107941	444.926406	0.001544	29.6
79	-0.028073	443.441666	0.001038	31.7
80	-0.000000	441.970065	0.000000	30.2
81	-0.000000	440.511415	0.000000	30.2
82	-0.197030	439.065533	0.003177	29.5
83	-0.343756	437.632238	0.004976	30.5
84	-0.812312	436.211351	0.006568	29.9
85	-0.000000	434.802701	0.000000	29.6
86	-0.180782	433.406117	0.002082	30.1
87	-0.404085	432.021430	0.005075	29.9
88	-0.000000	430.648479	0.000000	28.6
89	-0.018969	429.287101	0.000859	28.8
90	-0.409574	427.937140	0.005830	31.4
91	-0.831419	426.598440	0.007516	30.8
92	-0.752405	425.270849	0.006788	30.9
93	-0.000000	423.954220	0.000000	29.5
94	-0.000000	422.648404	0.000000	30.2
95	-0.569957	421.353259	0.009859	29.6
96	-0.321087	420.068643	0.002769	29.9
97	-0.050686	418.794419	0.001073	29.6
98	-0.324221	417.530451	0.004027	30.3
99	-0.054042	416.276604	0.001663	30.1
100	-0.000000	415.032748	0.000001	29.2
101	-0.493321	413.798754	0.005928	30.4
102	-0.376879	412.574495	0.007470	29.7
103	-0.792395	411.359849	0.006126	29.8
104	-0.449507	410.154691	0.004595	29.7
105	-0.800054	408.958904	0.005570	30.2
106	-0.025562	407.772368	0.001726	30.6
107	-0.733657	406.594968	0.009211	30.7
108	-0.579499	405.426590	0.005175	30.9
109	-0.000000	404.267122	0.000000	29.2
110	-0.000000	403.116456	0.000000	28.6
111	-0.423394	401.974481	0.007724	29.5
112	-0.330881	400.841093	0.004203	29.2
113	-0.659940	399.716187	0.004452	30.3
114	-0.309050	398.599660	0.004338	29.4
115	-0.874419	397.491411	0.007683	29.7
116	-0.238941	396.391342	0.003699	30.3
117	-0.000000	395.299353	0.000000	30.0
118	-0.000000	394.215350	0.000000	29.3
119	-0.200944	393.139238	0.002745	28.9
120	-0.734687	392.070924	0.005034	30.5
121	-0.114230	391.010316	0.002143	30.3
122	-0.869602	389.957325	0.008384	30.1
123	-0.000000	388.911862	0.000000	29.7
124	-0.000000	387.873839	0.000000	29.1
125	-0.000000	386.843173	0.000000	29.7
126	-0.000000	385.819777	0.000000	29.4
127	-0.179459	384.803569	0.003854	29.5
128	-0.639486	383.794468	0.007411	29.7
129	-0.710254	382.792393	0.005747	29.4
130	-0.014694	381.797264	0.000878	29.8
131	-0.000000	380.809005	0.000000	29.5
132	-0.000000	379.827537	0.000000	29.9
133	-0.833580	378.852786	0.005875	29.1
134	-0.787017	377.884678	0.005873	30.0
135	-0.044702	376.923138	0.001859	29.9
136	-0.938047	375.968095	0.010144	29.8
137	-0.528942	375.019479	0.007393	29.6
138	-0.742283	374.077218	0.004743	28.5
139	-0.198965	373.141244	0.003653	30.1
140	-0.640964	372.211489	0.006890	30.2
141	-0.028201	371.287887	0.000610	30.0
142	-0.915128	370.370370	0.008388	30.6
143	-0.823898	369.458876	0.005501	29.2
144	-0.009452	368.553338	0.000337	29.9
145	-0.424549	367.653696	0.007336	28.6
146	-0.470096	366.759885	0.008509	29.7
147	-0.037766	365.871846	0.001166	29.3
148	-0.814380	364.989518	0.007482	29.9
149	-0.459012	364.112841	0.005577	30.3
150	-0.394104	363.241757	0.004829	29.2
151	-0.000000	362.376208	0.000000	30.0
152	-0.524940	361.516137	0.005267	28.9
153	-0.246407	360.661488	0.003547	29.9
154	-0.000000	359.812206	0.000000	30.4
155	-0.000018	358.968236	0.000001	30.8
156	-0.390397	358.129524	0.004656	31.4
157	-0.638926	357.296018	0.004006	31.3
158	-0.663197	356.467665	0.006062	30.3
159	-0.453033	355.644414	0.004387	31.0
160	-0.555303	354.826213	0.005953	30.1
161	-0.000000	354.013012	0.000000	29.9
162	-0.000078	353.204763	0.000019	29.2
163	-0.000000	352.401415	0.000000	29.4
164	-0.000000	351.602922	0.000000	29.7
165	-0.829215	350.809235	0.008875	29.0
166	-0.732677	350.020308	0.005473	30.0
167	-0.000000	349.236095	0.000000	29.6
168	-0.000000	348.456550	0.000000	28.6
169	-0.580401	347.681627	0.006279	29.7
170	-0.901990	346.911283	0.008919	30.2
171	-0.000000	346.145474	0.000000	29.8
172	-0.864088	345.384157	0.008045	30.7
173	-0.000000	344.627288	0.000000	30.5
174	-0.485013	343.874826	0.006935	30.4
175	-0.757574	343.126729	0.004150	30.3
176	-0.486364	342.382957	0.005478	29.7
177	-0.636646	341.643469	0.005044	29.5
178	-0.058201	340.908224	0.003807	28.5
179	-0.000000	340.177184	0.000000	29.3
180	-0.871010	339.450309	0.009419	30.1
181	-0.472433	338.727561	0.006590	30.0
182	-0.482175	338.008902	0.007124	29.9
183	-0.593771	337.294295	0.004944	29.1
184	-0.741754	336.583703	0.005644	30.3
185	-0.289099	335.877089	0.003331	28.6
186	-0.670158	335.174416	0.004493	29.6
187	-0.369809	334.475651	0.004352	28.9
188	-0.000000	333.780756	0.000000	30.6
189	-0.579705	333.089698	0.006682	30.0
190	-0.000000	332.402443	0.000000	29.5
191	-0.871805	331.718955	0.007641	30.3
192	-0.649507	331.039203	0.005800	29.2
193	-0.768331	330.363153	0.005318	30.2
194	-0.000000	329.690771	0.000000	30.1
195	-0.839330	329.022027	0.006801	29.4
196	-0.000000	328.356888	0.000000	30.0
197	-0.374761	327.695322	0.008211	31.0
198	-0.757485	327.037299	0.006704	29.5
199	-0.530624	326.382787	0.006153	30.4
200	-0.679016	325.731758	0.013087	29.3
201	-0.059269	325.084179	0.000891	29.6
202	-0.798495	324.440023	0.004676	29.2
203	-0.839382	323.799258	0.008754	30.3
204	-0.122549	323.161858	0.002467	30.0
205	-0.940128	322.527792	0.006864	29.9
206	-0.960436	321.897034	0.011664	31.2
207	-0.668780	321.269554	0.006646	30.1
208	-0.740861	320.645325	0.010367	29.6
209	-0.502465	320.024320	0.005477	29.9
210	-0.497564	319.406512	0.006620	29.7
211	-0.163973	318.791875	0.002050	30.9
212	-0.205138	318.180381	0.006576	30.4
213	-0.019160	317.572005	0.000199	29.6
214	-0.000000	316.966721	0.000000	30.2
215	-0.804500	316.364504	0.007191	31.2
216	-0.409697	315.765329	0.006767	30.0
217	-0.736168	315.169170	0.006035	30.0
218	-0.578038	314.576003	0.005661	30.7
219	-0.552646	313.985804	0.007685	30.1
220	-0.759558	313.398548	0.007770	31.2
221	-1.120221	312.814213	0.011052	31.3
222	-0.137140	312.232773	0.002704	29.8
223	-0.000307	311.654207	0.000008	30.2
224	-0.000000	311.078491	0.000000	31.2
225	-0.000000	310.505602	0.000000	29.3
226	-0.287370	309.935518	0.002797	30.9
227	-0.000000	309.368217	0.000000	30.5
228	-0.058294	308.803676	0.001039	30.4
229	-0.000000	308.241874	0.000000	29.6
230	-0.204786	307.682789	0.004128	29.2
231	-0.962681	307.126400	0.006730	29.9
232	-0.802103	306.572687	0.009540	30.3
233	-0.949338	306.021627	0.011635	29.5
234	-0.467315	305.473201	0.006052	29.8
235	-0.772543	304.927388	0.008920	29.9
236	-0.756842	304.384168	0.008052	30.0
237	-0.479044	303.843521	0.003337	30.4
238	-0.959683	303.305427	0.006733	31.9
239	-0.371700	302.769867	0.005820	30.2
240	-0.171988	302.236821	0.002993	29.7
241	-0.309293	301.706270	0.004358	29.8
242	-0.980099	301.178196	0.008833	30.0
243	-0.660002	300.652580	0.005033	29.3
244	-0.000000	300.129402	0.000000	28.6
245	-0.624005	299.608645	0.005307	29.6
246	-0.473765	299.090291	0.003712	30.1
247	-0.490699	298.574321	0.006443	29.9
248	-0.398535	298.060718	0.005277	29.4
249	-0.009991	297.549465	0.000123	29.4
250	-0.916583	297.040543	0.010413	29.1
251	-0.753620	296.533936	0.006650	30.1
252	-0.678378	296.029626	0.008390	29.5
253	-0.043761	295.527597	0.001596	29.6
254	-0.694826	295.027832	0.007539	29.7
255	-0.000000	294.530315	0.000000	30.0
256	-0.000000	294.035028	0.000000	30.3
257	-0.000000	293.541956	0.000000	29.7
258	-0.000000	293.051083	0.000000	29.4
259	-0.191288	292.562393	0.002581	29.4
260	-0.400934	292.075870	0.004905	29.3
261	-0.492539	291.591498	0.007222	29.7
262	-0.893645	291.109263	0.007386	29.6
263	-0.916484	290.629149	0.009377	30.0
264	-0.470133	290.151140	0.004719	28.9
265	-0.000533	289.675222	0.000388	30.4
266	-0.206977	289.201380	0.003790	29.8
267	-0.799408	288.729600	0.007550	30.1
268	-0.613914	288.259866	0.006736	29.7
269	-0.862242	287.792165	0.006231	29.0
270	-0.000000	287.326481	0.000000	29.6
271	-0.000000	286.862802	0.000000	30.1
272	-0.367003	286.401113	0.004934	31.3
273	-1.058756	285.941400	0.010477	30.9
274	-0.000000	285.483649	0.000000	30.6
275	-0.000000	285.027847	0.000000	30.5
276	-0.510822	284.573981	0.003371	29.8
277	-0.256692	284.122037	0.002736	29.9
278	-0.000000	283.672002	0.000000	30.3
279	-1.001619	283.223863	0.008420	29.5
280	-0.917453	282.777607	0.006430	29.5
281	-0.321600	282.333221	0.003145	29.9
282	-0.933146	281.890692	0.007888	29.5
283	-0.657746	281.450008	0.005652	29.9
284	-0.443353	281.011157	0.003388	29.4
285	-0.709577	280.574125	0.008257	29.3
286	-0.045490	280.138901	0.001924	30.2
287	-0.025773	279.705473	0.000907	29.4
288	-0.704343	279.273829	0.005832	29.8
289	-0.000000	278.843956	0.000000	29.4
290	-0.062085	278.415844	0.001369	29.7
291	-0.510422	277.989479	0.006592	30.0
292	-1.003008	277.564851	0.009795	29.7
293	-0.610123	277.141949	0.006317	29.3
294	-0.000000	276.720761	0.000000	29.2
295	-0.000000	276.301275	0.000000	30.0
296	-0.456350	275.883480	0.004930	29.9
297	-0.709833	275.467366	0.005344	29.8
298	-0.424981	275.052922	0.004120	30.0
299	-0.654334	274.640136	0.005833	30.3
300	-0.378029	274.228998	0.003047	30.4
301	-0.060063	273.819497	0.003411	29.8
302	-0.036147	273.411623	0.000874	30.0
303	-0.594445	273.005365	0.006193	29.3
304	-0.583380	272.600712	0.006557	29.9
305	-0.265637	272.197655	0.004120	30.7
306	-0.645244	271.796184	0.006691	31.7
307	-0.867434	271.396287	0.006047	30.2
308	-0.212593	270.997956	0.003047	29.6
309	-0.848543	270.601180	0.007024	29.9
310	-0.327126	270.205949	0.003230	28.9
311	-0.534946	269.812254	0.008702	29.8
312	-0.129598	269.420085	0.002431	30.2
313	-0.690844	269.029432	0.004754	30.2
314	-0.934098	268.640287	0.008375	29.5
315	-0.690631	268.252638	0.005952	29.0
316	-0.854234	267.866478	0.006512	30.3
317	-0.000000	267.481796	0.000000	29.8
318	-0.270370	267.098584	0.003999	29.7
319	-0.763253	266.716833	0.004780	29.9
320	-0.616362	266.336533	0.009687	28.9
321	-0.899482	265.957676	0.007731	29.9
322	-0.474345	265.580253	0.006081	30.2
323	-0.536119	265.204254	0.006065	30.7
324	-0.250660	264.829672	0.003109	30.2
325	-0.000000	264.456497	0.000000	29.8
326	-0.000000	264.084721	0.000000	29.0
327	-0.285437	263.714335	0.003659	29.5
328	-0.973450	263.345332	0.007771	29.6
329	-0.570965	262.977702	0.005094	30.8
330	-0.516444	262.611438	0.004325	28.9
331	-0.862068	262.246531	0.006834	29.9
332	-0.000000	261.882973	0.000000	30.3
333	-0.443291	261.520756	0.003117	29.8
334	-1.104464	261.159871	0.012504	29.1
335	-0.628122	260.800312	0.004386	28.9
336	-0.466429	260.442070	0.004575	30.0
337	-0.752534	260.085137	0.005668	30.5
338	-0.783620	259.729505	0.008294	30.3
339	-0.670547	259.375167	0.006383	30.8
340	-0.677214	259.022116	0.006020	29.2
341	-0.001976	258.670343	0.000069	30.2
342	-0.536580	258.319841	0.003223	30.5
343	-0.588696	257.970602	0.007782	30.4
344	-0.716376	257.622620	0.005689	29.9
345	-0.005566	257.275887	0.000082	29.0
346	-0.872377	256.930396	0.009392	30.7
347	-0.218260	256.586139	0.003559	30.5
348	-0.481276	256.243109	0.005915	30.4
349	-0.659422	255.901300	0.005934	29.7
350	-0.634722	255.560703	0.005495	29.6
351	-0.029515	255.221313	0.000998	29.6
352	-0.000000	254.883122	0.000000	30.0
353	-0.077935	254.546124	0.001456	29.9
354	-0.186730	254.210311	0.002465	29.8
355	-0.006725	253.875677	0.000179	29.4
356	-0.420244	253.542215	0.005392	31.0
357	-0.642588	253.209918	0.007455	30.0
358	-0.795129	252.878781	0.005145	30.0
359	-0.665892	252.548795	0.008358	29.8
360	-0.147332	252.219956	0.002676	30.3
361	-0.648760	251.892255	0.005757	30.3
362	-0.257926	251.565688	0.003837	30.5
363	-0.046262	251.240247	0.003099	30.9
364	-0.354779	250.915926	0.004761	30.2
365	-0.690677	250.592720	0.008726	31.1
366	-0.002431	250.270621	0.000195	31.1
367	-0.871888	249.949624	0.008020	29.7
368	-0.396521	249.629723	0.005147	30.2
369	-0.208128	249.310911	0.003790	30.1
370	-0.736277	248.993182	0.007011	30.9
371	-0.353553	248.676531	0.003573	31.7
372	-0.935349	248.360952	0.007468	30.7
373	-0.465753	248.046438	0.005091	32.2
374	-0.828106	247.732984	0.007375	30.0
375	-0.933917	247.420584	0.007655	29.9
376	-0.733900	247.109233	0.008262	31.1
377	-0.000000	246.798924	0.000000	31.0
378	-0.568414	246.489652	0.007877	33.0
379	-0.000000	246.181412	0.000000	33.5
380	-0.532352	245.874197	0.007196	32.2
381	-0.708812	245.568002	0.005069	34.9
382	-0.000000	245.262822	0.000000	33.4
383	-0.453660	244.958652	0.004086	36.0
384	-0.621642	244.655485	0.003757	35.8
385	-0.785445	244.353317	0.005855	32.8
386	-0.277876	244.052142	0.005198	33.9
387	-0.486944	243.751955	0.004354	36.4
388	-0.787649	243.452750	0.009140	31.8
389	-0.000000	243.154523	0.000000	35.0
390	-0.690142	242.857268	0.006596	33.4
391	-0.490429	242.560980	0.004701	35.1
392	-0.112988	242.265654	0.003024	34.7
393	-0.808862	241.971285	0.006325	35.8
394	-0.747254	241.677868	0.008047	34.1
395	-0.482047	241.385397	0.004949	32.0
396	-0.338534	241.093869	0.004096	33.9
397	-0.000000	240.803278	0.000000	31.9
398	-0.627979	240.513619	0.005858	31.6
399	-0.502478	240.224887	0.006892	34.4
400	-0.021795	239.937077	0.001131	33.8
401	-0.814340	239.650186	0.006309	35.9
402	-0.866895	239.364207	0.006110	34.6
403	-0.005950	239.079136	0.001656	36.0
404	-0.000000	238.794969	0.000000	32.9
405	-0.000000	238.511701	0.000000	34.3
406	-0.000000	238.229327	0.000000	38.1
407	-0.732424	237.947843	0.006673	36.4
408	-0.000000	237.667244	0.000000	34.9
409	-0.015581	237.387526	0.001784	30.9
410	-0.000000	237.108684	0.000000	30.8
411	-0.000000	236.830714	0.000000	30.9
412	-0.000000	236.553610	0.000000	36.8
413	-0.770779	236.277370	0.006206	35.1
414	-0.013509	236.001989	0.001110	32.1
415	-0.855253	235.727461	0.008661	31.3
416	-0.620784	235.453784	0.006318	30.7
417	-0.000000	235.180952	0.000000	29.9
418	-0.745044	234.908962	0.008498	31.0
419	-0.601093	234.637809	0.006274	30.2
420	-0.008592	234.367488	0.000000	30.6
421	-0.841547	234.097997	0.006587	29.7
422	-0.000000	233.829331	0.000000	30.1
423	-0.000000	233.561485	0.000000	29.4
424	-0.840660	233.294456	0.006843	30.0
425	-0.456272	233.028239	0.004543	30.6
426	-0.922554	232.762831	0.008742	29.6
427	-0.613369	232.498228	0.006403	30.5
428	-0.000000	232.234425	0.000000	29.1
429	-0.406325	231.971419	0.007062	30.3
430	-0.034371	231.709205	0.001021	29.6
431	-0.783527	231.447781	0.007842	29.8
432	-0.000000	231.187141	0.000000	30.3
433	-0.000000	230.927283	0.000000	29.7
434	-0.804388	230.668202	0.006683	31.0
435	-0.745251	230.409895	0.010140	30.0
436	-0.609648	230.152358	0.005603	29.3
437	-0.879305	229.895587	0.008122	30.2
438	-0.399997	229.639578	0.005001	29.5
439	-0.880748	229.384329	0.007307	29.8
440	-0.505096	229.129834	0.005619	30.2
441	-0.666463	228.876091	0.004792	31.6
442	-0.845409	228.623096	0.005361	29.5
443	-0.043155	228.370846	0.001642	29.5
444	-0.360346	228.119336	0.003767	29.4
445	-0.264132	227.868563	0.002994	30.1
446	-0.586682	227.618525	0.004960	29.9
447	-0.000175	227.369216	0.000011	29.5
448	-0.717311	227.120635	0.006456	29.5
449	-0.809837	226.872777	0.006658	30.2
450	-0.551925	226.625638	0.004813	29.9
451	-0.049952	226.379217	0.001006	29.6
452	-0.323741	226.133509	0.005197	30.2
453	-0.000000	225.888510	0.000000	29.1
454	-0.301516	225.644218	0.004454	30.6
455	-0.872551	225.400630	0.009259	30.1
456	-0.416840	225.157741	0.006588	30.1
457	-0.638593	224.915549	0.004037	29.4
458	-0.000000	224.674051	0.000000	29.3
459	-0.787644	224.433242	0.006602	31.9
460	-0.345367	224.193121	0.005965	31.5
461	-0.000000	223.953684	0.000000	30.3
462	-0.000000	223.714927	0.000000	30.1
463	-0.000000	223.476848	0.000000	30.9
464	-0.727405	223.239444	0.007077	30.6
465	-0.721890	223.002710	0.006008	29.2
466	-0.443227	222.766645	0.006426	30.7
467	-0.659714	222.531245	0.006170	30.3
468	-0.652576	222.296508	0.004489	30.5
469	-0.628658	222.062429	0.004841	30.7
470	-0.284487	221.829007	0.003681	29.0
471	-0.546846	221.596238	0.005775	29.9
472	-0.871085	221.364119	0.006241	30.2
473	-0.435033	221.132647	0.005526	31.2
474	-0.000000	220.901820	0.000000	29.7
475	-0.049376	220.671634	0.001775	30.2
476	-0.641547	220.442086	0.006223	28.8
477	-0.461197	220.213174	0.004380	30.0
478	-0.335210	219.984895	0.004236	30.4
479	-0.737184	219.757246	0.004985	29.2
480	-0.708496	219.530224	0.007794	29.8
481	-0.574580	219.303826	0.007468	29.7
482	-0.666865	219.078050	0.004895	29.8
483	-0.000000	218.852893	0.000000	30.4
484	-0.003698	218.628352	0.000303	29.8
485	-0.128653	218.404424	0.001118	29.4
486	-0.650423	218.181106	0.006948	29.7
487	-0.000000	217.958397	0.000000	30.8
488	-0.676943	217.736292	0.005876	30.1
489	-0.250188	217.514790	0.003325	29.2
490	-0.034674	217.293888	0.002040	29.1
491	-0.000014	217.073584	0.000004	30.3
492	-0.607883	216.853873	0.006550	31.3
493	-0.181547	216.634755	0.003209	30.1
494	-0.158183	216.416227	0.001815	29.6
495	-0.000000	216.198285	0.000000	30.3
496	-0.114743	215.980927	0.001771	29.9
497	-0.898203	215.764151	0.007889	30.2
498	-0.216785	215.547955	0.002879	31.1
499	-0.681673	215.332335	0.006818	30.4
500	-0.629431	215.117289	0.006001	30.3
501	-0.670273	214.902815	0.006703	29.3
502	-0.095167	214.688911	0.002369	30.2
503	-0.953338	214.475573	0.004833	31.1
504	-0.818039	214.262800	0.005224	29.6
505	-0.000000	214.050588	0.000000	29.0
506	-0.082032	213.838936	0.001341	28.6
507	-0.158982	213.627842	0.002940	30.6
508	-0.730635	213.417302	0.005742	30.6
509	-0.494769	213.207314	0.005914	30.2
510	-0.639881	212.997877	0.006473	29.4
511	-0.725371	212.788987	0.010212	30.0
512	-0.387091	212.580642	0.004816	28.5
513	-0.033671	212.372841	0.002296	30.3
514	-0.000000	212.165581	0.000000	29.6
515	-0.793313	211.958859	0.005193	29.6
516	-0.962515	211.752673	0.007250	28.7
517	-0.346007	211.547021	0.005995	30.1
518	-0.053145	211.341902	0.002776	30.4
519	-0.000657	211.137311	0.000070	29.6
520	-0.000000	210.933248	0.000000	29.6
521	-0.784900	210.729710	0.006527	29.2
522	-1.039135	210.526695	0.008572	29.4
523	-0.346636	210.324200	0.004406	30.0
524	-0.183470	210.122224	0.003200	31.3
525	-0.261530	209.920765	0.002603	30.1
526	-0.909952	209.719820	0.006366	29.8
527	-0.000012	209.519387	0.000009	30.2
528	-0.206197	209.319463	0.002115	29.9
529	-0.118803	209.120048	0.002060	30.1
530	-0.187425	208.921139	0.003638	29.4
531	-0.624371	208.722733	0.003441	29.0
532	-0.723572	208.524829	0.006063	30.2
533	-0.000000	208.327425	0.000000	31.2
534	-0.687944	208.130518	0.005613	30.5
535	-0.653789	207.934107	0.006653	30.6
536	0.000000	207.738189	0.000000	30.2
537	-0.000000	207.542762	0.000000	30.5
538	-0.000771	207.347825	0.000024	30.8
539	-0.000000	207.153376	0.000000	31.3
540	-0.649147	206.959412	0.006410	30.0
541	-0.000000	206.765932	0.000000	30.9
542	-0.484052	206.572933	0.003876	30.5
543	-0.799954	206.380414	0.006108	31.8
544	-0.021520	206.188373	0.000465	29.3
545	-0.430338	205.996807	0.004666	31.1
546	-0.532180	205.805716	0.005961	30.9
547	-0.523462	205.615096	0.005769	29.6
548	-0.000000	205.424946	0.000000	30.0
549	-0.522327	205.235265	0.005762	29.0
550	-0.775205	205.046050	0.007424	29.8
551	-0.734168	204.857299	0.005421	29.9
552	-0.595978	204.669011	0.004897	29.8
553	-0.838437	204.481184	0.007142	29.9
554	-0.501146	204.293816	0.007842	29.2
555	-0.803691	204.106905	0.007578	29.9
556	-0.944008	203.920449	0.007263	29.7
557	-0.418843	203.734447	0.006550	29.6
558	-0.000000	203.548896	0.000000	29.4
559	-0.785957	203.363795	0.007874	29.4
560	-0.914549	203.179143	0.006784	30.0
561	-0.695479	202.994937	0.008291	30.2
562	-0.000000	202.811176	0.000000	30.8
563	-0.647003	202.627857	0.004536	30.4
564	-0.258240	202.444980	0.004022	29.2
565	-0.874470	202.262543	0.006897	31.2
566	-0.109301	202.080543	0.001798	32.4
567	-0.748223	201.898979	0.006303	30.3
568	-0.369399	201.717849	0.003661	30.4
569	-0.683192	201.537153	0.005661	30.0
570	-0.535719	201.356887	0.005061	29.7
571	-0.006114	201.177050	0.001214	30.3
572	-0.000000	200.997642	0.000000	29.1
573	-0.885711	200.818659	0.006684	29.8
574	-0.538228	200.640100	0.006614	29.5
575	-0.427042	200.461965	0.007101	29.0
576	-0.000000	200.284250	0.000000	29.8
577	-0.649829	200.106955	0.006744	30.3
578	-0.821417	199.930078	0.005753	29.6
579	-0.000386	199.753617	0.000009	30.6
580	-0.008258	199.577571	0.000327	29.7
581	-0.004412	199.401938	0.000292	31.1
582	-0.682321	199.226717	0.004749	30.5
583	-0.783246	199.051905	0.006254	30.3
584	-0.253406	198.877502	0.005265	30.0
585	-0.000000	198.703506	0.000000	29.8
586	-0.418056	198.529916	0.004536	29.4
587	-0.515249	198.356729	0.006363	29.8
588	-0.437672	198.183944	0.006440	29.8
589	-0.265006	198.011560	0.002916	29.7
590	-0.427621	197.839576	0.006219	28.8
591	-0.138568	197.667989	0.002601	30.1
592	-0.000000	197.496798	0.000000	30.1
593	-0.665454	197.326002	0.007673	30.5
594	-0.000211	197.155600	0.000107	29.5
595	-0.508833	196.985589	0.004780	29.7
596	-0.227719	196.815969	0.002692	29.4
597	-0.500442	196.646738	0.006780	30.2
598	-0.739275	196.477894	0.005092	31.0
599	-0.000000	196.309436	0.000000	31.0
600	-0.001317	196.141363	0.000064	30.5
601	-0.889120	195.973673	0.006880	29.2
602	-0.993872	195.806365	0.007655	30.1
603	-0.000000	195.639437	0.000000	30.1
604	-0.364219	195.472888	0.003598	30.0
605	-0.875662	195.306717	0.007647	30.3
606	-0.039154	195.140922	0.000576	29.5
607	-0.000000	194.975501	0.000000	30.4
608	-0.000000	194.810454	0.000000	29.9
609	-0.758823	194.645779	0.005374	30.7
610	-0.911389	194.481475	0.008042	30.4
611	-0.570437	194.317540	0.006206	31.1
612	-0.577056	194.153973	0.004334	30.5
613	-0.144421	193.990773	0.002674	30.5
614	-0.000000	193.827938	0.000000	30.6
615	-0.000000	193.665467	0.000000	30.8
616	-0.000000	193.503358	0.000000	30.1
617	-0.824123	193.341611	0.005598	29.8
618	-0.070604	193.180224	0.002808	29.4
619	-0.286817	193.019196	0.006168	30.6
620	-0.308559	192.858525	0.002934	31.0
621	-0.289365	192.698210	0.003900	30.0
622	-0.824433	192.538251	0.006909	30.1
623	-0.004349	192.378644	0.000076	28.9
624	-0.594206	192.219391	0.006033	30.0
625	-0.744108	192.060488	0.007518	30.1
626	-0.587997	191.901935	0.009532	30.6
627	-0.432504	191.743730	0.005557	30.2
628	-0.130382	191.585873	0.002515	28.8
629	-0.630172	191.428362	0.006292	30.6
630	-0.736041	191.271196	0.005847	30.2
631	-0.000000	191.114374	0.000000	30.8
632	-0.973736	190.957893	0.007762	31.6
633	-0.720194	190.801755	0.007037	30.5
634	-0.506566	190.645956	0.007168	29.6
635	-0.903333	190.490495	0.007359	29.5
636	-0.029979	190.335373	0.000243	31.4
637	-0.620260	190.180587	0.005518	30.3
638	-0.599798	190.026136	0.005595	30.0
639	-0.000000	189.872019	0.000000	30.5
640	-0.000000	189.718235	0.000000	29.9
641	-0.675407	189.564782	0.005756	30.1
642	-0.045251	189.411661	0.000679	30.2
643	-0.641082	189.258868	0.007401	29.9
644	-0.401457	189.106404	0.003636	29.7
645	-0.143872	188.954267	0.002397	29.0
646	-0.829097	188.802456	0.005619	29.8
647	-0.728155	188.650969	0.004913	30.7
648	-0.735596	188.499807	0.006271	29.7
649	-0.000000	188.348967	0.000000	29.7
650	-0.226172	188.198448	0.002837	29.4
651	-0.254207	188.048250	0.004157	30.2
652	-0.768767	187.898371	0.004811	30.8
653	-0.062059	187.748810	0.002252	30.6
654	-0.520699	187.599566	0.006926	29.8
655	-0.000000	187.450638	0.000000	31.8
656	-0.611335	187.302025	0.004864	29.2
657	-0.000000	187.153725	0.000000	30.4
658	-0.829998	187.005739	0.007252	30.2
659	-0.654660	186.858064	0.007793	29.7
660	-0.803338	186.710699	0.008385	30.0
661	-0.371270	186.563645	0.005007	29.8
662	-0.000000	186.416898	0.000000	30.9
663	-0.000000	186.270459	0.000000	29.5
664	-0.728825	186.124326	0.004829	32.5
665	-0.480248	185.978499	0.005319	32.7
666	-0.901604	185.832976	0.005862	30.4
667	-0.559862	185.687756	0.006289	30.0
668	-0.843402	185.542838	0.006832	29.4
669	-0.795146	185.398222	0.006654	30.4
670	-0.933690	185.253906	0.007368	30.0
671	-0.000000	185.109889	0.000000	29.6
672	-0.709944	184.966170	0.005746	30.0
673	-0.000000	184.822748	0.000000	28.8
674	-0.000000	184.679623	0.000000	30.1
675	-0.382673	184.536792	0.005459	29.8
676	-0.572573	184.394256	0.006178	29.4
677	-0.359336	184.252013	0.003493	29.6
678	-0.000000	184.110062	0.000000	29.3
679	-0.737893	183.968403	0.005400	29.5
680	-0.928230	183.827034	0.008013	30.2
681	-0.354737	183.685954	0.004670	29.8
682	-0.496722	183.545163	0.004295	29.7
683	-0.023553	183.404658	0.000628	32.6
684	-0.109486	183.264441	0.002191	31.0
685	-0.608901	183.124509	0.005946	31.4
686	-0.402939	182.984861	0.006378	30.6
687	-0.637644	182.845497	0.007951	30.7
688	-0.000000	182.706416	0.000000	29.9
689	-0.000000	182.567616	0.000000	28.9
690	-0.000000	182.429098	0.000000	30.2
691	-0.462695	182.290859	0.004539	30.3
692	-0.357200	182.152899	0.002910	29.6
693	-0.622761	182.015217	0.008400	29.8
694	-0.471225	181.877813	0.005190	29.6
695	-0.000000	181.740684	0.000000	29.6
696	-0.459385	181.603832	0.004726	30.4
697	-0.000000	181.467253	0.000000	29.7
698	-0.256533	181.330948	0.003641	29.3
699	-0.262547	181.194916	0.003558	31.0
700	-0.654027	181.059155	0.006956	29.8
701	-0.000000	180.923666	0.000000	29.7
702	-0.963905	180.788446	0.008082	29.6
703	-0.000000	180.653496	0.000000	30.7
704	-0.780629	180.518814	0.008513	31.1
705	-0.201592	180.384399	0.003296	29.0
706	-0.161636	180.250251	0.003698	29.6
707	-0.847023	180.116369	0.007927	30.9
708	-0.839214	179.982752	0.005066	29.7
709	-0.477018	179.849398	0.007022	29.6
710	-0.635013	179.716308	0.006383	30.7
711	-0.693107	179.583480	0.006330	30.7
712	-0.647382	179.450913	0.007141	29.9
713	-0.612360	179.318607	0.005865	29.8
714	-0.638163	179.186561	0.007934	29.3
715	-0.559897	179.054774	0.004431	29.7
716	-0.841266	178.923245	0.005059	31.1
717	-0.141657	178.791973	0.003360	30.3
718	-0.634908	178.660958	0.007884	30.0
719	-0.550803	178.530199	0.005607	29.2
720	-0.971238	178.399694	0.007621	29.3
721	-0.000000	178.269444	0.000000	29.8
722	-0.454019	178.139447	0.005115	30.5
723	-0.469340	178.009702	0.006295	30.1
724	-0.043283	177.880209	0.000838	29.6
725	-0.335826	177.750967	0.003971	29.1
726	-0.597187	177.621975	0.006016	30.6
727	-0.601912	177.493232	0.003822	30.2
728	-0.202925	177.364738	0.003592	30.8
729	-0.571507	177.236492	0.007890	29.2
730	-0.907788	177.108492	0.005194	29.3
731	-0.843598	176.980739	0.009034	29.8
732	-0.049091	176.853231	0.001687	30.4
733	-0.671892	176.725968	0.006752	29.8
734	-0.432516	176.598949	0.004601	29.4
735	-0.099057	176.472173	0.002609	29.5
736	-0.609358	176.345639	0.006054	30.0
737	-0.264367	176.219348	0.003493	30.9
738	-0.000000	176.093296	0.000000	30.3
739	-0.447898	175.967486	0.005974	30.0
740	-0.197619	175.841914	0.003042	30.5
741	-0.696865	175.716581	0.005961	29.7
742	-0.000000	175.591486	0.000000	31.4
743	-0.410787	175.466629	0.005319	30.3
744	-0.768342	175.342008	0.005658	29.7
745	-0.000000	175.217622	0.000000	30.1
746	-0.653505	175.093472	0.008060	29.9
747	-0.295624	174.969556	0.002978	29.7
748	-0.880365	174.845873	0.006340	30.6
749	-0.908702	174.722423	0.007418	29.7
750	-0.853691	174.599206	0.005385	30.7
751	-0.013903	174.476220	0.000843	30.0
752	-0.623350	174.353464	0.006904	29.9
753	-0.072192	174.230939	0.001062	30.9
754	-0.450591	174.108643	0.003233	30.1
755	-0.136218	173.986576	0.003397	30.9
756	-0.822311	173.864737	0.005422	29.5
757	-0.067614	173.743124	0.002544	29.7
758	-0.298400	173.621739	0.003973	30.9
759	-0.000000	173.500579	0.000000	31.0
760	-0.225627	173.379645	0.003586	31.6
761	-0.000000	173.258935	0.000000	32.2
762	-0.857999	173.138449	0.007785	29.9
763	-0.048641	173.018186	0.000973	30.7
764	-0.458184	172.898146	0.007051	31.7
765	-0.421658	172.778327	0.004461	29.1
766	-0.815971	172.658730	0.008106	30.2
767	-0.036848	172.539353	0.000405	30.3
768	-0.563475	172.420196	0.005019	29.2
769	-0.000000	172.301258	0.000000	30.1
770	-0.539366	172.182539	0.005521	29.4
771	-0.298513	172.064037	0.002880	30.1
772	-0.404851	171.945753	0.005397	29.5
773	-0.806326	171.827686	0.007780	29.9
774	-0.595471	171.709834	0.006998	30.3
775	-0.000000	171.592198	0.000000	30.1
776	-0.774293	171.474776	0.004785	30.2
777	-0.066170	171.357568	0.003197	30.1
778	-0.373726	171.240574	0.005012	29.9
779	-0.000000	171.123793	0.000000	29.3
780	-0.688646	171.007223	0.006437	29.1
781	-0.648306	170.890865	0.007111	30.2
782	-0.004213	170.774718	0.000071	28.6
783	-0.000000	170.658782	0.000000	29.7
784	-0.420245	170.543055	0.006071	29.2
785	-0.013449	170.427537	0.001878	29.8
786	-0.026587	170.312227	0.000952	29.4
787	-0.792080	170.197125	0.007348	28.7
788	-0.069436	170.082231	0.002216	29.6
789	-0.764834	169.967543	0.006403	29.8
790	-0.806894	169.853061	0.008616	30.8
791	-0.136720	169.738784	0.002006	29.8
792	-0.923488	169.624713	0.008002	29.9
793	-0.000000	169.510845	0.000000	30.7
794	-0.271484	169.397181	0.004155	29.2
795	-0.378553	169.283720	0.003244	30.3
796	-0.531008	169.170462	0.005128	30.1
797	-0.000000	169.057405	0.000000	30.7
798	-0.731030	168.944549	0.004904	29.4
799	-0.000000	168.831895	0.000000	28.9
800	-0.701768	168.719440	0.005219	31.3
801	-0.000000	168.607185	0.000000	30.3
802	-0.033823	168.495129	0.000441	28.8
803	-0.419457	168.383271	0.004944	29.5
804	-0.007970	168.271611	0.000669	29.9
805	-0.807096	168.160148	0.005662	29.3
806	-0.673391	168.048882	0.006205	29.2
807	-0.632515	167.937812	0.005550	30.0
808	-0.853624	167.826938	0.006228	29.2
809	-0.664376	167.716258	0.006188	29.7
810	-0.334668	167.605773	0.003848	30.0
811	-0.773277	167.495482	0.006938	31.0
812	-0.709481	167.385384	0.007103	29.2
813	-0.051552	167.275479	0.001682	28.9
814	-0.659786	167.165766	0.005388	29.0
815	-0.829057	167.056245	0.006332	30.3
816	-0.110684	166.946915	0.001221	29.3
817	-0.000000	166.837776	0.000000	30.0
818	-0.878381	166.728826	0.007123	29.6
819	-0.000000	166.620067	0.000000	29.5
820	-0.856506	166.511496	0.005099	30.4
821	-0.000000	166.403113	0.000000	29.1
822	-0.000000	166.294919	0.000000	29.3
823	-0.590486	166.186912	0.005655	28.4
824	-0.888731	166.079091	0.005967	29.8
825	-0.419205	165.971458	0.003183	29.7
826	-0.468574	165.864009	0.005476	29.9
827	-0.021911	165.756747	0.000263	29.0
828	-0.775019	165.649669	0.005443	29.4
829	-0.171227	165.542775	0.002404	29.3
830	-0.000000	165.436065	0.000000	30.2
831	-0.403297	165.329538	0.005969	32.4
832	-0.997404	165.223194	0.010340	29.5
833	-0.004838	165.117032	0.000073	30.3
834	-0.543669	165.011052	0.006729	30.3
835	-0.917207	164.905253	0.008594	29.8
836	-0.000000	164.799635	0.000000	33.6
837	-0.794185	164.694197	0.007394	32.5
838	-0.791815	164.588939	0.006373	31.2
839	-0.211964	164.483859	0.003447	31.1
840	-0.001182	164.378959	0.000029	30.7
841	-0.769186	164.274237	0.006704	30.6
842	-0.041601	164.169692	0.001744	29.5
843	-0.381116	164.065325	0.005005	30.3
844	-0.588277	163.961135	0.006091	29.6
845	-0.619158	163.857120	0.006691	29.0
846	-0.797701	163.753282	0.006407	29.4
847	-0.150496	163.649619	0.002696	30.2
848	-0.000002	163.546130	0.000002	29.3
849	-0.751392	163.442816	0.004123	29.1
850	-0.277585	163.339676	0.003505	28.8
851	-0.785252	163.236709	0.004861	29.8
852	-0.641653	163.133915	0.005977	29.7
853	-0.000000	163.031294	0.000000	29.2
854	-0.000000	162.928844	0.000000	30.4
855	-0.000000	162.826566	0.000000	30.2
856	-0.000000	162.724459	0.000000	30.2
857	-0.000000	162.622523	0.000000	32.8
858	-0.889078	162.520757	0.005479	32.4
859	-0.324212	162.419160	0.004567	37.0
860	-0.658532	162.317733	0.008849	32.1
861	-0.856762	162.216474	0.006268	31.7
862	-0.000000	162.115383	0.000000	29.5
863	-0.641713	162.014461	0.005048	29.9
864	-0.000000	161.913705	0.000000	31.0
865	-0.000000	161.813117	0.000000	29.1
866	-0.000000	161.712695	0.000000	29.9
867	-0.449276	161.612439	0.006587	30.0
868	-0.798061	161.512349	0.005668	29.6
869	-0.774637	161.412424	0.007097	30.6
870	-0.000000	161.312663	0.000000	29.5
871	-0.000141	161.213067	0.000024	29.8
872	-0.331055	161.113635	0.004817	29.9
873	-0.530879	161.014366	0.005016	29.9
874	-0.664105	160.915260	0.004820	29.8
875	-0.000000	160.816316	0.000000	30.0
876	-0.889224	160.717535	0.007367	31.0
877	-0.718878	160.618915	0.005773	30.8
878	-0.812177	160.520456	0.007903	29.7
879	-0.522442	160.422158	0.005038	30.0
880	-0.547684	160.324021	0.006380	30.3
881	-0.998434	160.226043	0.008311	29.5
882	-0.866813	160.128225	0.006264	30.3
883	-0.010130	160.030566	0.000108	29.4
884	-0.016174	159.933066	0.001287	30.7
885	-0.184557	159.835723	0.003911	29.8
886	-0.479734	159.738539	0.006689	30.1
887	-0.561972	159.641512	0.006076	31.2
888	-0.774498	159.544642	0.005860	29.7
889	-0.802456	159.447929	0.004854	30.1
890	-0.689680	159.351372	0.004156	36.1
891	-0.360586	159.254971	0.005136	32.8
892	-0.138771	159.158725	0.002745	31.8
893	-0.268349	159.062634	0.003847	31.6
894	-0.380505	158.966697	0.004644	31.9
895	-0.000026	158.870915	0.000042	31.5
896	-0.409916	158.775286	0.004046	31.4
897	-0.710244	158.679811	0.005833	31.1
898	-0.000000	158.584489	0.000000	32.1
899	-0.004077	158.489319	0.000274	30.0
900	-0.872487	158.394302	0.006613	30.5
901	-0.000000	158.299436	0.000000	30.0
902	-0.531241	158.204721	0.005956	30.0
903	-0.820043	158.110158	0.008952	29.1
904	-0.917010	158.015745	0.007015	29.1
905	-0.658286	157.921482	0.008279	30.2
906	-0.128474	157.827369	0.002775	29.4
907	-0.424798	157.733406	0.003734	29.3
908	-0.185043	157.639591	0.003006	29.4
909	-0.505905	157.545925	0.005291	30.2
910	-0.319617	157.452408	0.004784	29.4
911	-0.657897	157.359038	0.006924	29.9
912	-0.668882	157.265816	0.007353	29.5
913	-0.773362	157.172741	0.005177	30.0
914	-0.393846	157.079813	0.004312	29.8
915	-0.000001	156.987031	0.000000	29.8
916	-0.464333	156.894395	0.004440	29.1
917	-0.441187	156.801904	0.004281	29.5
918	-0.327495	156.709559	0.004926	29.8
919	-0.024306	156.617359	0.000245	30.0
920	-0.754093	156.525304	0.004085	29.0
921	-0.778403	156.433392	0.005881	29.0
922	-0.201852	156.341624	0.003941	30.6
923	-0.507931	156.250000	0.006189	30.6
924	-0.328339	156.158519	0.003151	29.2
925	-0.412762	156.067180	0.004591	29.6
926	-0.021251	155.975984	0.002181	29.6
927	-0.000000	155.884930	0.000000	29.6
928	-0.755302	155.794017	0.004728	29.0
929	-0.911169	155.703246	0.006276	30.3
930	-0.375608	155.612615	0.004446	30.6
931	-0.497151	155.522125	0.004072	29.0
932	-0.807196	155.431775	0.007411	29.4
933	-0.781652	155.341565	0.007194	29.4
934	-0.793786	155.251495	0.005110	29.5
935	-0.512243	155.161563	0.005638	29.4
936	-0.951355	155.071771	0.008374	29.6
937	-0.713856	154.982117	0.006392	31.0
938	-0.636897	154.892601	0.005605	29.8
939	-0.816701	154.803222	0.005095	29.2
940	-0.377650	154.713981	0.005048	29.2
941	-0.000000	154.624878	0.000000	30.1
942	-0.882354	154.535910	0.005142	30.3
943	-0.000028	154.447080	0.000035	31.1
944	-0.286950	154.358385	0.003663	29.6
945	-0.499861	154.269826	0.006901	29.3
946	-0.151975	154.181402	0.002256	29.1
947	-0.478192	154.093114	0.003857	30.3
948	-0.731093	154.004960	0.007355	28.9
949	-0.277713	153.916940	0.004500	30.1
950	-0.000000	153.829054	0.000000	28.6
951	-0.000000	153.741303	0.000000	28.9
952	-0.274580	153.653684	0.004828	29.6
953	-0.801916	153.566198	0.005243	28.9
954	-0.056343	153.478846	0.002697	28.9
955	-0.785215	153.391625	0.006396	29.7
956	-0.000000	153.304537	0.000000	30.7
957	-0.730042	153.217580	0.005347	29.4
958	-0.000000	153.130755	0.000000	29.4
959	-0.617823	153.044061	0.003681	29.6
960	-0.000000	152.957498	0.000000	29.8
961	-0.856585	152.871065	0.006802	28.7
962	-0.481708	152.784762	0.006663	29.6
963	-0.764853	152.698589	0.004732	29.9
964	-0.573498	152.612545	0.005502	33.7
965	-0.660442	152.526631	0.006472	30.7
966	-0.739753	152.440845	0.008481	30.1
967	-0.000000	152.355188	0.000000	29.5
968	-0.458755	152.269660	0.003758	29.2
969	-0.428900	152.184259	0.004901	29.2
970	-0.329701	152.098986	0.004429	29.3
971	-0.000000	152.013840	0.000000	29.4
972	-0.567499	151.928821	0.006313	29.2
973	-1.029304	151.843928	0.006997	30.0
974	-0.740162	151.759163	0.007601	28.9
975	-0.000000	151.674523	0.000000	30.3
976	-0.592536	151.590009	0.006427	30.0
977	-0.808646	151.505620	0.006637	30.0
978	-0.022108	151.421357	0.001247	29.0
979	-0.717261	151.337218	0.005640	30.3
980	-0.000000	151.253204	0.000000	31.5
981	-0.302511	151.169314	0.005553	30.5
982	-0.000000	151.085549	0.000000	29.1
983	-0.248200	151.001907	0.003068	29.2
984	-0.649337	150.918388	0.006865	29.9
985	-0.745738	150.834992	0.006290	30.0
986	-0.000000	150.751719	0.000000	29.8
987	-0.676997	150.668569	0.006846	29.7
988	-0.768113	150.585541	0.008603	29.1
989	-0.607862	150.502634	0.005801	30.3
990	-0.577005	150.419849	0.005851	30.4
991	-0.000000	150.337186	0.000000	30.4
992	-0.000000	150.254644	0.000000	29.7
993	-0.000000	150.172222	0.000000	29.0
994	-0.704768	150.089921	0.006069	29.3
995	-0.318220	150.007740	0.002783	29.0
996	-0.317891	149.925679	0.003287	31.1
997	-0.691665	149.843737	0.005061	30.8
998	-0.150462	149.761915	0.003128	28.9
999	-0.001074	149.680212	0.000043	30.1
1000	-0.699405	149.598627	0.005511	30.7
1001	-0.873018	149.517161	0.007500	30.8
1002	-0.000000	149.435814	0.000000	32.5
1003	-0.000000	149.354584	0.000000	31.4
1004	-0.315418	149.273472	0.004417	29.3
1005	-0.906501	149.192477	0.005800	29.6
1006	-0.691264	149.111599	0.007069	30.7
1007	-0.885274	149.030838	0.007169	30.0
1008	-0.523692	148.950194	0.006910	29.7
1009	-0.874367	148.869666	0.006439	29.6
1010	-0.000000	148.789253	0.000000	29.5
1011	-0.657309	148.708957	0.007663	29.9
1012	-0.206161	148.628776	0.003187	29.9
1013	-0.000000	148.548710	0.000000	30.0
1014	-0.808560	148.468759	0.005068	28.0
1015	-0.814559	148.388923	0.006347	29.8
1016	-0.000000	148.309201	0.000000	29.5
1017	-0.550916	148.229594	0.006585	30.8
1018	-0.801079	148.150100	0.005156	29.9
1019	-0.000000	148.070719	0.000000	29.2
1020	-0.045849	147.991452	0.001531	29.5
1021	-0.083604	147.912298	0.000492	30.0
1022	-0.284296	147.833257	0.004782	29.8
1023	-0.750012	147.754329	0.004608	29.9
1024	-0.801202	147.675512	0.004797	29.0
1025	-0.005310	147.596808	0.000080	30.1
1026	-0.526525	147.518216	0.006266	29.7
1027	-0.869456	147.439735	0.008039	29.5
1028	-0.666813	147.361365	0.004840	28.3
1029	-0.943187	147.283106	0.006331	29.9
1030	-0.818392	147.204958	0.007446	31.4
1031	-0.000176	147.126920	0.000026	30.6
1032	-0.000000	147.048993	0.000000	30.3
1033	-0.001521	146.971175	0.000052	29.3
1034	-0.224609	146.893468	0.003375	28.6
1035	-0.000000	146.815869	0.000000	29.4
1036	-0.823753	146.738380	0.005595	30.0
1037	-0.862601	146.661000	0.006863	29.3
1038	-0.380412	146.583729	0.003810	29.0
1039	-0.816829	146.506566	0.005802	31.0
1040	-0.007889	146.429511	0.000036	30.2
1041	-0.516810	146.352565	0.006788	29.0
1042	-0.465511	146.275726	0.004804	29.7
1043	-0.416188	146.198994	0.005826	29.5
1044	-0.790390	146.122370	0.008568	29.5
1045	-0.000000	146.045853	0.000000	29.9
1046	-0.922967	145.969442	0.005774	29.6
1047	-0.535801	145.893139	0.005309	30.2
1048	-0.000000	145.816941	0.000000	29.5
1049	-0.719942	145.740849	0.004731	30.4
1050	-0.222020	145.664863	0.005308	30.8
1051	-0.295188	145.588983	0.004577	29.7
1052	-0.909187	145.513208	0.009128	28.8
1053	-0.958240	145.437538	0.005502	28.8
1054	-0.000000	145.361973	0.000000	29.8
1055	-0.004139	145.286513	0.000082	29.5
1056	-0.000000	145.211157	0.000000	29.6
1057	-0.684926	145.135905	0.005571	28.9
1058	-0.675279	145.060757	0.005918	30.1
1059	-0.000000	144.985712	0.000000	30.4
1060	-0.451882	144.910771	0.004648	30.6
1061	-0.341311	144.835934	0.004708	28.4
1062	-0.027142	144.761199	0.003974	30.0
1063	-0.419603	144.686567	0.002465	31.8
1064	-0.504619	144.612037	0.005024	30.3
1065	-0.711730	144.537610	0.007215	30.1
1066	-0.000000	144.463285	0.000000	29.6
1067	-0.241617	144.389062	0.003155	29.9
1068	-0.666859	144.314940	0.005611	29.2
1069	-0.621651	144.240920	0.007928	29.5
1070	-0.222059	144.167001	0.003582	30.6
1071	-0.000000	144.093182	0.000000	30.3
1072	-0.597584	144.019465	0.008114	30.9
1073	-0.467732	143.945848	0.005620	29.8
1074	-0.000000	143.872331	0.000000	30.0
1075	-0.488788	143.798914	0.005335	30.0
1076	-0.043260	143.725597	0.001365	30.1
1077	-0.809219	143.652380	0.004737	29.1
1078	-0.516774	143.579262	0.003384	29.0
1079	-0.508692	143.506243	0.008121	30.2
1080	-0.936375	143.433323	0.007663	30.1
1081	-0.000000	143.360502	0.000000	29.3
1082	-0.078182	143.287780	0.001714	29.3
1083	-0.351222	143.215155	0.004903	29.5
1084	-0.765834	143.142629	0.006505	30.0
1085	-0.774024	143.070201	0.005292	30.3
1086	-0.501155	142.997870	0.004937	30.1
1087	-0.000000	142.925637	0.000000	29.8
1088	-0.538039	142.853501	0.008910	28.5
1089	-0.714740	142.781462	0.004485	29.8
1090	-0.336190	142.709519	0.003278	29.4
1091	-0.313494	142.637674	0.004800	30.1
1092	-0.000000	142.565924	0.000000	29.8
1093	-0.000000	142.494271	0.000000	29.8
1094	-0.000000	142.422714	0.000000	29.9
1095	-0.218926	142.351252	0.002538	29.1
1096	-0.224126	142.279886	0.003603	30.0
1097	-0.000063	142.208616	0.000002	29.6
1098	-0.796285	142.137440	0.007724	30.0
1099	-1.009697	142.066360	0.009332	29.4
1100	-0.994760	141.995374	0.010113	29.4
1101	-0.595050	141.924483	0.005704	29.3
1102	-0.718966	141.853685	0.005484	29.7
1103	-0.018748	141.782983	0.001382	30.0
1104	-0.933123	141.712373	0.008136	31.2
1105	-0.000000	141.641858	0.000000	29.7
1106	-0.390196	141.571436	0.004606	29.1
1107	-0.000000	141.501108	0.000000	29.9
1108	-0.007034	141.430872	0.001669	29.5
1109	-0.085840	141.360730	0.002209	29.4
1110	-0.001537	141.290680	0.000028	28.7
1111	-0.365445	141.220722	0.003879	29.1
1112	-0.036819	141.150857	0.000576	30.7
1113	-0.829781	141.081084	0.005534	30.1
1114	-0.611651	141.011403	0.006348	29.4
1115	-0.000000	140.941813	0.000000	29.9
1116	-0.000000	140.872315	0.000000	29.6
1117	-0.934382	140.802909	0.006573	29.7
1118	-1.042793	140.733593	0.007926	29.0
1119	-0.135188	140.664369	0.002266	29.9
1120	-0.000000	140.595235	0.000000	30.1
1121	-0.000000	140.526192	0.000000	28.7
1122	-0.000000	140.457239	0.000000	30.0
1123	-0.000000	140.388376	0.000000	30.9
1124	-0.743097	140.319603	0.005357	29.6
1125	-0.464784	140.250920	0.008010	29.1
1126	-0.823911	140.182326	0.007290	29.7
1127	-0.000000	140.113822	0.000000	30.0
1128	-0.000000	140.045407	0.000000	30.2
1129	-0.474468	139.977081	0.005940	30.7
1130	-0.000000	139.908844	0.000000	29.6
1131	-0.598417	139.840696	0.003587	31.2
1132	-0.000000	139.772635	0.000000	30.5
1133	-0.610816	139.704664	0.007132	30.2
1134	-0.000000	139.636780	0.000000	29.5
1135	-0.735522	139.568984	0.005708	29.8
1136	-0.734921	139.501276	0.007944	29.4
1137	-0.467605	139.433655	0.006470	30.4
1138	-0.928599	139.366122	0.010035	29.3
1139	-0.000000	139.298676	0.000000	30.0
1140	-0.576230	139.231317	0.007157	30.0
1141	-0.773730	139.164045	0.005195	29.6
1142	-0.710501	139.096859	0.006021	29.9
1143	-0.596627	139.029760	0.007470	29.8
1144	-0.000000	138.962747	0.000000	30.4
1145	-0.291331	138.895820	0.002006	31.0
1146	-0.884676	138.828978	0.005430	29.6
1147	-0.053192	138.762223	0.001926	29.9
1148	-0.000000	138.695553	0.000000	30.8
1149	-0.000000	138.628969	0.000000	29.3
1150	-0.723765	138.562469	0.007030	29.8
1151	-0.606923	138.496055	0.004290	29.9
1152	-0.764449	138.429725	0.007390	30.3
1153	-0.694479	138.363481	0.008334	29.7
1154	-0.872256	138.297320	0.006961	29.2
1155	-0.857152	138.231244	0.006384	30.3
1156	-0.709973	138.165252	0.006596	29.1
1157	-0.906094	138.099344	0.007345	29.7
1158	-0.510516	138.033520	0.006662	28.5
1159	-0.645567	137.967779	0.006195	30.2
1160	-0.000000	137.902122	0.000000	29.8
1161	-0.419496	137.836548	0.003420	30.0
1162	-0.895981	137.771057	0.005280	30.2
1163	-0.785580	137.705649	0.005299	33.1
1164	-0.492468	137.640324	0.005400	31.5
1165	-0.372938	137.575081	0.003154	30.3
1166	-0.359283	137.509921	0.004203	29.3
1167	-0.000000	137.444842	0.000000	29.3
1168	-0.748948	137.379846	0.004348	29.3
1169	-0.460767	137.314932	0.005899	30.2
1170	-0.504879	137.250100	0.006985	29.9
1171	-0.468470	137.185349	0.004787	29.1
1172	-0.871921	137.120680	0.006510	28.9
1173	0.000000	137.056092	0.000000	30.7
1174	-0.499026	136.991585	0.004633	30.5
1175	-0.464572	136.927158	0.004357	30.4
1176	-0.351536	136.862813	0.004102	31.0
1177	-0.479154	136.798548	0.005390	30.9
1178	-0.633144	136.734363	0.004994	29.8
1179	-0.955437	136.670259	0.007471	32.6
1180	-0.080766	136.606235	0.002020	30.8
1181	-0.733036	136.542291	0.007426	30.7
1182	-0.055614	136.478426	0.002500	32.6
1183	-0.000933	136.414641	0.000264	31.9
1184	-0.691479	136.350936	0.003898	36.2
1185	-0.774191	136.287310	0.006136	34.4
1186	-0.332903	136.223763	0.003015	33.9
1187	-0.602299	136.160295	0.006180	35.0
1188	-0.214346	136.096905	0.003743	32.8
1189	-0.604365	136.033594	0.004444	34.3
1190	-0.000000	135.970362	0.000000	32.4
1191	-0.703395	135.907208	0.006800	32.5
1192	-0.650140	135.844133	0.003649	30.9
1193	-0.965484	135.781135	0.007018	31.0
1194	-0.571386	135.718215	0.004696	32.9
1195	-0.126009	135.655373	0.003308	32.8
1196	-0.355626	135.592608	0.004392	29.4
1197	-0.061811	135.529921	0.002513	30.5
1198	-0.000000	135.467311	0.000000	29.2
1199	-0.001454	135.404778	0.000058	30.6
1200	-0.775025	135.342322	0.005452	31.9
1201	-0.518884	135.279942	0.005249	30.7
1202	-0.013823	135.217640	0.000140	30.0
1203	-0.305437	135.155413	0.002742	30.3
1204	-0.017399	135.093263	0.000608	29.7
1205	-0.115256	135.031190	0.001352	30.3
1206	-0.703940	134.969192	0.007300	28.7
1207	-0.896066	134.907270	0.006225	31.0
1208	-0.630353	134.845424	0.005357	29.9
1209	-0.134913	134.783653	0.002428	29.7
1210	-0.887532	134.721958	0.005713	30.4
1211	-0.082782	134.660338	0.002160	32.5
1212	-0.796176	134.598793	0.005354	33.0
1213	-0.941251	134.537323	0.007100	31.5
1214	-0.762573	134.475927	0.006545	30.9
1215	-0.587878	134.414607	0.005327	30.3
1216	-0.657697	134.353361	0.009118	30.1
1217	-0.854153	134.292189	0.008581	28.5
1218	-0.775324	134.231092	0.004890	30.9
1219	-0.254979	134.170068	0.001544	28.4
1220	-0.859519	134.109119	0.007714	29.4
1221	-0.789615	134.048243	0.005289	29.4
1222	-0.486086	133.987441	0.005395	31.1
1223	-0.855754	133.926713	0.007580	29.9
1224	-0.401149	133.866057	0.004037	30.4
1225	-0.001171	133.805475	0.000154	30.2
1226	-0.244005	133.744966	0.003588	30.1
1227	-0.000000	133.684530	0.000000	28.9
1228	-0.856435	133.624167	0.006927	32.0
1229	-0.000000	133.563877	0.000000	30.9
1230	-0.538145	133.503658	0.006069	29.5
1231	-0.325223	133.443513	0.004643	29.6
1232	-0.726852	133.383439	0.006571	29.8
1233	-0.667891	133.323437	0.006288	29.7
1234	-0.831899	133.263508	0.006535	30.4
1235	-0.000000	133.203650	0.000000	31.5
1236	-0.703502	133.143864	0.006198	31.1
1237	-0.860765	133.084149	0.006455	30.9
1238	-0.000000	133.024506	0.000000	29.6
1239	-0.721460	132.964934	0.004778	30.3
1240	-0.776686	132.905433	0.006712	30.4
1241	-0.744486	132.846003	0.005726	31.1
1242	-0.000000	132.786643	0.000000	29.6
1243	-0.789440	132.727355	0.005515	30.2
1244	-0.627791	132.668137	0.004606	29.5
1245	-0.181321	132.608989	0.003086	31.3
1246	-0.572398	132.549912	0.005286	31.4
1247	-0.429714	132.490904	0.003262	31.6
1248	-0.599427	132.431967	0.006797	31.3
1249	-0.000000	132.373100	0.000000	34.0
1250	-0.931067	132.314302	0.006470	31.2
1251	-0.481095	132.255574	0.005864	31.1
1252	-0.672769	132.196916	0.004055	31.0
1253	-0.601336	132.138326	0.005751	30.7
1254	-0.600528	132.079806	0.006554	31.2
1255	-0.000000	132.021355	0.000000	30.9
1256	-0.703568	131.962973	0.004639	31.2
1257	-0.512980	131.904660	0.005945	30.3
1258	-0.338517	131.846415	0.005479	30.1
1259	-0.718391	131.788239	0.007420	30.8
1260	-0.661919	131.730131	0.007860	31.0
1261	-0.000405	131.672092	0.000033	30.6
1262	-0.626774	131.614121	0.008704	30.5
1263	-0.895291	131.556217	0.006928	31.6
1264	-0.334890	131.498382	0.003400	30.4
1265	-0.348461	131.440614	0.006474	30.7
1266	-0.842210	131.382914	0.007053	31.2
1267	-0.788297	131.325282	0.004694	30.1
1268	-0.000000	131.267717	0.000000	31.0
1269	-0.703365	131.210219	0.005578	30.7
1270	-0.519723	131.152788	0.006894	31.0
1271	-0.000039	131.095424	0.000003	29.7
1272	-0.029924	131.038127	0.003014	30.1
1273	-0.104439	130.980897	0.001692	30.6
1274	-0.011098	130.923733	0.001131	53.1
1275	-0.683370	130.866636	0.004669	41.1
1276	-0.144776	130.809605	0.001631	34.2
1277	-0.379064	130.752641	0.004638	31.7
1278	-0.000000	130.695742	0.000000	31.4
1279	-0.000000	130.638910	0.000000	31.9
1280	-0.623512	130.582143	0.006264	32.5
1281	-0.829868	130.525442	0.005225	30.7
1282	-0.471444	130.468807	0.004127	30.5
1283	-0.738461	130.412237	0.004966	30.3
1284	-0.000000	130.355733	0.000000	29.8
1285	-0.000000	130.299294	0.000000	31.2
1286	-0.413280	130.242920	0.005349	32.0
1287	-1.055462	130.186611	0.008273	30.2
1288	-0.021611	130.130366	0.001380	30.3
1289	-0.000000	130.074187	0.000000	29.2
1290	-0.000000	130.018072	0.000000	31.1
1291	-0.136491	129.962022	0.002212	31.9
1292	-0.212629	129.906036	0.005064	32.1
1293	-0.000000	129.850114	0.000000	31.3
1294	-0.025436	129.794257	0.001294	30.0
1295	-0.776933	129.738463	0.005618	30.5
1296	-0.780725	129.682734	0.007534	32.4
1297	-0.093267	129.627068	0.002282	37.6
1298	-0.372510	129.571466	0.005193	39.9
1299	-0.302692	129.515927	0.004547	42.9
1300	-0.153119	129.460452	0.002242	39.8
1301	-0.051622	129.405040	0.001896	36.8
1302	-0.762509	129.349692	0.009459	35.7
1303	-0.843529	129.294406	0.006909	33.3
1304	-0.840487	129.239183	0.005272	32.4
1305	-0.733923	129.184024	0.006198	41.0
1306	-0.031351	129.128927	0.001366	34.5
1307	-0.724171	129.073892	0.004743	34.2
1308	-0.512012	129.018921	0.005971	39.0
1309	-0.604875	128.964011	0.007406	31.0
1310	-0.732882	128.909164	0.006923	30.0
1311	-0.684483	128.854379	0.005932	29.8
1312	-0.034191	128.799656	0.000953	30.6
1313	-0.000000	128.744995	0.000000	30.0
1314	-0.000000	128.690396	0.000000	28.9
1315	-0.506408	128.635858	0.004422	30.5
1316	-0.203292	128.581382	0.003863	30.3
1317	-0.618100	128.526968	0.006394	30.7
1318	-0.693126	128.472615	0.005693	29.5
1319	-0.002171	128.418323	0.000047	29.6
1320	-0.778675	128.364092	0.006197	30.6
1321	-0.432187	128.309922	0.004370	31.1
1322	-0.073286	128.255814	0.000977	31.9
1323	-0.651590	128.201766	0.004916	30.6
1324	-0.008282	128.147778	0.000084	29.4
1325	-0.257721	128.093852	0.002661	29.1
1326	-0.637123	128.039985	0.005754	29.2
1327	-0.000000	127.986180	0.000000	30.9
1328	-0.448820	127.932434	0.006167	30.4
1329	-0.546612	127.878749	0.005656	29.9
1330	-0.000155	127.825123	0.000005	31.0
1331	-0.000000	127.771558	0.000000	29.7
1332	-0.000000	127.718052	0.000000	31.2
1333	-0.000000	127.664606	0.000000	36.9
1334	-0.094289	127.611220	0.001441	32.4
1335	-0.397609	127.557893	0.003651	34.0
1336	-0.798198	127.504625	0.006091	33.2
1337	-0.000000	127.451417	0.000000	35.4
1338	-0.702960	127.398268	0.006733	33.4
1339	-0.228825	127.345178	0.003094	32.9
1340	-0.000000	127.292147	0.000000	34.5
1341	-0.357035	127.239175	0.003290	31.9
1342	-0.620388	127.186261	0.006553	30.6
1343	-0.915251	127.133407	0.006314	31.1
1344	-0.000000	127.080610	0.000000	31.0
1345	-0.433489	127.027872	0.004192	31.7
1346	-0.709552	126.975193	0.005659	31.1
1347	-0.528923	126.922572	0.007686	32.8
1348	-0.164881	126.870008	0.002500	31.6
1349	-0.820179	126.817503	0.006448	32.7
1350	-0.979882	126.765056	0.008267	32.0
1351	-0.776631	126.712667	0.005874	30.5
1352	-0.537845	126.660335	0.005935	29.8
1353	-0.433062	126.608061	0.006062	33.3
1354	-0.204127	126.555844	0.003892	30.0
1355	-0.004300	126.503685	0.000000	31.5
1356	-0.100530	126.451583	0.002314	31.1
1357	-0.559842	126.399538	0.004707	31.9
1358	-0.000000	126.347550	0.000000	31.2
1359	-0.594582	126.295619	0.006115	31.6
1360	-0.641287	126.243745	0.007445	31.2
1361	-0.000000	126.191928	0.000000	31.3
1362	-0.000000	126.140168	0.000000	29.7
1363	-0.707293	126.088464	0.006983	32.3
1364	-0.685480	126.036817	0.007367	33.4
1365	-0.000000	125.985226	0.000000	35.1
1366	-0.086196	125.933691	0.002155	32.4
1367	-0.001174	125.882212	0.000141	30.5
1368	-0.007076	125.830790	0.000095	30.3
1369	-0.743529	125.779423	0.004723	31.6
1370	-0.000000	125.728113	0.000000	29.7
1371	-0.000486	125.676858	0.000039	29.9
1372	-0.863159	125.625659	0.006033	29.9
1373	-0.036081	125.574515	0.001274	30.2
1374	-0.659530	125.523427	0.005905	30.1
1375	-0.528782	125.472394	0.005017	29.9
1376	-0.875265	125.421417	0.007070	30.4
1377	-0.547103	125.370495	0.006012	29.9
1378	-0.763092	125.319628	0.004808	30.1
1379	-0.000000	125.268815	0.000000	31.6
1380	-0.134996	125.218058	0.002494	31.2
1381	-0.780857	125.167356	0.006319	30.1
1382	-0.096825	125.116708	0.001809	30.9
1383	-0.526858	125.066115	0.005678	29.5
1384	-0.405381	125.015576	0.002727	30.6
1385	-0.766539	124.965092	0.004966	31.0
1386	-0.712985	124.914662	0.005374	30.8
1387	-0.255612	124.864287	0.004293	30.1
1388	-0.456320	124.813965	0.005099	29.6
1389	-0.013538	124.763698	0.001067	29.6
1390	-0.243832	124.713485	0.003388	30.3
1391	-0.694101	124.663325	0.007074	31.1
1392	-0.000000	124.613219	0.000000	29.8
1393	-0.496249	124.563167	0.006300	30.0
1394	-0.701959	124.513168	0.005306	29.8
1395	-0.591418	124.463223	0.006110	31.5
1396	-0.136888	124.413332	0.002830	31.4
1397	-0.000000	124.363493	0.000000	32.4
1398	-0.464231	124.313708	0.004600	30.0
1399	-0.961816	124.263976	0.007541	29.9
1400	-0.785649	124.214297	0.004384	30.3
1401	-0.000000	124.164671	0.000000	29.4
1402	-0.831238	124.115097	0.005984	30.9
1403	-0.388646	124.065577	0.003780	31.0
1404	-0.000000	124.016109	0.000000	29.9
1405	-0.509897	123.966693	0.004893	30.3
1406	-0.841190	123.917330	0.006763	29.6
1407	-0.542053	123.868020	0.006702	30.0
1408	-0.000000	123.818762	0.000000	29.7
1409	-0.707097	123.769556	0.006656	31.3
1410	-0.482665	123.720402	0.003975	29.8
1411	-0.751048	123.671300	0.006622	30.3
1412	-0.398396	123.622250	0.004286	29.7
1413	-0.000000	123.573252	0.000000	30.8
1414	-0.000000	123.524305	0.000000	30.7
1415	-0.068273	123.475411	0.001798	30.9
1416	-0.446110	123.426568	0.005797	31.2
1417	-0.468532	123.377776	0.006457	31.0
1418	-0.657835	123.329036	0.005214	30.5
1419	-0.583901	123.280347	0.007194	29.7
1420	-0.001907	123.231709	0.000545	30.6
1421	-0.795598	123.183122	0.005552	30.1
1422	-0.000000	123.134587	0.000000	31.2
1423	-0.000000	123.086102	0.000000	30.6
1424	-0.166937	123.037669	0.001877	30.4
1425	-0.719134	122.989286	0.005540	29.6
1426	-0.847007	122.940954	0.008076	29.9
1427	-0.845874	122.892672	0.008204	30.8
1428	-0.820070	122.844441	0.007085	29.9
1429	-0.337693	122.796261	0.003688	30.0
1430	-0.677340	122.748130	0.005105	29.8
1431	-0.794669	122.700050	0.005747	30.4
1432	-0.825241	122.652021	0.007501	30.1
1433	-0.000000	122.604041	0.000000	30.5
1434	-0.810387	122.556111	0.005404	30.5
1435	-0.717990	122.508232	0.005222	30.2
1436	-0.894901	122.460402	0.005683	29.8
1437	-0.224505	122.412622	0.002036	31.5
1438	-0.000000	122.364891	0.000000	29.5
1439	-0.385021	122.317210	0.004624	30.3
1440	-0.000000	122.269579	0.000000	30.0
1441	-0.000000	122.221997	0.000000	29.7
1442	-0.001046	122.174465	0.000044	29.7
1443	-0.447268	122.126981	0.005425	30.8
1444	-0.576914	122.079547	0.005013	30.3
1445	-0.426513	122.032162	0.006870	29.8
1446	-0.053419	121.984826	0.002660	29.2
1447	-0.454671	121.937539	0.004986	30.0
1448	-0.000000	121.890301	0.000000	30.9
1449	-0.000871	121.843112	0.000442	30.5
1450	-0.084621	121.795971	0.002222	31.8
1451	-0.294192	121.748879	0.004198	31.4
1452	-0.614779	121.701835	0.005621	29.1
1453	-0.820811	121.654840	0.007539	29.5
1454	-0.028221	121.607893	0.000217	30.3
1455	-0.064787	121.560994	0.001875	30.4
1456	-0.000000	121.514144	0.000000	29.9
1457	-0.000043	121.467342	0.000003	30.3
1458	-0.819077	121.420588	0.006305	29.8
1459	-0.434804	121.373882	0.006588	31.1
1460	-0.922364	121.327223	0.008407	30.7
1461	-0.537361	121.280613	0.003863	30.1
1462	-0.000000	121.234050	0.000000	30.6
1463	-0.618583	121.187535	0.004320	29.5
1464	-0.000000	121.141067	0.000000	29.3
1465	-0.566330	121.094647	0.006205	30.5
1466	-0.695068	121.048274	0.005547	31.0
1467	-0.418320	121.001949	0.007111	29.6
1468	-0.456594	120.955671	0.003961	30.0
1469	-0.688531	120.909440	0.004723	29.7
1470	-0.000000	120.863256	0.000000	30.1
1471	-0.000000	120.817119	0.000000	30.2
1472	-0.883413	120.771029	0.008940	29.6
1473	-0.794115	120.724986	0.006707	29.8
1474	-0.627270	120.678990	0.005478	29.3
1475	-0.000000	120.633040	0.000000	30.5
1476	-0.403629	120.587137	0.004027	29.7
1477	-0.014219	120.541281	0.000563	30.5
1478	-0.873887	120.495471	0.007453	30.0
1479	-0.912287	120.449707	0.006494	30.4
1480	-0.712540	120.403990	0.005881	29.6
1481	-0.515098	120.358319	0.004473	30.4
1482	-0.414780	120.312694	0.005117	30.3
1483	-0.698703	120.267115	0.006116	31.6
1484	-0.000000	120.221582	0.000000	30.6
1485	-0.757560	120.176096	0.007615	29.0
1486	-0.718803	120.130655	0.005300	30.9
1487	-0.850936	120.085260	0.006301	30.9
1488	-0.771645	120.039910	0.005285	30.4
1489	-1.059393	119.994606	0.007900	29.3
1490	-0.742065	119.949348	0.006620	30.8
1491	-0.138302	119.904135	0.003308	29.5
1492	-0.834116	119.858968	0.006506	30.0
1493	-0.371149	119.813846	0.006407	30.5
1494	-0.703857	119.768769	0.005516	29.7
1495	-0.493172	119.723738	0.004233	30.3
1496	-0.846697	119.678752	0.005445	30.0
1497	-0.371887	119.633810	0.004895	31.0
1498	-0.006003	119.588914	0.000168	30.3
1499	-0.721896	119.544062	0.007058	29.5
1500	-0.416680	119.499256	0.005855	29.7
1501	-0.926191	119.454494	0.007043	29.6
1502	-0.008708	119.409777	0.000063	29.8
1503	-0.809413	119.365104	0.006010	31.0
1504	-0.780251	119.320476	0.007054	30.6
1505	-1.010188	119.275893	0.006241	32.6
1506	-0.391721	119.231353	0.006555	31.0
1507	-0.945747	119.186859	0.008122	30.6
1508	-0.760648	119.142408	0.007083	30.0
1509	-0.545985	119.098002	0.003907	29.9
1510	-0.000000	119.053639	0.000000	29.5
1511	-0.060793	119.009321	0.001639	30.9
1512	-0.788887	118.965047	0.005520	29.3
1513	-0.032920	118.920816	0.002632	29.5
1514	-0.736274	118.876630	0.005053	29.9
1515	-0.864722	118.832487	0.005869	30.9
1516	-0.804589	118.788388	0.004768	30.3
1517	-0.110805	118.744332	0.002189	31.5
1518	-0.120580	118.700320	0.003498	30.4
1519	-0.000000	118.656352	0.000000	30.1
1520	-0.305855	118.612427	0.003921	30.5
1521	-0.000000	118.568545	0.000000	30.3
1522	-0.005861	118.524706	0.000075	30.7
1523	-0.000077	118.480911	0.000003	31.0
1524	-0.783106	118.437159	0.007065	29.9
1525	-0.000000	118.393450	0.000000	29.5
1526	-0.025332	118.349784	0.001305	30.5
1527	-1.016271	118.306160	0.009412	30.3
1528	-0.230851	118.262580	0.004272	30.6
1529	-0.789373	118.219042	0.005603	30.4
1530	-0.000000	118.175548	0.000000	30.3
1531	-0.684053	118.132095	0.006952	29.1
1532	-0.006371	118.088686	0.000147	31.1
1533	-0.002943	118.045319	0.000058	30.5
1534	-0.974973	118.001994	0.007973	30.8
1535	-0.000513	117.958712	0.000032	31.5
1536	-0.458053	117.915472	0.004392	30.6
1537	-0.941098	117.872274	0.007033	30.2
1538	-0.369997	117.829118	0.006454	30.5
1539	-0.000003	117.786005	0.000000	30.6
1540	-0.865602	117.742933	0.006814	30.4
1541	-0.157952	117.699904	0.001754	29.9
1542	-0.922397	117.656916	0.006780	30.0
1543	-0.514744	117.613971	0.004766	29.9
1544	-0.384327	117.571067	0.004487	30.1
1545	-0.000000	117.528205	0.000000	30.4
1546	-0.694772	117.485384	0.006258	30.8
1547	-0.747721	117.442605	0.006799	29.7
1548	-0.427933	117.399867	0.004099	28.7
1549	-0.775392	117.357171	0.005580	31.9
1550	-0.000000	117.314517	0.000000	30.6
1551	-0.005405	117.271903	0.000087	30.7
1552	-0.819332	117.229331	0.007308	29.8
1553	-0.004688	117.186800	0.000160	29.7
1554	-0.828269	117.144311	0.007126	29.7
1555	-0.308707	117.101862	0.003873	29.9
1556	-0.732177	117.059454	0.006651	30.3
1557	-0.000000	117.017087	0.000000	29.4
1558	-0.742337	116.974762	0.005776	29.8
1559	-0.665132	116.932476	0.007640	29.8
1560	-0.860537	116.890232	0.006900	31.1
1561	-0.000000	116.848028	0.000000	30.5
1562	-0.757480	116.805865	0.004996	30.5
1563	-0.004051	116.763743	0.000101	30.7
1564	-0.408792	116.721661	0.005626	30.4
1565	-0.001017	116.679619	0.000092	29.1
1566	-0.611549	116.637618	0.006273	29.5
1567	-0.815034	116.595657	0.005023	30.7
1568	-0.289491	116.553736	0.003770	30.3
1569	-0.960351	116.511855	0.005993	29.8
1570	-0.674408	116.470015	0.006565	29.2
1571	-0.690686	116.428214	0.006363	30.3
1572	-0.000001	116.386454	0.000000	30.4
1573	-0.868525	116.344733	0.006029	30.3
1574	-0.000000	116.303052	0.000000	29.7
1575	-0.693270	116.261412	0.004227	29.8
1576	-0.587593	116.219810	0.004873	30.1
1577	-0.374493	116.178249	0.003351	29.8
1578	-0.979620	116.136727	0.006347	31.1
1579	-0.013484	116.095245	0.000750	29.9
1580	-0.561544	116.053802	0.005717	30.4
1581	-0.495121	116.012398	0.005655	29.9
1582	-0.783153	115.971034	0.007648	32.2
1583	-0.000000	115.929710	0.000000	30.9
1584	-0.000000	115.888424	0.000000	30.4
1585	-0.000000	115.847178	0.000000	31.3
1586	-0.492551	115.805970	0.004959	29.6
1587	-0.160129	115.764802	0.001703	29.2
1588	-0.507259	115.723673	0.004816	29.6
1589	-0.026304	115.682583	0.001814	30.2
1590	-0.246203	115.641532	0.002095	30.1
1591	-0.003640	115.600519	0.000290	29.7
1592	-0.000000	115.559546	0.000000	29.6
1593	-0.704619	115.518610	0.006769	30.0
1594	-0.000000	115.477714	0.000000	30.5
1595	-0.250005	115.436856	0.003668	31.1
1596	-0.177774	115.396037	0.003443	29.9
1597	-0.848977	115.355256	0.007478	30.7
1598	-0.660804	115.314514	0.006765	30.2
1599	-0.414025	115.273810	0.004394	30.0
1600	-0.354926	115.233144	0.004155	30.8
1601	-0.415271	115.192517	0.004750	30.0
1602	-0.893051	115.151927	0.007285	30.2
1603	-0.663571	115.111376	0.005836	30.7
1604	-0.000000	115.070863	0.000000	29.2
1605	-0.694421	115.030388	0.006109	30.7
1606	-0.649480	114.989951	0.006777	30.6
1607	-0.860303	114.949551	0.005962	29.9
1608	-0.196629	114.909190	0.002423	29.7
1609	-1.020980	114.868866	0.009551	29.7
1610	-0.539567	114.828580	0.005831	30.9
1611	-0.782989	114.788332	0.005606	30.3
1612	-0.578522	114.748121	0.004462	30.9
1613	-0.713742	114.707948	0.008195	30.3
1614	-0.744441	114.667812	0.006017	30.1
1615	-0.807640	114.627714	0.007607	29.8
1616	-0.477241	114.587653	0.003834	30.1
1617	-0.772321	114.547629	0.008354	30.3
1618	-0.168419	114.507643	0.003210	30.2
1619	-0.402239	114.467693	0.004532	29.5
1620	-0.905811	114.427781	0.007633	29.7
1621	-0.521864	114.387907	0.005639	29.9
1622	-0.956575	114.348069	0.006220	30.6
1623	-1.019255	114.308268	0.009954	30.4
1624	-0.000000	114.268504	0.000000	30.2
1625	-0.879567	114.228777	0.008466	30.1
1626	-0.863085	114.189086	0.005521	29.5
1627	-0.712456	114.149433	0.005117	29.8
1628	-0.008797	114.109816	0.000410	29.7
1629	-0.885882	114.070235	0.008149	29.4
1630	-0.705206	114.030692	0.006098	29.5
1631	-0.707412	113.991185	0.006862	30.4
1632	-0.925044	113.951714	0.006276	30.6
1633	-0.562828	113.912280	0.005133	30.1
1634	-0.000000	113.872882	0.000000	31.2
1635	-0.387174	113.833521	0.004473	30.0
1636	-0.486652	113.794195	0.006423	30.0
1637	-0.817317	113.754906	0.005538	31.0
1638	-0.000060	113.715653	0.000005	31.5
1639	-0.875202	113.676437	0.006672	29.7
1640	-0.862282	113.637256	0.006384	30.0
1641	-0.827498	113.598111	0.007702	30.0
1642	-0.786215	113.559002	0.007600	29.7
1643	-0.454602	113.519929	0.006391	29.8
1644	-0.709025	113.480892	0.006815	30.5
1645	-0.000650	113.441891	0.000019	30.0
1646	-0.000000	113.402925	0.000000	29.9
1647	-0.886632	113.363995	0.006486	30.2
1648	-0.811344	113.325101	0.006421	31.6
1649	-0.027400	113.286242	0.001469	31.1
1650	-0.410118	113.247419	0.004310	30.1
1651	-0.000000	113.208631	0.000000	29.9
1652	-0.570106	113.169879	0.004874	29.9
1653	-0.807244	113.131162	0.004386	29.2
1654	-0.647780	113.092480	0.005223	30.2
1655	-0.649010	113.053833	0.007929	30.2
1656	-0.000000	113.015222	0.000000	30.8
1657	-0.000000	112.976646	0.000000	30.1
1658	-0.615341	112.938105	0.004560	31.1
1659	-0.024770	112.899599	0.000932	29.6
1660	-0.941328	112.861128	0.005371	31.3
1661	-0.855350	112.822692	0.006427	30.6
1662	-0.000000	112.784291	0.000000	29.1
1663	-0.577625	112.745924	0.007905	30.6
1664	-0.242431	112.707593	0.004336	30.5
1665	-0.441497	112.669296	0.006835	30.6
1666	-0.833904	112.631034	0.005251	31.0
1667	-0.103529	112.592806	0.002488	31.4
1668	-0.650719	112.554613	0.007413	30.9
1669	-0.781607	112.516455	0.006142	29.8
1670	-0.789846	112.478331	0.004622	29.8
1671	-0.567992	112.440241	0.006493	29.7
1672	-0.394659	112.402186	0.004465	29.7
1673	-0.850670	112.364165	0.009137	29.7
1674	-0.469200	112.326179	0.006519	30.1
1675	-0.236158	112.288227	0.004301	30.6
1676	-0.363854	112.250309	0.004113	29.0
1677	-0.877490	112.212425	0.008683	29.5
1678	-0.544833	112.174575	0.004347	30.5
1679	-0.859238	112.136759	0.005291	29.8
1680	-0.000000	112.098977	0.000000	30.8
1681	-0.804763	112.061229	0.005674	30.8
1682	-0.775017	112.023515	0.005652	31.9
1683	-0.431542	111.985834	0.005436	30.2
1684	-0.890927	111.948188	0.006422	30.5
1685	-0.943546	111.910575	0.007842	30.2
1686	-0.142549	111.872996	0.002547	29.8
1687	-0.000000	111.835450	0.000000	28.9
1688	-0.465505	111.797939	0.004689	29.1
1689	-0.507350	111.760460	0.006444	29.8
1690	-0.694369	111.723015	0.007330	29.9
1691	-0.056340	111.685604	0.003897	30.2
1692	-0.000000	111.648226	0.000000	29.4
1693	-0.780489	111.610881	0.005871	30.7
1694	-0.646793	111.573570	0.005514	30.4
1695	-0.604263	111.536292	0.005661	30.3
1696	-0.113658	111.499047	0.001068	29.6
1697	-0.000000	111.461835	0.000000	30.1
1698	-0.738983	111.424656	0.004019	30.6
1699	-0.553180	111.387510	0.006399	30.0
1700	-0.930194	111.350398	0.009357	29.7
1701	-0.576482	111.313318	0.005143	29.4
1702	-0.000000	111.276271	0.000000	29.8
1703	-0.000000	111.239257	0.000000	29.1
1704	-0.696527	111.202276	0.006195	30.4
1705	-0.996773	111.165328	0.007524	29.3
1706	-0.166233	111.128412	0.002074	29.8
1707	-0.060633	111.091529	0.001161	29.3
1708	-0.000000	111.054679	0.000000	29.8
1709	-0.581061	111.017861	0.006471	29.7
1710	-0.681656	110.981076	0.006521	29.7
1711	-0.000002	110.944323	0.000000	29.8
1712	-0.046995	110.907603	0.000849	29.0
1713	-0.827771	110.870915	0.007155	30.0
1714	-1.013492	110.834259	0.006668	32.0
1715	-0.000000	110.797636	0.000000	30.5
1716	-0.758678	110.761045	0.005542	29.8
1717	-0.509207	110.724486	0.005694	29.2
1718	-0.601327	110.687959	0.005139	29.1
1719	-0.862714	110.651465	0.004958	30.4
1720	-0.000000	110.615002	0.000000	29.4
1721	-0.741029	110.578572	0.005644	30.1
1722	-0.834477	110.542173	0.006522	29.5
1723	0.000000	110.505807	0.000000	30.1
1724	-0.075710	110.469472	0.002067	30.1
1725	-0.541968	110.433169	0.004394	29.8
1726	-0.677510	110.396898	0.005895	30.1
1727	-0.845340	110.360659	0.008402	29.7
1728	-0.009871	110.324451	0.000271	30.2
1729	-0.711478	110.288276	0.005880	30.2
1730	-0.848931	110.252131	0.006075	29.7
1731	-0.578309	110.216019	0.005248	29.8
1732	-0.778845	110.179937	0.007277	29.7
1733	-0.717088	110.143888	0.006113	30.3
1734	-0.871088	110.107869	0.006441	30.6
1735	-0.377729	110.071882	0.004481	30.8
1736	-0.410689	110.035927	0.004711	30.0
1737	-0.812085	110.000003	0.008031	30.7
1738	-0.799502	109.964110	0.006766	28.4
1739	-0.719420	109.928248	0.005880	30.6
1740	-0.780155	109.892417	0.007722	29.7
1741	-0.012523	109.856618	0.000157	30.3
1742	-0.917480	109.820850	0.007484	30.6
1743	-0.805664	109.785112	0.006160	29.9
1744	-0.000000	109.749406	0.000000	30.0
1745	-0.000000	109.713730	0.000000	31.0
1746	-0.000000	109.678086	0.000000	30.1
1747	-0.343814	109.642472	0.005496	30.0
1748	-0.520729	109.606890	0.006123	29.9
1749	-0.311355	109.571337	0.003037	30.9
1750	-0.896422	109.535816	0.006881	29.9
1751	-0.941282	109.500326	0.007438	29.6
1752	-0.446525	109.464866	0.004883	29.5
1753	-0.000000	109.429436	0.000000	30.7
1754	-0.000000	109.394038	0.000000	29.0
1755	-0.955664	109.358669	0.006045	30.0
1756	-0.802973	109.323331	0.005889	29.6
1757	-0.088434	109.288024	0.001142	29.6
1758	-0.112702	109.252747	0.002867	29.9
1759	-0.693274	109.217501	0.004627	30.2
1760	-0.914889	109.182284	0.008508	29.6
1761	-0.000000	109.147098	0.000000	30.0
1762	-0.789772	109.111942	0.005830	30.1
1763	-0.797091	109.076817	0.008585	31.0
1764	-0.000000	109.041721	0.000000	29.3
1765	-0.923527	109.006656	0.007236	29.4
1766	-0.861673	108.971620	0.007071	29.4
1767	-0.094381	108.936615	0.001314	29.4
1768	-0.390765	108.901640	0.003777	29.2
1769	-0.763121	108.866694	0.006256	29.7
1770	-0.555087	108.831779	0.003875	30.4
1771	-0.828041	108.796893	0.006902	29.5
1772	-0.060326	108.762037	0.001077	30.0
1773	-0.007491	108.727211	0.000179	29.2
1774	-0.958590	108.692415	0.007272	30.5
1775	-0.003303	108.657648	0.000769	30.2
1776	-0.458981	108.622911	0.005099	29.5
1777	-0.884473	108.588203	0.006357	29.7
1778	-0.208970	108.553525	0.003327	28.5
1779	-0.000000	108.518877	0.000000	30.9
1780	-0.008738	108.484258	0.000172	28.8
1781	-0.000000	108.449668	0.000000	29.9
1782	-0.700997	108.415108	0.005927	31.5
1783	-0.194647	108.380578	0.002696	29.8
1784	-0.794788	108.346076	0.007366	30.6
1785	-0.000000	108.311604	0.000000	30.5
1786	-0.478997	108.277161	0.005990	30.2
1787	-0.572196	108.242747	0.004887	30.0
1788	-0.196832	108.208363	0.002723	30.5
1789	-0.680928	108.174007	0.004253	29.1
1790	-0.776731	108.139681	0.004116	30.4
1791	-0.368253	108.105383	0.006401	30.8
1792	-0.043949	108.071115	0.001314	30.9
1793	-0.916618	108.036875	0.006484	30.4
1794	-0.544448	108.002665	0.006060	29.9
1795	-0.000014	107.968483	0.000001	30.0
1796	-0.016556	107.934330	0.000362	30.3
1797	-0.003352	107.900206	0.000054	30.4
1798	-0.614725	107.866111	0.005906	29.7
1799	-0.362319	107.832044	0.003865	29.2
1800	-0.986173	107.798007	0.008118	30.6
1801	-0.000000	107.763997	0.000000	30.8
1802	-0.000000	107.730017	0.000000	29.9
1803	-0.908101	107.696065	0.006483	30.0
1804	-0.762663	107.662141	0.003968	29.8
1805	-0.673647	107.628246	0.006379	29.6
1806	-0.523014	107.594379	0.006035	29.7
1807	-0.872307	107.560541	0.006411	30.7
1808	-0.829262	107.526731	0.005320	29.7
1809	-0.000000	107.492949	0.000000	29.4
1810	-0.000000	107.459196	0.000000	28.8
1811	-0.000000	107.425471	0.000000	30.5
1812	-0.000000	107.391774	0.000000	28.8
1813	-0.774770	107.358106	0.005578	28.8
1814	-0.479177	107.324465	0.005215	33.0
1815	-0.245517	107.290853	0.004273	30.7
1816	-0.459176	107.257268	0.004929	30.2
1817	-0.820761	107.223712	0.006354	30.4
1818	-0.884667	107.190184	0.006989	30.0
1819	-0.000000	107.156683	0.000000	29.9
1820	-0.431121	107.123211	0.005618	29.8
1821	-0.000079	107.089766	0.000005	29.1
1822	-0.427654	107.056349	0.004266	29.7
1823	-0.036674	107.022960	0.000996	29.3
1824	-0.406623	106.989599	0.003927	30.2
1825	-0.000000	106.956265	0.000000	30.1
1826	-0.693522	106.922960	0.006797	29.9
1827	-0.632323	106.889681	0.006021	30.8
1828	-0.746807	106.856431	0.005311	30.5
1829	-0.000620	106.823208	0.000087	30.2
1830	-0.513590	106.790012	0.006117	29.8
1831	-0.407477	106.756844	0.004629	28.7
1832	-0.363782	106.723703	0.004129	29.6
1833	-0.596312	106.690590	0.007441	30.2
1834	-0.000000	106.657505	0.000000	29.3
1835	-0.641532	106.624446	0.004924	29.1
1836	-0.511910	106.591415	0.004233	30.5
1837	-0.429239	106.558411	0.005855	29.9
1838	-0.211744	106.525435	0.004286	29.8
1839	-0.027307	106.492485	0.002168	29.9
1840	-0.847488	106.459563	0.006857	29.2
1841	-0.651342	106.426668	0.006149	29.5
1842	-0.626353	106.393800	0.005889	30.3
1843	-0.891546	106.360959	0.006376	29.5
1844	-0.882601	106.328145	0.006861	29.6
1845	-0.714214	106.295358	0.006635	29.4
1846	-0.028918	106.262598	0.001009	30.9
1847	-0.781621	106.229865	0.007122	32.4
1848	-0.012847	106.197158	0.000302	29.9
1849	-0.000000	106.164479	0.000000	30.6
1850	-0.027727	106.131826	0.001928	32.5
1851	-0.512593	106.099201	0.006230	30.6
1852	-0.588618	106.066602	0.006540	30.0
1853	-0.551772	106.034029	0.006351	30.0
1854	-0.472623	106.001483	0.005227	30.0
1855	-0.615582	105.968964	0.005097	29.5
1856	-0.780230	105.936472	0.006120	29.6
1857	-0.891234	105.904006	0.005279	29.9
1858	-0.889534	105.871566	0.006600	30.0
1859	-0.000197	105.839153	0.000009	30.6
1860	-0.000000	105.806767	0.000000	31.0
1861	-0.106810	105.774407	0.001287	29.5
1862	-0.414634	105.742073	0.004928	29.1
1863	-0.000000	105.709766	0.000000	29.2
1864	-0.053830	105.677485	0.002560	30.3
1865	-0.376045	105.645230	0.006856	29.7
1866	-0.146479	105.613001	0.003240	29.2
1867	-0.537207	105.580799	0.005021	29.6
1868	-0.000000	105.548623	0.000000	31.0
1869	-0.689580	105.516473	0.005263	30.8
1870	-0.731755	105.484349	0.007039	30.1
1871	-0.845099	105.452251	0.006363	30.2
1872	-0.767409	105.420179	0.005918	28.9
1873	-0.878620	105.388133	0.006409	30.0
1874	-0.829969	105.356113	0.008053	30.7
1875	-0.007383	105.324119	0.000142	30.4
1876	-0.000204	105.292151	0.000012	29.4
1877	-0.000000	105.260209	0.000000	29.8
1878	-0.162424	105.228293	0.003771	29.1
1879	-0.786815	105.196402	0.006366	29.5
1880	-0.960582	105.164537	0.006606	30.0
1881	-0.837851	105.132698	0.005573	32.3
1882	-0.698086	105.100885	0.004635	29.8
1883	-0.665183	105.069097	0.005771	30.9
1884	-0.582711	105.037335	0.006017	29.9
1885	-0.770172	105.005598	0.005118	29.7
1886	-0.047445	104.973887	0.001316	29.6
1887	-0.699953	104.942202	0.005945	29.4
1888	-0.351080	104.910542	0.003359	29.1
1889	-0.576669	104.878907	0.006836	30.5
1890	-0.000000	104.847298	0.000000	29.0
1891	-0.302213	104.815715	0.003149	30.2
1892	-0.725198	104.784156	0.004824	29.7
1893	-0.670122	104.752623	0.005119	29.0
1894	-0.355014	104.721116	0.003878	29.8
1895	-0.000004	104.689633	0.000009	30.5
1896	-0.889849	104.658176	0.007036	30.7
1897	-0.351796	104.626744	0.004108	30.4
1898	-0.000053	104.595337	0.000003	29.5
1899	-0.691682	104.563955	0.006817	29.6
1900	-0.778590	104.532599	0.008221	30.3
1901	-0.404181	104.501267	0.004372	29.8
1902	-0.848424	104.469960	0.008574	29.5
1903	-0.998147	104.438679	0.007269	29.6
1904	-1.131539	104.407422	0.009177	30.1
1905	-0.467822	104.376191	0.005929	30.2
1906	-0.093230	104.344984	0.001606	29.7
1907	-0.538740	104.313802	0.004448	30.1
1908	-0.643683	104.282645	0.006584	29.2
1909	-0.629700	104.251513	0.006243	29.9
1910	-0.000000	104.220405	0.000000	29.9
1911	-0.000000	104.189323	0.000000	30.2
1912	-0.279348	104.158265	0.004284	29.3
1913	-0.000000	104.127231	0.000000	29.1
1914	-0.000000	104.096222	0.000000	31.9
1915	-0.000000	104.065238	0.000000	30.0
1916	-0.413964	104.034279	0.005177	29.9
1917	-0.368709	104.003344	0.004026	29.6
1918	-0.000000	103.972433	0.000000	30.7
1919	-0.002229	103.941547	0.000061	30.0
1920	-0.039412	103.910686	0.000757	31.2
1921	-0.000000	103.879849	0.000000	30.5
1922	-0.506564	103.849036	0.005814	29.8
1923	-0.692771	103.818248	0.006829	30.1
1924	-0.156834	103.787484	0.002320	29.5
1925	-0.696292	103.756744	0.005873	30.4
1926	-0.000000	103.726029	0.000000	30.5
1927	-0.063968	103.695338	0.001390	30.3
1928	-0.624077	103.664671	0.004157	29.6
1929	-0.772328	103.634028	0.005380	29.2
1930	-1.091219	103.603409	0.008798	30.1
1931	-1.004792	103.572814	0.006810	30.8
1932	-0.006502	103.542244	0.000155	30.4
1933	-0.017398	103.511698	0.000185	30.0
1934	-0.000000	103.481175	0.000000	30.3
1935	-0.237228	103.450677	0.004552	30.0
1936	-0.657016	103.420202	0.004735	30.6
1937	-0.000000	103.389752	0.000000	29.9
1938	-0.387792	103.359325	0.004905	30.6
1939	-0.000000	103.328922	0.000000	29.5
1940	-0.004378	103.298543	0.000194	29.2
1941	-0.882879	103.268188	0.005558	30.0
1942	-0.890752	103.237857	0.004657	30.7
1943	-0.047925	103.207549	0.002058	29.8
1944	-0.936026	103.177265	0.005191	30.4
1945	-0.490297	103.147005	0.003595	29.7
1946	-0.047284	103.116768	0.001087	30.9
1947	-0.004129	103.086556	0.000000	30.9
1948	-0.200466	103.056366	0.002401	30.8
1949	-0.000000	103.026200	0.000000	30.3
1950	-0.681126	102.996058	0.005252	29.3
1951	-0.576232	102.965939	0.005861	29.4
1952	-0.475840	102.935844	0.006679	29.3
1953	-0.000000	102.905772	0.000000	30.3
1954	-0.549563	102.875724	0.006202	29.2
1955	-0.610149	102.845699	0.007923	29.7
1956	-0.521909	102.815697	0.003201	29.0
1957	-0.393992	102.785719	0.004928	29.9
1958	-0.763788	102.755764	0.007179	30.1
1959	-0.000000	102.725832	0.000000	29.9
1960	-0.942599	102.695924	0.007691	30.8
1961	-0.003247	102.666038	0.000057	30.6
1962	-0.989528	102.636176	0.007878	30.3
1963	-0.595024	102.606337	0.005577	30.6
1964	-0.837118	102.576521	0.006053	29.6
1965	-0.030359	102.546728	0.000270	29.5
1966	-0.278055	102.516959	0.004296	29.4
1967	-0.780215	102.487212	0.007414	30.0
1968	-0.000000	102.457488	0.000000	29.8
1969	-0.812651	102.427788	0.005255	30.7
1970	-0.683019	102.398110	0.005736	29.6
1971	-0.000000	102.368455	0.000000	29.6
1972	-0.778404	102.338823	0.005184	29.2
1973	-0.613320	102.309214	0.006629	30.1
1974	-0.736611	102.279628	0.006703	30.4
1975	-0.001688	102.250064	0.000041	29.7
1976	-0.569188	102.220524	0.007894	29.7
1977	-0.736395	102.191006	0.004267	29.2
1978	-0.968057	102.161511	0.005449	30.8
1979	-0.000000	102.132038	0.000000	29.5
1980	-0.000052	102.102588	0.000003	30.2
1981	-0.394524	102.073161	0.005403	32.2
1982	-0.000000	102.043757	0.000000	29.5
1983	-0.973953	102.014375	0.006248	30.6
1984	-0.000000	101.985015	0.000000	30.5
1985	-0.006438	101.955678	0.000183	29.7
1986	-0.795402	101.926364	0.007544	29.9
1987	-0.000000	101.897072	0.000000	29.7
1988	-0.006643	101.867802	0.001204	30.0
1989	-0.167600	101.838555	0.001232	29.9
1990	-0.035287	101.809330	0.000406	29.0
1991	-0.000117	101.780128	0.000004	29.8
1992	-1.135947	101.750948	0.009211	29.2
1993	-0.000000	101.721790	0.000000	29.3
1994	-0.008593	101.692654	0.000788	30.1
1995	-0.784324	101.663541	0.005404	30.0
1996	-0.737280	101.634450	0.006755	30.4
1997	-0.000000	101.605381	0.000000	29.4
1998	-0.764239	101.576335	0.005815	29.8
1999	-0.000000	101.547310	0.000000	29.8
