1:ItNr	2:Metric	3a:Time	3b:StepSize	4:||Gradient||	Time[ms]
0	-0.615756	0.000000	16.938284	0.030364	82.6
1	-0.629097	0.000000	16.938284	0.024126	2.4
2	-0.652026	0.000000	16.938284	0.021330	3.2
3	-0.612426	0.000000	16.938284	0.022247	2.3
4	-0.604090	0.000000	16.938284	0.020063	2.1
5	-0.640454	0.000000	16.938284	0.025163	2.0
6	-0.649436	0.000000	16.938284	0.020025	2.1
7	-0.608977	0.000000	16.938284	0.017689	2.0
8	-0.679284	0.000000	16.938284	0.019772	1.9
9	-0.670323	0.000000	16.938284	0.022437	2.7
10	-0.661497	0.000000	16.938284	0.023797	2.6
11	-0.685711	0.000000	16.938284	0.018466	2.0
12	-0.692564	0.000000	16.938284	0.019123	1.8
13	-0.650628	0.000000	16.938284	0.015820	1.6
14	-0.731911	0.000000	16.938284	0.021727	1.6
15	-0.682798	0.000000	16.938284	0.017604	2.2
16	-0.709094	0.000000	16.938284	0.016977	3.1
17	-0.711538	0.000000	16.938284	0.013988	2.6
18	-0.682978	0.000000	16.938284	0.014833	1.9
19	-0.715222	0.000000	16.938284	0.013125	2.1
20	-0.714295	0.000000	16.938284	0.017538	1.8
21	-0.724951	0.000000	16.938284	0.019193	1.8
22	-0.678899	0.000000	16.938284	0.018957	2.2
23	-0.728792	0.000000	16.938284	0.018097	3.5
24	-0.754227	0.000000	16.938284	0.019488	2.4
25	-0.745359	0.000000	16.938284	0.016656	2.1
26	-0.754033	0.000000	16.938284	0.014826	2.0
27	-0.742654	0.000000	16.938284	0.017446	1.6
28	-0.731941	0.000000	16.938284	0.015107	1.7
29	-0.737624	0.000000	16.938284	0.012289	2.3
30	-0.732016	0.000000	16.938284	0.013371	3.4
31	-0.767675	0.000000	16.938284	0.014581	3.2
32	-0.791729	0.000000	16.938284	0.010800	2.3
33	-0.761346	0.000000	16.938284	0.008522	2.2
34	-0.761603	0.000000	16.938284	0.011638	1.8
35	-0.767564	0.000000	16.938284	0.009404	2.5
36	-0.754639	0.000000	16.938284	0.014235	3.2
37	-0.781554	0.000000	16.938284	0.009247	2.6
38	-0.741390	0.000000	16.938284	0.005595	1.9
39	-0.747859	0.000000	16.938284	0.007022	2.0
40	-0.776834	0.000000	16.938284	0.006412	1.6
41	-0.780639	0.000000	16.938284	0.011690	1.9
42	-0.802355	0.000000	16.938284	0.009382	2.7
43	-0.773068	0.000000	16.938284	0.012545	3.5
44	-0.770451	0.000000	16.938284	0.011625	2.6
45	-0.728645	0.000000	16.938284	0.015398	1.7
46	-0.763530	0.000000	16.938284	0.012709	1.6
47	-0.784796	0.000000	16.938284	0.008493	1.7
48	-0.792179	0.000000	16.938284	0.010016	1.8
49	-0.791317	0.000000	16.938284	0.007718	2.0
50	-0.788395	0.000000	16.938284	0.013088	2.6
51	-0.778026	0.000000	16.938284	0.007301	2.5
52	-0.798537	1.000000	16.168362	0.003644	1.9
53	-0.755308	0.902672	16.240209	0.010162	2.1
54	-0.787865	0.798062	16.318146	0.013837	2.1
55	-0.776570	0.693423	16.396857	0.009204	1.8
56	-0.763018	0.588784	16.476332	0.011057	1.6
57	-0.794793	0.484145	16.556580	0.013601	2.3
58	-0.777063	1.484145	15.820213	0.008032	2.4
59	-0.786508	1.379505	15.894183	0.012381	1.9
60	-0.800996	1.274888	15.968833	0.009607	1.6
61	-0.787232	1.170249	16.044202	0.006167	1.9
62	-0.812016	1.459032	15.837903	0.013777	1.9
63	-0.755227	1.354431	15.912011	0.011262	1.6
64	-0.775588	1.249792	15.986844	0.004406	1.8
65	-0.809175	1.145153	16.062385	0.008248	2.6
66	-0.754798	1.046595	16.134190	0.003996	2.9
67	-0.766895	0.941957	16.211132	0.004438	1.8
68	-0.787569	0.838122	16.288212	0.009449	1.9
69	-0.761050	0.733483	16.366634	0.004178	1.9
70	-0.784472	0.628947	16.445736	0.007808	1.8
71	-0.779094	0.550770	16.505395	0.007878	1.7
72	-0.803234	1.550769	15.773474	0.007794	1.8
73	-0.773361	1.447656	15.845929	0.005954	2.4
74	-0.768565	2.447656	15.170129	0.005269	1.7
75	-0.764554	2.343026	15.238126	0.008585	1.7
76	-0.753367	3.334998	14.616971	0.007629	1.6
77	-0.811900	3.230359	14.680094	0.008048	2.0
78	-0.751128	4.230357	14.098253	0.003868	2.0
79	-0.780217	4.125718	14.156967	0.007606	1.6
80	-0.793707	5.124603	13.615670	0.005405	1.6
81	-0.774991	5.027183	13.666633	0.010297	2.0
82	-0.770140	6.027183	13.160971	0.004718	3.3
83	-0.766304	5.922544	13.212123	0.004236	2.3
84	-0.751698	6.027009	13.161056	0.006454	2.9
85	-0.759364	5.922370	13.212208	0.006088	2.2
86	-0.781315	6.922370	12.739032	0.006144	1.8
87	-0.741596	6.918034	12.741010	0.007944	1.7
88	-0.779909	7.911246	12.303308	0.005803	2.3
89	-0.746420	8.846524	11.917769	0.006676	2.3
90	-0.761762	9.519969	11.654794	0.005866	2.2
91	-0.779472	9.812293	11.544222	0.005767	2.5
92	-0.776374	9.717050	11.580017	0.003272	2.4
93	-0.754975	10.285567	11.369587	0.005327	2.0
94	-0.756945	10.184106	11.406579	0.003210	1.8
95	-0.744601	10.086490	11.442397	0.009916	2.3
96	-0.776748	9.981851	11.481043	0.006961	2.2
97	-0.778352	10.980386	11.122566	0.008357	3.1
98	-0.781002	11.015967	11.110205	0.004403	1.8
99	-0.761435	11.347810	10.996230	0.007232	1.8
100	-0.787344	12.067151	10.757019	0.007268	1.8
101	-0.771846	11.962511	10.791167	0.004783	1.8
102	-0.767885	12.633811	10.575785	0.009241	2.0
103	-0.829644	12.558781	10.599430	0.009663	2.5
104	-0.721531	12.454142	10.632584	0.008358	2.1
105	-0.759780	13.454142	10.323983	0.007340	2.0
106	-0.754901	13.349503	10.355433	0.004319	1.7
107	-0.743666	13.264394	10.381154	0.005561	2.1
108	-0.754065	14.131664	10.124882	0.007881	2.1
109	-0.754323	15.131661	9.844661	0.007980	2.1
110	-0.806656	16.128352	9.580386	0.006319	2.8
111	-0.757125	16.023714	9.607463	0.003911	2.8
112	-0.783610	16.946078	9.373932	0.008885	2.2
113	-0.753072	16.851628	9.397323	0.009016	1.9
114	-0.756608	17.851623	9.155447	0.008888	1.7
115	-0.754401	18.851517	8.925732	0.009977	1.8
116	-0.764430	19.851517	8.707240	0.007538	1.8
117	-0.797281	19.748407	8.729273	0.005918	1.9
118	-0.778023	20.621525	8.546154	0.008765	2.3
119	-0.793974	21.619160	8.346104	0.007160	1.7
120	-0.745281	21.514853	8.366581	0.005142	1.6
121	-0.750947	22.514075	8.174458	0.007132	1.9
122	-0.753904	23.380022	8.014957	0.006162	1.7
123	-0.809769	24.181623	7.872758	0.005749	1.6
124	-0.803836	25.181614	7.702285	0.010823	1.6
125	-0.761774	25.076975	7.719777	0.004486	1.8
126	-0.795857	24.972351	7.737345	0.006606	2.7
127	-0.779304	24.867723	7.754995	0.004848	2.1
128	-0.759709	24.767537	7.771971	0.006596	1.6
129	-0.770337	24.664244	7.789551	0.006160	1.7
130	-0.768435	24.560430	7.807300	0.006651	1.9
131	-0.753487	24.455925	7.825250	0.007617	1.6
132	-0.785194	24.351297	7.843303	0.003892	1.5
133	-0.766360	24.247174	7.861352	0.006226	1.7
134	-0.753156	25.211303	7.697337	0.008318	1.7
135	-0.771944	26.211303	7.534297	0.008140	2.3
136	-0.761381	27.204225	7.379103	0.004558	1.7
137	-0.753249	27.101645	7.394840	0.004889	1.6
138	-0.774356	26.998008	7.410807	0.005445	1.7
139	-0.767599	27.969080	7.263848	0.007706	1.8
140	-0.760043	28.946405	7.121713	0.007765	1.8
141	-0.745671	28.841767	7.136664	0.004892	1.7
142	-0.794026	29.818241	6.999533	0.006607	1.7
143	-0.774324	29.713820	7.013945	0.007005	1.8
144	-0.767841	30.713796	6.878319	0.003960	2.3
145	-0.781020	30.613716	6.891656	0.006260	1.9
146	-0.775580	30.509077	6.905656	0.005726	2.0
147	-0.784950	31.506069	6.774530	0.007029	1.8
148	-0.761712	32.506049	6.647921	0.006015	1.6
149	-0.803136	33.385774	6.540386	0.006665	1.8
150	-0.811963	33.538287	6.522096	0.004807	1.7
151	-0.785043	33.452186	6.532409	0.006840	1.7
152	-0.750796	33.348848	6.544830	0.005461	2.0
153	-0.778688	34.321488	6.429761	0.009479	2.4
154	-0.774290	34.216881	6.441942	0.002868	1.7
155	-0.801219	34.114011	6.453966	0.008702	1.6
156	-0.747229	35.113376	6.339023	0.004552	1.8
157	-0.745740	36.097482	6.229766	0.005831	1.6
158	-0.779991	35.992858	6.241202	0.008533	1.8
159	-0.760084	35.888954	6.252602	0.009290	1.6
160	-0.778419	36.888954	6.144591	0.004722	1.8
161	-0.803587	37.887829	6.040365	0.011491	2.2
162	-0.771645	38.887250	5.939561	0.003310	2.1
163	-0.782702	38.782613	5.949957	0.005681	1.7
164	-0.763889	38.678299	5.960357	0.005199	1.8
165	-0.786867	39.678295	5.862129	0.006612	1.7
166	-0.738193	39.846541	5.845919	0.006131	1.8
167	-0.756757	39.741910	5.855989	0.005681	1.6
168	-0.780242	40.724957	5.762725	0.008893	1.6
169	-0.751888	41.637630	5.678758	0.007788	1.7
170	-0.756851	41.533008	5.688259	0.007460	2.2
171	-0.783029	42.532949	5.598732	0.005584	2.0
172	-0.774126	42.428310	5.607969	0.007149	2.0
173	-0.774693	43.428114	5.520943	0.004376	1.7
174	-0.765769	43.563653	5.509353	0.005650	1.9
175	-0.811740	44.549472	5.426496	0.006723	1.7
176	-0.745438	44.444832	5.435173	0.006707	1.8
177	-0.760059	45.444153	5.353428	0.009504	1.7
178	-0.757681	45.339515	5.361872	0.005408	2.0
179	-0.754392	45.234876	5.370342	0.007447	2.3
180	-0.764019	45.160837	5.376352	0.004707	1.9
181	-0.753408	45.056197	5.384869	0.007339	1.7
182	-0.747094	46.021760	5.307291	0.005471	1.7
183	-0.768808	45.917223	5.315582	0.005276	1.6
184	-0.783951	46.153977	5.296841	0.008603	1.8
185	-0.752263	46.049474	5.305097	0.005420	1.6
186	-0.731862	47.049474	5.227138	0.006737	2.0
187	-0.739880	48.049225	5.151455	0.004589	2.6
188	-0.728115	47.944610	5.159272	0.005775	2.0
189	-0.772425	48.929214	5.086629	0.003946	1.9
190	-0.787931	48.880177	5.090198	0.007179	1.7
191	-0.788247	49.879472	5.018434	0.007352	1.6
192	-0.756137	49.781650	5.025370	0.006479	1.6
193	-0.754499	49.677011	5.032810	0.005423	1.8
194	-0.746823	50.669111	4.963142	0.008211	1.7
195	-0.797551	51.668958	4.894854	0.010598	2.1
196	-0.781210	51.564319	4.901913	0.005970	2.3
197	-0.773315	51.459679	4.908992	0.007358	1.9
198	-0.772724	51.587118	4.900373	0.007698	1.7
199	-0.746727	51.482479	4.907448	0.012755	1.7
200	-0.771393	51.412988	4.912157	0.005871	1.7
201	-0.797848	51.383263	4.914174	0.006533	2.0
202	-0.737191	51.278624	4.921289	0.004716	1.7
203	-0.756020	52.256859	4.855572	0.004805	1.6
204	-0.799841	52.187024	4.860205	0.006511	2.5
205	-0.786013	52.082385	4.867164	0.007301	1.7
206	-0.753563	52.755235	4.822762	0.006469	2.0
207	-0.783850	52.650617	4.829613	0.004994	1.6
208	-0.795884	52.557607	4.835720	0.008743	1.7
209	-0.792937	52.452968	4.842608	0.006965	1.7
210	-0.758857	53.452968	4.777566	0.005123	1.6
211	-0.765296	53.503025	4.774356	0.007284	1.8
212	-0.797912	54.502537	4.711152	0.005863	1.8
213	-0.740832	54.470233	4.713169	0.005486	2.1
214	-0.785219	54.365595	4.719713	0.004779	1.9
215	-0.780512	54.260964	4.726274	0.003977	1.7
216	-0.755494	54.964918	4.682477	0.005674	1.7
217	-0.750842	55.964915	4.621638	0.005988	1.7
218	-0.778987	56.457122	4.592269	0.009065	1.6
219	-0.799331	56.352529	4.598479	0.005273	1.5
220	-0.775055	56.248151	4.604692	0.005865	1.7
221	-0.758227	56.144338	4.610889	0.007287	1.9
222	-0.788660	56.793017	4.572441	0.009507	2.1
223	-0.793601	56.688377	4.578599	0.010847	1.9
224	-0.787094	57.688351	4.520415	0.008024	1.8
225	-0.791791	58.679138	4.464204	0.009841	1.7
226	-0.747951	59.679137	4.408872	0.007128	1.8
227	-0.783951	59.574498	4.414597	0.006443	1.8
228	-0.738188	59.470842	4.420284	0.004876	1.8
229	-0.755211	60.463793	4.366406	0.010755	1.8
230	-0.791521	60.359154	4.372021	0.004344	2.3
231	-0.750488	61.356724	4.319064	0.008415	1.8
232	-0.784673	61.261468	4.324065	0.007123	1.7
233	-0.772477	61.241316	4.325125	0.007084	1.6
234	-0.787868	61.136677	4.330635	0.008094	1.7
235	-0.781797	61.789208	4.296502	0.006171	1.7
236	-0.780663	62.789200	4.245224	0.005582	1.7
237	-0.775444	62.684563	4.250533	0.005876	1.7
238	-0.761749	63.656616	4.201727	0.006623	1.8
239	-0.781006	63.793133	4.194962	0.007038	2.4
240	-0.743985	63.689209	4.200110	0.006045	1.8
241	-0.790841	63.585204	4.205274	0.007151	1.7
242	-0.758929	63.480622	4.210480	0.005977	1.6
243	-0.804492	64.480622	4.161223	0.007811	1.7
244	-0.766573	64.375983	4.166323	0.006099	1.5
245	-0.746457	65.375804	4.118097	0.008503	1.8
246	-0.782246	66.299873	4.074507	0.004708	1.7
247	-0.776075	66.195235	4.079397	0.007703	2.0
248	-0.768157	67.036099	4.040433	0.008034	2.4
249	-0.750532	66.931583	4.045235	0.007007	2.2
