1:ItNr	2:Metric	3:StepSize	4:||Gradient||	Time[ms]
0	-0.055823	627.201626	0.000944	785.5
1	-1.463440	623.504937	0.008453	4.2
2	-0.000052	619.865785	0.000009	4.0
3	-0.979255	616.282728	0.007258	3.7
4	-1.468084	612.754375	0.012566	4.3
5	-1.477460	609.279381	0.009648	4.8
6	-0.670386	605.856447	0.015978	3.9
7	-0.020235	602.484317	0.001569	4.2
8	-1.316710	599.161779	0.011278	4.6
9	-0.131915	595.887656	0.000553	4.8
10	-1.303756	592.660813	0.015145	4.3
11	-1.103353	589.480151	0.012996	4.0
12	-1.452041	586.344606	0.015781	4.0
13	-1.295954	583.253145	0.010387	4.6
14	-0.588723	580.204771	0.002626	4.5
15	-0.967429	577.198517	0.011742	4.3
16	-1.499626	574.233444	0.009323	4.7
17	-0.104471	571.308645	0.001786	4.1
18	-0.647118	568.423237	0.011608	4.1
19	-0.721875	565.576365	0.008133	4.6
20	-1.117564	562.767201	0.011039	5.0
21	-0.879805	559.994938	0.006391	4.1
22	-0.982449	557.258797	0.010523	4.5
23	-0.000000	554.558018	0.000000	5.0
24	-0.000215	551.891865	0.000028	5.1
25	-1.096632	549.259621	0.016676	4.5
26	-0.417998	546.660592	0.012886	4.2
27	-0.717477	544.094102	0.003585	4.8
28	-0.000000	541.559494	0.000000	4.7
29	-0.072380	539.056129	0.001126	4.4
30	-1.476747	536.583387	0.021609	5.5
31	-1.557600	534.140663	0.012080	4.5
32	-1.076625	531.727370	0.011665	4.6
33	-0.533277	529.342935	0.003593	4.3
34	-0.000000	526.986802	0.000000	4.8
35	-0.725823	524.658430	0.013103	5.0
36	-0.019405	522.357290	0.001324	4.5
37	-1.071195	520.082868	0.010355	5.4
38	-0.703379	517.834665	0.006460	4.4
39	-1.103077	515.612193	0.014387	4.8
40	-1.474508	513.414976	0.005730	4.8
41	-1.357633	511.242551	0.013666	5.0
42	-0.765180	509.094468	0.010354	4.8
43	-1.186901	506.970285	0.015379	4.5
44	-1.269167	504.869574	0.015275	5.4
45	-0.000000	502.791916	0.000000	4.4
46	-0.092595	500.736903	0.002139	4.4
47	-0.706958	498.704137	0.009506	5.0
48	-0.000019	496.693228	0.000005	5.1
49	-1.546070	494.703798	0.008634	4.8
50	-0.823913	492.735476	0.007812	4.5
51	-0.000000	490.787900	0.000000	5.3
52	-1.085274	488.860718	0.010409	4.5
53	-0.880756	486.953585	0.008932	4.5
54	-1.202144	485.066164	0.027235	5.3
55	-0.017964	483.198126	0.001556	4.8
56	-1.651078	481.349149	0.008095	4.7
57	-1.204646	479.518920	0.010217	4.9
58	-0.163644	477.707132	0.002373	4.8
59	-0.811513	475.913485	0.005905	4.6
60	-0.074550	474.137684	0.000210	4.7
61	-1.133007	472.379445	0.008098	5.3
62	-0.172259	470.638485	0.003250	4.9
63	-1.663740	468.914531	0.005695	4.5
64	-1.028993	467.207315	0.023529	5.4
65	-0.000000	465.516573	0.000000	4.4
66	-1.417303	463.842050	0.016279	4.6
67	-0.693457	462.183494	0.011680	4.6
68	-0.711152	460.540658	0.005722	5.7
69	-1.405470	458.913303	0.013034	5.1
70	-0.523928	457.301192	0.007678	4.7
71	-1.008415	455.704096	0.007229	5.3
72	-1.074535	454.121787	0.023423	4.6
73	-1.054221	452.554045	0.005648	4.5
74	-0.309101	451.000653	0.003618	5.2
75	-1.209542	449.461399	0.011764	4.6
76	-1.429767	447.936075	0.019748	4.5
77	-0.684126	446.424477	0.013857	4.7
78	-0.483387	444.926406	0.004075	4.9
79	-0.470998	443.441666	0.005205	4.6
80	-0.000000	441.970065	0.000000	5.0
81	-0.000000	440.511415	0.000000	5.5
82	-1.844560	439.065533	0.008722	4.8
83	-1.017238	437.632238	0.008603	4.8
84	-1.260637	436.211351	0.009402	5.5
85	-0.000000	434.802701	0.000000	4.8
86	-0.872270	433.406117	0.012891	4.8
87	-1.045809	432.021430	0.007118	5.2
88	-1.040343	430.648479	0.008768	5.6
89	-0.000013	429.287101	0.000003	5.1
90	-0.441519	427.937140	0.004549	4.7
91	-0.125131	426.598440	0.000920	5.2
92	-1.374433	425.270849	0.004304	4.8
93	-0.039947	423.954220	0.001363	4.7
94	-0.652072	422.648404	0.033566	5.5
95	-1.171140	421.353259	0.013185	4.8
96	-0.546264	420.068643	0.004838	4.8
97	-0.454607	418.794419	0.002737	5.4
98	-1.271679	417.530451	0.015571	4.9
99	-0.511535	416.276604	0.002657	5.1
100	-0.923001	415.032748	0.009498	5.4
101	-1.178797	413.798754	0.012511	4.8
102	-1.283183	412.574495	0.013325	4.8
103	-1.267510	411.359849	0.006799	4.8
104	-0.006438	410.154691	0.000082	5.4
105	-1.060578	408.958904	0.016977	4.9
106	-1.015143	407.772368	0.016576	4.7
107	-1.139608	406.594968	0.016975	5.7
108	-1.509978	405.426590	0.017351	4.7
109	-1.371039	404.267122	0.010914	5.0
110	-1.399980	403.116456	0.009181	5.6
111	-1.112304	401.974481	0.010001	6.9
112	-0.259939	400.841093	0.001886	4.7
113	-0.266396	399.716187	0.003973	5.3
114	-1.262911	398.599660	0.014128	4.8
115	-0.723764	397.491411	0.008401	4.7
116	0.000000	396.391342	0.000000	6.4
117	-1.048275	395.299353	0.018373	5.4
118	-0.654199	394.215350	0.007250	4.8
119	-0.131969	393.139238	0.001141	5.8
120	-0.236872	392.070924	0.002054	4.9
121	-0.339209	391.010316	0.004918	4.7
122	-1.268800	389.957325	0.013302	5.8
123	-0.848760	388.911862	0.008140	5.0
124	-0.004292	387.873839	0.000458	4.7
125	-1.645923	386.843173	0.007921	5.6
126	-1.602536	385.819777	0.033010	5.1
127	-0.000000	384.803569	0.000000	4.9
128	-0.544330	383.794468	0.005593	5.6
129	-0.000020	382.792393	0.000005	5.6
130	-0.460630	381.797264	0.008603	5.0
131	-0.336312	380.809005	0.002485	4.9
132	-0.000000	379.827537	0.000000	5.9
133	-1.007115	378.852786	0.005103	5.1
134	-0.318847	377.884678	0.004560	4.7
135	-0.593661	376.923138	0.004799	6.0
136	-1.240040	375.968095	0.016600	6.1
137	-0.374030	375.019479	0.003143	5.9
138	-0.878658	374.077218	0.007659	5.4
139	-1.147135	373.141244	0.018028	5.3
140	-0.424953	372.211489	0.002926	5.2
141	-1.145490	371.287887	0.016216	5.2
142	-0.782326	370.370370	0.010685	5.0
143	-1.138398	369.458876	0.016755	4.8
144	-1.191483	368.553338	0.011064	5.7
145	-0.002560	367.653696	0.000223	5.3
146	-1.244491	366.759885	0.012369	4.7
147	-0.003392	365.871846	0.000360	5.5
148	-0.023173	364.989518	0.000838	5.3
149	-1.030496	364.112841	0.007786	7.0
150	-1.250983	363.241757	0.008552	8.9
151	-0.733466	362.376208	0.006058	8.2
152	-1.096805	361.516137	0.013162	7.8
153	-0.000005	360.661488	0.000001	6.5
154	-0.847976	359.812206	0.010553	6.3
155	-0.015497	358.968236	0.000333	5.8
156	-1.091136	358.129524	0.019481	6.7
157	-0.675430	357.296018	0.011891	5.8
158	-0.000000	356.467665	0.000000	6.1
159	-1.527312	355.644414	0.022823	6.6
160	-1.364092	354.826213	0.008751	6.6
161	-1.480626	354.013012	0.015019	5.7
162	-0.631842	353.204763	0.004409	6.8
163	-0.127120	352.401415	0.004653	5.5
164	-1.067370	351.602922	0.015727	6.5
165	-0.141704	350.809235	0.002125	6.3
166	-1.433631	350.020308	0.018977	6.5
167	-0.799162	349.236095	0.008175	6.2
168	-0.000000	348.456550	0.000000	5.1
169	-0.219452	347.681627	0.003657	5.5
170	-1.386459	346.911283	0.010456	5.8
171	-0.000000	346.145474	0.000000	4.7
172	-1.473408	345.384157	0.011728	5.0
173	-0.619076	344.627288	0.005326	5.7
174	-0.998716	343.874826	0.018303	4.8
175	-1.159158	343.126729	0.015002	4.9
176	-0.000006	342.382957	0.000002	5.7
177	-0.206541	341.643469	0.009651	5.0
178	-1.070699	340.908224	0.015793	4.7
179	-0.428407	340.177184	0.004032	5.8
180	-1.248552	339.450309	0.012003	4.7
181	-1.613262	338.727561	0.019285	4.8
182	-0.952060	338.008902	0.006247	5.5
183	-0.005349	337.294295	0.000647	5.7
184	-0.861175	336.583703	0.013884	5.7
185	-0.293143	335.877089	0.004359	6.6
186	-0.286204	335.174416	0.002153	5.4
187	-1.310134	334.475651	0.012883	4.9
188	-0.000000	333.780756	0.000000	5.9
189	-1.211095	333.089698	0.008185	4.8
190	-1.353453	332.402443	0.006019	4.9
191	-0.833770	331.718955	0.004529	6.1
192	-0.000058	331.039203	0.000010	5.5
193	-0.609394	330.363153	0.004941	4.8
194	-1.268286	329.690771	0.008661	6.0
195	-0.714033	329.022027	0.008247	4.8
196	-0.068008	328.356888	0.001374	4.9
197	-0.007277	327.695322	0.000646	5.6
198	-0.064400	327.037299	0.001744	4.8
199	-1.176925	326.382787	0.003845	5.3
200	-0.902438	325.731758	0.006876	5.8
201	-0.478687	325.084179	0.003802	4.9
202	-1.002995	324.440023	0.017247	4.9
203	-0.132820	323.799258	0.001295	5.7
204	-0.868336	323.161858	0.009738	6.1
205	-1.345908	322.527792	0.008308	5.3
206	-0.007192	321.897034	0.000323	5.3
207	-0.000000	321.269554	0.000000	5.4
208	-0.001644	320.645325	0.000130	4.8
209	-1.073716	320.024320	0.010435	5.1
210	-0.220563	319.406512	0.003032	5.8
211	-1.304640	318.791875	0.013535	5.0
212	-1.168563	318.180381	0.009433	5.2
213	-0.757397	317.572005	0.004862	6.0
214	-0.221300	316.966721	0.002685	4.8
215	-1.325778	316.364504	0.017579	5.7
216	-0.384709	315.765329	0.002188	5.6
217	-0.000000	315.169170	0.000000	4.7
218	-0.000000	314.576003	0.000000	4.9
219	-1.596281	313.985804	0.013439	6.1
220	-1.315689	313.398548	0.012672	4.8
221	-1.337289	312.814213	0.014834	5.6
222	-0.010009	312.232773	0.000683	5.9
223	-0.000367	311.654207	0.000036	5.9
224	-1.472789	311.078491	0.015730	4.9
225	-0.024249	310.505602	0.000786	5.4
226	-0.000007	309.935518	0.000002	4.7
227	-1.515549	309.368217	0.017856	5.2
228	-1.122927	308.803676	0.011311	6.0
229	-1.611236	308.241874	0.007537	4.8
230	-0.563671	307.682789	0.011146	4.8
231	-1.513950	307.126400	0.014086	6.5
232	-0.309946	306.572687	0.004888	4.9
233	-1.198463	306.021627	0.015238	5.9
234	-0.682026	305.473201	0.003273	5.8
235	-0.553132	304.927388	0.000894	4.7
236	-0.421581	304.384168	0.016556	5.4
237	-0.000000	303.843521	0.000000	5.6
238	-0.000000	303.305427	0.000000	4.8
239	-0.194014	302.769867	0.001995	4.9
240	-1.073525	302.236821	0.017550	6.0
241	-0.019170	301.706270	0.000413	6.2
242	-1.465322	301.178196	0.009706	4.9
243	-0.730262	300.652580	0.007830	5.7
244	-1.220317	300.129402	0.015522	5.0
245	-0.548983	299.608645	0.004413	5.7
246	-0.704136	299.090291	0.009029	5.5
247	-1.373110	298.574321	0.013136	4.7
248	-1.163966	298.060718	0.010303	4.8
249	-0.860465	297.549465	0.002928	6.3
250	-0.098275	297.040543	0.000975	4.7
251	-0.279982	296.533936	0.003061	5.2
252	-1.062830	296.029626	0.006326	5.5
253	-0.496223	295.527597	0.011973	4.8
254	-0.923080	295.027832	0.008631	5.5
255	-0.000013	294.530315	0.000003	5.4
256	-1.367071	294.035028	0.010324	4.8
257	-0.199873	293.541956	0.003049	5.1
258	-0.065405	293.051083	0.000912	5.2
259	-0.929312	292.562393	0.007063	5.5
260	-0.000000	292.075870	0.000000	4.8
261	-1.152704	291.591498	0.003505	5.2
262	-1.421359	291.109263	0.021028	5.9
263	-1.121509	290.629149	0.011686	5.6
264	-1.151641	290.151140	0.017189	4.8
265	-1.328614	289.675222	0.010396	5.7
266	-1.340138	289.201380	0.025059	5.2
267	-0.036593	288.729600	0.000986	5.6
268	-0.982608	288.259866	0.011186	6.1
269	-0.656285	287.792165	0.006336	5.0
270	-0.835498	287.326481	0.008642	4.8
271	-0.875095	286.862802	0.013164	5.7
272	-0.374562	286.401113	0.001527	4.7
273	-0.454940	285.941400	0.011498	4.8
274	-1.029083	285.483649	0.007599	6.6
275	-0.772078	285.027847	0.007955	7.8
276	-0.135245	284.573981	0.001796	8.0
277	-1.464873	284.122037	0.007789	7.6
278	-1.095179	283.672002	0.017508	8.4
279	-0.416393	283.223863	0.003019	8.3
280	-1.442399	282.777607	0.018199	6.5
281	-0.041215	282.333221	0.001212	5.9
282	-0.006164	281.890692	0.000077	6.2
283	-1.183252	281.450008	0.015350	7.8
284	-1.382207	281.011157	0.008955	8.2
285	-1.532263	280.574125	0.010791	7.1
286	-0.391974	280.138901	0.011265	7.0
287	-0.000219	279.705473	0.000030	8.4
288	-0.805284	279.273829	0.007112	6.8
289	-1.256326	278.843956	0.018743	5.2
290	-0.000000	278.415844	0.000000	5.6
291	-0.571101	277.989479	0.010148	5.1
292	-0.636934	277.564851	0.004601	5.4
293	-1.215302	277.141949	0.011041	6.2
294	-1.526826	276.720761	0.013030	5.7
295	-0.111582	276.301275	0.001850	5.4
296	-0.858115	275.883480	0.019277	5.7
297	-0.830152	275.467366	0.005118	5.9
298	-0.974163	275.052922	0.005018	5.6
299	-0.721591	274.640136	0.002966	5.7
300	-0.983055	274.228998	0.016422	5.2
301	-1.508412	273.819497	0.016990	5.5
302	-1.096637	273.411623	0.010111	5.1
303	-1.243849	273.005365	0.016721	4.7
304	-0.051453	272.600712	0.001602	5.4
305	-1.096529	272.197655	0.015221	5.3
306	-1.479518	271.796184	0.010527	5.6
307	-1.414049	271.396287	0.012301	5.0
308	-0.064459	270.997956	0.001080	5.3
309	-1.182242	270.601180	0.010025	4.9
310	-0.000001	270.205949	0.000000	5.1
311	-0.096156	269.812254	0.002110	6.5
312	-0.502822	269.420085	0.004658	5.7
313	-0.212130	269.029432	0.001941	5.8
314	-0.688055	268.640287	0.003188	5.1
315	-1.142708	268.252638	0.014798	4.7
316	-1.093565	267.866478	0.009788	5.2
317	-1.281659	267.481796	0.007110	5.8
318	-1.542359	267.098584	0.008793	5.2
319	-1.213488	266.716833	0.004187	5.0
320	-0.004693	266.336533	0.000391	5.8
321	-0.821879	265.957676	0.008076	4.7
322	-0.000000	265.580253	0.000000	5.1
323	-0.369743	265.204254	0.007016	5.4
324	-0.000000	264.829672	0.000000	4.8
325	-0.467964	264.456497	0.011687	5.3
326	-0.000013	264.084721	0.000003	6.0
327	-1.446130	263.714335	0.012274	4.8
328	-0.476742	263.345332	0.003543	4.8
329	-0.638591	262.977702	0.024537	5.9
330	-0.004055	262.611438	0.000317	4.7
331	-0.754863	262.246531	0.004547	5.3
332	-1.150422	261.882973	0.010458	5.3
333	-0.882761	261.520756	0.002590	5.8
334	-0.000228	261.159871	0.000041	5.2
335	-0.533301	260.800312	0.005833	5.6
336	-0.641101	260.442070	0.006212	4.7
337	-0.871794	260.085137	0.006837	4.8
338	-1.377727	259.729505	0.009230	5.9
339	-0.974279	259.375167	0.009928	4.9
340	-1.351730	259.022116	0.016346	4.8
341	-0.922783	258.670343	0.015519	5.4
342	-0.000000	258.319841	0.000000	5.2
343	-1.533525	257.970602	0.022759	4.9
344	-0.000029	257.622620	0.000007	4.7
345	-0.957605	257.275887	0.012335	5.6
346	-1.259230	256.930396	0.005243	4.8
347	-1.389409	256.586139	0.015261	4.9
348	-0.000000	256.243109	0.000000	5.6
349	-1.619323	255.901300	0.013875	5.2
350	-1.005710	255.560703	0.016960	4.7
351	-1.406120	255.221313	0.011419	5.7
352	-0.593184	254.883122	0.003958	4.8
353	-1.117314	254.546124	0.018722	5.1
354	-1.331662	254.210311	0.017231	5.7
355	-0.010956	253.875677	0.000846	5.7
356	-0.224257	253.542215	0.002261	5.3
357	-1.584040	253.209918	0.010945	5.6
358	-0.676205	252.878781	0.012269	4.8
359	-0.000000	252.548795	0.000000	4.8
360	-0.815218	252.219956	0.005642	5.9
361	-0.682873	251.892255	0.004121	5.0
362	-0.005020	251.565688	0.000315	5.0
363	-1.251223	251.240247	0.013073	5.2
364	-0.371410	250.915926	0.006060	5.8
365	-0.700533	250.592720	0.013354	6.1
366	-0.164796	250.270621	0.000859	6.0
367	-1.279312	249.949624	0.009896	4.9
368	-0.664131	249.629723	0.009399	4.7
369	-1.408277	249.310911	0.009028	6.2
370	-0.000325	248.993182	0.000070	4.8
371	-0.450118	248.676531	0.002732	5.3
372	-0.000000	248.360952	0.000000	5.3
373	-1.067560	248.046438	0.009486	5.5
374	-1.624936	247.732984	0.015007	5.0
375	-1.304977	247.420584	0.014408	5.4
376	-0.725267	247.109233	0.008281	5.3
377	-0.000000	246.798924	0.000000	4.9
378	-1.139461	246.489652	0.005874	5.2
379	-0.000123	246.181412	0.000024	5.3
380	-0.527426	245.874197	0.011806	5.2
381	-1.408703	245.568002	0.008004	4.8
382	-1.823933	245.262822	0.013924	5.3
383	-0.161184	244.958652	0.002338	4.8
384	-1.625960	244.655485	0.019157	5.3
385	-0.821726	244.353317	0.015075	5.8
386	-0.000001	244.052142	0.000000	4.8
387	-0.305847	243.751955	0.004246	4.8
388	-0.014883	243.452750	0.000796	5.9
389	-0.000000	243.154523	0.000000	4.8
390	-0.866424	242.857268	0.013981	5.0
391	-1.579802	242.560980	0.019883	5.4
392	-1.015333	242.265654	0.005291	5.4
393	-0.007605	241.971285	0.000456	5.2
394	-1.297725	241.677868	0.012507	5.9
395	-1.299065	241.385397	0.007556	5.0
396	-1.089414	241.093869	0.010691	4.9
397	-0.000001	240.803278	0.000000	8.5
398	-1.321579	240.513619	0.008534	8.5
399	-0.012123	240.224887	0.001117	7.8
400	-0.132262	239.937077	0.001902	7.7
401	-0.010277	239.650186	0.000580	7.1
402	-0.000000	239.364207	0.000000	5.5
403	-0.330581	239.079136	0.005446	7.0
404	-1.710115	238.794969	0.010437	7.4
405	-1.348670	238.511701	0.014864	6.0
406	-0.531897	238.229327	0.018196	8.0
407	-0.000000	237.947843	0.000000	6.3
408	-0.199218	237.667244	0.003182	7.4
409	-1.320137	237.387526	0.006239	6.0
410	-1.169582	237.108684	0.005071	7.5
411	-0.000000	236.830714	0.000000	7.1
412	-1.539178	236.553610	0.015945	6.0
413	-0.691051	236.277370	0.019976	6.9
414	-1.202874	236.001989	0.014048	5.6
415	-1.553286	235.727461	0.011831	5.1
416	-1.024686	235.453784	0.008707	6.0
417	-0.559278	235.180952	0.006574	5.2
418	-0.535551	234.908962	0.005905	5.3
419	-0.659149	234.637809	0.005209	6.1
420	-0.977823	234.367488	0.009504	5.0
421	-0.864580	234.097997	0.007692	4.9
422	-1.264969	233.829331	0.011907	6.4
423	-1.233011	233.561485	0.010514	4.8
424	-0.638789	233.294456	0.006633	4.9
425	-1.361971	233.028239	0.012140	6.0
426	-0.998514	232.762831	0.011590	4.8
427	-0.000000	232.498228	0.000000	4.9
428	-0.523121	232.234425	0.010928	6.0
429	-1.568386	231.971419	0.010293	5.6
430	-1.137811	231.709205	0.011738	5.3
431	-0.243663	231.447781	0.005235	5.7
432	-1.184251	231.187141	0.014784	5.2
433	-0.092736	230.927283	0.001316	4.7
434	-0.867237	230.668202	0.005347	5.9
435	0.000000	230.409895	0.000000	4.8
436	-0.039566	230.152358	0.001537	4.9
437	-0.787065	229.895587	0.004699	4.8
438	-1.619313	229.639578	0.008725	5.3
439	-0.902510	229.384329	0.009712	5.5
440	-0.104170	229.129834	0.001229	5.0
441	-1.271125	228.876091	0.011990	5.7
442	-0.000000	228.623096	0.000000	4.8
443	-0.840980	228.370846	0.007503	5.4
444	-0.000355	228.119336	0.000049	5.6
445	-0.000007	227.868563	0.000002	5.0
446	-0.347034	227.618525	0.006090	5.0
447	-1.226061	227.369216	0.012578	5.8
448	-1.168005	227.120635	0.002373	5.8
449	-0.056587	226.872777	0.001546	5.7
450	-0.243960	226.625638	0.003099	5.5
451	-1.145826	226.379217	0.013019	4.9
452	-0.784535	226.133509	0.002901	5.3
453	-0.000000	225.888510	0.000000	5.6
454	-0.040085	225.644218	0.001333	5.3
455	-0.170525	225.400630	0.003391	5.0
456	-1.540540	225.157741	0.017410	5.8
457	-0.588257	224.915549	0.003060	4.9
458	-0.142584	224.674051	0.001657	5.3
459	-1.294574	224.433242	0.009223	5.6
460	-0.651283	224.193121	0.007397	4.9
461	-0.000000	223.953684	0.000000	5.2
462	-1.272389	223.714927	0.036567	5.8
463	-0.959433	223.476848	0.010749	5.1
464	-0.910212	223.239444	0.009080	4.7
465	-0.369025	223.002710	0.006876	5.5
466	-1.345667	222.766645	0.003086	4.9
467	-1.278459	222.531245	0.012363	5.2
468	-1.330350	222.296508	0.013688	5.3
469	-1.319577	222.062429	0.010411	5.8
470	-0.952921	221.829007	0.008126	5.3
471	-1.709143	221.596238	0.008726	5.5
472	-0.614530	221.364119	0.005863	5.0
473	-0.493528	221.132647	0.003465	4.8
474	-1.302678	220.901820	0.007793	6.0
475	0.000000	220.671634	0.000000	5.4
476	-1.518500	220.442086	0.013592	4.7
477	-0.835762	220.213174	0.013787	4.7
478	-0.792235	219.984895	0.004851	5.4
479	-1.314264	219.757246	0.012361	5.0
480	-1.475349	219.530224	0.012134	5.1
481	-1.009346	219.303826	0.009061	5.8
482	-1.418202	219.078050	0.015377	4.7
483	-0.007128	218.852893	0.000465	5.1
484	-1.499269	218.628352	0.015105	5.6
485	-1.335800	218.404424	0.010407	5.1
486	-1.550998	218.181106	0.031511	5.0
487	-1.137069	217.958397	0.006827	5.5
488	-0.033990	217.736292	0.001112	4.8
489	-1.078842	217.514790	0.010849	5.3
490	-0.372864	217.293888	0.013887	5.5
491	-1.455842	217.073584	0.015357	5.7
492	-0.023843	216.853873	0.000301	5.5
493	-0.000002	216.634755	0.000000	5.6
494	-1.272772	216.416227	0.016407	5.0
495	-0.268139	216.198285	0.002466	5.3
496	-0.000000	215.980927	0.000000	5.7
497	-0.762179	215.764151	0.006617	5.0
498	-0.020958	215.547955	0.000664	5.1
499	-0.222697	215.332335	0.003648	6.0
500	-0.762836	215.117289	0.015537	4.7
501	-1.351288	214.902815	0.014838	5.0
502	-1.146640	214.688911	0.011374	5.7
503	-1.276804	214.475573	0.011701	4.8
504	-0.142621	214.262800	0.003835	5.7
505	-1.481045	214.050588	0.009116	5.1
506	-0.619092	213.838936	0.008208	5.4
507	-0.063548	213.627842	0.001800	4.9
508	-0.114860	213.417302	0.000743	5.0
509	-0.806459	213.207314	0.003400	5.8
510	-1.354957	212.997877	0.012207	5.1
511	-0.851025	212.788987	0.014731	5.2
512	-0.108939	212.580642	0.001350	5.4
513	-0.490082	212.372841	0.018550	5.2
514	-0.194639	212.165581	0.002119	4.6
515	-0.000000	211.958859	0.000000	5.9
516	-0.726990	211.752673	0.007415	4.9
517	-1.472633	211.547021	0.009986	4.7
518	-0.801159	211.341902	0.005512	5.9
519	-0.901933	211.137311	0.005961	4.9
520	-1.380027	210.933248	0.006335	4.7
521	-0.157526	210.729710	0.002213	5.4
522	-0.001431	210.526695	0.000067	4.9
523	-1.537485	210.324200	0.010847	5.1
524	-1.646158	210.122224	0.020730	5.7
525	-1.661002	209.920765	0.007186	5.0
526	-0.491284	209.719820	0.011674	5.4
527	-1.270059	209.519387	0.010973	5.2
528	-0.000000	209.319463	0.000000	5.7
529	-1.127842	209.120048	0.016726	5.5
530	-0.522389	208.921139	0.007293	5.4
531	-0.373290	208.722733	0.003590	5.1
532	-1.289618	208.524829	0.005168	5.1
533	-1.283818	208.327425	0.008199	5.6
534	-1.160103	208.130518	0.019601	5.0
535	-0.127191	207.934107	0.002332	5.1
536	-0.000000	207.738189	0.000000	5.2
537	-0.000000	207.542762	0.000000	5.2
538	-0.725568	207.347825	0.017219	4.7
539	-0.162667	207.153376	0.003455	4.9
540	-0.208320	206.959412	0.003940	5.7
541	-0.840812	206.765932	0.005520	4.8
542	-0.061900	206.572933	0.000985	5.6
543	-0.737429	206.380414	0.002689	6.5
544	-0.000000	206.188373	0.000000	5.1
545	-1.314852	205.996807	0.009058	5.0
546	-1.255877	205.805716	0.005108	6.2
547	-0.000000	205.615096	0.000000	5.6
548	-0.649494	205.424946	0.011529	5.5
549	-1.064103	205.235265	0.011406	5.4
550	-0.925667	205.046050	0.013951	4.8
551	-0.944338	204.857299	0.010757	5.0
552	-1.261008	204.669011	0.014550	6.1
553	-1.418736	204.481184	0.020493	5.3
554	-1.557916	204.293816	0.017901	4.7
555	-0.414706	204.106905	0.006461	5.6
556	-0.829940	203.920449	0.007765	4.8
557	-1.205400	203.734447	0.009678	5.2
558	-0.000000	203.548896	0.000000	5.4
559	-0.000000	203.363795	0.000000	5.1
560	-0.616631	203.179143	0.012577	5.1
561	-1.419775	202.994937	0.017501	5.4
562	-1.071011	202.811176	0.010526	4.7
563	-1.082597	202.627857	0.021583	4.8
564	-1.427212	202.444980	0.010212	5.5
565	-0.480233	202.262543	0.005293	6.6
566	-1.383954	202.080543	0.014551	4.8
567	-1.651617	201.898979	0.005476	5.3
568	-0.123313	201.717849	0.002196	5.8
569	-1.176877	201.537153	0.006721	5.0
570	-1.168692	201.356887	0.004198	5.5
571	-0.922884	201.177050	0.012363	5.2
572	-0.069243	200.997642	0.002244	5.3
573	-0.013632	200.818659	0.000421	5.4
574	-1.008211	200.640100	0.010688	5.0
575	-0.000000	200.461965	0.000000	5.3
576	-0.000361	200.284250	0.000057	4.9
577	-0.505224	200.106955	0.003489	5.7
578	-0.924205	199.930078	0.006476	5.3
579	-1.023934	199.753617	0.010268	4.8
580	-0.042554	199.577571	0.001074	5.3
581	-0.000000	199.401938	0.000000	4.8
582	-1.284481	199.226717	0.013336	4.8
583	-1.257310	199.051905	0.011889	6.1
584	-0.176841	198.877502	0.003565	4.8
585	-0.000007	198.703506	0.000001	4.9
586	-1.087092	198.529916	0.003706	6.1
587	-1.761970	198.356729	0.009077	4.8
588	-0.160554	198.183944	0.002815	4.7
589	-1.031480	198.011560	0.004100	5.9
590	-1.441047	197.839576	0.023881	5.5
591	-1.550175	197.667989	0.007802	5.2
592	-0.000000	197.496798	0.000000	6.0
593	-0.011478	197.326002	0.000642	5.2
594	-0.000001	197.155600	0.000000	4.8
595	-0.795766	196.985589	0.005894	5.6
596	-0.000000	196.815969	0.000000	4.7
597	-0.438811	196.646738	0.004242	5.2
598	-1.359544	196.477894	0.015387	5.9
599	-0.235821	196.309436	0.003252	4.9
600	-0.334674	196.141363	0.004906	4.9
601	-0.137424	195.973673	0.001383	5.7
602	-0.755156	195.806365	0.004665	5.2
603	-0.839306	195.639437	0.007862	5.1
604	-1.459152	195.472888	0.010935	4.9
605	-0.942254	195.306717	0.011574	5.5
606	-1.467672	195.140922	0.018301	4.7
607	-0.000000	194.975501	0.000000	5.6
608	-1.258019	194.810454	0.012548	5.9
609	-0.615175	194.645779	0.003524	5.5
610	-1.388556	194.481475	0.007325	5.2
611	-0.416344	194.317540	0.001683	5.6
612	-0.000000	194.153973	0.000000	4.8
613	-0.700579	193.990773	0.003015	4.7
614	-0.627672	193.827938	0.010055	5.9
615	-0.604665	193.665467	0.008628	5.0
616	-0.845594	193.503358	0.003197	5.7
617	-0.000000	193.341611	0.000000	5.4
618	-1.290766	193.180224	0.010408	4.8
619	-0.154620	193.019196	0.002867	5.1
620	-1.044574	192.858525	0.012118	5.6
621	-0.706949	192.698210	0.012175	5.0
622	-0.706931	192.538251	0.008210	5.2
623	-1.644003	192.378644	0.008726	5.8
624	-0.000000	192.219391	0.000000	5.1
625	-1.371693	192.060488	0.018347	5.3
626	-1.607111	191.901935	0.014411	5.7
627	-0.000420	191.743730	0.000034	5.0
628	-1.671703	191.585873	0.019692	5.2
629	-0.402283	191.428362	0.005052	5.3
630	-1.462589	191.271196	0.008810	5.9
631	-1.127637	191.114374	0.008061	5.0
632	-1.095642	190.957893	0.005780	5.3
633	-1.019365	190.801755	0.008414	5.3
634	-1.557796	190.645956	0.009055	5.2
635	-0.642397	190.490495	0.010133	5.6
636	-0.623685	190.335373	0.015755	5.0
637	-0.973414	190.180587	0.011935	4.9
638	-0.357225	190.026136	0.002779	5.5
639	-0.834995	189.872019	0.003073	5.1
640	-0.000127	189.718235	0.000021	5.3
641	-0.959363	189.564782	0.007025	5.1
642	-0.000000	189.411661	0.000000	5.3
643	-1.156685	189.258868	0.015214	5.2
644	-0.000702	189.106404	0.000105	4.8
645	-1.608179	188.954267	0.016135	5.8
646	-0.054934	188.802456	0.001422	4.7
647	-1.222018	188.650969	0.015375	5.4
648	-0.104651	188.499807	0.001601	6.0
649	-0.186707	188.348967	0.003334	5.8
650	-1.498751	188.198448	0.022893	4.9
651	-1.416452	188.048250	0.012269	5.6
652	-1.493546	187.898371	0.009726	5.3
653	-0.016332	187.748810	0.001411	5.0
654	-0.676505	187.599566	0.007907	5.4
655	-0.802837	187.450638	0.006048	5.2
656	-0.745485	187.302025	0.013219	5.1
657	-1.146754	187.153725	0.022008	5.8
658	-0.829568	187.005739	0.005436	4.7
659	-0.861447	186.858064	0.010730	4.9
660	-1.002731	186.710699	0.009669	6.0
661	-0.000065	186.563645	0.000012	4.8
662	-1.091470	186.416898	0.018694	5.0
663	-1.553943	186.270459	0.014016	5.6
664	-1.472493	186.124326	0.016337	5.7
665	-1.515324	185.978499	0.004004	4.9
666	-1.180115	185.832976	0.013162	5.6
667	-1.239360	185.687756	0.018051	5.8
668	-1.765309	185.542838	0.011455	5.5
669	-0.002981	185.398222	0.000293	6.0
670	-0.067913	185.253906	0.001251	5.1
671	-0.154152	185.109889	0.002984	4.7
672	-1.283276	184.966170	0.014329	5.7
673	-0.543622	184.822748	0.003874	5.2
674	-0.738536	184.679623	0.015373	5.0
675	-0.000000	184.536792	0.000000	5.9
676	-0.000772	184.394256	0.000139	4.7
677	-0.528992	184.252013	0.013210	5.2
678	-0.008024	184.110062	0.000408	5.4
679	-0.875693	183.968403	0.007806	4.9
680	-1.310795	183.827034	0.006184	5.1
681	-0.174906	183.685954	0.002586	4.7
682	-1.100077	183.545163	0.007031	5.8
683	-0.272642	183.404658	0.002757	4.8
684	-0.937091	183.264441	0.011145	5.5
685	-1.567026	183.124509	0.006735	5.3
686	-1.252363	182.984861	0.006589	5.2
687	-0.135943	182.845497	0.002934	4.7
688	-0.429489	182.706416	0.008054	5.8
689	-0.697850	182.567616	0.004563	5.7
690	-1.304678	182.429098	0.015312	5.3
691	-0.020725	182.290859	0.000758	5.6
692	-0.002644	182.152899	0.000320	5.2
693	-0.637949	182.015217	0.005951	5.0
694	-0.834271	181.877813	0.009873	6.4
695	-1.120266	181.740684	0.008825	4.8
696	-1.145787	181.603832	0.006767	5.2
697	-1.108884	181.467253	0.012215	5.7
698	-0.000176	181.330948	0.000036	4.8
699	-0.784258	181.194916	0.009574	5.2
700	-1.068827	181.059155	0.006031	6.0
701	-0.008588	180.923666	0.000492	5.0
702	-1.333931	180.788446	0.007503	4.9
703	-0.833064	180.653496	0.015759	5.6
704	-0.998640	180.518814	0.007743	5.0
705	-1.161037	180.384399	0.003439	5.3
706	-1.064886	180.250251	0.003580	5.7
707	-0.451580	180.116369	0.003206	5.8
708	-1.487742	179.982752	0.007327	4.8
709	-1.353390	179.849398	0.015975	6.0
710	-1.680699	179.716308	0.005526	4.8
711	-1.112078	179.583480	0.011599	4.8
712	-0.633238	179.450913	0.007142	5.5
713	-1.180861	179.318607	0.011492	5.8
714	-0.000000	179.186561	0.000000	4.8
715	-0.955641	179.054774	0.012349	6.0
716	-0.910402	178.923245	0.004278	5.2
717	-0.151683	178.791973	0.002405	4.7
718	-1.403390	178.660958	0.001900	5.4
719	-0.736996	178.530199	0.007884	5.3
720	-0.966291	178.399694	0.002550	4.8
721	-0.491719	178.269444	0.014256	5.4
722	-0.762372	178.139447	0.004218	5.0
723	-1.239437	178.009702	0.011878	5.0
724	-1.500273	177.880209	0.007288	4.8
725	-1.240582	177.750967	0.009937	5.7
726	-0.813512	177.621975	0.002310	5.7
727	-0.000000	177.493232	0.000000	5.4
728	-0.982407	177.364738	0.007048	6.9
729	-0.057476	177.236492	0.000968	4.8
730	-0.453564	177.108492	0.006632	4.8
731	-0.000080	176.980739	0.000012	6.0
732	-1.487142	176.853231	0.016109	4.9
733	-1.381781	176.725968	0.012626	5.1
734	-0.883190	176.598949	0.005662	5.7
735	-0.446930	176.472173	0.005315	4.7
736	-0.122326	176.345639	0.001603	5.3
737	-0.583923	176.219348	0.014350	6.1
738	-1.414667	176.093296	0.006482	4.8
739	-0.897417	175.967486	0.004762	5.4
740	-0.837579	175.841914	0.005241	5.3
741	-1.069470	175.716581	0.018867	5.0
742	-1.194616	175.591486	0.022403	5.5
743	-0.094322	175.466629	0.001433	5.4
744	-0.232067	175.342008	0.002035	5.4
745	-0.674986	175.217622	0.004805	4.9
746	-1.204049	175.093472	0.006734	5.9
747	-1.569160	174.969556	0.019895	5.9
748	-1.093590	174.845873	0.011307	4.8
749	-1.131894	174.722423	0.006131	5.6
750	-1.034192	174.599206	0.011295	5.2
751	-1.236698	174.476220	0.011826	5.2
752	-1.312466	174.353464	0.008111	5.7
753	-0.000158	174.230939	0.000028	5.3
754	-0.000000	174.108643	0.000000	4.5
755	-1.512948	173.986576	0.018091	5.7
756	-0.539396	173.864737	0.002727	5.4
757	-0.472945	173.743124	0.014608	4.9
758	-1.161039	173.621739	0.014370	5.8
759	-1.083150	173.500579	0.010746	4.9
760	-0.903532	173.379645	0.003102	4.9
761	-0.627688	173.258935	0.008326	5.9
762	-0.175530	173.138449	0.001513	5.0
763	-0.000756	173.018186	0.000102	5.2
764	-1.184897	172.898146	0.007572	5.1
765	-1.479559	172.778327	0.008608	5.9
766	-0.000004	172.658730	0.000001	5.0
767	-1.337915	172.539353	0.014172	5.5
768	-0.011608	172.420196	0.000418	4.9
769	-1.248390	172.301258	0.006842	4.8
770	-1.208141	172.182539	0.019021	5.2
771	-0.000001	172.064037	0.000000	5.9
772	-1.224076	171.945753	0.007335	5.3
773	-1.396560	171.827686	0.008190	5.4
774	-0.451255	171.709834	0.005729	5.3
775	-0.030791	171.592198	0.000542	4.8
776	-1.500286	171.474776	0.012943	4.7
777	-0.658809	171.357568	0.004145	5.7
778	-1.025792	171.240574	0.003994	4.9
779	-0.078337	171.123793	0.003739	5.0
780	-1.237722	171.007223	0.005425	5.5
781	-0.773351	170.890865	0.006017	4.8
782	-1.195843	170.774718	0.008157	5.3
783	-1.440596	170.658782	0.010399	5.7
784	-0.027532	170.543055	0.000863	5.6
785	-0.387158	170.427537	0.003890	5.1
786	-1.303421	170.312227	0.019849	5.6
787	-0.979834	170.197125	0.012627	4.9
788	-1.043336	170.082231	0.009391	5.2
789	-1.244193	169.967543	0.011112	5.7
790	-1.542642	169.853061	0.026663	5.3
791	-1.182801	169.738784	0.014150	4.9
792	-1.482662	169.624713	0.011300	6.2
793	-0.046018	169.510845	0.001343	4.8
794	-1.268168	169.397181	0.007908	5.5
795	-1.237290	169.283720	0.009477	5.7
796	-0.314014	169.170462	0.004242	4.8
797	-1.127771	169.057405	0.009186	5.4
798	-1.205014	168.944549	0.012136	5.1
799	-0.000107	168.831895	0.000022	5.0
800	-1.083005	168.719440	0.005267	5.0
801	-0.552758	168.607185	0.007247	5.2
802	-1.461408	168.495129	0.011819	5.4
803	-1.344115	168.383271	0.011192	5.5
804	-0.472853	168.271611	0.003514	4.7
805	-0.781862	168.160148	0.009152	6.0
806	-0.711196	168.048882	0.007528	5.9
807	-0.160832	167.937812	0.001795	5.4
808	-1.583597	167.826938	0.008032	5.4
809	-1.513405	167.716258	0.022112	4.8
810	-1.244873	167.605773	0.005549	4.8
811	-1.368234	167.495482	0.015170	6.0
812	-1.541731	167.385384	0.006652	4.7
813	-0.000000	167.275479	0.000000	4.8
814	-0.288565	167.165766	0.003440	5.6
815	-0.627409	167.056245	0.005162	5.0
816	-0.948221	166.946915	0.021013	4.8
817	-1.470737	166.837776	0.008454	5.4
818	-1.207386	166.728826	0.012618	5.1
819	-0.786539	166.620067	0.005460	4.8
820	-0.000000	166.511496	0.000000	6.3
821	-0.000010	166.403113	0.000002	5.6
822	-0.000003	166.294919	0.000001	4.9
823	-0.612491	166.186912	0.005868	5.8
824	-0.259033	166.079091	0.008323	5.2
825	-0.825923	165.971458	0.003549	5.5
826	-0.413263	165.864009	0.003963	5.5
827	-1.075832	165.756747	0.006577	6.2
828	-1.235624	165.649669	0.009528	4.8
829	-1.274435	165.542775	0.009254	5.8
830	-0.961247	165.436065	0.006226	5.3
831	-1.468220	165.329538	0.009402	5.3
832	-0.504250	165.223194	0.006396	5.4
833	-1.164396	165.117032	0.018844	5.2
834	-0.644845	165.011052	0.007098	4.9
835	-0.716488	164.905253	0.005983	5.3
836	-1.097575	164.799635	0.003027	4.9
837	-1.602759	164.694197	0.008632	5.2
838	-1.574114	164.588939	0.012911	6.0
839	-1.282260	164.483859	0.013176	5.3
840	-0.002112	164.378959	0.000190	5.2
841	-0.188938	164.274237	0.002613	5.8
842	-0.625198	164.169692	0.011488	4.9
843	-0.783013	164.065325	0.009485	5.4
844	-1.558127	163.961135	0.006750	5.0
845	-0.001279	163.857120	0.000208	5.7
846	-0.000000	163.753282	0.000000	5.7
847	-1.495985	163.649619	0.017490	5.1
848	-1.083905	163.546130	0.007623	5.2
849	-0.960949	163.442816	0.007404	5.1
850	-0.000506	163.339676	0.000063	4.8
851	-0.554257	163.236709	0.004900	5.3
852	-0.000538	163.133915	0.000072	5.7
853	-0.108657	163.031294	0.001804	5.5
854	-1.390557	162.928844	0.008432	5.3
855	-0.000023	162.826566	0.000005	4.9
856	-0.819888	162.724459	0.003317	4.8
857	-1.171303	162.622523	0.010510	5.8
858	-0.000000	162.520757	0.000000	4.9
859	-0.344985	162.419160	0.003247	5.1
860	-0.072616	162.317733	0.001882	5.7
861	-1.098985	162.216474	0.010216	4.8
862	-1.402645	162.115383	0.017669	5.0
863	-1.085489	162.014461	0.003478	5.6
864	-1.283760	161.913705	0.007085	4.9
865	-0.104104	161.813117	0.001079	5.4
866	-0.825243	161.712695	0.012334	5.4
867	-0.000000	161.612439	0.000000	5.9
868	-0.000000	161.512349	0.000000	5.0
869	-0.066593	161.412424	0.001936	5.3
870	-1.075756	161.312663	0.005305	5.1
871	-0.009791	161.213067	0.000302	5.9
872	-1.380581	161.113635	0.019058	5.3
873	-0.809333	161.014366	0.009269	4.9
874	-0.830911	160.915260	0.014928	4.8
875	-1.004266	160.816316	0.009391	5.7
876	-0.792484	160.717535	0.009382	5.3
877	-0.000000	160.618915	0.000000	5.2
878	-0.396062	160.520456	0.007294	5.3
879	-0.000000	160.422158	0.000000	5.3
880	-0.782617	160.324021	0.005641	5.1
881	-0.047613	160.226043	0.001676	4.7
882	-1.106172	160.128225	0.013845	5.9
883	-1.327316	160.030566	0.012513	4.8
884	-0.000110	159.933066	0.000014	4.9
885	-1.734681	159.835723	0.013190	6.2
886	-1.541341	159.738539	0.013896	5.8
887	-1.671159	159.641512	0.009025	5.0
888	-0.132677	159.544642	0.001689	5.8
889	-1.540925	159.447929	0.012316	4.8
890	-1.183595	159.351372	0.011969	5.4
891	-1.168930	159.254971	0.007529	6.0
892	-0.246613	159.158725	0.003063	4.9
893	-0.006975	159.062634	0.000517	5.2
894	-0.000000	158.966697	0.000000	6.2
895	-1.445560	158.870915	0.011369	4.8
896	-0.924061	158.775286	0.005645	5.4
897	-0.284241	158.679811	0.003009	5.6
898	-0.932643	158.584489	0.023567	4.7
899	-0.859213	158.489319	0.005040	5.5
900	-1.382608	158.394302	0.011080	5.7
901	-0.000000	158.299436	0.000000	4.8
902	-1.365673	158.204721	0.008672	5.3
903	-0.926488	158.110158	0.006456	5.8
904	-0.021529	158.015745	0.000578	4.8
905	-1.066793	157.921482	0.006271	4.9
906	-0.274306	157.827369	0.003139	5.8
907	-0.069905	157.733406	0.001141	5.9
908	-0.993748	157.639591	0.010856	5.0
909	-1.182499	157.545925	0.013303	5.6
910	-0.813720	157.452408	0.007318	4.7
911	-1.249062	157.359038	0.006697	5.0
912	-0.000000	157.265816	0.000000	5.8
913	-1.606951	157.172741	0.011210	4.9
914	-0.115526	157.079813	0.001550	5.8
915	-0.000000	156.987031	0.000000	6.8
916	-0.000841	156.894395	0.000111	5.4
917	-1.561995	156.801904	0.013482	6.0
918	-1.515721	156.709559	0.014833	6.5
919	-0.644805	156.617359	0.007138	6.0
920	-1.622955	156.525304	0.025722	6.8
921	-1.032389	156.433392	0.004396	6.3
922	-0.610950	156.341624	0.009257	5.5
923	-0.000000	156.250000	0.000000	7.1
924	-0.931280	156.158519	0.004625	7.2
925	-0.443748	156.067180	0.013138	5.8
926	-0.000000	155.975984	0.000000	6.4
927	-1.108561	155.884930	0.008269	5.7
928	-0.070803	155.794017	0.001660	6.0
929	-0.793813	155.703246	0.004788	6.5
930	-1.554207	155.612615	0.009758	6.3
931	-0.669962	155.522125	0.005287	6.7
932	-0.685662	155.431775	0.002907	6.2
933	-0.000000	155.341565	0.000000	6.1
934	-1.112850	155.251495	0.013711	5.9
935	-1.390651	155.161563	0.006951	6.1
936	-1.282769	155.071771	0.020280	7.3
937	-1.203111	154.982117	0.015930	5.8
938	-1.016907	154.892601	0.006443	6.0
939	-1.518768	154.803222	0.009057	6.5
940	0.000000	154.713981	0.000000	5.5
941	-1.464057	154.624878	0.016233	6.3
942	-1.340312	154.535910	0.016720	6.3
943	-0.000029	154.447080	0.000006	6.0
944	-0.767907	154.358385	0.006276	6.4
945	-1.256306	154.269826	0.010999	5.9
946	-0.000000	154.181402	0.000000	6.8
947	-0.961757	154.093114	0.008949	7.3
948	-0.834363	154.004960	0.007773	6.7
949	-0.000016	153.916940	0.000003	6.6
950	-1.596977	153.829054	0.009862	7.3
951	-0.000000	153.741303	0.000000	7.6
952	-0.679047	153.653684	0.007693	6.2
953	-0.619065	153.566198	0.009077	7.1
954	-0.184199	153.478846	0.002836	6.2
955	-1.201641	153.391625	0.013148	6.8
956	-0.606349	153.304537	0.002069	7.1
957	-1.306852	153.217580	0.027158	7.2
958	-1.549084	153.130755	0.008534	6.9
959	-0.000000	153.044061	0.000000	6.3
960	-1.064796	152.957498	0.010810	6.9
961	-0.000030	152.871065	0.000006	7.0
962	-0.007247	152.784762	0.000475	6.8
963	-0.000001	152.698589	0.000000	7.3
964	-0.860496	152.612545	0.005100	7.0
965	-1.168929	152.526631	0.008359	6.9
966	-1.513509	152.440845	0.009703	5.7
967	-0.656498	152.355188	0.005064	5.9
968	-1.089400	152.269660	0.005346	7.2
969	-0.090013	152.184259	0.002762	6.5
970	-1.254861	152.098986	0.018537	7.7
971	-0.000126	152.013840	0.000023	7.2
972	-0.973526	151.928821	0.006613	7.1
973	-0.549632	151.843928	0.006765	6.5
974	-0.000007	151.759163	0.000002	5.1
975	-1.407868	151.674523	0.010917	8.3
976	-1.435285	151.590009	0.013155	5.7
977	-0.000490	151.505620	0.000033	5.9
978	-0.000000	151.421357	0.000000	6.5
979	-1.240183	151.337218	0.008396	7.8
980	-0.058662	151.253204	0.001289	6.9
981	-1.548455	151.169314	0.009381	5.7
982	-1.213579	151.085549	0.015488	6.6
983	-0.906808	151.001907	0.007882	5.7
984	-1.575859	150.918388	0.013442	6.7
985	-0.013205	150.834992	0.000562	6.6
986	-0.000000	150.751719	0.000000	6.2
987	-0.659839	150.668569	0.015873	5.9
988	-1.516169	150.585541	0.008511	5.2
989	-0.989239	150.502634	0.002789	7.2
990	-0.740488	150.419849	0.006225	6.8
991	-1.156805	150.337186	0.002481	6.1
992	-1.374215	150.254644	0.010786	5.7
993	-0.436449	150.172222	0.006023	5.9
994	-1.686860	150.089921	0.010379	6.0
995	-0.979754	150.007740	0.013488	4.9
996	-0.759599	149.925679	0.005202	6.1
997	-0.000010	149.843737	0.000002	5.6
998	-1.481173	149.761915	0.008929	4.9
999	-1.249724	149.680212	0.010291	5.7
1000	-0.833591	149.598627	0.008039	5.2
1001	-0.795980	149.517161	0.007841	6.0
1002	-0.604176	149.435814	0.007847	5.9
1003	-0.000004	149.354584	0.000001	5.7
1004	-1.552950	149.273472	0.019592	5.5
1005	-0.000000	149.192477	0.000000	6.0
1006	-0.000053	149.111599	0.000010	5.5
1007	-0.300075	149.030838	0.002051	5.6
1008	-0.000000	148.950194	0.000000	5.7
1009	-0.866261	148.869666	0.012969	5.7
1010	-1.100631	148.789253	0.005375	6.6
1011	-0.075408	148.708957	0.001710	5.9
1012	-0.885121	148.628776	0.011880	5.9
1013	-0.004132	148.548710	0.000350	6.4
1014	-0.044945	148.468759	0.001657	5.9
1015	-0.000097	148.388923	0.000022	5.5
1016	-1.265737	148.309201	0.011314	6.1
1017	-0.337683	148.229594	0.003815	5.8
1018	-0.460728	148.150100	0.004977	6.4
1019	-1.223808	148.070719	0.006769	6.1
1020	-0.000009	147.991452	0.000002	5.5
1021	-1.168031	147.912298	0.008670	6.3
1022	-0.641067	147.833257	0.003980	6.9
1023	-0.694591	147.754329	0.014845	5.5
1024	-1.200452	147.675512	0.009580	6.0
1025	-1.300782	147.596808	0.016141	5.2
1026	-0.480441	147.518216	0.012729	5.9
1027	-1.494443	147.439735	0.007589	6.4
1028	-0.351865	147.361365	0.005997	6.1
1029	-1.462699	147.283106	0.012653	6.6
1030	-0.031834	147.204958	0.001370	5.4
1031	-0.687956	147.126920	0.008987	5.9
1032	-1.251820	147.048993	0.016227	6.1
1033	-0.829736	146.971175	0.010997	5.4
1034	-1.460926	146.893468	0.005094	5.2
1035	-0.703967	146.815869	0.006223	5.9
1036	-1.361123	146.738380	0.016016	5.9
1037	-0.983938	146.661000	0.012641	5.9
1038	-1.266387	146.583729	0.008428	6.3
1039	-1.542205	146.506566	0.009691	6.1
1040	-0.782296	146.429511	0.013932	6.2
1041	-0.001185	146.352565	0.000157	5.3
1042	-0.000000	146.275726	0.000000	5.6
1043	-1.340706	146.198994	0.014601	5.7
1044	-0.932896	146.122370	0.007539	5.4
1045	-1.000302	146.045853	0.008915	5.5
1046	-1.121037	145.969442	0.019641	6.8
1047	-1.090058	145.893139	0.010038	5.6
1048	-1.500433	145.816941	0.006520	6.0
1049	-1.342140	145.740849	0.017584	5.9
1050	-0.244932	145.664863	0.004209	4.8
1051	-0.936325	145.588983	0.010759	5.6
1052	-1.362166	145.513208	0.013644	6.4
1053	-1.338520	145.437538	0.011014	5.4
1054	-0.839909	145.361973	0.010099	6.1
1055	-0.262508	145.286513	0.002470	5.9
1056	-0.186511	145.211157	0.001890	5.0
1057	-0.189558	145.135905	0.003264	6.4
1058	-0.080142	145.060757	0.001926	6.3
1059	-0.010820	144.985712	0.000643	5.8
1060	-0.006153	144.910771	0.000640	6.3
1061	-0.036177	144.835934	0.001300	5.4
1062	-1.210001	144.761199	0.009486	5.7
1063	-1.298840	144.686567	0.013888	6.7
1064	-1.417862	144.612037	0.013110	5.4
1065	-1.218806	144.537610	0.009813	7.1
1066	-0.086934	144.463285	0.001959	5.7
1067	-1.559489	144.389062	0.024231	5.8
1068	-1.019952	144.314940	0.014557	6.3
1069	-0.718556	144.240920	0.006384	6.2
1070	-0.000467	144.167001	0.000083	5.7
1071	-0.717297	144.093182	0.006520	6.9
1072	-0.612567	144.019465	0.007139	6.0
1073	-1.526763	143.945848	0.006471	6.0
1074	-0.593446	143.872331	0.007080	5.8
1075	-0.000000	143.798914	0.000000	6.1
1076	-0.413324	143.725597	0.002973	7.4
1077	-1.387325	143.652380	0.012211	6.4
1078	-0.027055	143.579262	0.000672	6.2
1079	-0.454278	143.506243	0.007506	5.7
1080	-1.053856	143.433323	0.005876	5.6
1081	-1.606520	143.360502	0.008259	5.7
1082	-0.825540	143.287780	0.013315	5.0
1083	-1.387068	143.215155	0.013591	5.6
1084	-0.137920	143.142629	0.002277	6.1
1085	-1.046727	143.070201	0.007761	5.7
1086	0.000000	142.997870	0.000000	5.6
1087	-1.039970	142.925637	0.015478	6.4
1088	-1.551975	142.853501	0.008354	5.8
1089	-1.323611	142.781462	0.009404	5.3
1090	-1.378333	142.709519	0.016527	6.3
1091	-1.304697	142.637674	0.013571	5.3
1092	-0.735438	142.565924	0.015845	5.2
1093	-1.599955	142.494271	0.019935	6.1
1094	-0.812204	142.422714	0.006802	6.6
1095	-1.379317	142.351252	0.009567	6.0
1096	-0.928865	142.279886	0.005521	5.7
1097	-0.046358	142.208616	0.001295	5.8
1098	-0.839765	142.137440	0.010455	6.0
1099	-1.406959	142.066360	0.008245	5.3
1100	-0.000000	141.995374	0.000000	5.3
1101	-1.560811	141.924483	0.023869	6.0
1102	-1.267949	141.853685	0.008091	5.5
1103	-0.819197	141.782983	0.013101	6.0
1104	-0.838996	141.712373	0.004183	6.2
1105	-1.728013	141.641858	0.005220	5.7
1106	-0.005365	141.571436	0.000344	5.4
1107	-1.236746	141.501108	0.018392	6.5
1108	-1.156949	141.430872	0.010679	5.0
1109	-1.155790	141.360730	0.010761	5.1
1110	-1.039600	141.290680	0.003827	6.4
1111	-0.992714	141.220722	0.012555	5.6
1112	-0.000000	141.150857	0.000000	5.2
1113	-0.000005	141.081084	0.000001	6.8
1114	-1.251027	141.011403	0.016122	6.1
1115	-0.003184	140.941813	0.000274	6.4
1116	-0.679378	140.872315	0.008238	6.1
1117	-1.246023	140.802909	0.017243	5.9
1118	-1.366286	140.733593	0.016411	5.9
1119	-0.620749	140.664369	0.004264	5.2
1120	-0.011936	140.595235	0.000861	5.9
1121	-1.415122	140.526192	0.012795	6.6
1122	-0.000000	140.457239	0.000000	5.9
1123	-0.489744	140.388376	0.006126	6.7
1124	-0.000000	140.319603	0.000000	5.7
1125	-0.539508	140.250920	0.005701	6.0
1126	-0.006995	140.182326	0.000456	6.3
1127	-0.645451	140.113822	0.012436	5.1
1128	-0.443118	140.045407	0.004683	6.0
1129	-1.047737	139.977081	0.009625	6.8
1130	-0.227326	139.908844	0.005506	5.9
1131	-1.180519	139.840696	0.013165	5.8
1132	-1.054997	139.772635	0.016505	5.5
1133	-0.476265	139.704664	0.004799	5.3
1134	-0.874830	139.636780	0.004466	6.1
1135	-1.327992	139.568984	0.015616	5.5
1136	-0.863779	139.501276	0.009988	5.8
1137	-1.398016	139.433655	0.016344	5.9
1138	-1.462721	139.366122	0.013547	5.0
1139	-1.272872	139.298676	0.013191	5.7
1140	-1.574273	139.231317	0.013027	6.2
1141	-0.955235	139.164045	0.009790	5.7
1142	-1.198321	139.096859	0.013114	5.5
1143	-0.640924	139.029760	0.013263	6.1
1144	-0.000000	138.962747	0.000000	5.3
1145	-1.221754	138.895820	0.014641	5.6
1146	-1.461807	138.828978	0.007519	6.1
1147	-1.037129	138.762223	0.011367	5.8
1148	-1.524664	138.695553	0.012092	6.4
1149	-1.458766	138.628969	0.007486	6.1
1150	-1.466933	138.562469	0.012733	5.2
1151	-1.117100	138.496055	0.008486	6.3
1152	-1.186960	138.429725	0.009254	5.4
1153	-1.613820	138.363481	0.026330	5.6
1154	-0.434570	138.297320	0.006459	6.9
1155	-0.000000	138.231244	0.000000	5.7
1156	-0.000000	138.165252	0.000000	5.3
1157	-0.612955	138.099344	0.007453	6.1
1158	-0.316545	138.033520	0.002883	5.7
1159	-0.128395	137.967779	0.002302	5.9
1160	-1.043013	137.902122	0.005850	6.4
1161	-0.013094	137.836548	0.000571	6.0
1162	-1.694440	137.771057	0.012924	6.8
1163	-1.368260	137.705649	0.019829	5.4
1164	-0.490426	137.640324	0.005224	5.3
1165	-0.940533	137.575081	0.006793	6.3
1166	-1.446034	137.509921	0.013054	6.2
1167	-0.000000	137.444842	0.000000	5.7
1168	-1.156510	137.379846	0.015063	6.8
1169	-0.259566	137.314932	0.002723	5.9
1170	-0.000003	137.250100	0.000001	6.1
1171	-1.549003	137.185349	0.009032	5.9
1172	-0.069673	137.120680	0.000840	6.2
1173	-1.298056	137.056092	0.011645	6.6
1174	-0.733896	136.991585	0.011443	5.6
1175	-1.318868	136.927158	0.008247	5.1
1176	-0.853998	136.862813	0.003428	6.5
1177	-0.645046	136.798548	0.008463	5.7
1178	-0.000000	136.734363	0.000000	5.3
1179	-0.037119	136.670259	0.001086	6.4
1180	-0.832029	136.606235	0.010345	5.4
1181	-0.000000	136.542291	0.000000	5.8
1182	-0.000923	136.478426	0.000082	6.0
1183	-0.000000	136.414641	0.000000	5.5
1184	-1.411455	136.350936	0.010403	5.5
1185	-1.174186	136.287310	0.007489	5.9
1186	-0.670953	136.223763	0.009526	5.4
1187	-0.867973	136.160295	0.008975	6.4
1188	-1.200865	136.096905	0.012991	5.5
1189	-0.000000	136.033594	0.000000	5.6
1190	-0.794583	135.970362	0.012340	6.2
1191	-0.843274	135.907208	0.010262	5.5
1192	-1.185382	135.844133	0.009882	5.0
1193	-1.619793	135.781135	0.011155	6.4
1194	-0.847302	135.718215	0.015002	5.5
1195	-1.335742	135.655373	0.007272	5.7
1196	-1.396914	135.592608	0.015521	6.1
1197	-1.060776	135.529921	0.010605	5.2
1198	-0.000000	135.467311	0.000000	5.5
1199	-0.000000	135.404778	0.000000	6.1
1200	-0.000014	135.342322	0.000003	5.7
1201	-0.005045	135.279942	0.000583	6.3
1202	-0.568831	135.217640	0.011205	6.9
1203	-0.596576	135.155413	0.005959	6.3
1204	-0.140414	135.093263	0.001507	6.0
1205	-0.848478	135.031190	0.018611	6.6
1206	-0.813069	134.969192	0.004909	7.8
1207	-1.581169	134.907270	0.015156	6.6
1208	-1.518560	134.845424	0.014158	6.4
1209	-0.708513	134.783653	0.004443	6.8
1210	-0.020155	134.721958	0.000782	6.1
1211	-0.296725	134.660338	0.009909	6.2
1212	-0.037827	134.598793	0.001414	6.4
1213	-0.003373	134.537323	0.000263	6.2
1214	-1.569698	134.475927	0.019142	6.3
1215	-0.264262	134.414607	0.003020	6.6
1216	-0.653058	134.353361	0.001302	7.0
1217	-1.369618	134.292189	0.004144	7.1
1218	-1.189371	134.231092	0.012138	6.4
1219	-1.223430	134.170068	0.010449	6.5
1220	-0.966418	134.109119	0.011186	6.7
1221	-1.263695	134.048243	0.011741	6.0
1222	-1.279026	133.987441	0.017053	6.5
1223	-1.158986	133.926713	0.013374	7.4
1224	-0.887698	133.866057	0.015889	6.4
1225	-1.269700	133.805475	0.006445	6.1
1226	-0.640323	133.744966	0.002151	6.8
1227	-1.284830	133.684530	0.014590	5.7
1228	-1.032606	133.624167	0.004134	6.5
1229	-1.295707	133.563877	0.014803	7.0
1230	-1.394090	133.503658	0.011371	6.7
1231	-1.225693	133.443513	0.015544	6.6
1232	-0.188205	133.383439	0.002971	6.4
1233	-1.015353	133.323437	0.010141	6.5
1234	-1.617747	133.263508	0.019805	6.7
1235	-0.208550	133.203650	0.004736	6.0
1236	-0.370765	133.143864	0.003949	7.4
1237	-0.044573	133.084149	0.001189	7.2
1238	-0.304478	133.024506	0.004892	5.6
1239	-0.857219	132.964934	0.007040	6.5
1240	-1.123471	132.905433	0.010461	6.1
1241	-0.761754	132.846003	0.004323	6.9
1242	-1.553880	132.786643	0.014794	5.6
1243	-0.073427	132.727355	0.000992	5.9
1244	-0.043043	132.668137	0.000513	7.0
1245	-1.446786	132.608989	0.009131	6.3
1246	-0.752354	132.549912	0.005747	5.7
1247	-0.000000	132.490904	0.000000	6.3
1248	-0.267846	132.431967	0.002513	7.1
1249	-1.502652	132.373100	0.012046	7.7
1250	-1.538968	132.314302	0.023795	6.6
1251	-0.000076	132.255574	0.000011	6.5
1252	-1.256535	132.196916	0.009853	5.9
1253	-0.438383	132.138326	0.004897	5.8
1254	-0.477091	132.079806	0.004076	6.4
1255	-1.206002	132.021355	0.006581	5.4
1256	-1.205061	131.962973	0.010221	5.7
1257	-1.480308	131.904660	0.009569	6.5
1258	-1.586703	131.846415	0.005972	5.0
1259	-1.043615	131.788239	0.015628	6.4
1260	-1.335085	131.730131	0.008831	5.9
1261	-1.262134	131.672092	0.013353	5.9
1262	-0.000000	131.614121	0.000000	6.3
1263	-1.185726	131.556217	0.007240	5.9
1264	-0.960674	131.498382	0.013269	5.9
1265	-1.432464	131.440614	0.011788	5.8
1266	-0.968298	131.382914	0.015357	5.8
1267	-1.436138	131.325282	0.007807	5.4
1268	-1.308841	131.267717	0.009950	5.7
1269	-1.623612	131.210219	0.010059	4.9
1270	-0.090173	131.152788	0.002118	5.3
1271	-1.468887	131.095424	0.007839	5.9
1272	-1.014019	131.038127	0.011600	5.8
1273	-1.140961	130.980897	0.011106	5.5
1274	-1.038167	130.923733	0.007146	5.9
1275	-0.147426	130.866636	0.002307	5.8
1276	-1.288391	130.809605	0.007492	5.7
1277	-0.800565	130.752641	0.010535	5.6
1278	-1.335726	130.695742	0.012976	5.6
1279	-0.612702	130.638910	0.010747	5.9
1280	-1.413740	130.582143	0.017651	5.5
1281	-1.379996	130.525442	0.010817	5.5
1282	-1.545429	130.468807	0.004791	5.6
1283	-1.649272	130.412237	0.013106	6.1
1284	-0.476892	130.355733	0.002746	5.5
1285	-1.564752	130.299294	0.005974	5.8
1286	-1.503803	130.242920	0.011984	5.5
1287	-0.961751	130.186611	0.009943	5.3
1288	-0.017935	130.130366	0.000366	6.5
1289	-0.635847	130.074187	0.004935	5.5
1290	-0.007542	130.018072	0.000231	5.2
1291	-0.866618	129.962022	0.009454	6.3
1292	-0.779094	129.906036	0.005356	4.8
1293	-0.691301	129.850114	0.012672	5.4
1294	-0.264476	129.794257	0.003641	5.4
1295	-0.746935	129.738463	0.013193	4.9
1296	-0.115057	129.682734	0.002298	4.8
1297	-1.285800	129.627068	0.008722	5.9
1298	-1.283914	129.571466	0.012753	6.2
1299	-0.711943	129.515927	0.006204	6.7
1300	-0.659251	129.460452	0.007343	7.1
1301	-0.758350	129.405040	0.014185	6.0
1302	-0.002170	129.349692	0.000261	6.7
1303	-0.000000	129.294406	0.000000	5.8
1304	-0.000606	129.239183	0.000058	5.9
1305	-1.044075	129.184024	0.008106	6.3
1306	-0.228893	129.128927	0.003156	5.2
1307	-0.000000	129.073892	0.000000	6.2
1308	-1.464790	129.018921	0.015412	6.4
1309	-0.340846	128.964011	0.004901	6.1
1310	-1.251823	128.909164	0.006404	6.2
1311	-0.995733	128.854379	0.007340	6.0
1312	-0.000000	128.799656	0.000000	5.8
1313	-1.543525	128.744995	0.020949	5.9
1314	-1.449962	128.690396	0.010140	5.0
1315	-1.247897	128.635858	0.013250	5.9
1316	-0.409410	128.581382	0.004384	6.0
1317	-1.280308	128.526968	0.011295	5.5
1318	-0.072320	128.472615	0.001568	5.9
1319	-1.227654	128.418323	0.012768	6.4
1320	-0.000000	128.364092	0.000000	5.9
1321	-0.000000	128.309922	0.000000	6.1
1322	-1.653181	128.255814	0.007732	5.4
1323	-1.029592	128.201766	0.014393	5.8
1324	-1.593660	128.147778	0.019907	6.3
1325	-1.218067	128.093852	0.005353	5.4
1326	-1.069099	128.039985	0.005143	5.3
1327	-0.997415	127.986180	0.009561	5.9
1328	-1.347559	127.932434	0.015884	5.6
1329	-0.571286	127.878749	0.010436	5.8
1330	-0.415901	127.825123	0.011179	5.8
1331	-0.000000	127.771558	0.000000	5.4
1332	-0.419148	127.718052	0.005871	5.8
1333	-0.921318	127.664606	0.007990	5.7
1334	-0.106978	127.611220	0.001567	4.9
1335	-1.308788	127.557893	0.007329	4.9
1336	-1.385849	127.504625	0.005292	6.2
1337	-1.478338	127.451417	0.003265	6.0
1338	-0.789383	127.398268	0.007675	4.9
1339	-1.037001	127.345178	0.002372	5.8
1340	-0.962928	127.292147	0.006196	5.2
1341	-1.087461	127.239175	0.010444	5.0
1342	-1.375086	127.186261	0.011743	5.8
1343	-0.513155	127.133407	0.018631	5.7
1344	-0.874121	127.080610	0.013117	5.1
1345	-0.333144	127.027872	0.006775	5.8
1346	-0.530079	126.975193	0.005600	6.3
1347	-1.375319	126.922572	0.002397	6.7
1348	-1.431068	126.870008	0.010884	5.6
1349	-0.757915	126.817503	0.006657	5.7
1350	-0.000014	126.765056	0.000002	6.7
1351	-0.000000	126.712667	0.000000	5.4
1352	-0.879006	126.660335	0.009822	6.0
1353	-0.104547	126.608061	0.001872	6.5
1354	-0.000000	126.555844	0.000000	6.0
1355	-0.976319	126.503685	0.003749	5.7
1356	-1.126441	126.451583	0.017781	7.1
1357	-0.541627	126.399538	0.007300	6.1
1358	-1.194269	126.347550	0.006592	6.1
1359	-0.002850	126.295619	0.000141	6.0
1360	-0.798557	126.243745	0.007291	5.4
1361	-0.000084	126.191928	0.000023	5.6
1362	-0.199931	126.140168	0.002754	6.0
1363	-0.951717	126.088464	0.014956	5.5
1364	-0.797619	126.036817	0.004445	6.6
1365	-1.051921	125.985226	0.005747	5.6
1366	-1.676369	125.933691	0.011355	6.1
1367	-1.020803	125.882212	0.004943	6.2
1368	-0.520862	125.830790	0.009655	5.5
1369	-0.000085	125.779423	0.000016	6.0
1370	-1.469641	125.728113	0.008958	5.8
1371	-0.191515	125.676858	0.001431	4.9
1372	-0.000011	125.625659	0.000002	5.9
1373	-0.869761	125.574515	0.005526	6.0
1374	-0.000000	125.523427	0.000000	5.9
1375	-0.626075	125.472394	0.005410	6.2
1376	-1.275139	125.421417	0.007973	4.8
1377	-1.553565	125.370495	0.006067	5.3
1378	-1.592046	125.319628	0.011848	5.5
1379	-0.670236	125.268815	0.006317	5.0
1380	-1.108591	125.218058	0.014060	4.9
1381	-1.094091	125.167356	0.009955	5.7
1382	-1.446199	125.116708	0.013891	4.8
1383	-1.502806	125.066115	0.018935	5.4
1384	-0.000108	125.015576	0.000020	5.9
1385	-1.589534	124.965092	0.014747	5.7
1386	-1.577240	124.914662	0.010001	5.2
1387	-0.664519	124.864287	0.009550	5.7
1388	-0.209066	124.813965	0.003128	5.0
1389	-0.000061	124.763698	0.000011	5.7
1390	-0.431860	124.713485	0.004312	6.5
1391	-1.244675	124.663325	0.006343	6.0
1392	-0.671173	124.613219	0.008593	6.1
1393	-0.498381	124.563167	0.003555	5.9
1394	-1.342476	124.513168	0.005231	6.0
1395	-0.003548	124.463223	0.000201	6.1
1396	-1.699437	124.413332	0.008565	5.8
1397	-1.042805	124.363493	0.010017	5.6
1398	-0.954278	124.313708	0.014639	6.0
1399	-0.527918	124.263976	0.017015	6.0
1400	-0.000000	124.214297	0.000000	5.7
1401	-1.384097	124.164671	0.009443	6.6
1402	-1.287804	124.115097	0.009704	6.2
1403	-1.006039	124.065577	0.007756	6.8
1404	-0.512351	124.016109	0.005950	6.1
1405	-1.212255	123.966693	0.004692	5.2
1406	-1.312707	123.917330	0.005851	6.5
1407	-0.116814	123.868020	0.002163	5.8
1408	-1.418403	123.818762	0.013296	5.8
1409	-1.470391	123.769556	0.012801	6.7
1410	-0.001281	123.720402	0.000102	6.6
1411	-0.645568	123.671300	0.007575	6.4
1412	-1.135758	123.622250	0.011184	5.8
1413	-0.509774	123.573252	0.015570	6.0
1414	-1.532918	123.524305	0.011343	6.8
1415	-0.737555	123.475411	0.011640	5.7
1416	-0.033122	123.426568	0.001526	5.5
1417	-0.333807	123.377776	0.003460	5.9
1418	-0.255083	123.329036	0.003342	5.7
1419	-0.119128	123.280347	0.001064	5.2
1420	-0.396060	123.231709	0.004549	6.5
1421	-1.569177	123.183122	0.011841	5.4
1422	-0.495737	123.134587	0.010353	6.6
1423	-0.138220	123.086102	0.001639	5.7
1424	-0.591963	123.037669	0.011260	5.6
1425	-0.620518	122.989286	0.004465	6.0
1426	-1.486378	122.940954	0.010724	5.4
1427	-1.517088	122.892672	0.003793	5.8
1428	-0.028514	122.844441	0.001595	6.4
1429	-1.072983	122.796261	0.018281	6.4
1430	-0.000000	122.748130	0.000000	5.7
1431	-0.686865	122.700050	0.010214	6.0
1432	-1.259644	122.652021	0.004883	5.6
1433	-0.716179	122.604041	0.007107	6.7
1434	-0.000000	122.556111	0.000000	5.7
1435	-1.452258	122.508232	0.021712	5.3
1436	-0.397082	122.460402	0.003506	6.0
1437	-0.000000	122.412622	0.000000	5.4
1438	-1.151860	122.364891	0.007665	6.0
1439	-0.612860	122.317210	0.016163	6.4
1440	-0.000000	122.269579	0.000000	5.7
1441	-1.523050	122.221997	0.007438	5.3
1442	-0.841149	122.174465	0.003103	7.0
1443	0.000000	122.126981	0.000000	5.7
1444	-1.477022	122.079547	0.018872	5.9
1445	-1.125333	122.032162	0.004398	6.6
1446	-1.791675	121.984826	0.007058	6.2
1447	-0.007504	121.937539	0.000595	6.0
1448	-0.130804	121.890301	0.002510	6.2
1449	-0.760118	121.843112	0.010119	6.0
1450	-1.215640	121.795971	0.008305	6.4
1451	-0.080854	121.748879	0.001402	5.7
1452	-0.020796	121.701835	0.001025	5.9
1453	-1.383153	121.654840	0.010640	6.0
1454	-1.027747	121.607893	0.008037	5.8
1455	-0.364069	121.560994	0.003610	5.8
1456	-1.026744	121.514144	0.008693	5.7
1457	-0.000439	121.467342	0.000076	6.1
1458	-1.604051	121.420588	0.010744	6.5
1459	-0.000316	121.373882	0.000053	5.7
1460	-1.486488	121.327223	0.011863	6.2
1461	-0.524891	121.280613	0.004649	6.1
1462	-1.514696	121.234050	0.018450	5.8
1463	-1.400802	121.187535	0.015244	5.8
1464	-1.053943	121.141067	0.005928	6.5
1465	-0.896761	121.094647	0.013235	5.6
1466	-0.000000	121.048274	0.000000	6.2
1467	-0.160310	121.001949	0.001888	5.6
1468	-1.286560	120.955671	0.016855	4.8
1469	-1.211875	120.909440	0.013644	5.7
1470	-0.113958	120.863256	0.001846	5.0
1471	-0.917093	120.817119	0.009043	5.9
1472	-1.363528	120.771029	0.018100	6.4
1473	-0.805596	120.724986	0.010287	5.2
1474	-1.320147	120.678990	0.014663	5.6
1475	-0.000000	120.633040	0.000000	6.3
1476	-1.038497	120.587137	0.008820	5.5
1477	-1.272365	120.541281	0.006124	5.7
1478	-1.428389	120.495471	0.022615	5.4
1479	-0.705263	120.449707	0.006583	5.4
1480	-1.100007	120.403990	0.007426	6.3
1481	-1.183141	120.358319	0.008181	6.5
1482	-0.000000	120.312694	0.000000	5.8
1483	-1.646463	120.267115	0.011589	6.2
1484	-0.002524	120.221582	0.000273	5.5
1485	-0.003880	120.176096	0.000272	5.7
1486	-1.142067	120.130655	0.011236	5.6
1487	-1.437688	120.085260	0.013558	5.2
1488	-1.271666	120.039910	0.007443	5.5
1489	-1.625056	119.994606	0.007563	6.0
1490	-1.499985	119.949348	0.010583	5.6
1491	-0.209042	119.904135	0.003056	5.9
1492	-0.000309	119.858968	0.000049	6.3
1493	-0.585097	119.813846	0.005359	5.7
1494	-1.484723	119.768769	0.022530	6.0
1495	-1.176016	119.723738	0.012298	6.0
1496	-1.424670	119.678752	0.008727	5.6
1497	-0.557555	119.633810	0.006524	5.6
1498	-1.299564	119.588914	0.010082	6.5
1499	-0.634023	119.544062	0.005577	5.8
1500	-1.326088	119.499256	0.022260	6.7
1501	-0.002476	119.454494	0.000315	6.3
1502	-1.138847	119.409777	0.007067	6.0
1503	-0.716115	119.365104	0.012227	6.6
1504	-1.059528	119.320476	0.015801	5.8
1505	-1.019482	119.275893	0.005146	5.8
1506	-0.000000	119.231353	0.000000	5.4
1507	-0.524664	119.186859	0.011984	5.9
1508	-1.093160	119.142408	0.005344	7.4
1509	-1.388844	119.098002	0.014942	5.7
1510	-0.000000	119.053639	0.000000	5.3
1511	-1.298639	119.009321	0.013499	6.1
1512	-1.286809	118.965047	0.017611	5.9
1513	-1.040942	118.920816	0.019971	6.1
1514	-0.000000	118.876630	0.000000	5.6
1515	-1.179147	118.832487	0.010327	5.7
1516	-0.512755	118.788388	0.008731	5.6
1517	-0.538828	118.744332	0.010736	6.3
1518	-1.395423	118.700320	0.012986	6.0
1519	-1.225893	118.656352	0.008806	6.2
1520	-1.023087	118.612427	0.009985	5.4
1521	-1.299120	118.568545	0.013199	5.7
1522	-0.037467	118.524706	0.001259	6.3
1523	-1.512719	118.480911	0.006714	5.2
1524	-1.307991	118.437159	0.012873	5.8
1525	-1.372463	118.393450	0.012025	6.3
1526	-0.963072	118.349784	0.010115	5.0
1527	-1.345000	118.306160	0.015709	5.8
1528	-0.567715	118.262580	0.004890	5.8
1529	-1.598068	118.219042	0.029199	4.9
1530	-0.466603	118.175548	0.003665	6.1
1531	-1.703345	118.132095	0.008921	5.8
1532	-1.311795	118.088686	0.008517	5.7
1533	-1.543034	118.045319	0.012686	6.7
1534	-1.433239	118.001994	0.006939	5.7
1535	-0.015647	117.958712	0.000465	5.4
1536	-1.167140	117.915472	0.011809	5.8
1537	-1.215204	117.872274	0.009465	6.2
1538	-0.039292	117.829118	0.000852	6.1
1539	-0.595868	117.786005	0.006282	5.8
1540	-1.013504	117.742933	0.014488	5.9
1541	-1.099620	117.699904	0.008279	5.5
1542	-1.363938	117.656916	0.014779	5.7
1543	-0.254031	117.613971	0.003517	5.1
1544	-1.457637	117.571067	0.012887	5.7
1545	-1.308164	117.528205	0.009556	5.2
1546	-0.494423	117.485384	0.005104	5.3
1547	-1.503962	117.442605	0.015428	6.0
1548	-0.000557	117.399867	0.000113	5.4
1549	-1.414058	117.357171	0.014252	5.6
1550	-0.899158	117.314517	0.009105	6.5
1551	-0.951248	117.271903	0.011002	5.7
1552	-1.000638	117.229331	0.014232	5.6
1553	-0.004996	117.186800	0.000249	6.3
1554	-1.454456	117.144311	0.012785	6.3
1555	-0.042934	117.101862	0.001164	6.2
1556	-1.298033	117.059454	0.011082	6.6
1557	-1.445992	117.017087	0.012611	5.6
1558	-0.797932	116.974762	0.007000	5.7
1559	-0.231201	116.932476	0.003293	6.0
1560	-0.536047	116.890232	0.007551	5.8
1561	-0.743122	116.848028	0.001959	5.8
1562	-0.000021	116.805865	0.000004	5.8
1563	-0.252453	116.763743	0.003474	4.9
1564	-0.252056	116.721661	0.003111	6.0
1565	-0.233248	116.679619	0.003217	5.6
1566	-0.678922	116.637618	0.010004	5.9
1567	-0.656237	116.595657	0.014074	6.3
1568	-1.396191	116.553736	0.009342	6.8
1569	-1.528671	116.511855	0.020070	5.5
1570	-1.549138	116.470015	0.008302	5.9
1571	-0.000000	116.428214	0.000000	5.3
1572	-1.518771	116.386454	0.008629	5.9
1573	-0.723497	116.344733	0.004664	5.9
1574	-1.075217	116.303052	0.003893	5.2
1575	-1.461987	116.261412	0.012604	5.1
1576	-0.094696	116.219810	0.001728	5.0
1577	-1.331612	116.178249	0.009412	4.8
1578	-0.000101	116.136727	0.000015	4.9
1579	-0.297795	116.095245	0.003396	5.5
1580	-0.654104	116.053802	0.003814	4.9
1581	-0.724212	116.012398	0.005119	4.8
1582	-1.494793	115.971034	0.018386	6.3
1583	-1.606955	115.929710	0.023968	5.4
1584	-1.402115	115.888424	0.008873	5.4
1585	-1.445511	115.847178	0.013024	6.9
1586	-0.327017	115.805970	0.003322	5.2
1587	-0.000000	115.764802	0.000000	5.6
1588	-0.000000	115.723673	0.000000	5.7
1589	-0.888662	115.682583	0.007644	5.1
1590	-0.457719	115.641532	0.003586	6.5
1591	-1.011421	115.600519	0.002755	6.3
1592	-1.612774	115.559546	0.008766	6.0
1593	-0.001713	115.518610	0.000207	6.1
1594	-0.925317	115.477714	0.010696	6.4
1595	-1.425208	115.436856	0.007383	6.0
1596	-0.973872	115.396037	0.008242	6.4
1597	-0.150380	115.355256	0.002770	5.6
1598	-0.291977	115.314514	0.002926	6.5
1599	-1.587520	115.273810	0.014683	6.2
1600	-0.000000	115.233144	0.000000	5.7
1601	-0.121834	115.192517	0.002185	6.3
1602	-1.332405	115.151927	0.010853	5.2
1603	-0.000000	115.111376	0.000000	5.1
1604	-1.258230	115.070863	0.015609	6.6
1605	-1.754100	115.030388	0.009468	5.7
1606	-0.000003	114.989951	0.000001	5.4
1607	-0.898190	114.949551	0.011564	6.0
1608	-0.370291	114.909190	0.004592	5.7
1609	-1.240001	114.868866	0.008529	5.4
1610	-1.606835	114.828580	0.014493	7.4
1611	-0.916532	114.788332	0.013934	6.7
1612	-1.408345	114.748121	0.009344	5.8
1613	-1.454078	114.707948	0.018850	5.1
1614	-1.236746	114.667812	0.006781	5.4
1615	-0.480549	114.627714	0.005790	5.1
1616	-1.354341	114.587653	0.012202	5.1
1617	-1.140497	114.547629	0.015822	5.7
1618	-0.405060	114.507643	0.003484	6.2
1619	-1.278735	114.467693	0.013341	5.6
1620	-0.000000	114.427781	0.000000	5.8
1621	-0.001115	114.387907	0.000109	6.6
1622	-1.494555	114.348069	0.012267	5.7
1623	-1.478599	114.308268	0.017719	5.4
1624	-1.570292	114.268504	0.016121	5.9
1625	-0.717455	114.228777	0.004194	5.5
1626	-1.550426	114.189086	0.005156	5.7
1627	-1.447692	114.149433	0.016554	6.9
1628	-1.071113	114.109816	0.011440	5.8
1629	-0.007723	114.070235	0.000558	6.1
1630	-1.324573	114.030692	0.006422	5.5
1631	-0.000000	113.991185	0.000000	5.4
1632	-0.513789	113.951714	0.003047	5.9
1633	-0.590764	113.912280	0.010137	5.7
1634	-0.134800	113.872882	0.002874	6.0
1635	-1.123867	113.833521	0.003074	6.3
1636	-0.000000	113.794195	0.000000	6.2
1637	-0.373238	113.754906	0.003855	6.3
1638	-1.129856	113.715653	0.007022	5.5
1639	-0.748713	113.676437	0.012098	6.0
1640	-1.315148	113.637256	0.008702	6.7
1641	-1.454803	113.598111	0.010529	5.7
1642	-0.000012	113.559002	0.000003	5.4
1643	-0.000028	113.519929	0.000005	6.7
1644	-1.333405	113.480892	0.020642	6.3
1645	-0.848961	113.441891	0.009033	6.7
1646	-1.131885	113.402925	0.014790	6.1
1647	-0.000062	113.363995	0.000013	5.8
1648	-0.757266	113.325101	0.008303	6.2
1649	-1.440011	113.286242	0.014923	5.9
1650	-0.962710	113.247419	0.004626	5.4
1651	-1.332230	113.208631	0.017759	6.0
1652	-1.183467	113.169879	0.008924	4.9
1653	-1.275105	113.131162	0.013507	5.3
1654	-0.603399	113.092480	0.004278	5.7
1655	-0.700119	113.053833	0.009610	5.7
1656	-0.733634	113.015222	0.008906	5.7
1657	-0.875128	112.976646	0.008156	6.7
1658	-0.753764	112.938105	0.005526	5.8
1659	-1.006030	112.899599	0.014162	5.7
1660	-1.448591	112.861128	0.010157	6.0
1661	-0.032632	112.822692	0.000826	4.9
1662	-0.018109	112.784291	0.000403	6.2
1663	-0.000000	112.745924	0.000000	6.0
1664	-1.433586	112.707593	0.013211	5.6
1665	-0.401626	112.669296	0.004253	6.1
1666	-1.305970	112.631034	0.007558	5.9
1667	-1.373932	112.592806	0.015276	5.7
1668	-1.477237	112.554613	0.013716	6.5
1669	-0.000068	112.516455	0.000013	5.7
1670	-0.368560	112.478331	0.003481	5.3
1671	-0.051713	112.440241	0.001123	6.8
1672	-1.275458	112.402186	0.021674	5.0
1673	-0.000113	112.364165	0.000023	5.9
1674	-0.000000	112.326179	0.000000	6.1
1675	-1.535808	112.288227	0.020616	5.7
1676	-1.403203	112.250309	0.005698	6.7
1677	-0.836261	112.212425	0.008442	5.6
1678	-1.572401	112.174575	0.014135	6.1
1679	-0.336899	112.136759	0.003750	7.4
1680	-1.256219	112.098977	0.018154	6.4
1681	-1.132057	112.061229	0.004067	6.0
1682	-0.809251	112.023515	0.011359	6.0
1683	-0.000000	111.985834	0.000000	5.9
1684	-0.529902	111.948188	0.003231	6.4
1685	-1.105793	111.910575	0.014267	5.7
1686	-1.180321	111.872996	0.007974	5.9
1687	-1.115512	111.835450	0.006824	6.4
1688	-1.259476	111.797939	0.014655	5.5
1689	-0.449647	111.760460	0.002302	6.2
1690	-0.000000	111.723015	0.000000	5.8
1691	-0.511211	111.685604	0.002040	5.8
1692	-0.086957	111.648226	0.001132	6.8
1693	-0.001008	111.610881	0.000130	5.9
1694	-1.301007	111.573570	0.009674	6.0
1695	-0.330176	111.536292	0.001926	6.9
1696	-0.634470	111.499047	0.003981	6.9
1697	-1.477959	111.461835	0.011785	6.2
1698	-0.000003	111.424656	0.000001	5.6
1699	-0.012632	111.387510	0.000822	5.4
1700	-0.510287	111.350398	0.005242	6.0
1701	-1.104858	111.313318	0.006360	5.5
1702	-0.278133	111.276271	0.001787	5.8
1703	-0.014905	111.239257	0.000620	5.8
1704	-0.400058	111.202276	0.002929	5.5
1705	-1.353077	111.165328	0.011849	6.0
1706	-1.480482	111.128412	0.011769	6.1
1707	-1.196003	111.091529	0.004380	5.0
1708	-0.714134	111.054679	0.014436	5.2
1709	-1.339428	111.017861	0.013100	6.3
1710	-0.813278	110.981076	0.006270	6.1
1711	-1.673374	110.944323	0.006862	5.0
1712	-0.000000	110.907603	0.000000	6.3
1713	-0.000000	110.870915	0.000000	5.4
1714	-0.498221	110.834259	0.008025	5.1
1715	-1.566793	110.797636	0.011114	6.0
1716	-0.000000	110.761045	0.000000	5.0
1717	-1.046468	110.724486	0.004907	5.6
1718	-1.455070	110.687959	0.011196	5.9
1719	-1.183510	110.651465	0.006172	5.6
1720	-1.010680	110.615002	0.008291	5.7
1721	-0.542984	110.578572	0.011349	5.7
1722	-1.470084	110.542173	0.012180	5.4
1723	-0.000000	110.505807	0.000000	6.2
1724	-0.558329	110.469472	0.005614	6.2
1725	-0.024810	110.433169	0.002076	5.7
1726	-1.333798	110.396898	0.009819	6.8
1727	-0.652831	110.360659	0.009289	6.1
1728	-0.012548	110.324451	0.000347	6.6
1729	-1.534301	110.288276	0.009036	6.6
1730	-0.291497	110.252131	0.004313	5.9
1731	-0.504213	110.216019	0.012623	6.2
1732	-0.554014	110.179937	0.007734	6.3
1733	-1.247862	110.143888	0.008797	6.3
1734	-0.696244	110.107869	0.015842	7.4
1735	-1.421987	110.071882	0.013099	6.5
1736	-0.638602	110.035927	0.006500	7.9
1737	-0.326034	110.000003	0.005290	5.9
1738	-0.593898	109.964110	0.005778	6.5
1739	-1.415608	109.928248	0.003948	6.1
1740	-1.521139	109.892417	0.005511	5.3
1741	-0.987760	109.856618	0.008481	6.8
1742	-1.031969	109.820850	0.006743	5.3
1743	-1.293594	109.785112	0.022305	5.6
1744	-1.032673	109.749406	0.006285	6.1
1745	-0.959204	109.713730	0.010350	5.6
1746	-1.360949	109.678086	0.013100	5.5
1747	-0.018994	109.642472	0.000620	6.2
1748	-1.459978	109.606890	0.011242	7.5
1749	-0.510784	109.571337	0.004831	6.9
1750	-0.830804	109.535816	0.013926	5.0
1751	-0.000001	109.500326	0.000000	4.7
1752	-0.538939	109.464866	0.005207	6.1
1753	-0.000000	109.429436	0.000000	5.1
1754	-0.001121	109.394038	0.000189	4.8
1755	-1.346118	109.358669	0.008378	6.1
1756	-1.105916	109.323331	0.006487	4.9
1757	-1.394111	109.288024	0.011799	4.9
1758	-0.000596	109.252747	0.000094	5.9
1759	-0.885627	109.217501	0.005873	4.8
1760	-1.359600	109.182284	0.010117	5.7
1761	-0.683330	109.147098	0.005681	5.6
1762	-1.395167	109.111942	0.009899	6.1
1763	-0.000070	109.076817	0.000015	6.1
1764	-0.647314	109.041721	0.006508	6.5
1765	-1.604876	109.006656	0.021176	6.0
1766	-1.289095	108.971620	0.007545	5.6
1767	-1.100763	108.936615	0.008125	5.4
1768	-0.862883	108.901640	0.009299	5.4
1769	-1.543836	108.866694	0.014619	6.2
1770	-1.536591	108.831779	0.012876	6.2
1771	-1.309434	108.796893	0.004885	5.4
1772	-1.320589	108.762037	0.014879	7.2
1773	-0.000001	108.727211	0.000000	5.6
1774	-0.304578	108.692415	0.004534	6.0
1775	-0.000000	108.657648	0.000000	6.9
1776	-0.000000	108.622911	0.000000	6.1
1777	-0.664368	108.588203	0.008011	6.0
1778	-1.301132	108.553525	0.020444	5.5
1779	-0.715930	108.518877	0.010055	5.6
1780	-0.077604	108.484258	0.001229	6.4
1781	-0.929998	108.449668	0.006231	6.1
1782	-0.469495	108.415108	0.004868	6.3
1783	-1.460146	108.380578	0.010646	6.4
1784	-0.834386	108.346076	0.001649	6.0
1785	-0.031073	108.311604	0.000819	5.8
1786	-1.407460	108.277161	0.018054	6.8
1787	-1.332932	108.242747	0.005010	5.2
1788	-0.947885	108.208363	0.012374	6.1
1789	-1.544380	108.174007	0.013781	5.7
1790	-1.187461	108.139681	0.004312	5.7
1791	-0.192513	108.105383	0.003231	5.9
1792	-0.768673	108.071115	0.010712	5.5
1793	-0.522115	108.036875	0.006694	5.5
1794	-0.000001	108.002665	0.000000	5.9
1795	-0.631040	107.968483	0.010456	6.1
1796	-0.001131	107.934330	0.000116	7.3
1797	-0.000000	107.900206	0.000000	6.4
1798	-0.163843	107.866111	0.001868	6.3
1799	-0.284545	107.832044	0.002979	6.7
1800	-1.410406	107.798007	0.007235	6.8
1801	-1.446605	107.763997	0.009262	5.8
1802	-0.982032	107.730017	0.008080	6.4
1803	-0.196177	107.696065	0.002266	5.5
1804	-0.000007	107.662141	0.000001	6.2
1805	-1.279708	107.628246	0.007222	5.4
1806	-1.285918	107.594379	0.010984	5.3
1807	-0.771468	107.560541	0.002614	6.6
1808	-1.571230	107.526731	0.006762	5.7
1809	-1.299305	107.492949	0.010019	6.0
1810	-1.046524	107.459196	0.007591	6.4
1811	-0.000960	107.425471	0.000149	5.9
1812	-0.000127	107.391774	0.000019	7.3
1813	-1.441704	107.358106	0.007911	6.2
1814	-0.215128	107.324465	0.003184	6.3
1815	-1.159300	107.290853	0.013293	7.0
1816	-0.315420	107.257268	0.002738	6.2
1817	-0.786320	107.223712	0.008129	7.4
1818	-1.356460	107.190184	0.013357	6.0
1819	-0.000866	107.156683	0.000078	5.4
1820	-0.030053	107.123211	0.000397	6.9
1821	-1.032493	107.089766	0.008469	6.3
1822	-1.273917	107.056349	0.012428	5.8
1823	-1.403492	107.022960	0.012226	6.6
1824	-1.152576	106.989599	0.009463	6.3
1825	-0.940310	106.956265	0.005504	6.7
1826	-1.342371	106.922960	0.010256	5.8
1827	-1.406048	106.889681	0.017282	4.9
1828	-1.250405	106.856431	0.001928	6.3
1829	-0.045089	106.823208	0.001518	7.0
1830	-0.922088	106.790012	0.008335	6.9
1831	-0.463917	106.756844	0.005858	6.9
1832	-1.390047	106.723703	0.006293	7.1
1833	-0.051530	106.690590	0.000910	6.7
1834	-0.164791	106.657505	0.001554	6.1
1835	-1.148771	106.624446	0.015708	6.6
1836	-1.419173	106.591415	0.017076	5.7
1837	-1.410580	106.558411	0.012868	6.4
1838	-0.011144	106.525435	0.000341	6.3
1839	-1.614629	106.492485	0.009256	5.9
1840	-1.447493	106.459563	0.010130	5.5
1841	-0.005326	106.426668	0.000265	6.0
1842	-0.540710	106.393800	0.011562	5.0
1843	-0.960656	106.360959	0.010171	5.5
1844	-0.073211	106.328145	0.002101	5.8
1845	-0.516146	106.295358	0.007052	5.5
1846	-1.458177	106.262598	0.010278	5.1
1847	-1.371176	106.229865	0.002942	5.7
1848	-0.568900	106.197158	0.012750	5.7
1849	-0.994813	106.164479	0.014614	5.1
1850	-1.167220	106.131826	0.011314	5.9
1851	-0.397081	106.099201	0.003837	5.5
1852	-1.414206	106.066602	0.011660	5.6
1853	-1.416257	106.034029	0.008642	5.5
1854	-0.453352	106.001483	0.003655	4.8
1855	-0.442397	105.968964	0.004880	4.8
1856	-0.301681	105.936472	0.004053	5.6
1857	-1.245528	105.904006	0.007579	5.2
1858	-0.946818	105.871566	0.012321	6.1
1859	-0.852765	105.839153	0.010481	5.5
1860	-0.462239	105.806767	0.005665	5.7
1861	-0.710919	105.774407	0.007955	6.0
1862	-1.449810	105.742073	0.014397	6.1
1863	-1.300674	105.709766	0.012046	5.1
1864	-0.610238	105.677485	0.015422	6.9
1865	-1.533535	105.645230	0.030757	5.5
1866	-0.290990	105.613001	0.003640	5.6
1867	-0.107786	105.580799	0.001950	6.6
1868	-1.682700	105.548623	0.013833	5.8
1869	-0.000000	105.516473	0.000000	5.7
1870	-0.984889	105.484349	0.018559	7.6
1871	-0.572984	105.452251	0.013292	5.8
1872	-1.170068	105.420179	0.008554	6.7
1873	-1.262740	105.388133	0.009262	5.8
1874	-1.181985	105.356113	0.007376	5.4
1875	-1.100369	105.324119	0.004748	6.2
1876	-1.268990	105.292151	0.013089	5.6
1877	-0.344170	105.260209	0.002993	5.5
1878	-0.817469	105.228293	0.006230	6.2
1879	-1.200564	105.196402	0.012999	5.7
1880	-0.000000	105.164537	0.000000	6.5
1881	-1.507457	105.132698	0.010734	5.5
1882	-1.455252	105.100885	0.007663	5.3
1883	-0.969003	105.069097	0.008738	6.5
1884	-0.018429	105.037335	0.000587	5.4
1885	-0.034360	105.005598	0.001447	5.6
1886	-0.000000	104.973887	0.000000	5.4
1887	-1.013457	104.942202	0.003704	5.7
1888	-0.267454	104.910542	0.001994	5.8
1889	-0.992376	104.878907	0.007543	6.1
1890	-1.403100	104.847298	0.023552	5.8
1891	-1.503255	104.815715	0.012889	5.5
1892	-0.002487	104.784156	0.000273	5.7
1893	-1.464114	104.752623	0.007494	5.7
1894	-1.042349	104.721116	0.009822	5.2
1895	-1.466657	104.689633	0.013042	6.3
1896	-0.090233	104.658176	0.001974	5.7
1897	-0.422787	104.626744	0.005692	5.5
1898	-0.000000	104.595337	0.000000	5.8
1899	-0.341497	104.563955	0.004123	6.9
1900	-1.459397	104.532599	0.005614	6.2
1901	-0.167913	104.501267	0.002086	5.9
1902	-1.015589	104.469960	0.009824	5.4
1903	-1.150910	104.438679	0.015585	6.5
1904	-1.467437	104.407422	0.012485	6.6
1905	-0.000000	104.376191	0.000000	5.4
1906	-0.618628	104.344984	0.005386	6.4
1907	-1.238736	104.313802	0.009456	5.1
1908	-0.613420	104.282645	0.009835	5.2
1909	-1.371892	104.251513	0.014395	6.0
1910	-1.309266	104.220405	0.011472	5.5
1911	-0.524704	104.189323	0.011028	5.6
1912	-0.536054	104.158265	0.003519	5.8
1913	-0.000000	104.127231	0.000000	6.2
1914	-1.194474	104.096222	0.016776	6.7
1915	-1.512467	104.065238	0.008528	6.1
1916	-0.552474	104.034279	0.015884	7.0
1917	-0.000000	104.003344	0.000000	7.0
1918	-1.298706	103.972433	0.010868	6.5
1919	-0.140651	103.941547	0.003272	7.1
1920	-0.000237	103.910686	0.000032	6.0
1921	-1.281290	103.879849	0.004162	6.0
1922	-0.435715	103.849036	0.003179	6.9
1923	-0.001007	103.818248	0.000155	7.0
1924	-1.407929	103.787484	0.012107	6.1
1925	-0.426065	103.756744	0.002748	6.2
1926	-1.548573	103.726029	0.011313	5.9
1927	-0.942247	103.695338	0.012207	5.8
1928	-0.999104	103.664671	0.009091	6.0
1929	-0.407379	103.634028	0.003868	6.4
1930	-0.655315	103.603409	0.006881	5.9
1931	-0.498433	103.572814	0.011251	5.9
1932	-0.000000	103.542244	0.000000	6.1
1933	-1.516119	103.511698	0.016793	5.6
1934	-1.354437	103.481175	0.012860	5.8
1935	-1.283434	103.450677	0.022225	5.9
1936	-0.813454	103.420202	0.003146	5.2
1937	-1.176370	103.389752	0.004806	6.2
1938	-1.540075	103.359325	0.012017	6.5
1939	-1.486122	103.328922	0.011128	6.4
1940	-0.000000	103.298543	0.000000	5.8
1941	-0.067827	103.268188	0.001137	4.9
1942	-0.177515	103.237857	0.002704	5.8
1943	-1.433052	103.207549	0.018659	5.9
1944	-0.386699	103.177265	0.009123	5.7
1945	-0.736450	103.147005	0.009565	4.9
1946	-1.390911	103.116768	0.014129	6.0
1947	-1.722374	103.086556	0.016621	5.0
1948	-0.000000	103.056366	0.000000	5.2
1949	-1.179631	103.026200	0.013479	6.3
1950	-0.852229	102.996058	0.009013	5.6
1951	-1.395027	102.965939	0.005494	5.7
1952	-0.254906	102.935844	0.002858	6.3
1953	-1.012722	102.905772	0.003244	5.3
1954	-1.049716	102.875724	0.002656	5.5
1955	-1.355377	102.845699	0.009897	6.2
1956	-1.534513	102.815697	0.013740	6.3
1957	-0.010248	102.785719	0.000720	4.9
1958	-1.543522	102.755764	0.010719	6.1
1959	-1.491905	102.725832	0.011706	5.6
1960	-1.413376	102.695924	0.020600	5.5
1961	-1.320160	102.666038	0.001754	5.7
1962	-1.298271	102.636176	0.017322	5.8
1963	-1.461055	102.606337	0.018438	7.4
1964	-0.865940	102.576521	0.012079	6.3
1965	-0.488167	102.546728	0.003595	5.9
1966	-1.352302	102.516959	0.011665	6.4
1967	-1.324616	102.487212	0.010447	5.6
1968	-1.459992	102.457488	0.012810	5.8
1969	-0.000000	102.427788	0.000000	6.5
1970	-0.409773	102.398110	0.002288	5.1
1971	-1.360088	102.368455	0.014263	6.7
1972	-0.051454	102.338823	0.001512	5.8
1973	-1.181963	102.309214	0.006617	5.5
1974	-0.253582	102.279628	0.003595	5.9
1975	-0.569256	102.250064	0.006298	5.7
1976	-1.482255	102.220524	0.007505	5.7
1977	-1.344673	102.191006	0.007352	5.9
1978	-1.258092	102.161511	0.006466	5.3
1979	-0.000000	102.132038	0.000000	5.6
1980	-0.918446	102.102588	0.010776	6.1
1981	-1.042518	102.073161	0.007974	5.4
1982	-1.373783	102.043757	0.005090	5.5
1983	-1.051197	102.014375	0.002957	6.1
1984	-0.000000	101.985015	0.000000	5.6
1985	-1.313312	101.955678	0.008128	6.4
1986	-0.000000	101.926364	0.000000	5.5
1987	-1.602075	101.897072	0.014289	5.0
1988	-0.000000	101.867802	0.000000	6.0
1989	-1.263923	101.838555	0.004909	5.7
1990	-1.302104	101.809330	0.014960	6.0
1991	-0.003648	101.780128	0.000318	6.1
1992	-1.520781	101.750948	0.015511	5.9
1993	-1.357849	101.721790	0.007399	6.1
1994	-0.318834	101.692654	0.004328	6.1
1995	-1.701907	101.663541	0.009391	5.7
1996	-1.584740	101.634450	0.009466	5.8
1997	-0.000031	101.605381	0.000006	6.2
1998	-1.457634	101.576335	0.022736	5.1
1999	-0.545981	101.547310	0.007609	4.8
