1:ItNr	2:Metric	3:StepSize	4:||Gradient||	Time[ms]
0	-0.098650	627.201626	0.003751	867.0
1	-0.599010	623.504937	0.013643	6.0
2	-0.000000	619.865785	0.000000	6.8
3	-0.555684	616.282728	0.013734	5.7
4	-0.000000	612.754375	0.000000	5.3
5	-0.020746	609.279381	0.001184	6.3
6	-0.958411	605.856447	0.014776	6.5
7	-0.930945	602.484317	0.011483	5.6
8	-0.286672	599.161779	0.001440	5.5
9	-0.000000	595.887656	0.000000	5.5
10	-0.560015	592.660813	0.006943	6.4
11	-0.004974	589.480151	0.000865	6.1
12	-0.729378	586.344606	0.016046	5.8
13	-0.758599	583.253145	0.016290	7.7
14	-0.584740	580.204771	0.007398	6.4
15	-0.000000	577.198517	0.000000	6.2
16	-0.660176	574.233444	0.032971	5.6
17	-0.724163	571.308645	0.016285	5.7
18	-0.000010	568.423237	0.000005	6.3
19	-0.878841	565.576365	0.021610	5.5
20	-0.039938	562.767201	0.003336	5.5
21	-0.003875	559.994938	0.000369	7.6
22	-0.938269	557.258797	0.032898	7.0
23	-0.972959	554.558018	0.013404	7.4
24	-0.675381	551.891865	0.009676	5.9
25	-0.844943	549.259621	0.013709	6.0
26	-0.498676	546.660592	0.009184	6.0
27	-0.709252	544.094102	0.012120	5.9
28	-0.047878	541.559494	0.000685	6.8
29	-0.000277	539.056129	0.000094	6.9
30	-1.052233	536.583387	0.017789	8.8
31	-0.602529	534.140663	0.021744	7.2
32	-0.286197	531.727370	0.001486	8.7
33	-0.993352	529.342935	0.026958	7.7
34	-1.220239	526.986802	0.040109	6.5
35	-1.034171	524.658430	0.019745	6.7
36	-0.645232	522.357290	0.008238	6.2
37	-0.604932	520.082868	0.036888	7.1
38	-0.929501	517.834665	0.021667	7.6
39	-0.000000	515.612193	0.000000	7.2
40	-0.816821	513.414976	0.016634	5.9
41	-0.708302	511.242551	0.019348	6.4
42	-0.961126	509.094468	0.032211	6.8
43	-0.644439	506.970285	0.033096	6.2
44	-0.114399	504.869574	0.002867	6.6
45	-0.931869	502.791916	0.016088	6.2
46	-0.077877	500.736903	0.001891	6.2
47	-0.942585	498.704137	0.013613	8.0
48	-0.568552	496.693228	0.013946	6.3
49	-0.673048	494.703798	0.003362	6.2
50	-0.000000	492.735476	0.000000	6.2
51	-0.780241	490.787900	0.009331	6.8
52	-0.740515	488.860718	0.039291	7.2
53	-1.217326	486.953585	0.017675	6.3
54	-0.516355	485.066164	0.009216	6.9
55	-0.576351	483.198126	0.012879	6.7
56	-0.953067	481.349149	0.011450	6.2
57	-0.611270	479.518920	0.011623	6.4
58	-0.315745	477.707132	0.003147	6.2
59	-0.942059	475.913485	0.006463	7.0
60	-0.000291	474.137684	0.000088	5.6
61	-1.077912	472.379445	0.027308	6.5
62	-0.000000	470.638485	0.000000	8.1
63	-0.872238	468.914531	0.016686	6.5
64	-1.303870	467.207315	0.024071	7.3
65	-0.541631	465.516573	0.017437	6.2
66	-0.000000	463.842050	0.000000	6.4
67	-0.615676	462.183494	0.006901	6.5
68	-1.003127	460.540658	0.045944	6.1
69	-0.000035	458.913303	0.000011	6.6
70	-1.143889	457.301192	0.019833	6.7
71	-0.538374	455.704096	0.036779	7.2
72	-0.813823	454.121787	0.005699	6.6
73	-0.000735	452.554045	0.000090	7.1
74	0.000000	451.000653	0.000000	7.1
75	-0.857952	449.461399	0.015530	6.8
76	0.000000	447.936075	0.000000	7.5
77	-0.419999	446.424477	0.005865	7.2
78	-0.000000	444.926406	0.000000	9.2
79	-0.282844	443.441666	0.004098	7.1
80	-0.796516	441.970065	0.008596	7.6
81	-0.246433	440.511415	0.004758	6.8
82	-0.949728	439.065533	0.014288	7.5
83	-0.000000	437.632238	0.000000	7.3
84	-0.748432	436.211351	0.007444	6.1
85	-0.311534	434.802701	0.002752	7.1
86	-0.336873	433.406117	0.006621	6.8
87	-0.548884	432.021430	0.014565	6.7
88	-0.712946	430.648479	0.011774	6.4
89	-0.000000	429.287101	0.000000	6.2
90	-0.606483	427.937140	0.016158	6.5
91	-1.016181	426.598440	0.014114	6.2
92	-0.783324	425.270849	0.008164	6.5
93	-1.155112	423.954220	0.021131	6.4
94	-0.635390	422.648404	0.008506	6.2
95	-0.956442	421.353259	0.009590	7.0
96	-0.609429	420.068643	0.008221	6.3
97	-0.712123	418.794419	0.013013	6.5
98	-0.097737	417.530451	0.002252	6.7
99	0.000000	416.276604	0.000000	6.5
100	-1.000089	415.032748	0.031290	7.4
101	-0.945726	413.798754	0.006453	7.6
102	-0.621773	412.574495	0.003490	6.7
103	-0.917928	411.359849	0.016097	6.1
104	-0.739448	410.154691	0.010272	6.4
105	-1.002620	408.958904	0.020570	7.4
106	-0.692980	407.772368	0.015407	6.5
107	-0.834792	406.594968	0.020223	7.7
108	-0.351506	405.426590	0.014222	6.9
109	-0.989587	404.267122	0.013407	7.3
110	-0.000000	403.116456	0.000000	6.4
111	-0.000000	401.974481	0.000000	5.8
112	-0.382536	400.841093	0.005325	7.1
113	-0.640453	399.716187	0.009664	6.5
114	-1.053132	398.599660	0.019972	7.2
115	-0.586128	397.491411	0.008304	6.3
116	-0.353899	396.391342	0.006824	7.7
117	-0.000000	395.299353	0.000000	8.7
118	-0.971628	394.215350	0.016804	7.2
119	-1.001446	393.139238	0.010317	7.2
120	-0.438619	392.070924	0.013625	6.3
121	-0.000000	391.010316	0.000000	7.6
122	-0.553481	389.957325	0.009282	7.0
123	0.000000	388.911862	0.000000	7.8
124	-1.294934	387.873839	0.008398	6.3
125	-0.667951	386.843173	0.013009	6.3
126	-0.576580	385.819777	0.008172	7.1
127	-0.809375	384.803569	0.010386	6.1
128	-0.790303	383.794468	0.006142	6.5
129	-0.887392	382.792393	0.017382	5.9
130	-0.136282	381.797264	0.003447	6.6
131	-0.820190	380.809005	0.009605	6.7
132	0.000000	379.827537	0.000000	6.4
133	-0.976040	378.852786	0.020246	6.3
134	-0.777314	377.884678	0.007482	6.0
135	-0.202617	376.923138	0.004916	5.8
136	-0.485239	375.968095	0.004333	6.2
137	-0.064551	375.019479	0.002301	5.5
138	-0.550503	374.077218	0.004247	6.6
139	-0.781575	373.141244	0.013597	6.2
140	-0.000000	372.211489	0.000000	5.9
141	-0.023445	371.287887	0.001293	6.9
142	-0.210265	370.370370	0.003264	6.1
143	-1.118834	369.458876	0.013318	6.5
144	-0.124536	368.553338	0.001809	6.6
145	-0.610859	367.653696	0.009620	6.2
146	-0.065803	366.759885	0.002281	6.7
147	-0.655230	365.871846	0.008111	5.5
148	-1.042037	364.989518	0.008415	5.5
149	-0.430002	364.112841	0.007827	6.3
150	-0.814880	363.241757	0.015734	6.3
151	-0.967958	362.376208	0.012228	6.0
152	-0.003863	361.516137	0.000078	6.4
153	-0.746811	360.661488	0.007486	5.0
154	-0.874386	359.812206	0.009196	5.8
155	-0.070366	358.968236	0.001416	5.3
156	-0.706267	358.129524	0.009838	5.6
157	-0.625461	357.296018	0.020352	6.5
158	-0.229980	356.467665	0.005724	6.1
159	-0.155625	355.644414	0.002895	5.3
160	-0.142375	354.826213	0.004269	6.1
161	-1.026432	354.013012	0.010961	6.5
162	-0.000308	353.204763	0.000020	5.2
163	0.000000	352.401415	0.000000	5.6
164	-1.194909	351.602922	0.029986	6.1
165	-1.002013	350.809235	0.010925	5.5
166	-0.180084	350.020308	0.004325	7.2
167	-0.886384	349.236095	0.020472	6.1
168	-0.021058	348.456550	0.000756	7.7
169	-1.053964	347.681627	0.011548	6.2
170	-0.000000	346.911283	0.000000	5.8
171	-1.032238	346.145474	0.011215	6.4
172	-1.010120	345.384157	0.007134	6.0
173	-0.392809	344.627288	0.008486	6.9
174	-0.876665	343.874826	0.018074	6.0
175	-1.003937	343.126729	0.018295	6.5
176	-0.938423	342.382957	0.009927	6.8
177	-1.220841	341.643469	0.023792	6.5
178	-0.581069	340.908224	0.010779	8.2
179	-0.608849	340.177184	0.004479	5.3
180	-0.189024	339.450309	0.003577	7.4
181	-0.272809	338.727561	0.003090	6.7
182	-1.048216	338.008902	0.038912	6.9
183	-0.670208	337.294295	0.004676	7.0
184	-1.010233	336.583703	0.015332	6.4
185	-1.063967	335.877089	0.027461	6.6
186	-0.935449	335.174416	0.006096	5.9
187	-0.071778	334.475651	0.001354	6.9
188	-0.333968	333.780756	0.011080	7.0
189	-0.518488	333.089698	0.046398	6.3
190	-0.957926	332.402443	0.007948	6.1
191	0.000000	331.718955	0.000000	6.2
192	-0.914238	331.039203	0.018637	6.2
193	-0.000000	330.363153	0.000000	6.7
194	-0.248887	329.690771	0.001978	6.0
195	-0.451378	329.022027	0.009499	7.1
196	-0.903275	328.356888	0.014587	7.1
197	-0.001343	327.695322	0.000249	6.7
198	-0.297773	327.037299	0.004278	7.8
199	-0.845818	326.382787	0.010195	8.1
200	-0.607920	325.731758	0.018121	7.8
201	-0.034401	325.084179	0.002683	7.3
202	-0.070493	324.440023	0.002636	8.6
203	-0.000000	323.799258	0.000000	6.6
204	-0.927171	323.161858	0.008501	8.1
205	-0.071357	322.527792	0.001481	6.1
206	-0.555907	321.897034	0.005796	7.2
207	-0.000028	321.269554	0.000011	6.0
208	-1.151054	320.645325	0.019692	7.0
209	-0.585001	320.024320	0.008469	7.6
210	-1.344386	319.406512	0.018822	6.4
211	-1.118828	318.791875	0.011369	8.0
212	-1.212892	318.180381	0.030904	7.3
213	-0.956888	317.572005	0.011075	7.2
214	0.000000	316.966721	0.000000	8.9
215	-0.073544	316.364504	0.001458	8.2
216	-0.000000	315.765329	0.000000	6.7
217	-0.205144	315.169170	0.004398	7.3
218	-0.009785	314.576003	0.001080	6.0
219	-0.000961	313.985804	0.000098	7.6
220	-1.238910	313.398548	0.039004	7.0
221	-0.424422	312.814213	0.013078	5.9
222	-0.434093	312.232773	0.007265	8.8
223	-1.068517	311.654207	0.030434	7.1
224	-0.165952	311.078491	0.005738	5.8
225	-0.000000	310.505602	0.000000	6.0
226	-0.798209	309.935518	0.018042	5.0
227	0.000000	309.368217	0.000000	6.3
228	-1.248058	308.803676	0.037106	7.1
229	-0.541640	308.241874	0.007571	6.5
230	-0.124021	307.682789	0.002962	6.8
231	-0.000510	307.126400	0.000114	6.0
232	-0.061497	306.572687	0.003277	7.1
233	-0.782383	306.021627	0.049645	5.3
234	-0.293694	305.473201	0.006950	5.7
235	-0.782241	304.927388	0.011544	5.9
236	-1.113457	304.384168	0.015879	6.1
237	-0.200236	303.843521	0.004718	5.8
238	-0.591538	303.305427	0.009126	6.7
239	-0.415888	302.769867	0.006081	5.9
240	-0.019158	302.236821	0.000584	5.8
241	-0.985367	301.706270	0.011170	6.7
242	-0.929494	301.178196	0.007830	5.2
243	-0.580710	300.652580	0.005987	6.7
244	-0.370627	300.129402	0.006801	5.4
245	-0.850145	299.608645	0.015633	5.8
246	-0.877634	299.090291	0.008868	7.5
247	-1.141486	298.574321	0.012446	6.3
248	-0.000006	298.060718	0.000001	6.7
249	-0.000000	297.549465	0.000000	5.8
250	-0.063688	297.040543	0.001756	5.5
251	-0.622090	296.533936	0.004747	6.0
252	-0.221828	296.029626	0.005664	5.4
253	-0.778286	295.527597	0.007556	7.0
254	-0.000000	295.027832	0.000000	6.6
255	-0.583076	294.530315	0.008003	6.0
256	-0.740911	294.035028	0.008974	6.5
257	-0.709580	293.541956	0.005441	6.0
258	-1.062666	293.051083	0.021953	6.2
259	-1.044978	292.562393	0.012866	7.2
260	-0.000000	292.075870	0.000000	6.1
261	-1.051341	291.591498	0.017838	6.6
262	-0.749426	291.109263	0.009594	6.1
263	-0.093411	290.629149	0.003333	6.7
264	-0.054779	290.151140	0.002337	7.2
265	-0.601789	289.675222	0.029735	6.3
266	-0.704731	289.201380	0.033997	6.8
267	-0.608984	288.729600	0.005539	5.6
268	-0.093645	288.259866	0.001035	5.4
269	-1.111206	287.792165	0.012544	6.2
270	-0.588347	287.326481	0.011079	6.0
271	-0.891816	286.862802	0.009803	6.3
272	-0.345576	286.401113	0.004539	6.7
273	-0.916119	285.941400	0.014302	6.1
274	-0.849992	285.483649	0.022544	6.8
275	-0.000898	285.027847	0.000181	5.9
276	-1.171826	284.573981	0.020704	5.8
277	-0.742686	284.122037	0.009988	6.8
278	-0.503928	283.672002	0.015338	6.1
279	-0.000000	283.223863	0.000000	7.2
280	-0.961829	282.777607	0.030487	6.5
281	0.000000	282.333221	0.000000	6.5
282	-0.253986	281.890692	0.004297	6.8
283	-0.000000	281.450008	0.000000	5.7
284	-0.685369	281.011157	0.013405	6.8
285	-0.419412	280.574125	0.009928	6.1
286	-0.641922	280.138901	0.014600	6.4
287	-0.612922	279.705473	0.014190	6.8
288	-1.133541	279.273829	0.010355	6.1
289	-0.595678	278.843956	0.013872	6.7
290	-0.237724	278.415844	0.003520	6.0
291	-0.000000	277.989479	0.000000	4.9
292	-0.927730	277.564851	0.009501	6.7
293	-1.039488	277.141949	0.017087	5.8
294	-0.956295	276.720761	0.013595	5.5
295	-1.190431	276.301275	0.010755	6.8
296	-0.000000	275.883480	0.000000	6.3
297	-0.469236	275.467366	0.007799	6.2
298	-0.866651	275.052922	0.011857	6.1
299	-0.854024	274.640136	0.022731	5.9
300	-0.149297	274.228998	0.002822	6.3
301	-1.111512	273.819497	0.008886	6.2
302	-0.459130	273.411623	0.014872	4.9
303	-0.000001	273.005365	0.000000	6.0
304	-0.317954	272.600712	0.008155	5.3
305	-0.000000	272.197655	0.000000	6.0
306	-0.000000	271.796184	0.000000	6.4
307	-0.000251	271.396287	0.000066	5.2
308	-0.002112	270.997956	0.000207	5.6
309	-0.000000	270.601180	0.000000	5.7
310	-0.000000	270.205949	0.000000	5.3
311	-0.362108	269.812254	0.010379	6.0
312	-0.634553	269.420085	0.007361	5.7
313	-0.566594	269.029432	0.010590	5.7
314	-0.000000	268.640287	0.000000	5.2
315	-0.731653	268.252638	0.010637	6.0
316	-0.317291	267.866478	0.004585	5.4
317	-0.162903	267.481796	0.002366	6.2
318	-0.990620	267.098584	0.012831	5.4
319	-0.960441	266.716833	0.012195	5.2
320	-0.365547	266.336533	0.009085	6.4
321	0.000000	265.957676	0.000000	5.2
322	-1.089771	265.580253	0.009373	4.9
323	-0.243079	265.204254	0.003200	5.9
324	-0.785410	264.829672	0.007768	5.7
325	-0.713038	264.456497	0.010258	5.5
326	-1.204692	264.084721	0.014308	6.2
327	-0.550333	263.714335	0.011774	5.2
328	-0.000000	263.345332	0.000000	5.2
329	-0.001410	262.977702	0.000159	5.5
330	-1.187470	262.611438	0.041887	6.1
331	-0.358456	262.246531	0.006568	5.3
332	-0.522203	261.882973	0.011200	6.1
333	-0.528978	261.520756	0.016767	5.8
334	-0.782040	261.159871	0.014940	5.1
335	-0.223506	260.800312	0.003901	5.8
336	-1.280519	260.442070	0.012635	5.5
337	-0.555270	260.085137	0.009195	5.0
338	-0.363640	259.729505	0.007060	6.2
339	-0.097791	259.375167	0.000436	5.6
340	-0.000000	259.022116	0.000000	6.1
341	-0.000000	258.670343	0.000000	5.5
342	-1.164972	258.319841	0.016485	5.3
343	-1.080946	257.970602	0.018617	6.0
344	-1.129771	257.622620	0.020529	5.6
345	-1.201325	257.275887	0.022596	5.1
346	-0.854648	256.930396	0.009500	5.6
347	-1.060905	256.586139	0.020094	5.4
348	-0.000000	256.243109	0.000000	5.2
349	-0.760620	255.901300	0.015968	6.0
350	-0.082154	255.560703	0.002363	5.5
351	-0.964614	255.221313	0.030081	5.8
352	-0.823427	254.883122	0.023020	6.0
353	-0.859396	254.546124	0.005351	5.9
354	-0.001250	254.210311	0.000045	5.6
355	-0.723116	253.875677	0.027822	5.8
356	-0.726412	253.542215	0.010923	6.1
357	-1.149626	253.209918	0.015989	5.7
358	-0.000002	252.878781	0.000001	5.9
359	-0.206281	252.548795	0.004301	4.9
360	-0.000207	252.219956	0.000047	5.2
361	-0.049665	251.892255	0.001077	6.3
362	-0.851879	251.565688	0.010487	5.4
363	-0.955177	251.240247	0.019014	5.5
364	-1.048596	250.915926	0.013385	5.5
365	-0.891473	250.592720	0.015417	5.5
366	-0.037211	250.270621	0.000409	5.8
367	-0.589796	249.949624	0.012195	6.1
368	-0.028814	249.629723	0.001333	5.3
369	-0.111378	249.310911	0.006039	5.7
370	-0.938696	248.993182	0.026762	6.0
371	-0.947850	248.676531	0.029553	5.6
372	0.000000	248.360952	0.000000	6.7
373	-0.909977	248.046438	0.011106	5.5
374	-0.000049	247.732984	0.000010	4.9
375	-0.000965	247.420584	0.000162	6.0
376	-1.156199	247.109233	0.031822	5.6
377	-0.869884	246.798924	0.005800	5.4
378	-0.000000	246.489652	0.000000	6.4
379	-0.014133	246.181412	0.001332	5.9
380	-0.000000	245.874197	0.000000	5.6
381	-1.205903	245.568002	0.009241	5.6
382	-0.960065	245.262822	0.008611	5.2
383	-0.005310	244.958652	0.001038	5.7
384	-1.028472	244.655485	0.017921	5.9
385	-0.000000	244.353317	0.000000	5.5
386	-0.674507	244.052142	0.007598	5.5
387	-0.276605	243.751955	0.003123	6.0
388	-0.295826	243.452750	0.001634	4.7
389	-0.133417	243.154523	0.002287	5.5
390	-0.892934	242.857268	0.008869	6.7
391	-1.254217	242.560980	0.010866	4.8
392	-0.263568	242.265654	0.006693	6.1
393	-0.225712	241.971285	0.004881	5.2
394	-0.046748	241.677868	0.001023	5.3
395	-0.734423	241.385397	0.015890	6.3
396	-1.181270	241.093869	0.026670	5.3
397	-0.198388	240.803278	0.003235	5.3
398	-0.420473	240.513619	0.008946	5.4
399	-0.761689	240.224887	0.008872	5.4
400	-1.020813	239.937077	0.009348	5.5
401	-0.971745	239.650186	0.013293	5.6
402	-0.751361	239.364207	0.014581	5.8
403	-0.042483	239.079136	0.001443	5.1
404	-1.125946	238.794969	0.028377	6.0
405	-1.168369	238.511701	0.028635	5.1
406	-0.148138	238.229327	0.005609	5.4
407	-0.018117	237.947843	0.001277	6.1
408	-0.000000	237.667244	0.000000	5.8
409	-0.512415	237.387526	0.006388	5.3
410	-0.756680	237.108684	0.008165	6.0
411	-0.466014	236.830714	0.012731	5.6
412	-0.398419	236.553610	0.003263	4.8
413	-0.991414	236.277370	0.011509	6.6
414	-1.056051	236.001989	0.055451	5.3
415	-0.649866	235.727461	0.011813	5.8
416	-0.828029	235.453784	0.021930	5.2
417	-0.738568	235.180952	0.004286	4.8
418	-0.045628	234.908962	0.002009	5.2
419	-0.836563	234.637809	0.006962	6.2
420	-0.415451	234.367488	0.010211	5.5
421	-1.257236	234.097997	0.032506	5.5
422	-0.326391	233.829331	0.002725	6.0
423	0.000000	233.561485	0.000000	5.5
424	-0.812804	233.294456	0.016079	6.0
425	-0.829377	233.028239	0.026704	5.4
426	-0.011786	232.762831	0.001276	5.8
427	-1.009396	232.498228	0.028752	5.7
428	-0.558879	232.234425	0.007524	5.8
429	-1.074050	231.971419	0.016566	5.7
430	-0.874327	231.709205	0.031872	6.2
431	-0.124878	231.447781	0.004632	5.2
432	-0.940018	231.187141	0.008954	5.1
433	-0.313422	230.927283	0.003211	5.6
434	-1.286261	230.668202	0.024693	5.6
435	-0.730291	230.409895	0.005999	5.6
436	-0.879578	230.152358	0.007461	5.7
437	-0.028328	229.895587	0.001244	5.8
438	-1.130570	229.639578	0.018136	5.5
439	-0.352862	229.384329	0.006769	6.5
440	-0.063391	229.129834	0.001065	5.5
441	-0.006162	228.876091	0.000717	5.7
442	-0.026945	228.623096	0.000510	5.8
443	-0.359041	228.370846	0.003981	5.9
444	-0.582040	228.119336	0.006246	6.0
445	-0.983092	227.868563	0.010744	6.1
446	-1.208290	227.618525	0.024899	5.2
447	-0.000394	227.369216	0.000092	5.7
448	-0.206081	227.120635	0.003729	5.9
449	-0.000000	226.872777	0.000000	5.7
450	-0.004699	226.625638	0.000316	5.9
451	-1.160822	226.379217	0.044407	5.7
452	-0.451268	226.133509	0.007764	5.9
453	0.000000	225.888510	0.000000	6.2
454	-0.264762	225.644218	0.005224	5.6
455	-0.861097	225.400630	0.016366	5.3
456	-0.000000	225.157741	0.000000	5.5
457	-1.011772	224.915549	0.024850	5.4
458	-0.891187	224.674051	0.009344	5.7
459	-0.000000	224.433242	0.000000	5.2
460	-0.123816	224.193121	0.001581	5.5
461	-1.065701	223.953684	0.021642	4.8
462	-0.869153	223.714927	0.009118	6.0
463	-0.339133	223.476848	0.004626	4.8
464	-0.000005	223.239444	0.000002	5.2
465	-1.249684	223.002710	0.012115	6.0
466	-0.000000	222.766645	0.000000	5.8
467	-0.148716	222.531245	0.003150	5.6
468	-0.852724	222.296508	0.040373	5.2
469	-1.111756	222.062429	0.039247	5.8
470	-0.455233	221.829007	0.007929	5.7
471	-0.486247	221.596238	0.010797	6.0
472	-0.931475	221.364119	0.007809	5.3
473	-0.795783	221.132647	0.018839	5.9
474	-0.869336	220.901820	0.011184	5.3
475	-1.104453	220.671634	0.027630	4.8
476	-1.155569	220.442086	0.034510	5.9
477	-0.000000	220.213174	0.000000	5.7
478	-0.102160	219.984895	0.003930	4.7
479	-0.166488	219.757246	0.005486	5.3
480	-0.849329	219.530224	0.013156	5.5
481	-0.000000	219.303826	0.000000	5.3
482	-0.000000	219.078050	0.000000	5.7
483	-0.000069	218.852893	0.000023	6.3
484	-0.559672	218.628352	0.004204	5.5
485	-0.844512	218.404424	0.008807	5.6
486	-0.000000	218.181106	0.000000	5.5
487	-1.010704	217.958397	0.012714	5.5
488	-0.909094	217.736292	0.019557	6.2
489	-0.000000	217.514790	0.000000	5.0
490	-0.000000	217.293888	0.000000	5.7
491	-0.380613	217.073584	0.006447	6.2
492	-0.064740	216.853873	0.001449	5.4
493	-1.095272	216.634755	0.015965	5.8
494	-0.000000	216.416227	0.000000	6.3
495	-1.257575	216.198285	0.015059	5.2
496	-0.513077	215.980927	0.010326	4.9
497	-0.807719	215.764151	0.013250	6.5
498	-0.347246	215.547955	0.006849	5.1
499	-1.082806	215.332335	0.025624	5.5
500	-0.260672	215.117289	0.005513	6.2
501	-0.258232	214.902815	0.002378	5.8
502	-0.000003	214.688911	0.000001	5.4
503	-0.912696	214.475573	0.007068	4.9
504	-0.547083	214.262800	0.010453	5.8
505	-0.814894	214.050588	0.007786	5.8
506	-0.390381	213.838936	0.010992	5.7
507	-1.011904	213.627842	0.012788	5.9
508	-0.027086	213.417302	0.000755	6.1
509	-0.672065	213.207314	0.012159	7.2
510	-0.782127	212.997877	0.022311	5.8
511	-0.000018	212.788987	0.000005	5.9
512	-0.483409	212.580642	0.007766	5.4
513	-1.143285	212.372841	0.035146	5.4
514	-0.000000	212.165581	0.000000	6.0
515	-0.927481	211.958859	0.008595	5.2
516	-0.552188	211.752673	0.007246	5.8
517	-1.098229	211.547021	0.008869	5.5
518	-0.815394	211.341902	0.027434	5.7
519	-0.713664	211.137311	0.008885	5.8
520	-0.188343	210.933248	0.001140	5.8
521	-0.034932	210.729710	0.003104	5.3
522	-0.814582	210.526695	0.010875	6.1
523	-0.565226	210.324200	0.010520	5.4
524	-1.120702	210.122224	0.016537	5.8
525	-0.035421	209.920765	0.002281	5.4
526	-0.000000	209.719820	0.000000	4.8
527	-0.622050	209.519387	0.022806	5.2
528	-1.084862	209.319463	0.015411	6.4
529	-0.353210	209.120048	0.007577	5.1
530	-0.986280	208.921139	0.008658	5.6
531	-0.001854	208.722733	0.000062	6.2
532	-0.235591	208.524829	0.004070	4.9
533	-0.624927	208.327425	0.003252	5.2
534	-0.650590	208.130518	0.004423	6.6
535	-0.133513	207.934107	0.001040	6.0
536	-0.857718	207.738189	0.005877	6.0
537	-0.000001	207.542762	0.000000	6.9
538	-0.788432	207.347825	0.014902	5.4
539	-1.165391	207.153376	0.006018	5.7
540	-0.209107	206.959412	0.003702	5.2
541	-0.680469	206.765932	0.010911	6.6
542	-0.000002	206.572933	0.000001	6.1
543	-0.171287	206.380414	0.003021	5.6
544	-0.000000	206.188373	0.000000	5.3
545	-0.200339	205.996807	0.002539	6.2
546	-0.775074	205.805716	0.017459	5.0
547	-1.120598	205.615096	0.015789	5.5
548	-0.965055	205.424946	0.007385	6.6
549	-0.233291	205.235265	0.003737	4.9
550	-0.582508	205.046050	0.017458	5.6
551	-0.815143	204.857299	0.012161	6.2
552	-0.775754	204.669011	0.008438	5.3
553	-0.979032	204.481184	0.021730	4.7
554	-0.798172	204.293816	0.007692	6.3
555	-0.598336	204.106905	0.010135	7.0
556	-0.665478	203.920449	0.009855	8.5
557	-0.791647	203.734447	0.007947	5.6
558	-1.183465	203.548896	0.012468	5.3
559	-1.068643	203.363795	0.018650	6.9
560	-0.164618	203.179143	0.003011	6.2
561	-1.088791	202.994937	0.010658	6.1
562	-0.259336	202.811176	0.005800	5.6
563	-0.992005	202.627857	0.007528	5.3
564	-0.000805	202.444980	0.000237	6.7
565	-1.170585	202.262543	0.017968	5.6
566	-0.629505	202.080543	0.006902	5.1
567	-1.063404	201.898979	0.012936	6.5
568	-0.000057	201.717849	0.000021	5.1
569	-0.115636	201.537153	0.001638	5.3
570	-0.614157	201.356887	0.009278	6.1
571	-0.020574	201.177050	0.000539	5.2
572	-0.874132	200.997642	0.012120	5.8
573	-0.000000	200.818659	0.000000	5.5
574	-1.194705	200.640100	0.019000	6.2
575	-0.549903	200.461965	0.014249	5.2
576	-0.774969	200.284250	0.012715	6.2
577	0.000000	200.106955	0.000000	5.3
578	-1.286943	199.930078	0.023210	5.6
579	-0.000000	199.753617	0.000000	6.1
580	-0.650670	199.577571	0.010289	5.3
581	-0.000000	199.401938	0.000000	5.8
582	-0.000000	199.226717	0.000000	5.6
583	-1.058875	199.051905	0.008096	5.9
584	-0.919839	198.877502	0.004431	5.8
585	-0.887071	198.703506	0.009439	5.4
586	-0.914848	198.529916	0.019701	5.5
587	-0.000000	198.356729	0.000000	5.6
588	-0.627715	198.183944	0.008399	4.8
589	-0.461576	198.011560	0.007617	5.5
590	-0.988698	197.839576	0.016679	5.6
591	-0.000000	197.667989	0.000000	6.7
592	-0.352547	197.496798	0.003803	6.0
593	-0.000203	197.326002	0.000037	5.9
594	-1.255487	197.155600	0.015268	5.9
595	-0.000000	196.985589	0.000000	5.2
596	-0.008598	196.815969	0.001391	7.0
597	-0.549552	196.646738	0.007099	5.8
598	-0.557293	196.477894	0.008326	6.5
599	-0.000370	196.309436	0.000037	5.4
600	-0.778861	196.141363	0.015288	6.1
601	-1.090188	195.973673	0.015386	7.2
602	-0.207396	195.806365	0.003828	5.6
603	-0.484759	195.639437	0.003971	6.7
604	-1.022774	195.472888	0.008827	5.6
605	-0.717998	195.306717	0.016439	5.9
606	-0.765562	195.140922	0.009065	5.7
607	-0.585324	194.975501	0.009334	5.8
608	-0.723967	194.810454	0.014278	5.2
609	-0.000000	194.645779	0.000000	5.5
610	-0.614531	194.481475	0.008795	7.0
611	-0.540151	194.317540	0.005581	6.0
612	-0.000001	194.153973	0.000000	6.3
613	-1.028688	193.990773	0.006082	5.9
614	-0.964607	193.827938	0.006094	6.0
615	-0.998699	193.665467	0.057111	6.4
616	-0.063437	193.503358	0.001806	4.8
617	-0.665988	193.341611	0.011850	5.2
618	-0.000000	193.180224	0.000000	5.4
619	-1.023532	193.019196	0.016651	5.2
620	-0.573480	192.858525	0.006291	5.3
621	-0.948491	192.698210	0.024163	5.4
622	-1.220463	192.538251	0.019630	5.3
623	-1.099571	192.378644	0.042911	5.8
624	-1.023644	192.219391	0.011541	5.4
625	-0.604237	192.060488	0.004400	4.8
626	-0.663968	191.901935	0.017949	5.4
627	-0.000000	191.743730	0.000000	6.0
628	-0.842051	191.585873	0.019984	6.2
629	-0.000000	191.428362	0.000000	5.8
630	-0.250604	191.271196	0.003541	5.4
631	-0.000000	191.114374	0.000000	5.7
632	-0.866148	190.957893	0.011606	6.0
633	-1.137756	190.801755	0.022069	5.8
634	-1.080839	190.645956	0.008050	5.2
635	-0.520959	190.490495	0.011941	6.0
636	-1.048234	190.335373	0.014672	5.8
637	-1.051863	190.180587	0.011417	4.9
638	-0.000045	190.026136	0.000012	5.5
639	-0.182229	189.872019	0.002986	5.4
640	-0.986312	189.718235	0.013932	5.6
641	-1.086267	189.564782	0.017231	6.1
642	-0.158751	189.411661	0.003587	5.8
643	-0.726878	189.258868	0.008344	5.2
644	-1.103397	189.106404	0.030258	6.1
645	-0.858202	188.954267	0.020389	5.8
646	0.000000	188.802456	0.000000	5.5
647	-1.229971	188.650969	0.028847	6.2
648	-0.637425	188.499807	0.009566	5.7
649	-0.835910	188.348967	0.009134	5.2
650	-0.000000	188.198448	0.000000	6.4
651	-0.982126	188.048250	0.009658	6.1
652	-1.159521	187.898371	0.031918	5.2
653	-0.000000	187.748810	0.000000	5.8
654	-0.814498	187.599566	0.009097	5.5
655	-1.094922	187.450638	0.007388	6.2
656	-0.278449	187.302025	0.005441	5.2
657	-0.000001	187.153725	0.000000	5.2
658	-0.000967	187.005739	0.000151	6.4
659	-0.776107	186.858064	0.016111	5.8
660	-1.046873	186.710699	0.016651	5.3
661	-1.092706	186.563645	0.016758	6.1
662	-0.934060	186.416898	0.005386	5.4
663	-0.000054	186.270459	0.000003	5.5
664	0.000000	186.124326	0.000000	6.6
665	-0.793198	185.978499	0.005638	5.3
666	-1.011696	185.832976	0.026002	5.3
667	-0.515730	185.687756	0.009593	6.5
668	-1.194468	185.542838	0.013261	6.1
669	-0.943954	185.398222	0.008830	6.4
670	-0.950360	185.253906	0.017266	5.9
671	-0.987549	185.109889	0.006345	5.9
672	-1.225525	184.966170	0.009772	6.4
673	-0.000000	184.822748	0.000000	5.1
674	-0.366823	184.679623	0.009108	5.4
675	-0.272284	184.536792	0.004198	5.9
676	-0.000000	184.394256	0.000000	5.3
677	-0.027602	184.252013	0.001416	5.9
678	-0.901058	184.110062	0.033108	6.4
679	-0.768139	183.968403	0.016243	5.7
680	-1.007942	183.827034	0.006316	5.9
681	-1.107483	183.685954	0.024778	6.0
682	-0.197587	183.545163	0.005054	5.5
683	-0.393139	183.404658	0.007507	5.4
684	-0.926475	183.264441	0.012988	6.2
685	-0.971257	183.124509	0.006797	6.0
686	-1.105376	182.984861	0.019816	5.5
687	-0.000487	182.845497	0.000014	5.5
688	-0.993960	182.706416	0.020013	5.1
689	-0.774433	182.567616	0.017306	6.3
690	-0.684497	182.429098	0.008286	5.3
691	-0.792470	182.290859	0.010401	5.1
692	-1.036227	182.152899	0.012594	6.1
693	-0.000000	182.015217	0.000000	5.4
694	-0.234458	181.877813	0.003329	6.6
695	-0.000060	181.740684	0.000024	6.0
696	0.000000	181.603832	0.000000	4.8
697	-0.741432	181.467253	0.009249	5.1
698	0.000000	181.330948	0.000000	5.9
699	-0.700999	181.194916	0.008856	5.1
700	-0.000000	181.059155	0.000000	4.7
701	-0.383948	180.923666	0.005637	6.0
702	-0.000000	180.788446	0.000000	5.8
703	-0.956012	180.653496	0.036925	5.1
704	-0.622571	180.518814	0.005408	6.6
705	-1.031300	180.384399	0.018144	5.7
706	-1.120359	180.250251	0.031852	5.8
707	-0.000000	180.116369	0.000000	5.8
708	0.000000	179.982752	0.000000	4.8
709	-1.036749	179.849398	0.006560	5.4
710	-0.068133	179.716308	0.002266	5.7
711	-0.244676	179.583480	0.005147	5.7
712	-0.834621	179.450913	0.010475	5.5
713	-0.330982	179.318607	0.003657	6.0
714	-0.000000	179.186561	0.000000	5.7
715	-1.131956	179.054774	0.012001	6.5
716	-1.056746	178.923245	0.005712	5.2
717	-0.000122	178.791973	0.000028	5.1
718	-0.060709	178.660958	0.003661	6.2
719	-1.074032	178.530199	0.021617	5.8
720	-0.793022	178.399694	0.014150	5.5
721	-0.956976	178.269444	0.008765	6.2
722	-0.969359	178.139447	0.014781	5.8
723	-0.102161	178.009702	0.002939	5.0
724	-0.861223	177.880209	0.020704	5.3
725	-0.808838	177.750967	0.005145	4.8
726	-0.508212	177.621975	0.004293	5.7
727	-0.973221	177.493232	0.005707	5.9
728	-1.118766	177.364738	0.016512	5.7
729	-0.624240	177.236492	0.004669	5.4
730	-1.156590	177.108492	0.041817	6.0
731	-0.021459	176.980739	0.000568	6.2
732	-0.769695	176.853231	0.009043	7.1
733	-0.000000	176.725968	0.000000	6.5
734	-0.545402	176.598949	0.005031	5.8
735	-1.053819	176.472173	0.010766	6.5
736	-1.138934	176.345639	0.006678	5.3
737	-0.000000	176.219348	0.000000	5.5
738	-0.000530	176.093296	0.000084	6.2
739	-0.000000	175.967486	0.000000	6.2
740	-1.162826	175.841914	0.009282	6.2
741	-0.283810	175.716581	0.002672	6.4
742	-1.189497	175.591486	0.010575	5.3
743	-0.924672	175.466629	0.016328	6.4
744	-1.197766	175.342008	0.004661	5.2
745	-0.000299	175.217622	0.000077	5.6
746	-0.000348	175.093472	0.000071	5.9
747	-0.995287	174.969556	0.012841	5.7
748	-1.317639	174.845873	0.013330	5.2
749	-0.718291	174.722423	0.005452	6.3
750	-1.136055	174.599206	0.007719	5.4
751	-1.082381	174.476220	0.013611	5.6
752	-0.384184	174.353464	0.008904	5.9
753	-0.846855	174.230939	0.015208	5.1
754	-0.674322	174.108643	0.009675	6.1
755	-0.485535	173.986576	0.005547	6.2
756	-0.005440	173.864737	0.000184	5.5
757	-0.517194	173.743124	0.014267	5.9
758	-0.000309	173.621739	0.000056	5.1
759	-0.137587	173.500579	0.004249	4.8
760	-0.001591	173.379645	0.000261	5.8
761	-0.690150	173.258935	0.014700	5.1
762	-0.841768	173.138449	0.011529	5.3
763	-0.452918	173.018186	0.007744	5.5
764	-0.958395	172.898146	0.007548	6.0
765	-0.002742	172.778327	0.000282	4.8
766	-0.003096	172.658730	0.000633	5.9
767	-0.758138	172.539353	0.015189	5.9
768	-0.276731	172.420196	0.007447	5.5
769	-0.944682	172.301258	0.009623	6.0
770	-0.448179	172.182539	0.013511	5.4
771	-0.903232	172.064037	0.022909	5.2
772	-1.074306	171.945753	0.019909	6.2
773	-1.073364	171.827686	0.021518	5.5
774	-0.620678	171.709834	0.006687	6.0
775	-0.858356	171.592198	0.010551	6.1
776	-0.828966	171.474776	0.012548	6.1
777	-0.884124	171.357568	0.021337	5.3
778	-0.658741	171.240574	0.006617	6.1
779	-0.000000	171.123793	0.000000	5.3
780	-0.223437	171.007223	0.004870	5.3
781	-1.059395	170.890865	0.021470	6.2
782	-0.701769	170.774718	0.010132	5.7
783	-0.156264	170.658782	0.006141	6.0
784	-0.426042	170.543055	0.006007	5.2
785	-1.088145	170.427537	0.015857	4.8
786	-0.510886	170.312227	0.007308	5.7
787	-1.356268	170.197125	0.015627	5.4
788	-0.743277	170.082231	0.006675	5.0
789	-0.007610	169.967543	0.000648	6.1
790	-0.373138	169.853061	0.003703	6.4
791	-1.182472	169.738784	0.007346	5.0
792	-0.000000	169.624713	0.000000	6.3
793	-0.129304	169.510845	0.003490	6.2
794	-1.202394	169.397181	0.007947	5.0
795	-0.406115	169.283720	0.007382	6.4
796	-1.009882	169.170462	0.010533	5.1
797	-0.062892	169.057405	0.003164	5.2
798	-0.304805	168.944549	0.005668	6.4
799	-0.651352	168.831895	0.006676	5.5
800	-0.907427	168.719440	0.015950	5.8
801	-1.074189	168.607185	0.020309	6.4
802	-0.458112	168.495129	0.004409	5.5
803	-0.526374	168.383271	0.012351	5.9
804	-0.000000	168.271611	0.000000	6.5
805	-0.752207	168.160148	0.006671	5.3
806	-0.215626	168.048882	0.002477	5.7
807	-0.973796	167.937812	0.007429	5.2
808	-0.032115	167.826938	0.002648	5.3
809	-0.799488	167.716258	0.007177	6.5
810	-0.000000	167.605773	0.000000	6.5
811	-1.171660	167.495482	0.017858	4.9
812	-0.542393	167.385384	0.010062	6.0
813	-0.815939	167.275479	0.010874	5.1
814	-0.800794	167.165766	0.011589	5.5
815	-0.000000	167.056245	0.000000	5.9
816	-0.250658	166.946915	0.003681	5.8
817	-0.000000	166.837776	0.000000	5.5
818	-0.002509	166.728826	0.000158	6.6
819	-0.772230	166.620067	0.007287	5.6
820	-1.090402	166.511496	0.010463	5.5
821	-0.000000	166.403113	0.000000	5.4
822	0.000000	166.294919	0.000000	5.6
823	-0.479325	166.186912	0.004944	5.4
824	-1.148326	166.079091	0.017199	5.8
825	-0.590926	165.971458	0.012531	5.2
826	-0.690386	165.864009	0.013658	5.0
827	-0.789098	165.756747	0.009604	5.7
828	-0.886482	165.649669	0.020589	5.5
829	-0.770206	165.542775	0.010475	5.4
830	-0.001851	165.436065	0.000173	6.2
831	-0.806416	165.329538	0.009474	5.4
832	-1.105795	165.223194	0.009208	6.0
833	-1.201431	165.117032	0.007137	5.3
834	-0.735867	165.011052	0.010383	5.7
835	-0.012574	164.905253	0.000491	6.1
836	-0.698047	164.799635	0.013706	5.4
837	-0.706950	164.694197	0.011770	6.0
838	-0.000584	164.588939	0.000151	6.2
839	-0.590232	164.483859	0.014714	5.3
840	-0.765901	164.378959	0.006325	5.2
841	-1.189199	164.274237	0.011288	6.1
842	-0.081073	164.169692	0.000728	4.8
843	-0.983184	164.065325	0.010487	5.7
844	-0.000000	163.961135	0.000000	5.4
845	-0.934514	163.857120	0.029159	4.8
846	-1.397782	163.753282	0.017249	5.3
847	-1.170383	163.649619	0.012543	6.9
848	-0.205836	163.546130	0.001865	5.9
849	-1.230139	163.442816	0.012882	5.7
850	-0.006492	163.339676	0.000626	6.1
851	-0.796405	163.236709	0.009400	5.4
852	-0.965924	163.133915	0.012981	6.6
853	-0.136276	163.031294	0.003368	5.1
854	-1.088679	162.928844	0.025992	6.1
855	-0.550571	162.826566	0.009684	7.5
856	-0.500213	162.724459	0.012902	5.5
857	-0.806318	162.622523	0.004572	6.0
858	-0.722006	162.520757	0.010148	5.7
859	-0.637987	162.419160	0.003406	5.4
860	-1.253091	162.317733	0.025698	6.4
861	-1.145197	162.216474	0.011226	5.6
862	-0.842393	162.115383	0.005023	5.8
863	-0.796642	162.014461	0.013314	6.1
864	-1.080083	161.913705	0.018271	5.9
865	-1.134154	161.813117	0.011017	6.1
866	-0.000001	161.712695	0.000001	5.8
867	-0.609832	161.612439	0.006349	5.4
868	-0.578897	161.512349	0.004882	5.6
869	-0.706654	161.412424	0.007030	5.9
870	-1.295298	161.312663	0.018046	5.9
871	-0.381988	161.213067	0.007991	5.6
872	-1.057839	161.113635	0.009718	5.5
873	-0.000000	161.014366	0.000000	5.5
874	-1.201470	160.915260	0.039722	5.2
875	-0.000000	160.816316	0.000000	6.2
876	-0.000000	160.717535	0.000000	5.3
877	-1.264498	160.618915	0.030492	5.3
878	-0.795680	160.520456	0.010773	5.5
879	-0.467664	160.422158	0.005941	5.0
880	-0.791619	160.324021	0.008692	5.8
881	-0.922632	160.226043	0.014806	5.8
882	-0.800209	160.128225	0.030704	5.9
883	-1.103583	160.030566	0.021562	5.8
884	0.000000	159.933066	0.000000	6.0
885	-1.002208	159.835723	0.008835	5.3
886	-0.792801	159.738539	0.012920	6.4
887	-0.837128	159.641512	0.012153	5.2
888	-0.824312	159.544642	0.015220	5.3
889	-0.016438	159.447929	0.001452	6.2
890	-0.659993	159.351372	0.003502	5.0
891	-0.023342	159.254971	0.000833	4.7
892	-0.704313	159.158725	0.007701	6.1
893	-0.738724	159.062634	0.007891	5.2
894	-0.489371	158.966697	0.012149	5.7
895	-0.833598	158.870915	0.005669	5.5
896	-0.867551	158.775286	0.009608	5.2
897	-0.000000	158.679811	0.000000	4.8
898	-1.155209	158.584489	0.012404	6.0
899	-0.461175	158.489319	0.011671	4.8
900	-0.000020	158.394302	0.000004	5.2
901	-0.818087	158.299436	0.014915	6.9
902	-0.309171	158.204721	0.005149	7.2
903	-0.385620	158.110158	0.001700	5.7
904	0.000000	158.015745	0.000000	6.1
905	-0.457775	157.921482	0.006136	5.6
906	-0.910852	157.827369	0.026759	5.7
907	-0.696689	157.733406	0.008695	6.0
908	-1.133084	157.639591	0.023148	5.2
909	-0.825359	157.545925	0.023051	6.5
910	-0.000000	157.452408	0.000000	5.2
911	-0.901162	157.359038	0.011552	5.0
912	-0.000000	157.265816	0.000000	5.9
913	-1.015672	157.172741	0.019696	6.2
914	-0.533650	157.079813	0.007373	5.3
915	-0.332118	156.987031	0.004499	5.9
916	-0.538210	156.894395	0.006428	5.7
917	-0.186892	156.801904	0.002878	5.6
918	-1.271360	156.709559	0.019147	6.1
919	-1.238190	156.617359	0.022506	5.7
920	-0.283288	156.525304	0.004050	4.7
921	-0.666077	156.433392	0.007745	5.6
922	-0.452526	156.341624	0.008400	6.0
923	-1.057618	156.250000	0.011559	5.5
924	-1.145774	156.158519	0.007313	6.2
925	-0.000000	156.067180	0.000000	6.5
926	-1.146728	155.975984	0.016546	5.8
927	-0.024812	155.884930	0.001674	5.4
928	-1.123034	155.794017	0.016341	6.0
929	-0.672648	155.703246	0.009468	5.8
930	-0.681359	155.612615	0.007513	5.8
931	-0.459050	155.522125	0.006254	5.4
932	-0.859595	155.431775	0.008589	6.0
933	-0.401722	155.341565	0.004322	5.7
934	-1.136655	155.251495	0.011474	5.4
935	-1.116961	155.161563	0.023918	6.2
936	-1.007415	155.071771	0.008997	5.0
937	-0.394973	154.982117	0.008914	5.9
938	-0.924074	154.892601	0.008680	6.5
939	-0.355211	154.803222	0.006050	6.0
940	-0.722285	154.713981	0.006470	5.6
941	-0.483810	154.624878	0.005918	5.5
942	-0.000000	154.535910	0.000000	5.3
943	-0.815887	154.447080	0.008554	6.4
944	-0.000000	154.358385	0.000000	5.4
945	-0.899283	154.269826	0.006013	5.7
946	-0.905391	154.181402	0.003961	6.5
947	-0.944755	154.093114	0.014567	5.3
948	-0.792302	154.004960	0.013054	5.3
949	-1.155658	153.916940	0.018186	5.4
950	-0.930909	153.829054	0.008949	5.1
951	-1.139456	153.741303	0.016917	4.9
952	-0.387221	153.653684	0.007843	6.1
953	-0.842973	153.566198	0.011399	5.2
954	-0.160464	153.478846	0.003170	4.9
955	-0.902011	153.391625	0.004465	5.8
956	-1.047825	153.304537	0.007202	6.3
957	-1.206781	153.217580	0.011817	5.7
958	-0.009969	153.130755	0.000694	6.2
959	-0.496676	153.044061	0.006293	5.3
960	-1.259303	152.957498	0.023678	5.1
961	-0.745449	152.871065	0.008618	6.1
962	-0.094129	152.784762	0.001855	5.6
963	-0.789083	152.698589	0.006838	5.2
964	-0.772197	152.612545	0.030757	6.0
965	-0.875209	152.526631	0.021760	5.2
966	-0.000000	152.440845	0.000000	5.3
967	0.000000	152.355188	0.000000	5.4
968	-1.218857	152.269660	0.027388	5.2
969	-0.668228	152.184259	0.014423	5.0
970	-0.976554	152.098986	0.020690	6.2
971	-0.793335	152.013840	0.008576	5.1
972	-1.044360	151.928821	0.008531	5.1
973	-1.206337	151.843928	0.020252	5.6
974	-0.000000	151.759163	0.000000	5.2
975	-0.341131	151.674523	0.003186	4.7
976	-1.178599	151.590009	0.012109	6.5
977	-0.904549	151.505620	0.027175	6.2
978	-0.818541	151.421357	0.007612	5.5
979	-1.077178	151.337218	0.009975	5.5
980	-0.000001	151.253204	0.000000	5.5
981	-1.037745	151.169314	0.006334	5.5
982	-0.760017	151.085549	0.013273	5.8
983	-0.528067	151.001907	0.010884	5.2
984	-0.000000	150.918388	0.000000	5.3
985	-0.812790	150.834992	0.017078	6.1
986	-0.000000	150.751719	0.000000	5.5
987	-0.427266	150.668569	0.005164	6.6
988	-0.050409	150.585541	0.001372	5.8
989	-0.159271	150.502634	0.003155	5.4
990	-1.023743	150.419849	0.010194	6.2
991	-0.000101	150.337186	0.000025	5.7
992	-0.783699	150.254644	0.006998	6.2
993	-0.182409	150.172222	0.004316	6.5
994	-1.327787	150.089921	0.009557	6.5
995	-1.220368	150.007740	0.029677	5.9
996	-0.794424	149.925679	0.015405	5.5
997	-1.104567	149.843737	0.022595	5.9
998	-0.011171	149.761915	0.000373	5.9
999	-0.693546	149.680212	0.004810	5.6
1000	-1.130738	149.598627	0.028272	5.7
1001	-1.208136	149.517161	0.023381	6.8
1002	-0.968664	149.435814	0.015626	5.0
1003	-0.896403	149.354584	0.030867	5.7
1004	-1.065185	149.273472	0.010270	5.7
1005	-0.000000	149.192477	0.000000	5.2
1006	-1.143890	149.111599	0.025367	6.0
1007	-0.000000	149.030838	0.000000	6.0
1008	-0.966596	148.950194	0.006676	5.3
1009	-1.168136	148.869666	0.007983	5.6
1010	0.000000	148.789253	0.000000	6.4
1011	-0.661360	148.708957	0.010133	5.8
1012	-0.732015	148.628776	0.014984	5.6
1013	-0.917540	148.548710	0.006758	5.4
1014	-0.908125	148.468759	0.012697	5.6
1015	-0.000000	148.388923	0.000000	6.0
1016	-0.723712	148.309201	0.020083	4.8
1017	-0.796048	148.229594	0.009048	5.4
1018	-0.559321	148.150100	0.005202	5.7
1019	-1.222334	148.070719	0.018964	5.6
1020	-0.734681	147.991452	0.008348	5.7
1021	-1.044274	147.912298	0.021335	5.6
1022	-1.075321	147.833257	0.008553	5.3
1023	-0.000000	147.754329	0.000000	5.8
1024	-0.964642	147.675512	0.008373	5.9
1025	-0.000000	147.596808	0.000000	5.0
1026	-0.090430	147.518216	0.002607	5.8
1027	-0.633100	147.439735	0.012553	6.0
1028	-0.841966	147.361365	0.007877	4.8
1029	-0.788473	147.283106	0.013547	4.9
1030	-0.819329	147.204958	0.009234	5.9
1031	-0.870097	147.126920	0.003570	6.2
1032	-1.159173	147.048993	0.018688	5.2
1033	-0.838366	146.971175	0.013706	5.6
1034	-0.757942	146.893468	0.008346	5.2
1035	-1.010132	146.815869	0.011606	6.2
1036	-0.606652	146.738380	0.015598	5.4
1037	-1.032476	146.661000	0.008619	5.3
1038	-0.000004	146.583729	0.000001	5.7
1039	-0.000000	146.506566	0.000000	6.5
1040	-1.048955	146.429511	0.008758	5.8
1041	-0.272794	146.352565	0.002585	6.1
1042	-0.719268	146.275726	0.007172	5.0
1043	-0.476719	146.198994	0.010246	5.3
1044	-0.000000	146.122370	0.000000	5.7
1045	-1.179219	146.045853	0.017707	6.1
1046	-0.557571	145.969442	0.010936	5.5
1047	-0.825442	145.893139	0.011541	6.2
1048	-0.000000	145.816941	0.000000	6.3
1049	-0.000000	145.740849	0.000000	6.0
1050	-0.051598	145.664863	0.001083	5.9
1051	-0.656981	145.588983	0.008029	5.9
1052	-0.912609	145.513208	0.004637	6.6
1053	-0.000000	145.437538	0.000000	5.8
1054	0.000000	145.361973	0.000000	5.6
1055	-1.143949	145.286513	0.013230	5.8
1056	-1.361398	145.211157	0.023981	5.7
1057	-0.923742	145.135905	0.010294	6.0
1058	-0.777198	145.060757	0.007639	5.9
1059	-0.045309	144.985712	0.002481	5.1
1060	-1.087328	144.910771	0.009970	5.7
1061	-1.046438	144.835934	0.019199	5.9
1062	-1.028823	144.761199	0.010680	5.3
1063	-0.880608	144.686567	0.009730	4.7
1064	-0.492754	144.612037	0.002798	6.5
1065	-0.278642	144.537610	0.001769	6.1
1066	-0.029206	144.463285	0.002288	5.3
1067	-0.000000	144.389062	0.000000	5.8
1068	-0.618105	144.314940	0.003620	5.5
1069	-0.209066	144.240920	0.002050	5.3
1070	-0.604669	144.167001	0.011377	6.2
1071	-0.932148	144.093182	0.008358	4.9
1072	-0.000000	144.019465	0.000000	4.8
1073	-0.991284	143.945848	0.009596	6.8
1074	-0.374751	143.872331	0.008183	6.5
1075	-0.063111	143.798914	0.001778	5.9
1076	-0.005545	143.725597	0.000153	5.3
1077	-1.239402	143.652380	0.016273	5.1
1078	-1.073635	143.579262	0.009927	5.9
1079	-0.638124	143.506243	0.005762	5.5
1080	-0.047045	143.433323	0.002272	5.0
1081	-0.837266	143.360502	0.009749	6.0
1082	-1.268396	143.287780	0.010726	5.8
1083	-1.097623	143.215155	0.012693	5.4
1084	-1.157084	143.142629	0.011446	5.9
1085	-1.324381	143.070201	0.022729	6.0
1086	-0.008957	142.997870	0.000193	5.8
1087	-0.685515	142.925637	0.003644	6.0
1088	-0.082885	142.853501	0.001925	5.3
1089	-1.173743	142.781462	0.007826	6.0
1090	-1.152624	142.709519	0.007545	5.3
1091	-0.000000	142.637674	0.000000	5.6
1092	-0.778235	142.565924	0.009758	5.8
1093	-0.740613	142.494271	0.009668	5.3
1094	-0.907557	142.422714	0.009760	5.6
1095	-1.200939	142.351252	0.009552	5.8
1096	-1.257839	142.279886	0.028949	5.6
1097	-1.148446	142.208616	0.007706	4.8
1098	-0.847382	142.137440	0.006210	6.1
1099	-0.478931	142.066360	0.008270	5.5
1100	-0.000000	141.995374	0.000000	5.6
1101	-1.075245	141.924483	0.006419	7.6
1102	-1.004529	141.853685	0.015801	6.0
1103	-0.000000	141.782983	0.000000	5.1
1104	-0.988426	141.712373	0.008343	6.6
1105	-0.045124	141.641858	0.001163	5.5
1106	-1.275753	141.571436	0.015877	6.1
1107	-0.461954	141.501108	0.007910	6.0
1108	-0.808733	141.430872	0.014438	6.2
1109	-1.168299	141.360730	0.028250	6.5
1110	-1.280601	141.290680	0.015059	5.9
1111	-0.580001	141.220722	0.015670	5.8
1112	-0.000000	141.150857	0.000000	5.8
1113	-1.115999	141.081084	0.008071	5.5
1114	-0.601059	141.011403	0.003979	5.9
1115	-0.731567	140.941813	0.009228	6.6
1116	-0.065024	140.872315	0.003552	6.0
1117	-0.456789	140.802909	0.004223	6.2
1118	-0.156579	140.733593	0.004741	5.9
1119	-1.309527	140.664369	0.027760	5.5
1120	-0.035758	140.595235	0.000605	5.9
1121	-1.125264	140.526192	0.014845	6.6
1122	-0.744918	140.457239	0.007758	5.7
1123	-1.003684	140.388376	0.006944	6.2
1124	-0.941591	140.319603	0.016726	5.3
1125	-0.846469	140.250920	0.011872	6.0
1126	-0.004402	140.182326	0.000789	5.7
1127	-1.123088	140.113822	0.008356	4.8
1128	-0.849001	140.045407	0.017085	5.9
1129	-0.990815	139.977081	0.004221	5.9
1130	-0.000072	139.908844	0.000005	5.1
1131	-1.263955	139.840696	0.014871	5.3
1132	-0.000000	139.772635	0.000000	5.9
1133	-0.000000	139.704664	0.000000	5.3
1134	-1.089526	139.636780	0.008709	5.6
1135	-0.000000	139.568984	0.000000	5.2
1136	-1.134839	139.501276	0.007734	5.0
1137	-1.162599	139.433655	0.016795	5.8
1138	-0.633453	139.366122	0.011914	6.2
1139	-1.105155	139.298676	0.006956	5.5
1140	-0.924271	139.231317	0.033819	6.5
1141	-0.000000	139.164045	0.000000	5.3
1142	0.000000	139.096859	0.000000	4.6
1143	-0.065768	139.029760	0.001794	6.3
1144	-1.107270	138.962747	0.013334	5.2
1145	-1.390725	138.895820	0.025850	5.1
1146	-0.911985	138.828978	0.012533	6.2
1147	0.000000	138.762223	0.000000	5.0
1148	-0.000000	138.695553	0.000000	5.3
1149	0.000000	138.628969	0.000000	6.2
1150	-0.022700	138.562469	0.001408	5.1
1151	-0.100695	138.496055	0.004262	5.7
1152	-0.058288	138.429725	0.000682	5.7
1153	-0.173206	138.363481	0.004871	4.8
1154	-0.846079	138.297320	0.011170	5.4
1155	-0.000023	138.231244	0.000006	5.7
1156	-0.273225	138.165252	0.006456	6.0
1157	-0.868241	138.099344	0.016964	5.5
1158	-0.179301	138.033520	0.004279	6.2
1159	-0.844779	137.967779	0.012344	5.4
1160	-0.428893	137.902122	0.003415	6.0
1161	-0.000000	137.836548	0.000000	6.0
1162	-0.944572	137.771057	0.010206	5.6
1163	-0.880373	137.705649	0.011605	5.6
1164	-0.782914	137.640324	0.022878	6.1
1165	-1.137697	137.575081	0.025307	5.4
1166	-0.000000	137.509921	0.000000	5.7
1167	-0.565281	137.444842	0.010900	6.1
1168	-0.688439	137.379846	0.015026	5.7
1169	-0.782459	137.314932	0.009896	6.0
1170	-0.000000	137.250100	0.000000	6.0
1171	-0.000000	137.185349	0.000000	5.5
1172	-0.078981	137.120680	0.001627	5.9
1173	-0.609181	137.056092	0.007691	5.4
1174	-1.174532	136.991585	0.018706	5.2
1175	-0.811992	136.927158	0.005913	6.2
1176	-0.797299	136.862813	0.006749	6.3
1177	-0.059084	136.798548	0.001672	4.8
1178	-0.321050	136.734363	0.001749	6.2
1179	-0.725817	136.670259	0.010878	5.8
1180	-0.249234	136.606235	0.005288	5.5
1181	-1.013780	136.542291	0.007122	5.5
1182	-0.092822	136.478426	0.001807	5.2
1183	0.000000	136.414641	0.000000	5.3
1184	-1.082193	136.350936	0.014893	6.4
1185	-0.000000	136.287310	0.000000	4.8
1186	-1.271147	136.223763	0.014146	5.7
1187	-1.212286	136.160295	0.016214	5.8
1188	-0.483904	136.096905	0.008761	5.6
1189	-0.000000	136.033594	0.000000	5.5
1190	-1.073229	135.970362	0.014951	5.9
1191	-0.554130	135.907208	0.012737	5.4
1192	-0.823230	135.844133	0.006847	5.8
1193	-0.024677	135.781135	0.001413	6.4
1194	-1.038439	135.718215	0.010661	5.6
1195	-0.000104	135.655373	0.000036	6.3
1196	-0.214462	135.592608	0.004964	5.2
1197	-0.166205	135.529921	0.003632	5.2
1198	0.000000	135.467311	0.000000	6.7
1199	-0.611019	135.404778	0.011973	5.7
1200	-0.564445	135.342322	0.006351	5.9
1201	-0.451068	135.279942	0.006101	6.2
1202	-0.571369	135.217640	0.011910	6.0
1203	-1.217298	135.155413	0.015314	6.3
1204	-0.918107	135.093263	0.009886	5.5
1205	-1.256485	135.031190	0.018103	5.0
1206	-0.647036	134.969192	0.012649	5.5
1207	-0.024188	134.907270	0.001533	5.5
1208	-1.092186	134.845424	0.014413	6.1
1209	-0.768902	134.783653	0.007590	6.7
1210	-0.858698	134.721958	0.007500	6.2
1211	-1.304655	134.660338	0.011430	5.5
1212	-0.001451	134.598793	0.000197	6.3
1213	-0.843433	134.537323	0.010357	5.7
1214	-0.663199	134.475927	0.004201	6.5
1215	-1.021815	134.414607	0.005501	5.9
1216	-0.001890	134.353361	0.000292	5.5
1217	-0.603684	134.292189	0.007271	6.4
1218	-1.176371	134.231092	0.015466	5.6
1219	-0.579292	134.170068	0.008627	5.0
1220	-1.109310	134.109119	0.013731	5.6
1221	-1.146626	134.048243	0.013356	5.9
1222	-1.031468	133.987441	0.007774	5.3
1223	-0.619074	133.926713	0.009707	5.5
1224	-0.593074	133.866057	0.005470	5.4
1225	-1.148048	133.805475	0.034455	5.6
1226	-0.359643	133.744966	0.004675	5.7
1227	-1.181753	133.684530	0.016781	6.0
1228	-0.840306	133.624167	0.008321	5.8
1229	-1.344158	133.563877	0.018147	5.8
1230	-0.000000	133.503658	0.000000	5.8
1231	-0.977723	133.443513	0.014926	5.2
1232	-0.878356	133.383439	0.006215	5.6
1233	-0.900592	133.323437	0.010328	5.5
1234	-0.495752	133.263508	0.003874	4.8
1235	-1.150487	133.203650	0.006224	6.0
1236	0.000000	133.143864	0.000000	5.4
1237	-0.000000	133.084149	0.000000	5.2
1238	-1.238158	133.024506	0.013662	5.9
1239	-0.307156	132.964934	0.002658	5.3
1240	-0.000324	132.905433	0.000026	4.8
1241	-0.161169	132.846003	0.003364	6.3
1242	-1.410963	132.786643	0.031581	5.3
1243	-0.000000	132.727355	0.000000	5.8
1244	-0.642780	132.668137	0.007946	6.4
1245	-0.697451	132.608989	0.012432	5.9
1246	-1.162539	132.549912	0.017292	6.0
1247	-1.214267	132.490904	0.010837	5.7
1248	-0.000000	132.431967	0.000000	5.2
1249	-1.169106	132.373100	0.008921	6.3
1250	-0.000000	132.314302	0.000000	5.3
1251	-1.203786	132.255574	0.022015	5.1
1252	-0.875204	132.196916	0.010222	6.2
1253	-0.056369	132.138326	0.000823	5.8
1254	-0.000000	132.079806	0.000000	5.6
1255	-0.293102	132.021355	0.005120	6.2
1256	-0.887144	131.962973	0.008284	5.4
1257	-0.554384	131.904660	0.013353	5.4
1258	-1.110494	131.846415	0.012685	5.7
1259	-0.031200	131.788239	0.001502	6.0
1260	-0.907128	131.730131	0.011398	6.7
1261	-0.073719	131.672092	0.002756	5.5
1262	-0.182700	131.614121	0.001921	5.4
1263	-0.745635	131.556217	0.010189	6.5
1264	-0.000000	131.498382	0.000000	6.0
1265	-0.553962	131.440614	0.009182	6.0
1266	-0.000002	131.382914	0.000001	6.4
1267	-0.692479	131.325282	0.006896	5.1
1268	-0.541561	131.267717	0.017453	5.2
1269	-1.028187	131.210219	0.025335	5.9
1270	-0.896364	131.152788	0.008049	5.7
1271	-1.293434	131.095424	0.022842	5.5
1272	-0.002956	131.038127	0.000337	5.9
1273	-0.832714	130.980897	0.014013	5.7
1274	-0.045908	130.923733	0.000602	5.7
1275	-0.979704	130.866636	0.015949	5.3
1276	-0.770491	130.809605	0.011451	5.0
1277	-0.707694	130.752641	0.006717	6.5
1278	-0.870826	130.695742	0.033582	5.6
1279	-1.166981	130.638910	0.022513	5.1
1280	-0.515419	130.582143	0.012105	6.4
1281	-0.894802	130.525442	0.011854	5.1
1282	-1.098332	130.468807	0.015185	5.2
1283	-0.619874	130.412237	0.006713	5.5
1284	-0.635616	130.355733	0.009241	5.5
1285	-0.167099	130.299294	0.004340	5.7
1286	-0.801314	130.242920	0.011074	5.9
1287	-0.492334	130.186611	0.008826	6.3
1288	-1.132232	130.130366	0.011181	4.7
1289	-0.581473	130.074187	0.010372	6.0
1290	-1.072693	130.018072	0.008140	4.8
1291	-0.143986	129.962022	0.004558	5.2
1292	-0.136694	129.906036	0.005380	5.8
1293	-0.000000	129.850114	0.000000	5.5
1294	-1.032924	129.794257	0.009268	5.3
1295	-1.041576	129.738463	0.004603	6.2
1296	-1.091098	129.682734	0.011991	5.2
1297	-0.105772	129.627068	0.001696	4.9
1298	-1.061088	129.571466	0.010992	6.2
1299	-0.932692	129.515927	0.018985	4.7
1300	-0.017377	129.460452	0.000225	4.8
1301	-0.440661	129.405040	0.008161	6.0
1302	-0.639677	129.349692	0.015131	6.1
1303	-0.399353	129.294406	0.005733	5.6
1304	-0.298848	129.239183	0.007915	5.8
1305	-0.477083	129.184024	0.005572	5.1
1306	-0.038533	129.128927	0.001468	5.2
1307	-0.322952	129.073892	0.007528	5.4
1308	-1.077971	129.018921	0.010835	5.3
1309	-0.828404	128.964011	0.006445	5.6
1310	-1.188873	128.909164	0.011734	5.6
1311	-0.779727	128.854379	0.008778	5.0
1312	-1.193102	128.799656	0.027440	5.0
1313	-1.128585	128.744995	0.010111	5.7
1314	-1.224183	128.690396	0.033511	5.6
1315	-0.642692	128.635858	0.013212	4.8
1316	-1.150147	128.581382	0.012209	6.0
1317	-0.511907	128.526968	0.007417	5.4
1318	-0.480234	128.472615	0.006687	5.4
1319	-1.007066	128.418323	0.008433	6.3
1320	-0.000882	128.364092	0.000041	5.8
1321	-1.193247	128.309922	0.014170	5.7
1322	-0.000000	128.255814	0.000000	5.5
1323	-0.862732	128.201766	0.011011	5.9
1324	-0.374048	128.147778	0.004282	5.7
1325	-0.435861	128.093852	0.006871	5.6
1326	-1.202191	128.039985	0.009394	6.0
1327	-0.684262	127.986180	0.010520	5.7
1328	-0.074647	127.932434	0.004311	5.4
1329	-0.157288	127.878749	0.002781	6.2
1330	-0.280330	127.825123	0.002272	6.3
1331	-0.391396	127.771558	0.010517	5.6
1332	-0.662354	127.718052	0.007439	5.6
1333	-0.000000	127.664606	0.000000	6.6
1334	-1.063640	127.611220	0.008414	5.6
1335	-0.000000	127.557893	0.000000	4.9
1336	-0.000000	127.504625	0.000000	6.1
1337	-0.000000	127.451417	0.000000	5.3
1338	-0.100751	127.398268	0.001830	5.3
1339	-0.811658	127.345178	0.010081	6.4
1340	-0.110355	127.292147	0.001543	5.4
1341	-0.065223	127.239175	0.000932	5.4
1342	-1.387238	127.186261	0.016006	5.2
1343	-0.134289	127.133407	0.002680	5.9
1344	-0.952264	127.080610	0.009032	5.6
1345	-0.666754	127.027872	0.012201	5.5
1346	-0.632781	126.975193	0.008462	5.1
1347	-0.245441	126.922572	0.001908	5.4
1348	-0.812685	126.870008	0.008092	5.9
1349	-0.000000	126.817503	0.000000	5.5
1350	-0.000000	126.765056	0.000000	6.0
1351	-0.977795	126.712667	0.008535	5.2
1352	-0.517929	126.660335	0.007973	5.2
1353	-0.731275	126.608061	0.007865	6.0
1354	-0.819079	126.555844	0.009798	4.8
1355	-0.452823	126.503685	0.006739	5.7
1356	-0.306070	126.451583	0.003996	5.5
1357	-1.298831	126.399538	0.026004	6.3
1358	-0.961398	126.347550	0.011867	5.1
1359	-0.733310	126.295619	0.012043	5.8
1360	-0.954213	126.243745	0.004992	4.8
1361	-0.223559	126.191928	0.003881	5.2
1362	-0.486931	126.140168	0.005403	6.4
1363	-0.018370	126.088464	0.001156	5.0
1364	-0.007335	126.036817	0.000638	5.8
1365	-0.603791	125.985226	0.008901	5.9
1366	-1.278302	125.933691	0.012016	5.0
1367	-0.862777	125.882212	0.008104	5.0
1368	-1.207384	125.830790	0.018076	6.0
1369	-0.356887	125.779423	0.005175	5.6
1370	-0.000000	125.728113	0.000000	5.6
1371	-0.210077	125.676858	0.004601	5.7
1372	-1.082349	125.625659	0.010411	5.3
1373	-1.122390	125.574515	0.013305	6.0
1374	-1.140972	125.523427	0.011121	5.7
1375	-0.118485	125.472394	0.001645	5.7
1376	-0.000000	125.421417	0.000000	5.5
1377	-1.162128	125.370495	0.013575	5.9
1378	-1.052196	125.319628	0.018219	5.9
1379	-0.000000	125.268815	0.000000	5.4
1380	-1.203105	125.218058	0.011907	6.2
1381	-0.628364	125.167356	0.012123	5.4
1382	-1.173880	125.116708	0.012271	7.2
1383	-0.972647	125.066115	0.022753	5.4
1384	-1.282675	125.015576	0.016120	5.7
1385	-0.019277	124.965092	0.001249	6.5
1386	-0.553781	124.914662	0.009613	5.3
1387	-0.840034	124.864287	0.010543	5.8
1388	-0.897388	124.813965	0.021797	6.6
1389	-0.687129	124.763698	0.004590	5.8
1390	-0.006423	124.713485	0.000477	4.9
1391	-0.751010	124.663325	0.005640	6.3
1392	-1.011635	124.613219	0.010922	6.0
1393	-1.104742	124.563167	0.023467	6.3
1394	-0.392757	124.513168	0.005394	6.6
1395	-0.295063	124.463223	0.006217	6.5
1396	-1.011891	124.413332	0.012992	7.4
1397	-0.000003	124.363493	0.000002	6.5
1398	-0.477008	124.313708	0.008481	5.9
1399	-0.236009	124.263976	0.004864	5.2
1400	-1.028271	124.214297	0.018946	6.4
1401	-0.752228	124.164671	0.005943	6.0
1402	-0.092993	124.115097	0.001790	5.2
1403	-1.047423	124.065577	0.024904	5.3
1404	-0.942113	124.016109	0.009945	5.7
1405	-0.567361	123.966693	0.018588	5.1
1406	-0.000000	123.917330	0.000000	5.7
1407	-0.835535	123.868020	0.009064	6.0
1408	-0.401558	123.818762	0.005699	5.4
1409	-0.210757	123.769556	0.004081	5.6
1410	-0.697776	123.720402	0.014486	5.8
1411	-0.000872	123.671300	0.000140	5.7
1412	-1.173955	123.622250	0.005019	4.8
1413	-1.083754	123.573252	0.020351	6.2
1414	0.000000	123.524305	0.000000	5.3
1415	-0.937372	123.475411	0.011855	5.2
1416	-0.000000	123.426568	0.000000	6.2
1417	-0.692196	123.377776	0.009679	6.5
1418	-1.429277	123.329036	0.014444	7.3
1419	-1.258307	123.280347	0.010077	5.5
1420	-0.020791	123.231709	0.001620	5.6
1421	-1.319698	123.183122	0.026770	6.2
1422	-1.219317	123.134587	0.026236	5.4
1423	-0.000000	123.086102	0.000000	5.3
1424	-0.812327	123.037669	0.014208	5.9
1425	-0.889311	122.989286	0.005528	5.7
1426	-0.244163	122.940954	0.003967	5.4
1427	-0.562505	122.892672	0.009700	5.8
1428	-0.644892	122.844441	0.008683	5.2
1429	-0.000000	122.796261	0.000000	5.4
1430	-0.000000	122.748130	0.000000	6.1
1431	-0.915154	122.700050	0.008664	6.5
1432	0.000000	122.652021	0.000000	6.1
1433	-0.588995	122.604041	0.008504	5.7
1434	-0.885757	122.556111	0.008963	5.5
1435	-1.001783	122.508232	0.015015	6.4
1436	-1.286548	122.460402	0.010083	5.2
1437	-1.196934	122.412622	0.017473	6.2
1438	-0.898539	122.364891	0.008240	5.8
1439	-0.000000	122.317210	0.000000	5.0
1440	-1.145010	122.269579	0.034706	5.5
1441	-0.615448	122.221997	0.003249	6.2
1442	-0.000000	122.174465	0.000000	5.4
1443	-1.065787	122.126981	0.014287	5.9
1444	-0.888391	122.079547	0.016317	6.1
1445	-1.117693	122.032162	0.015917	5.5
1446	-0.000000	121.984826	0.000000	5.9
1447	-0.000000	121.937539	0.000000	6.6
1448	-1.023531	121.890301	0.012796	5.3
1449	-0.000011	121.843112	0.000003	5.9
1450	0.000000	121.795971	0.000000	5.2
1451	-1.045234	121.748879	0.008432	5.5
1452	0.000000	121.701835	0.000000	6.1
1453	-0.519526	121.654840	0.009854	5.2
1454	-0.991962	121.607893	0.009655	5.8
1455	-0.376093	121.560994	0.010739	6.3
1456	-1.034117	121.514144	0.015332	5.9
1457	-0.248621	121.467342	0.005634	5.2
1458	-0.529951	121.420588	0.002672	6.3
1459	-0.454600	121.373882	0.003354	5.7
1460	0.000000	121.327223	0.000000	5.3
1461	-1.054289	121.280613	0.011421	5.6
1462	-0.385486	121.234050	0.006001	5.7
1463	0.000000	121.187535	0.000000	5.4
1464	-1.138137	121.141067	0.024952	6.2
1465	-0.079626	121.094647	0.001398	5.1
1466	-0.358159	121.048274	0.003792	5.1
1467	-0.971290	121.001949	0.007645	6.6
1468	-0.955303	120.955671	0.012437	6.3
1469	-0.932226	120.909440	0.010200	5.9
1470	-0.826581	120.863256	0.014805	5.8
1471	-0.819071	120.817119	0.011599	5.7
1472	-0.788563	120.771029	0.010124	6.3
1473	-1.075753	120.724986	0.009567	5.4
1474	-1.133569	120.678990	0.011418	5.3
1475	-1.216856	120.633040	0.012011	5.9
1476	-1.043486	120.587137	0.010404	4.8
1477	-0.990499	120.541281	0.015113	5.3
1478	-0.383623	120.495471	0.007434	6.2
1479	-0.034277	120.449707	0.000289	5.7
1480	-0.611992	120.403990	0.010468	4.7
1481	-0.775660	120.358319	0.014993	5.9
1482	-1.057093	120.312694	0.008639	5.1
1483	-0.307842	120.267115	0.004305	5.1
1484	-0.639041	120.221582	0.007678	6.5
1485	-1.227873	120.176096	0.020586	5.7
1486	-0.434048	120.130655	0.006166	5.6
1487	-0.820428	120.085260	0.013395	6.4
1488	-1.249785	120.039910	0.034844	6.9
1489	-0.008422	119.994606	0.000507	6.5
1490	-0.863593	119.949348	0.017788	6.3
1491	-0.951718	119.904135	0.010484	6.5
1492	-1.072348	119.858968	0.013690	6.5
1493	-1.009842	119.813846	0.007262	6.5
1494	-0.717775	119.768769	0.015685	6.6
1495	-0.726623	119.723738	0.007460	5.3
1496	-0.200903	119.678752	0.002560	6.1
1497	-0.004449	119.633810	0.000646	6.2
1498	-0.026429	119.588914	0.001219	5.6
1499	-0.487818	119.544062	0.004456	6.2
1500	-0.344445	119.499256	0.002075	5.8
1501	-1.100919	119.454494	0.043750	5.3
1502	-1.198433	119.409777	0.022159	5.3
1503	-0.489783	119.365104	0.005307	6.9
1504	-0.521166	119.320476	0.005137	5.6
1505	0.000000	119.275893	0.000000	5.8
1506	-0.000000	119.231353	0.000000	5.4
1507	-0.564511	119.186859	0.004878	5.3
1508	0.000000	119.142408	0.000000	6.0
1509	-1.013273	119.098002	0.016274	5.4
1510	-1.214564	119.053639	0.007114	5.0
1511	-0.000000	119.009321	0.000000	5.7
1512	-0.701775	118.965047	0.006698	5.7
1513	-0.901568	118.920816	0.007811	5.6
1514	-0.000000	118.876630	0.000000	6.5
1515	-0.000000	118.832487	0.000000	5.2
1516	-0.014297	118.788388	0.000833	5.6
1517	-1.267191	118.744332	0.025329	6.5
1518	-0.635774	118.700320	0.008247	5.1
1519	-0.000000	118.656352	0.000000	5.8
1520	-0.511975	118.612427	0.004781	6.6
1521	-1.077156	118.568545	0.011983	5.4
1522	-1.211801	118.524706	0.027701	5.3
1523	-0.637303	118.480911	0.008592	5.7
1524	-0.000000	118.437159	0.000000	5.1
1525	-0.000000	118.393450	0.000000	5.8
1526	-0.780668	118.349784	0.007515	5.8
1527	-0.712837	118.306160	0.007856	5.1
1528	-0.569181	118.262580	0.008955	5.5
1529	-1.022843	118.219042	0.006583	5.7
1530	-1.099660	118.175548	0.008580	5.1
1531	-1.122035	118.132095	0.023130	5.6
1532	-0.000000	118.088686	0.000000	6.1
1533	-0.045694	118.045319	0.001825	5.4
1534	-0.501755	118.001994	0.010339	5.1
1535	-1.079012	117.958712	0.008848	5.8
1536	-0.710187	117.915472	0.006011	5.2
1537	-0.820123	117.872274	0.006195	5.9
1538	-0.000000	117.829118	0.000000	6.2
1539	-0.000000	117.786005	0.000000	5.7
1540	-0.968131	117.742933	0.007125	5.4
1541	-0.000000	117.699904	0.000000	5.5
1542	-0.000007	117.656916	0.000003	4.8
1543	-0.695807	117.613971	0.017857	5.9
1544	-0.601134	117.571067	0.012943	5.7
1545	-0.526846	117.528205	0.011275	4.8
1546	-0.252668	117.485384	0.008033	5.5
1547	-0.771416	117.442605	0.005243	4.8
1548	-0.024896	117.399867	0.002452	6.4
1549	0.000000	117.357171	0.000000	5.5
1550	-1.110872	117.314517	0.020335	5.7
1551	-1.162087	117.271903	0.006362	5.2
1552	-1.167308	117.229331	0.014716	7.6
1553	-0.055995	117.186800	0.001397	6.8
1554	-0.000002	117.144311	0.000001	6.9
1555	-1.117915	117.101862	0.008061	6.0
1556	-0.815036	117.059454	0.014782	6.0
1557	-0.486869	117.017087	0.012079	6.2
1558	-0.769375	116.974762	0.007395	6.6
1559	-1.142471	116.932476	0.012331	6.1
1560	-0.574367	116.890232	0.008286	6.2
1561	-1.064845	116.848028	0.018269	5.6
1562	-1.078672	116.805865	0.012339	6.3
1563	-0.575342	116.763743	0.003201	5.6
1564	-1.263649	116.721661	0.007290	5.8
1565	-0.840848	116.679619	0.011075	6.3
1566	-0.000007	116.637618	0.000002	5.8
1567	-1.072758	116.595657	0.009629	5.8
1568	-0.944038	116.553736	0.008807	6.5
1569	-1.076806	116.511855	0.011621	6.2
1570	-1.221315	116.470015	0.008816	7.0
1571	-0.000000	116.428214	0.000000	6.1
1572	-1.134223	116.386454	0.021361	5.5
1573	-0.077645	116.344733	0.002065	6.8
1574	-1.131513	116.303052	0.007970	6.6
1575	-0.186725	116.261412	0.004475	5.5
1576	-0.000000	116.219810	0.000000	6.4
1577	-0.234327	116.178249	0.001526	5.4
1578	-1.332680	116.136727	0.010450	6.3
1579	-0.121837	116.095245	0.004595	5.2
1580	-0.824205	116.053802	0.010243	5.3
1581	-1.103603	116.012398	0.006159	5.7
1582	-1.182618	115.971034	0.013095	5.4
1583	-0.781695	115.929710	0.009663	5.5
1584	-1.049478	115.888424	0.017412	6.2
1585	-0.631369	115.847178	0.011886	5.0
1586	-0.240806	115.805970	0.006647	6.0
1587	-0.822614	115.764802	0.010758	7.1
1588	-0.527206	115.723673	0.005183	5.7
1589	-0.641100	115.682583	0.007616	5.6
1590	-0.887861	115.641532	0.006551	5.8
1591	-0.000976	115.600519	0.000185	6.2
1592	-0.811102	115.559546	0.011959	5.1
1593	-0.000002	115.518610	0.000001	5.6
1594	-0.624533	115.477714	0.007836	5.3
1595	-0.690452	115.436856	0.005138	5.2
1596	-0.000000	115.396037	0.000000	5.7
1597	-1.053669	115.355256	0.018729	4.8
1598	-0.040933	115.314514	0.002026	4.7
1599	-0.084812	115.273810	0.002909	6.2
1600	-0.994896	115.233144	0.009255	5.4
1601	-0.642983	115.192517	0.009057	5.0
1602	-0.843202	115.151927	0.007119	6.2
1603	-0.531888	115.111376	0.006752	5.1
1604	-0.655443	115.070863	0.009551	4.8
1605	-0.665214	115.030388	0.013720	7.1
1606	-0.834615	114.989951	0.008788	6.0
1607	-0.000015	114.949551	0.000006	6.7
1608	-0.000374	114.909190	0.000121	4.9
1609	-0.730782	114.868866	0.005787	5.1
1610	-0.000000	114.828580	0.000000	5.5
1611	-0.592284	114.788332	0.008320	5.9
1612	-0.054017	114.748121	0.002458	6.2
1613	-0.247672	114.707948	0.002556	5.8
1614	-0.001244	114.667812	0.000046	5.5
1615	-1.029369	114.627714	0.032603	5.5
1616	-1.180287	114.587653	0.017331	6.5
1617	-0.907001	114.547629	0.010797	5.3
1618	-0.989812	114.507643	0.012687	5.0
1619	-0.926813	114.467693	0.010702	6.0
1620	-0.440608	114.427781	0.004161	5.3
1621	-0.594452	114.387907	0.007335	5.0
1622	-0.985665	114.348069	0.017383	6.5
1623	-0.757608	114.308268	0.012847	4.9
1624	-1.145973	114.268504	0.013496	5.3
1625	-0.704038	114.228777	0.008301	6.7
1626	-0.801862	114.189086	0.003989	5.2
1627	-0.287843	114.149433	0.004661	6.0
1628	-0.000000	114.109816	0.000000	7.1
1629	-0.004051	114.070235	0.000252	5.9
1630	-0.465693	114.030692	0.007907	5.9
1631	-1.043707	113.991185	0.008865	5.6
1632	-1.010496	113.951714	0.011903	5.8
1633	-1.379983	113.912280	0.007052	6.5
1634	-0.000000	113.872882	0.000000	4.7
1635	-0.949963	113.833521	0.009370	5.2
1636	-0.836132	113.794195	0.007421	6.1
1637	-0.000000	113.754906	0.000000	5.6
1638	-0.514512	113.715653	0.007515	5.3
1639	-1.061751	113.676437	0.010151	6.2
1640	-0.000000	113.637256	0.000000	4.9
1641	-0.000063	113.598111	0.000020	5.6
1642	-0.000000	113.559002	0.000000	6.1
1643	-1.201815	113.519929	0.030236	5.1
1644	-0.502313	113.480892	0.004589	6.0
1645	-0.000000	113.441891	0.000000	6.3
1646	-1.033803	113.402925	0.008500	5.6
1647	-0.799718	113.363995	0.009509	5.9
1648	-0.977473	113.325101	0.012993	5.6
1649	-0.655543	113.286242	0.007919	5.8
1650	-0.000000	113.247419	0.000000	6.0
1651	-0.196095	113.208631	0.003719	5.0
1652	-0.805833	113.169879	0.024200	4.8
1653	-0.002910	113.131162	0.000497	6.5
1654	-0.227355	113.092480	0.003153	5.4
1655	-0.000000	113.053833	0.000000	5.5
1656	-0.838975	113.015222	0.003689	5.8
1657	-1.088337	112.976646	0.010776	5.1
1658	-1.115035	112.938105	0.008522	4.8
1659	-0.626015	112.899599	0.010506	6.5
1660	-0.337670	112.861128	0.006955	5.3
1661	-1.096188	112.822692	0.009643	5.7
1662	-0.610325	112.784291	0.012813	5.9
1663	0.000000	112.745924	0.000000	5.1
1664	-0.708992	112.707593	0.007396	5.7
1665	-0.074797	112.669296	0.002355	7.1
1666	-0.885113	112.631034	0.011166	5.3
1667	-0.000000	112.592806	0.000000	5.2
1668	0.000000	112.554613	0.000000	5.9
1669	-0.982445	112.516455	0.010103	5.7
1670	-0.576742	112.478331	0.010318	6.7
1671	-0.000007	112.440241	0.000001	5.6
1672	-0.814793	112.402186	0.008242	4.8
1673	-0.000007	112.364165	0.000003	6.0
1674	-0.000058	112.326179	0.000018	5.0
1675	-0.733576	112.288227	0.007401	5.1
1676	-0.815905	112.250309	0.008389	6.5
1677	-1.152382	112.212425	0.016442	5.5
1678	-0.764771	112.174575	0.013543	5.0
1679	-0.000001	112.136759	0.000000	6.5
1680	-0.736307	112.098977	0.004678	5.5
1681	-0.046257	112.061229	0.002721	5.5
1682	-1.253511	112.023515	0.016300	5.9
1683	-0.900938	111.985834	0.007732	5.9
1684	-0.724737	111.948188	0.009470	5.8
1685	-0.819413	111.910575	0.009953	6.5
1686	0.000000	111.872996	0.000000	5.5
1687	-0.032115	111.835450	0.001623	6.1
1688	-0.445161	111.797939	0.007425	5.7
1689	-0.000000	111.760460	0.000000	5.8
1690	-1.301692	111.723015	0.022592	6.6
1691	-0.000000	111.685604	0.000000	5.5
1692	-0.323010	111.648226	0.004363	6.0
1693	-1.151050	111.610881	0.007460	6.2
1694	-0.000000	111.573570	0.000000	5.8
1695	-0.895059	111.536292	0.013682	6.1
1696	-0.000000	111.499047	0.000000	5.4
1697	-0.000000	111.461835	0.000000	5.5
1698	-0.000000	111.424656	0.000000	6.0
1699	0.000000	111.387510	0.000000	6.6
1700	0.000000	111.350398	0.000000	5.5
1701	-0.884247	111.313318	0.023278	6.1
1702	-0.338270	111.276271	0.007887	5.2
1703	-0.005282	111.239257	0.000569	5.5
1704	-0.582775	111.202276	0.002789	6.0
1705	-0.873777	111.165328	0.009119	5.7
1706	-0.754838	111.128412	0.006584	5.3
1707	-1.098401	111.091529	0.015658	6.1
1708	-0.100473	111.054679	0.003324	5.6
1709	-0.000000	111.017861	0.000000	5.3
1710	-0.327613	110.981076	0.007550	5.7
1711	-0.143094	110.944323	0.003638	5.3
1712	-1.031111	110.907603	0.015470	5.3
1713	-0.000000	110.870915	0.000000	6.2
1714	-1.314068	110.834259	0.026702	5.1
1715	-0.407909	110.797636	0.004304	5.7
1716	-0.899011	110.761045	0.011039	6.0
1717	-0.069860	110.724486	0.001099	5.2
1718	-1.250034	110.687959	0.012360	5.1
1719	-0.653866	110.651465	0.009611	6.2
1720	-1.134244	110.615002	0.005170	5.7
1721	-0.623283	110.578572	0.007763	5.6
1722	-0.000000	110.542173	0.000000	6.5
1723	-0.806038	110.505807	0.007092	5.3
1724	-0.006184	110.469472	0.001083	5.9
1725	-0.978822	110.433169	0.038074	5.6
1726	-0.849390	110.396898	0.016001	5.1
1727	-0.000000	110.360659	0.000000	6.0
1728	-0.000000	110.324451	0.000000	5.3
1729	-1.067319	110.288276	0.007399	5.6
1730	-0.724208	110.252131	0.013737	6.2
1731	-0.552121	110.216019	0.011109	5.4
1732	-0.804684	110.179937	0.006517	5.1
1733	-0.740153	110.143888	0.012414	6.4
1734	-0.436781	110.107869	0.005766	4.7
1735	-1.060530	110.071882	0.008730	5.2
1736	-0.734650	110.035927	0.008604	5.5
1737	-0.706534	110.000003	0.007289	6.4
1738	-0.953081	109.964110	0.012025	5.8
1739	-0.947669	109.928248	0.014390	5.9
1740	-0.475634	109.892417	0.011070	5.0
1741	-0.823881	109.856618	0.007852	5.6
1742	-0.608236	109.820850	0.005871	6.1
1743	-0.000000	109.785112	0.000000	5.3
1744	-0.660758	109.749406	0.008557	5.2
1745	-0.952739	109.713730	0.010648	5.9
1746	-0.854306	109.678086	0.008518	5.7
1747	-0.451702	109.642472	0.004297	5.1
1748	-0.756792	109.606890	0.006964	6.2
1749	-0.000000	109.571337	0.000000	5.1
1750	-0.491387	109.535816	0.012818	5.6
1751	-0.711118	109.500326	0.004248	5.4
1752	-0.659131	109.464866	0.006165	5.1
1753	-1.218288	109.429436	0.019599	5.7
1754	-0.119599	109.394038	0.004780	6.6
1755	-0.954370	109.358669	0.008205	5.5
1756	-0.023064	109.323331	0.002155	6.4
1757	-0.345747	109.288024	0.003497	6.3
1758	-1.033645	109.252747	0.008060	6.2
1759	-1.016118	109.217501	0.007011	6.5
1760	-0.000000	109.182284	0.000000	6.0
1761	-0.725249	109.147098	0.010668	6.0
1762	-1.041543	109.111942	0.010204	5.7
1763	-1.110883	109.076817	0.021341	5.9
1764	-0.519402	109.041721	0.005439	5.6
1765	-0.000000	109.006656	0.000000	5.3
1766	-1.235815	108.971620	0.007784	5.7
1767	-0.663929	108.936615	0.007522	6.1
1768	-0.617499	108.901640	0.009117	5.9
1769	-0.000079	108.866694	0.000025	5.4
1770	-0.480334	108.831779	0.006092	6.1
1771	-1.099542	108.796893	0.012302	4.9
1772	0.000000	108.762037	0.000000	5.6
1773	-0.936734	108.727211	0.009409	5.8
1774	-1.007686	108.692415	0.010876	5.9
1775	0.000000	108.657648	0.000000	5.6
1776	-0.784910	108.622911	0.012544	6.3
1777	-0.017128	108.588203	0.000957	5.0
1778	-1.084456	108.553525	0.010923	5.2
1779	-0.000000	108.518877	0.000000	6.6
1780	-0.136104	108.484258	0.003672	5.8
1781	-0.768522	108.449668	0.005814	6.1
1782	-0.878840	108.415108	0.009320	5.5
1783	-0.687477	108.380578	0.003140	5.3
1784	-0.922153	108.346076	0.015637	5.6
1785	-1.033458	108.311604	0.009992	5.1
1786	-0.112371	108.277161	0.002331	5.2
1787	-1.006526	108.242747	0.009082	6.3
1788	-0.448554	108.208363	0.007712	5.6
1789	-0.601120	108.174007	0.009477	5.3
1790	-1.156545	108.139681	0.007821	6.3
1791	-0.469139	108.105383	0.007766	6.0
1792	-0.952760	108.071115	0.008647	5.3
1793	-1.078089	108.036875	0.007279	5.9
1794	-0.683198	108.002665	0.016962	5.1
1795	-0.148936	107.968483	0.004081	5.9
1796	-0.512872	107.934330	0.006964	5.4
1797	-0.901361	107.900206	0.011886	5.3
1798	-0.878298	107.866111	0.014032	6.0
1799	-0.891185	107.832044	0.017420	6.3
1800	-0.813182	107.798007	0.012659	5.3
1801	-0.851089	107.763997	0.013798	6.4
1802	-0.000000	107.730017	0.000000	5.4
1803	-0.885511	107.696065	0.022610	5.6
1804	-0.806943	107.662141	0.007734	6.5
1805	-0.733991	107.628246	0.009739	5.3
1806	-0.654611	107.594379	0.013924	4.8
1807	-1.230722	107.560541	0.005643	6.4
1808	-0.725828	107.526731	0.005536	5.3
1809	-0.398394	107.492949	0.005708	5.1
1810	-0.000000	107.459196	0.000000	5.8
1811	-0.755739	107.425471	0.009536	6.0
1812	-0.129793	107.391774	0.004353	5.9
1813	-0.000559	107.358106	0.000159	6.5
1814	-0.474117	107.324465	0.004091	5.7
1815	-0.020375	107.290853	0.000884	5.5
1816	-0.965826	107.257268	0.012481	6.5
1817	-1.242527	107.223712	0.018215	5.4
1818	-1.156229	107.190184	0.010381	6.6
1819	-0.560119	107.156683	0.008924	5.3
1820	-1.224113	107.123211	0.023028	5.4
1821	-0.000000	107.089766	0.000000	6.2
1822	-0.000000	107.056349	0.000000	5.6
1823	-1.197528	107.022960	0.033041	5.5
1824	-0.367329	106.989599	0.004836	6.0
1825	-0.201884	106.956265	0.002797	4.8
1826	-0.602862	106.922960	0.007143	5.7
1827	-0.525206	106.889681	0.003440	5.9
1828	-0.033572	106.856431	0.001686	5.7
1829	-0.175123	106.823208	0.002112	5.9
1830	-1.046289	106.790012	0.007202	6.7
1831	-1.316087	106.756844	0.014005	5.2
1832	-0.000000	106.723703	0.000000	5.7
1833	-0.000162	106.690590	0.000026	5.7
1834	-0.017483	106.657505	0.001211	5.6
1835	-1.004255	106.624446	0.009820	6.3
1836	-0.015735	106.591415	0.001378	5.6
1837	-0.904624	106.558411	0.018732	5.9
1838	-0.729159	106.525435	0.012738	6.1
1839	-0.928979	106.492485	0.019669	5.2
1840	-0.763368	106.459563	0.007398	5.3
1841	-0.053300	106.426668	0.001980	6.0
1842	-0.798996	106.393800	0.011456	4.7
1843	-1.097508	106.360959	0.008414	5.6
1844	-1.011519	106.328145	0.004487	6.3
1845	-0.000000	106.295358	0.000000	5.4
1846	-0.644319	106.262598	0.009659	5.9
1847	-0.131133	106.229865	0.004319	6.0
1848	-0.377877	106.197158	0.009211	5.7
1849	-0.419977	106.164479	0.008732	5.5
1850	-0.888555	106.131826	0.021662	6.1
1851	-0.529179	106.099201	0.007386	5.8
1852	-0.109232	106.066602	0.002319	5.7
1853	-0.041225	106.034029	0.002147	5.5
1854	-0.941950	106.001483	0.013822	4.7
1855	-0.000000	105.968964	0.000000	5.2
1856	-1.181078	105.936472	0.013804	6.1
1857	-0.175578	105.904006	0.003613	5.6
1858	-1.087636	105.871566	0.005896	6.0
1859	-0.000000	105.839153	0.000000	5.4
1860	-0.961365	105.806767	0.010551	5.6
1861	-0.000755	105.774407	0.000078	6.1
1862	-0.787070	105.742073	0.011420	5.5
1863	-1.000962	105.709766	0.008846	5.2
1864	-1.105901	105.677485	0.016666	6.0
1865	-0.978188	105.645230	0.007792	6.6
1866	-0.008798	105.613001	0.000303	5.3
1867	-0.000000	105.580799	0.000000	5.8
1868	-0.393642	105.548623	0.006335	5.3
1869	-0.651657	105.516473	0.004744	5.6
1870	-0.591173	105.484349	0.008508	6.4
1871	-0.172680	105.452251	0.002048	5.8
1872	-0.919957	105.420179	0.009210	5.2
1873	-0.000008	105.388133	0.000004	5.7
1874	-0.000054	105.356113	0.000022	5.2
1875	-1.075441	105.324119	0.009158	5.1
1876	-0.000000	105.292151	0.000000	5.5
1877	-0.966519	105.260209	0.014822	5.9
1878	-0.000000	105.228293	0.000000	5.1
1879	-0.541790	105.196402	0.010005	5.5
1880	-0.000000	105.164537	0.000000	5.5
1881	-0.782824	105.132698	0.012101	4.9
1882	-0.030684	105.100885	0.001081	6.5
1883	-0.968720	105.069097	0.009034	5.7
1884	-0.000000	105.037335	0.000000	5.4
1885	-0.497456	105.005598	0.004630	5.5
1886	-0.000000	104.973887	0.000000	5.6
1887	-0.647649	104.942202	0.010532	6.1
1888	-0.000125	104.910542	0.000022	5.5
1889	-0.997858	104.878907	0.009555	4.9
1890	-0.857135	104.847298	0.009493	6.8
1891	-1.168589	104.815715	0.015507	4.9
1892	-0.000000	104.784156	0.000000	5.7
1893	-0.940345	104.752623	0.009433	6.3
1894	-0.000000	104.721116	0.000000	4.9
1895	-0.824698	104.689633	0.011485	5.8
1896	-0.003767	104.658176	0.000150	6.1
1897	-0.536054	104.626744	0.006601	5.5
1898	-0.000000	104.595337	0.000000	5.3
1899	-0.722118	104.563955	0.008134	7.1
1900	-0.000000	104.532599	0.000000	5.4
1901	-0.561808	104.501267	0.005798	5.1
1902	-1.196134	104.469960	0.010160	6.8
1903	-0.951757	104.438679	0.005992	5.7
1904	-0.875327	104.407422	0.008996	6.2
1905	-0.624705	104.376191	0.012993	5.2
1906	0.000000	104.344984	0.000000	5.3
1907	-1.081229	104.313802	0.011315	6.4
1908	-0.868816	104.282645	0.009224	5.2
1909	-0.953283	104.251513	0.003588	5.0
1910	-0.418474	104.220405	0.006063	6.0
1911	-0.510137	104.189323	0.006700	5.5
1912	-0.000000	104.158265	0.000000	5.4
1913	-1.006150	104.127231	0.008987	6.2
1914	-0.000000	104.096222	0.000000	5.2
1915	-1.249020	104.065238	0.014392	5.1
1916	-0.434323	104.034279	0.006026	6.4
1917	-0.955957	104.003344	0.006335	5.3
1918	-0.483903	103.972433	0.009030	4.7
1919	-0.118608	103.941547	0.001895	5.3
1920	-0.617498	103.910686	0.005608	6.8
1921	-1.093038	103.879849	0.012783	5.6
1922	-1.071937	103.849036	0.015015	5.8
1923	-0.000000	103.818248	0.000000	5.1
1924	-0.446192	103.787484	0.008253	5.7
1925	-0.078298	103.756744	0.003310	5.6
1926	-0.000001	103.726029	0.000000	5.6
1927	-0.919462	103.695338	0.006375	5.2
1928	-1.078748	103.664671	0.008354	6.5
1929	-1.228601	103.634028	0.008802	5.6
1930	-0.000000	103.603409	0.000000	5.8
1931	-1.021249	103.572814	0.012850	5.6
1932	-0.650104	103.542244	0.011613	5.6
1933	-0.000000	103.511698	0.000000	5.7
1934	-1.126263	103.481175	0.014963	5.5
1935	-0.000000	103.450677	0.000000	5.6
1936	-0.021211	103.420202	0.000808	5.8
1937	-1.030040	103.389752	0.015993	6.0
1938	-0.000000	103.359325	0.000000	5.5
1939	-0.000000	103.328922	0.000000	5.7
1940	-0.521673	103.298543	0.011379	5.3
1941	-0.647922	103.268188	0.015010	5.7
1942	-0.540154	103.237857	0.009065	6.0
1943	-0.000000	103.207549	0.000000	5.2
1944	-0.000000	103.177265	0.000000	5.5
1945	-0.556602	103.147005	0.008656	5.6
1946	-0.155998	103.116768	0.004933	5.1
1947	-0.833422	103.086556	0.003381	5.3
1948	-0.636118	103.056366	0.004130	6.5
1949	-0.708507	103.026200	0.003399	5.6
1950	-0.000000	102.996058	0.000000	5.9
1951	-0.072748	102.965939	0.000911	5.7
1952	-1.150699	102.935844	0.018284	6.0
1953	-0.000000	102.905772	0.000000	6.1
1954	-0.749237	102.875724	0.005999	5.9
1955	-0.847050	102.845699	0.010454	5.1
1956	-0.465203	102.815697	0.005341	5.9
1957	-0.847722	102.785719	0.011529	6.1
1958	-0.344986	102.755764	0.003555	5.9
1959	-0.738290	102.725832	0.012236	6.1
1960	-0.815918	102.695924	0.007151	5.4
1961	-1.013947	102.666038	0.003458	5.4
1962	-0.987378	102.636176	0.013827	6.2
1963	-1.115942	102.606337	0.007043	5.8
1964	-0.194309	102.576521	0.006696	5.4
1965	-0.446454	102.546728	0.012982	6.0
1966	-0.557690	102.516959	0.007854	5.1
1967	-1.194605	102.487212	0.014874	5.3
1968	-1.029001	102.457488	0.004946	5.9
1969	-1.236147	102.427788	0.011751	5.3
1970	-0.804182	102.398110	0.013303	4.7
1971	-1.262701	102.368455	0.031718	6.4
1972	-0.785035	102.338823	0.014195	5.9
1973	-1.252146	102.309214	0.012382	5.5
1974	-0.184666	102.279628	0.004631	6.3
1975	-0.000000	102.250064	0.000000	5.3
1976	-0.763679	102.220524	0.007533	5.6
1977	-0.490140	102.191006	0.010509	5.6
1978	-0.467352	102.161511	0.004508	5.7
1979	-1.185874	102.132038	0.012278	5.8
1980	-1.277509	102.102588	0.017881	5.2
1981	-0.000000	102.073161	0.000000	4.8
1982	0.000000	102.043757	0.000000	5.7
1983	-0.871345	102.014375	0.030002	5.5
1984	-1.121858	101.985015	0.012503	5.6
1985	-0.991653	101.955678	0.011084	5.9
1986	-0.000000	101.926364	0.000000	5.4
1987	-1.305086	101.897072	0.013915	5.7
1988	-0.874323	101.867802	0.011178	6.2
1989	-0.350279	101.838555	0.006587	5.5
1990	-0.982249	101.809330	0.009864	5.5
1991	-0.791328	101.780128	0.010856	6.2
1992	0.000000	101.750948	0.000000	5.7
1993	-1.055502	101.721790	0.007245	5.3
1994	-1.232527	101.692654	0.017477	6.3
1995	-0.788699	101.663541	0.008582	5.6
1996	-0.432542	101.634450	0.004471	6.1
1997	-0.538428	101.605381	0.012637	5.2
1998	-0.008243	101.576335	0.000293	4.8
1999	-0.319031	101.547310	0.002960	5.2
