1:ItNr	2:Metric	3:StepSize	4:||Gradient||	Time[ms]
0	-0.793680	627.201626	0.009750	901.8
1	-0.905511	623.504937	0.008401	8.7
2	-0.000000	619.865785	0.000000	7.9
3	-0.000000	616.282728	0.000000	8.4
4	-0.028005	612.754375	0.002017	7.6
5	-0.607023	609.279381	0.006604	8.0
6	-0.748149	605.856447	0.006813	7.5
7	-0.107611	602.484317	0.003052	7.8
8	-0.745841	599.161779	0.012346	7.5
9	-0.495201	595.887656	0.006860	8.9
10	-0.428073	592.660813	0.011471	9.2
11	-0.107284	589.480151	0.003241	8.6
12	-0.637212	586.344606	0.011394	8.1
13	-0.000000	583.253145	0.000000	10.6
14	-0.000000	580.204771	0.000000	8.3
15	-0.827232	577.198517	0.006356	9.6
16	-1.027480	574.233444	0.014034	10.2
17	-0.531072	571.308645	0.009642	9.0
18	-0.390112	568.423237	0.006446	8.4
19	-0.004892	565.576365	0.000540	7.7
20	-0.000001	562.767201	0.000001	8.9
21	-0.000000	559.994938	0.000000	8.6
22	-0.539399	557.258797	0.007574	8.9
23	-0.701267	554.558018	0.008820	8.0
24	-0.734608	551.891865	0.010459	9.7
25	-0.519891	549.259621	0.007719	8.5
26	-1.015787	546.660592	0.010358	9.1
27	-0.569687	544.094102	0.004500	8.8
28	-0.708166	541.559494	0.007452	8.2
29	-0.413742	539.056129	0.005193	8.5
30	-1.048011	536.583387	0.015985	8.6
31	-0.318308	534.140663	0.006308	8.9
32	-0.893864	531.727370	0.007533	8.1
33	-0.578530	529.342935	0.007151	8.6
34	-0.720638	526.986802	0.007020	8.3
35	-0.756407	524.658430	0.012252	8.9
36	-0.000000	522.357290	0.000000	8.2
37	-0.738721	520.082868	0.008064	9.0
38	-0.947700	517.834665	0.011777	8.7
39	-0.906215	515.612193	0.005037	8.8
40	-0.216533	513.414976	0.006672	9.0
41	-0.812142	511.242551	0.011780	10.0
42	-0.417423	509.094468	0.007226	8.1
43	-0.000000	506.970285	0.000000	8.3
44	-0.823177	504.869574	0.006798	8.4
45	-0.917074	502.791916	0.008593	8.4
46	-0.217978	500.736903	0.003345	8.0
47	-0.000000	498.704137	0.000000	9.0
48	-0.861853	496.693228	0.013058	9.0
49	-0.939682	494.703798	0.009947	9.7
50	-0.097157	492.735476	0.003001	9.4
51	-0.924645	490.787900	0.013660	8.5
52	-0.925097	488.860718	0.008368	9.2
53	-0.191028	486.953585	0.005386	8.1
54	-0.563514	485.066164	0.005434	8.7
55	-0.000000	483.198126	0.000000	8.3
56	-0.901294	481.349149	0.012476	8.5
57	-0.573781	479.518920	0.006988	7.9
58	-0.286907	477.707132	0.004828	8.8
59	-0.695390	475.913485	0.009478	8.1
60	-0.403758	474.137684	0.006825	8.0
61	-0.000000	472.379445	0.000000	7.6
62	-0.868212	470.638485	0.007597	9.0
63	-0.715768	468.914531	0.005499	8.7
64	-0.007661	467.207315	0.000215	8.6
65	-0.419543	465.516573	0.006719	7.7
66	-0.092202	463.842050	0.002128	8.9
67	-0.706644	462.183494	0.008846	8.5
68	-0.479390	460.540658	0.005810	9.0
69	-0.250701	458.913303	0.002194	8.1
70	-0.669980	457.301192	0.007358	8.4
71	-0.000000	455.704096	0.000000	7.4
72	-0.254115	454.121787	0.003174	8.6
73	-0.873212	452.554045	0.005115	8.5
74	-0.270234	451.000653	0.004376	9.1
75	-0.000000	449.461399	0.000000	8.4
76	-0.465686	447.936075	0.006279	8.3
77	-0.000000	446.424477	0.000000	9.3
78	-0.000000	444.926406	0.000000	8.0
79	-0.000000	443.441666	0.000000	8.8
80	-0.472427	441.970065	0.006231	8.1
81	-0.716537	440.511415	0.007496	8.7
82	-0.654207	439.065533	0.007796	7.9
83	-0.510746	437.632238	0.007195	8.1
84	-0.817236	436.211351	0.008413	8.1
85	-0.734773	434.802701	0.007059	9.0
86	-0.000000	433.406117	0.000000	8.4
87	-0.129716	432.021430	0.002660	9.2
88	-0.000000	430.648479	0.000000	7.5
89	-0.197913	429.287101	0.003652	8.7
90	-0.663573	427.937140	0.011133	8.6
91	-0.421558	426.598440	0.005880	8.8
92	-0.855476	425.270849	0.005019	8.1
93	-0.931907	423.954220	0.020402	8.6
94	-0.242648	422.648404	0.008202	7.6
95	-0.011893	421.353259	0.001039	8.3
96	-0.947399	420.068643	0.004625	8.1
97	-0.636921	418.794419	0.008498	8.4
98	-0.280766	417.530451	0.004269	8.1
99	-0.539770	416.276604	0.006047	8.5
100	-0.365246	415.032748	0.008338	8.5
101	-0.685894	413.798754	0.013020	8.8
102	-0.210732	412.574495	0.004643	7.8
103	-0.875295	411.359849	0.004971	9.0
104	-0.000000	410.154691	0.000000	7.9
105	-0.806248	408.958904	0.008133	8.5
106	-0.752292	407.772368	0.009249	8.0
107	-0.368304	406.594968	0.003802	8.3
108	-0.847652	405.426590	0.004747	8.6
109	-0.459512	404.267122	0.008876	8.8
110	-0.319586	403.116456	0.005658	8.5
111	-0.757523	401.974481	0.007531	9.4
112	-0.936198	400.841093	0.020708	8.2
113	-0.955199	399.716187	0.007012	8.2
114	-0.036243	398.599660	0.001245	8.4
115	-0.489573	397.491411	0.006002	7.8
116	-0.023270	396.391342	0.000647	8.5
117	-0.508991	395.299353	0.006145	8.3
118	-0.390423	394.215350	0.005097	8.5
119	-0.580374	393.139238	0.006620	8.4
120	-0.664653	392.070924	0.007361	9.2
121	-0.215444	391.010316	0.005656	8.0
122	-0.059810	389.957325	0.000848	9.1
123	-0.015108	388.911862	0.000593	8.7
124	-0.653055	387.873839	0.008192	8.7
125	-0.407974	386.843173	0.003772	8.2
126	-0.000006	385.819777	0.000009	9.2
127	-0.202038	384.803569	0.002606	9.1
128	-0.250405	383.794468	0.003480	9.0
129	-0.156173	382.792393	0.003648	7.9
130	-0.000000	381.797264	0.000000	8.8
131	-0.000000	380.809005	0.000000	7.9
132	-0.000000	379.827537	0.000000	8.9
133	-0.794223	378.852786	0.011606	8.1
134	-0.911583	377.884678	0.007293	8.9
135	-1.033619	376.923138	0.028471	9.0
136	-0.868754	375.968095	0.016311	9.3
137	-0.254819	375.019479	0.002989	9.0
138	-0.935098	374.077218	0.009070	7.5
139	-0.637523	373.141244	0.006941	9.3
140	-0.463013	372.211489	0.007100	7.6
141	-0.709575	371.287887	0.008195	8.5
142	-0.016210	370.370370	0.000256	7.5
143	-0.007669	369.458876	0.000259	9.0
144	-0.066312	368.553338	0.002383	8.3
145	-0.000000	367.653696	0.000000	8.8
146	-0.000000	366.759885	0.000000	8.5
147	-0.099313	365.871846	0.002605	8.9
148	-0.881623	364.989518	0.008267	9.3
149	-0.877492	364.112841	0.008829	8.6
150	-0.016520	363.241757	0.000385	8.3
151	-0.461810	362.376208	0.007638	8.3
152	-0.625882	361.516137	0.005960	8.1
153	-0.850242	360.661488	0.006914	9.0
154	-0.259120	359.812206	0.002693	8.0
155	-0.592864	358.968236	0.004414	8.6
156	-0.815503	358.129524	0.005521	8.5
157	-0.252174	357.296018	0.005672	8.9
158	-0.000000	356.467665	0.000000	7.8
159	-0.718485	355.644414	0.004852	8.2
160	-0.301078	354.826213	0.002474	8.5
161	-0.001073	354.013012	0.000029	9.5
162	-0.000000	353.204763	0.000000	8.7
163	-0.007817	352.401415	0.000258	8.1
164	-0.263284	351.602922	0.005736	8.1
165	-0.744269	350.809235	0.006946	7.9
166	-0.850126	350.020308	0.009222	8.3
167	-0.600354	349.236095	0.006142	8.4
168	-0.539966	348.456550	0.006037	9.1
169	-0.581691	347.681627	0.007963	7.5
170	-0.907501	346.911283	0.009232	9.4
171	-0.882874	346.145474	0.016490	8.5
172	-0.000000	345.384157	0.000000	10.0
173	-0.508122	344.627288	0.005882	9.2
174	-0.427319	343.874826	0.006999	8.7
175	-0.415933	343.126729	0.004685	8.0
176	-0.000000	342.382957	0.000000	8.7
177	-0.842440	341.643469	0.009313	8.1
178	-0.532597	340.908224	0.011672	8.3
179	-0.908002	340.177184	0.011985	8.2
180	-0.513677	339.450309	0.003061	8.7
181	-0.000000	338.727561	0.000000	8.3
182	-0.278939	338.008902	0.005312	9.1
183	-0.907197	337.294295	0.008365	7.9
184	-0.545926	336.583703	0.007078	9.9
185	-0.933131	335.877089	0.009609	8.7
186	-0.000000	335.174416	0.000000	8.1
187	-0.899152	334.475651	0.005144	8.7
188	-0.787309	333.780756	0.010069	8.5
189	-0.797217	333.089698	0.009429	8.6
190	-0.300978	332.402443	0.003349	8.6
191	-0.000000	331.718955	0.000000	9.2
192	-0.656925	331.039203	0.011634	7.8
193	-0.000000	330.363153	0.000000	8.9
194	-0.723941	329.690771	0.019296	7.8
195	-0.496448	329.022027	0.006553	9.2
196	-0.076460	328.356888	0.001872	8.3
197	-0.416974	327.695322	0.005382	9.2
198	-0.000000	327.037299	0.000000	7.9
199	-0.622294	326.382787	0.008300	8.0
200	-0.479291	325.731758	0.005542	8.4
201	-0.000000	325.084179	0.000000	8.6
202	-0.694008	324.440023	0.005708	8.4
203	-0.403592	323.799258	0.008657	8.5
204	-0.711427	323.161858	0.007088	7.8
205	-0.452281	322.527792	0.008006	8.6
206	-1.078281	321.897034	0.013781	8.1
207	-0.517964	321.269554	0.006400	8.3
208	-0.818478	320.645325	0.006552	8.5
209	-0.052486	320.024320	0.000895	8.9
210	-0.931388	319.406512	0.010961	8.2
211	-0.000241	318.791875	0.000165	8.3
212	-0.003450	318.180381	0.001404	7.8
213	-0.233470	317.572005	0.005008	8.0
214	-0.687492	316.966721	0.004486	7.8
215	-0.000000	316.364504	0.000000	8.6
216	-0.224515	315.765329	0.003181	8.5
217	-0.470282	315.169170	0.006632	9.0
218	-0.000000	314.576003	0.000000	9.6
219	-0.452741	313.985804	0.012369	8.8
220	-0.915966	313.398548	0.006399	9.4
221	-0.964756	312.814213	0.006872	7.9
222	-0.231728	312.232773	0.003999	9.2
223	-0.012799	311.654207	0.000338	8.6
224	-0.000000	311.078491	0.000000	9.1
225	-0.607905	310.505602	0.006572	8.3
226	-0.823915	309.935518	0.009241	9.1
227	-0.006683	309.368217	0.000288	8.5
228	-0.653835	308.803676	0.005378	8.5
229	-0.145530	308.241874	0.002116	8.5
230	-0.000000	307.682789	0.000000	9.5
231	-0.650303	307.126400	0.008095	8.5
232	-0.668241	306.572687	0.008332	8.0
233	-0.950216	306.021627	0.016212	10.4
234	-0.000000	305.473201	0.000000	9.1
235	-0.000000	304.927388	0.000000	8.6
236	-0.842418	304.384168	0.007271	8.3
237	-0.806988	303.843521	0.006239	8.8
238	-0.528518	303.305427	0.005257	8.0
239	-0.577941	302.769867	0.006685	9.1
240	-0.643236	302.236821	0.007692	8.0
241	-0.914123	301.706270	0.015976	8.9
242	-0.679046	301.178196	0.007249	10.2
243	-0.903067	300.652580	0.011952	8.8
244	-0.902705	300.129402	0.008230	9.3
245	-0.029096	299.608645	0.000247	9.4
246	-0.920218	299.090291	0.015878	8.8
247	-0.044000	298.574321	0.002471	8.2
248	-0.741836	298.060718	0.008247	8.8
249	-0.438367	297.549465	0.005238	7.8
250	-0.496662	297.040543	0.008893	9.4
251	-0.401420	296.533936	0.004795	7.5
252	-0.431186	296.029626	0.011956	9.0
253	-0.099226	295.527597	0.002990	7.6
254	-0.145843	295.027832	0.004330	9.1
255	-0.398375	294.530315	0.006819	8.1
256	-0.000000	294.035028	0.000000	8.4
257	-0.230412	293.541956	0.003885	8.8
258	-0.758448	293.051083	0.010188	8.8
259	-0.000000	292.562393	0.000000	8.2
260	-0.905737	292.075870	0.010277	8.3
261	-0.795012	291.591498	0.015481	8.2
262	-0.870856	291.109263	0.012734	8.6
263	-0.605573	290.629149	0.006850	8.2
264	-0.000000	290.151140	0.000000	8.4
265	-0.244287	289.675222	0.004499	8.2
266	-0.516583	289.201380	0.006693	8.5
267	-0.000000	288.729600	0.000000	8.8
268	-0.407705	288.259866	0.006765	8.0
269	-0.318261	287.792165	0.003867	7.6
270	-0.861763	287.326481	0.009510	9.4
271	-0.000000	286.862802	0.000000	10.6
272	-0.859297	286.401113	0.006281	8.6
273	-0.663703	285.941400	0.006819	9.0
274	-0.005160	285.483649	0.000259	8.4
275	-0.712853	285.027847	0.007692	8.8
276	-0.381652	284.573981	0.005961	7.8
277	-0.623315	284.122037	0.006484	8.9
278	-0.021406	283.672002	0.000949	7.9
279	-0.731693	283.223863	0.005994	8.4
280	-0.999824	282.777607	0.008282	8.2
281	-0.000008	282.333221	0.000004	8.7
282	-0.315115	281.890692	0.005847	8.2
283	-0.000000	281.450008	0.000000	8.9
284	-1.192574	281.011157	0.009037	8.8
285	-0.557268	280.574125	0.015972	8.4
286	-0.800305	280.138901	0.008312	8.1
287	-0.825668	279.705473	0.008059	9.0
288	-0.000000	279.273829	0.000000	8.6
289	-0.142522	278.843956	0.002845	8.1
290	-0.259315	278.415844	0.005134	8.6
291	-0.677813	277.989479	0.015881	8.3
292	-0.149802	277.564851	0.002360	9.6
293	-0.894337	277.141949	0.006381	8.5
294	-0.835081	276.720761	0.005779	8.5
295	-0.429299	276.301275	0.009436	9.0
296	-0.712632	275.883480	0.007550	9.4
297	-0.000000	275.467366	0.000000	8.7
298	-0.000007	275.052922	0.000000	9.2
299	-0.758708	274.640136	0.005919	7.7
300	-0.000000	274.228998	0.000000	8.3
301	-0.000000	273.819497	0.000000	8.2
302	-0.016036	273.411623	0.001145	8.7
303	-1.054503	273.005365	0.008577	8.4
304	-1.136177	272.600712	0.022740	8.3
305	-0.464702	272.197655	0.006959	8.3
306	-0.908539	271.796184	0.008345	10.1
307	-0.943129	271.396287	0.014678	9.0
308	-0.000000	270.997956	0.000000	8.2
309	-0.020029	270.601180	0.000285	8.1
310	-0.873858	270.205949	0.005686	8.2
311	-0.885709	269.812254	0.006905	7.4
312	-0.591477	269.420085	0.006538	8.7
313	-0.792355	269.029432	0.012353	8.3
314	-0.020767	268.640287	0.000479	8.1
315	-0.000000	268.252638	0.000000	7.9
316	-0.040898	267.866478	0.001539	7.9
317	-0.472943	267.481796	0.005249	8.3
318	-0.414141	267.098584	0.006510	8.5
319	-0.800674	266.716833	0.006007	7.9
320	-0.088785	266.336533	0.001456	9.9
321	-0.698348	265.957676	0.006458	9.2
322	-0.000000	265.580253	0.000000	8.3
323	-0.000000	265.204254	0.000000	9.3
324	-0.546582	264.829672	0.006692	8.3
325	-0.000000	264.456497	0.000000	8.7
326	-0.000000	264.084721	0.000000	7.8
327	-0.718725	263.714335	0.014597	8.8
328	-0.000000	263.345332	0.000000	8.0
329	-0.869431	262.977702	0.005786	9.0
330	-0.877220	262.611438	0.017486	8.4
331	-0.000003	262.246531	0.000004	8.8
332	-0.126716	261.882973	0.002782	8.9
333	-0.311781	261.520756	0.004340	9.1
334	-0.057035	261.159871	0.001552	8.1
335	-0.000000	260.800312	0.000000	8.9
336	-0.707153	260.442070	0.008097	9.2
337	-0.665931	260.085137	0.006920	8.1
338	-0.426940	259.729505	0.005490	8.4
339	-0.913677	259.375167	0.014264	8.3
340	-0.408783	259.022116	0.004297	9.4
341	-0.531181	258.670343	0.005751	8.0
342	-0.000000	258.319841	0.000000	9.3
343	-0.519127	257.970602	0.005615	7.7
344	-0.005004	257.622620	0.000279	8.5
345	-0.000000	257.275887	0.000000	9.2
346	-0.331662	256.930396	0.004410	8.6
347	-0.605737	256.586139	0.006074	7.6
348	-0.000000	256.243109	0.000000	8.5
349	-0.000289	255.901300	0.000009	7.5
350	-0.715272	255.560703	0.004753	9.0
351	-0.000000	255.221313	0.000000	8.6
352	-0.027222	254.883122	0.002592	8.4
353	-0.859249	254.546124	0.007240	7.8
354	-0.822271	254.210311	0.007491	9.8
355	-0.861477	253.875677	0.006520	8.7
356	-0.582452	253.542215	0.013213	9.1
357	-0.383913	253.209918	0.005208	8.6
358	-0.006630	252.878781	0.000390	10.6
359	-0.000000	252.548795	0.000000	9.0
360	-0.662583	252.219956	0.006270	8.5
361	-0.412111	251.892255	0.005598	9.2
362	-0.785502	251.565688	0.008638	8.1
363	-0.485658	251.240247	0.005149	8.6
364	-0.001576	250.915926	0.000028	8.3
365	-0.498280	250.592720	0.015561	9.1
366	-0.853133	250.270621	0.006976	8.6
367	-0.184045	249.949624	0.000875	8.4
368	-0.504178	249.629723	0.006822	9.2
369	-0.000001	249.310911	0.000001	8.7
370	-0.048774	248.993182	0.001463	8.1
371	-0.623997	248.676531	0.008202	8.5
372	-0.618994	248.360952	0.007111	8.0
373	-0.548989	248.046438	0.006971	8.4
374	-0.528003	247.732984	0.005801	7.8
375	-0.000000	247.420584	0.000000	8.9
376	-0.678269	247.109233	0.006833	8.2
377	-0.000000	246.798924	0.000000	8.5
378	-0.024800	246.489652	0.000697	8.0
379	-0.042527	246.181412	0.000530	8.3
380	-0.195970	245.874197	0.002888	7.4
381	-0.794809	245.568002	0.006886	9.7
382	-0.000000	245.262822	0.000000	9.2
383	-0.594626	244.958652	0.007048	7.9
384	-0.730328	244.655485	0.006954	9.2
385	-0.440922	244.353317	0.004455	8.6
386	-0.262144	244.052142	0.004640	8.9
387	-0.983386	243.751955	0.014379	8.1
388	-0.000000	243.452750	0.000000	9.1
389	-0.693567	243.154523	0.010987	7.7
390	-0.800466	242.857268	0.012044	9.3
391	-0.846778	242.560980	0.016286	8.0
392	-0.601875	242.265654	0.007057	8.8
393	-1.201849	241.971285	0.018070	8.3
394	-0.000000	241.677868	0.000000	8.6
395	-0.569641	241.385397	0.006250	8.1
396	-0.014243	241.093869	0.001562	8.4
397	-0.556127	240.803278	0.010981	7.9
398	-0.000000	240.513619	0.000000	9.2
399	-0.909909	240.224887	0.005866	7.8
400	-0.000000	239.937077	0.000000	8.2
401	-0.754597	239.650186	0.008671	7.5
402	-0.999306	239.364207	0.005515	8.5
403	-0.457417	239.079136	0.004954	8.0
404	-0.949075	238.794969	0.007589	8.8
405	-0.105966	238.511701	0.001476	7.8
406	-0.943815	238.229327	0.010836	7.9
407	-0.356137	237.947843	0.004938	8.1
408	-0.713093	237.667244	0.006349	7.9
409	-0.721098	237.387526	0.008106	7.8
410	-0.000000	237.108684	0.000000	8.7
411	-0.495186	236.830714	0.005991	8.3
412	-0.000000	236.553610	0.000000	8.5
413	-0.084882	236.277370	0.002341	8.5
414	-0.000000	236.001989	0.000000	8.3
415	-0.223094	235.727461	0.001610	9.1
416	-0.357584	235.453784	0.005798	8.7
417	-0.000004	235.180952	0.000009	7.8
418	-0.097793	234.908962	0.003576	9.0
419	-0.538570	234.637809	0.006777	7.9
420	-0.390672	234.367488	0.004153	8.4
421	-0.531587	234.097997	0.005951	8.7
422	-0.002708	233.829331	0.000788	8.2
423	-0.837560	233.561485	0.008058	8.0
424	-0.057145	233.294456	0.003650	8.9
425	-0.855904	233.028239	0.008162	9.1
426	-0.817623	232.762831	0.006173	7.9
427	-0.141823	232.498228	0.004566	9.4
428	-0.782623	232.234425	0.004858	8.6
429	-1.024147	231.971419	0.018723	9.3
430	-0.074298	231.709205	0.001911	8.7
431	-0.365442	231.447781	0.004989	8.6
432	-0.951803	231.187141	0.005646	7.8
433	-0.267825	230.927283	0.004243	9.0
434	-0.763380	230.668202	0.006141	8.4
435	-0.426664	230.409895	0.007291	8.7
436	-0.005848	230.152358	0.000475	8.2
437	-0.000000	229.895587	0.000000	9.0
438	-0.483015	229.639578	0.007784	8.2
439	-0.470102	229.384329	0.004724	8.1
440	-0.000000	229.129834	0.000000	8.5
441	-0.656398	228.876091	0.016263	9.1
442	-0.854902	228.623096	0.009339	8.8
443	-1.015320	228.370846	0.013431	8.9
444	-0.000000	228.119336	0.000000	9.2
445	-0.542372	227.868563	0.006489	8.0
446	-0.838413	227.618525	0.015747	9.2
447	-0.000000	227.369216	0.000000	8.1
448	-0.000000	227.120635	0.000000	9.0
449	-0.947095	226.872777	0.007189	8.3
450	-0.705593	226.625638	0.006317	8.5
451	-0.000000	226.379217	0.000000	8.2
452	-0.000392	226.133509	0.000247	8.5
453	-0.000000	225.888510	0.000000	8.4
454	-0.638700	225.644218	0.007766	8.7
455	-0.123868	225.400630	0.001697	8.8
456	-0.941897	225.157741	0.008343	8.4
457	-0.803361	224.915549	0.009940	8.8
458	-0.229020	224.674051	0.006897	8.4
459	-0.834707	224.433242	0.006957	8.5
460	-0.006120	224.193121	0.000594	8.5
461	-0.436989	223.953684	0.007984	7.9
462	-0.878245	223.714927	0.004731	8.8
463	-0.782687	223.476848	0.007413	8.1
464	-0.973699	223.239444	0.005255	8.4
465	-0.000000	223.002710	0.000000	8.3
466	-0.335257	222.766645	0.007442	8.9
467	-0.634303	222.531245	0.020687	8.8
468	-0.433492	222.296508	0.006829	8.0
469	-0.964412	222.062429	0.005142	8.8
470	-0.748015	221.829007	0.008004	8.3
471	-0.737804	221.596238	0.010204	9.1
472	-0.000000	221.364119	0.000000	8.6
473	-0.287311	221.132647	0.002053	9.5
474	-0.918831	220.901820	0.006555	8.0
475	-1.122862	220.671634	0.012244	8.6
476	-0.000003	220.442086	0.000001	7.9
477	-0.060261	220.213174	0.003311	9.4
478	-0.539130	219.984895	0.005226	8.5
479	-0.697822	219.757246	0.011216	8.7
480	-0.545089	219.530224	0.005238	9.2
481	-0.497407	219.303826	0.004813	9.1
482	-0.000000	219.078050	0.000000	8.9
483	-0.867543	218.852893	0.007677	8.6
484	-0.475740	218.628352	0.006020	8.5
485	-1.017848	218.404424	0.010323	9.5
486	-0.000000	218.181106	0.000000	8.6
487	-0.787870	217.958397	0.007508	8.3
488	-0.505030	217.736292	0.005834	8.3
489	-0.551327	217.514790	0.008749	7.6
490	-0.509767	217.293888	0.004354	8.0
491	-0.970722	217.073584	0.006816	9.1
492	-0.749236	216.853873	0.007537	8.7
493	-0.705145	216.634755	0.007359	7.3
494	-0.867422	216.416227	0.019652	9.2
495	-0.881616	216.198285	0.004910	7.7
496	-0.000000	215.980927	0.000000	8.5
497	-0.501350	215.764151	0.005749	8.1
498	-0.128680	215.547955	0.002351	8.4
499	-0.447400	215.332335	0.005423	8.1
500	-0.000000	215.117289	0.000000	8.1
501	-0.006725	214.902815	0.000286	8.4
502	-0.000000	214.688911	0.000000	9.2
503	-0.402432	214.475573	0.005140	8.7
504	-0.541663	214.262800	0.007141	8.3
505	-0.224542	214.050588	0.004376	8.2
506	-0.939218	213.838936	0.009773	8.6
507	-0.577844	213.627842	0.007588	7.9
508	-0.778330	213.417302	0.018221	8.8
509	-0.000000	213.207314	0.000000	8.1
510	-0.848767	212.997877	0.005465	8.6
511	-0.879554	212.788987	0.007782	8.5
512	-0.559900	212.580642	0.004959	8.6
513	-0.000000	212.372841	0.000000	7.9
514	-0.936713	212.165581	0.015279	8.8
515	-0.538417	211.958859	0.004583	8.6
516	-0.406717	211.752673	0.006199	9.0
517	-0.000000	211.547021	0.000000	8.4
518	-0.568958	211.341902	0.004628	8.3
519	-0.000000	211.137311	0.000000	8.7
520	-0.000000	210.933248	0.000000	8.7
521	-0.000000	210.729710	0.000000	9.3
522	-0.032497	210.526695	0.000955	9.5
523	-0.603851	210.324200	0.006448	9.4
524	-0.245449	210.122224	0.002248	8.8
525	-0.150635	209.920765	0.004537	8.8
526	-0.640071	209.719820	0.008218	9.1
527	-0.047899	209.519387	0.000896	8.4
528	-0.017762	209.319463	0.000282	8.0
529	-0.336776	209.120048	0.004865	8.8
530	-0.905794	208.921139	0.006169	8.0
531	-0.472735	208.722733	0.007189	8.9
532	-0.289463	208.524829	0.002250	8.2
533	-0.176507	208.327425	0.003297	8.6
534	-0.830045	208.130518	0.019149	7.9
535	-0.307137	207.934107	0.002371	8.4
536	-0.572548	207.738189	0.005080	8.7
537	-0.000000	207.542762	0.000000	9.0
538	-0.000000	207.347825	0.000000	8.2
539	-0.631828	207.153376	0.010055	9.4
540	-0.325479	206.959412	0.006888	8.5
541	-0.146106	206.765932	0.002523	8.3
542	-0.000000	206.572933	0.000000	8.8
543	-0.053525	206.380414	0.001864	8.0
544	-0.644455	206.188373	0.006017	8.8
545	-0.716521	205.996807	0.007298	7.6
546	-0.000000	205.805716	0.000000	8.7
547	-0.647009	205.615096	0.011456	7.4
548	-0.636906	205.424946	0.006657	9.4
549	-0.926317	205.235265	0.007389	7.8
550	-0.926835	205.046050	0.008760	8.5
551	-0.277957	204.857299	0.004830	8.8
552	-0.000000	204.669011	0.000000	9.1
553	-0.821898	204.481184	0.006891	8.5
554	-0.008972	204.293816	0.000116	9.0
555	-0.000002	204.106905	0.000001	8.4
556	-0.000000	203.920449	0.000000	8.9
557	-0.377015	203.734447	0.004367	8.4
558	-0.822850	203.548896	0.006873	8.4
559	-0.865721	203.363795	0.010138	9.0
560	-0.755390	203.179143	0.007045	8.8
561	-0.000000	202.994937	0.000000	9.2
562	-0.721899	202.811176	0.006443	8.2
563	-0.763783	202.627857	0.005882	8.4
564	-0.361883	202.444980	0.004882	9.3
565	-0.857047	202.262543	0.008191	8.8
566	-1.020935	202.080543	0.010852	8.1
567	-0.660375	201.898979	0.006870	8.5
568	-0.000933	201.717849	0.000066	8.0
569	-0.171770	201.537153	0.005797	8.5
570	-0.893804	201.356887	0.006851	8.7
571	-0.069205	201.177050	0.000312	8.5
572	-0.765529	200.997642	0.007815	8.0
573	-0.727885	200.818659	0.007559	9.1
574	-0.687475	200.640100	0.005893	7.5
575	-0.000000	200.461965	0.000000	8.5
576	-0.765127	200.284250	0.009386	8.8
577	-0.854276	200.106955	0.012155	8.7
578	-0.721537	199.930078	0.006654	7.7
579	-0.869756	199.753617	0.008096	8.2
580	-0.000000	199.577571	0.000000	8.0
581	-0.764460	199.401938	0.005326	8.8
582	-0.622941	199.226717	0.009129	8.4
583	-0.414843	199.051905	0.006225	8.8
584	-0.549646	198.877502	0.008435	8.3
585	-0.773793	198.703506	0.006414	9.0
586	-0.000000	198.529916	0.000000	8.1
587	-0.000000	198.356729	0.000000	9.5
588	-1.001196	198.183944	0.010674	10.3
589	-0.959038	198.011560	0.007251	8.7
590	-0.614032	197.839576	0.006090	8.6
591	-0.000000	197.667989	0.000000	7.6
592	-0.226517	197.496798	0.004511	8.8
593	-0.453475	197.326002	0.006494	8.6
594	-0.698125	197.155600	0.007941	8.7
595	-0.511999	196.985589	0.005347	8.3
596	-0.495548	196.815969	0.005260	9.2
597	-0.418876	196.646738	0.005677	7.8
598	-0.854179	196.477894	0.008346	9.7
599	-0.000304	196.309436	0.000007	7.4
600	-0.358475	196.141363	0.009336	9.1
601	-0.898661	195.973673	0.009721	8.5
602	-0.716323	195.806365	0.005391	8.9
603	-0.002325	195.639437	0.000189	8.4
604	-0.858600	195.472888	0.006583	7.9
605	-0.105722	195.306717	0.002469	9.1
606	-0.000000	195.140922	0.000000	7.7
607	-0.511634	194.975501	0.005497	8.4
608	-0.573490	194.810454	0.006883	8.4
609	-0.459291	194.645779	0.006671	8.5
610	-0.764087	194.481475	0.006313	8.4
611	-0.329742	194.317540	0.002880	9.0
612	-0.417820	194.153973	0.007416	9.1
613	-0.322020	193.990773	0.005720	8.1
614	-0.676664	193.827938	0.006235	8.3
615	-0.016337	193.665467	0.000268	8.9
616	-0.000000	193.503358	0.000000	8.6
617	-0.770763	193.341611	0.004896	8.8
618	-0.664890	193.180224	0.006326	8.0
619	-0.000000	193.019196	0.000000	8.4
620	-0.518321	192.858525	0.004781	8.0
621	-0.652628	192.698210	0.012732	8.2
622	-0.591001	192.538251	0.007576	7.7
623	-0.114663	192.378644	0.001866	9.0
624	-0.695139	192.219391	0.006362	7.9
625	-0.321041	192.060488	0.006364	9.0
626	-0.000000	191.901935	0.000000	8.5
627	-0.933431	191.743730	0.015283	8.5
628	-0.006516	191.585873	0.000324	8.4
629	-0.580781	191.428362	0.008175	8.8
630	-0.000000	191.271196	0.000000	8.1
631	-0.955994	191.114374	0.010302	8.6
632	-0.689865	190.957893	0.005335	8.4
633	-0.228014	190.801755	0.003901	9.0
634	-0.488970	190.645956	0.006017	8.1
635	-0.074164	190.490495	0.001338	8.9
636	-0.442943	190.335373	0.007522	9.0
637	-0.905557	190.180587	0.008574	7.9
638	-0.269399	190.026136	0.003445	8.7
639	-0.216596	189.872019	0.004399	9.3
640	-0.898108	189.718235	0.006483	8.9
641	-0.000000	189.564782	0.000000	7.7
642	-0.731204	189.411661	0.004282	9.1
643	-0.737196	189.258868	0.008110	7.8
644	-0.000100	189.106404	0.000077	8.9
645	-0.994261	188.954267	0.009312	8.3
646	-0.131113	188.802456	0.005411	8.9
647	-0.505783	188.650969	0.004982	8.4
648	-0.087661	188.499807	0.002952	8.7
649	-0.011351	188.348967	0.000406	8.1
650	-0.781383	188.198448	0.007286	9.9
651	-0.595162	188.048250	0.005738	7.9
652	-0.846761	187.898371	0.009171	8.5
653	-0.914846	187.748810	0.006976	8.3
654	-0.353035	187.599566	0.007156	8.4
655	-0.621695	187.450638	0.006440	8.2
656	-0.017144	187.302025	0.001362	8.5
657	-0.380345	187.153725	0.006215	8.0
658	-0.724015	187.005739	0.005932	9.3
659	-0.550905	186.858064	0.005039	8.6
660	-0.000000	186.710699	0.000000	8.7
661	-0.397200	186.563645	0.004889	9.0
662	-0.000000	186.416898	0.000000	8.9
663	-0.753894	186.270459	0.006775	9.5
664	-0.328960	186.124326	0.006168	8.2
665	-0.892082	185.978499	0.006844	8.9
666	-0.000000	185.832976	0.000000	8.4
667	-0.712088	185.687756	0.004611	8.9
668	-0.613515	185.542838	0.006591	8.0
669	-0.000000	185.398222	0.000000	8.6
670	-0.798012	185.253906	0.007135	8.2
671	-0.908974	185.109889	0.007407	8.5
672	-0.463277	184.966170	0.002299	7.7
673	-0.017972	184.822748	0.001865	7.9
674	-0.000000	184.679623	0.000000	8.1
675	-0.512317	184.536792	0.005236	8.5
676	-0.005557	184.394256	0.000719	8.7
677	-0.820711	184.252013	0.004962	8.7
678	-0.624952	184.110062	0.007956	8.0
679	-0.000000	183.968403	0.000000	9.5
680	-0.000000	183.827034	0.000000	8.2
681	-0.000000	183.685954	0.000000	8.7
682	-0.956934	183.545163	0.011007	8.4
683	-0.758280	183.404658	0.006313	8.8
684	-0.889109	183.264441	0.007925	8.8
685	-0.000000	183.124509	0.000000	8.3
686	-0.205061	182.984861	0.005088	8.4
687	-1.132161	182.845497	0.008960	9.0
688	-0.000000	182.706416	0.000000	9.3
689	-0.934097	182.567616	0.009948	7.5
690	-0.921695	182.429098	0.006699	8.4
691	-0.000487	182.290859	0.000146	7.9
692	-0.165913	182.152899	0.002806	9.3
693	-0.106623	182.015217	0.001926	8.2
694	-0.938830	181.877813	0.007649	8.2
695	-0.639876	181.740684	0.008568	7.6
696	-0.567512	181.603832	0.004102	8.9
697	-0.988065	181.467253	0.009120	8.4
698	-0.916625	181.330948	0.009350	8.5
699	-0.730089	181.194916	0.003914	8.7
700	-0.016730	181.059155	0.000242	8.8
701	-0.000000	180.923666	0.000000	9.3
702	-0.503040	180.788446	0.005075	9.6
703	-0.015565	180.653496	0.000620	7.6
704	-0.271897	180.518814	0.004909	9.6
705	-0.836924	180.384399	0.009879	8.8
706	-0.000000	180.250251	0.000000	8.7
707	-0.065104	180.116369	0.001486	8.9
708	-0.000000	179.982752	0.000000	8.4
709	-0.948506	179.849398	0.010062	9.1
710	-0.793846	179.716308	0.004856	8.1
711	-0.715331	179.583480	0.005583	9.2
712	-0.000000	179.450913	0.000000	7.9
713	-0.408883	179.318607	0.003097	8.7
714	-1.018269	179.186561	0.010164	8.9
715	-0.789301	179.054774	0.006185	9.1
716	-0.378930	178.923245	0.002365	8.1
717	-0.021667	178.791973	0.000860	8.1
718	-0.561453	178.660958	0.006649	7.6
719	-0.000000	178.530199	0.000000	8.5
720	-0.988553	178.399694	0.007102	8.1
721	-0.000000	178.269444	0.000000	9.0
722	-0.963837	178.139447	0.006443	8.3
723	-0.151352	178.009702	0.002936	8.5
724	-0.597696	177.880209	0.005969	8.1
725	-0.424795	177.750967	0.002606	8.9
726	-0.835391	177.621975	0.006405	8.7
727	-0.493077	177.493232	0.006105	8.5
728	-0.666536	177.364738	0.006527	7.8
729	-0.301065	177.236492	0.004424	8.8
730	-0.814382	177.108492	0.008410	8.1
731	-0.939451	176.980739	0.005546	8.4
732	-0.435950	176.853231	0.006735	8.4
733	-0.675091	176.725968	0.004835	8.7
734	-0.000140	176.598949	0.000023	7.9
735	-0.640239	176.472173	0.005998	8.6
736	-0.000000	176.345639	0.000000	8.7
737	-0.887459	176.219348	0.005042	8.3
738	-0.870651	176.093296	0.006927	8.6
739	-0.000000	175.967486	0.000000	9.2
740	-0.309946	175.841914	0.003364	8.6
741	-0.796414	175.716581	0.004947	8.0
742	-0.275415	175.591486	0.005234	8.6
743	-0.925941	175.466629	0.008489	7.6
744	-0.553671	175.342008	0.006729	9.2
745	-0.753780	175.217622	0.006138	8.0
746	-0.584350	175.093472	0.005891	9.0
747	-0.219574	174.969556	0.004338	8.2
748	-0.670995	174.845873	0.009370	9.1
749	-0.000000	174.722423	0.000000	7.8
750	-0.000000	174.599206	0.000000	8.9
751	-0.035886	174.476220	0.001955	8.8
752	-0.914844	174.353464	0.006704	8.6
753	-0.327894	174.230939	0.006302	8.5
754	-0.095997	174.108643	0.001408	8.6
755	-0.038842	173.986576	0.002563	7.5
756	-0.956282	173.864737	0.007483	9.1
757	-0.000000	173.743124	0.000000	7.7
758	-0.161005	173.621739	0.004051	8.9
759	-0.750917	173.500579	0.004572	7.8
760	-0.808883	173.379645	0.006132	8.9
761	-0.397755	173.258935	0.005136	8.4
762	-0.057881	173.138449	0.002835	8.9
763	-0.741586	173.018186	0.008881	8.4
764	-0.000000	172.898146	0.000000	8.4
765	-0.017494	172.778327	0.000900	8.2
766	-0.022459	172.658730	0.000384	9.0
767	-1.068909	172.539353	0.008461	7.9
768	-0.000000	172.420196	0.000000	8.4
769	-0.755303	172.301258	0.007597	8.6
770	-0.051636	172.182539	0.001561	8.4
771	-0.700800	172.064037	0.007163	8.2
772	-0.695284	171.945753	0.009176	8.2
773	-0.020551	171.827686	0.001115	9.4
774	-0.794152	171.709834	0.005375	8.0
775	-0.000000	171.592198	0.000000	8.5
776	-0.358209	171.474776	0.003491	8.4
777	-0.597116	171.357568	0.003633	9.0
778	-0.124970	171.240574	0.002135	8.1
779	-0.615014	171.123793	0.005647	8.8
780	-0.294623	171.007223	0.004034	8.1
781	-0.000000	170.890865	0.000000	8.2
782	-0.614906	170.774718	0.004203	7.9
783	-0.935805	170.658782	0.008042	9.3
784	-0.000000	170.543055	0.000000	8.2
785	-0.585998	170.427537	0.007187	9.4
786	-0.796514	170.312227	0.006105	7.7
787	-0.000000	170.197125	0.000000	9.6
788	-0.000000	170.082231	0.000000	8.6
789	-0.009755	169.967543	0.000336	8.8
790	-0.055765	169.853061	0.002490	8.1
791	-0.571640	169.738784	0.007042	8.5
792	-0.540454	169.624713	0.007562	8.5
793	-0.040740	169.510845	0.002249	8.8
794	-0.002725	169.397181	0.000188	9.3
795	-0.151842	169.283720	0.002427	7.7
796	-0.502629	169.170462	0.007197	9.0
797	-1.003877	169.057405	0.006960	8.4
798	-0.649550	168.944549	0.007289	8.6
799	-0.961615	168.831895	0.007454	8.3
800	-0.868782	168.719440	0.007034	8.7
801	-0.776419	168.607185	0.005376	8.7
802	-0.437690	168.495129	0.005097	8.7
803	-0.897666	168.383271	0.009870	7.3
804	-0.536741	168.271611	0.004127	8.7
805	-0.000000	168.160148	0.000000	7.9
806	-0.000009	168.048882	0.000003	8.1
807	-0.962992	167.937812	0.006228	7.8
808	-0.303976	167.826938	0.005210	8.8
809	-0.008642	167.716258	0.000201	7.2
810	-0.902969	167.605773	0.006415	8.5
811	-0.000000	167.495482	0.000000	8.4
812	-0.611253	167.385384	0.007195	8.9
813	-0.430250	167.275479	0.004086	8.9
814	-0.392702	167.165766	0.005221	8.9
815	-0.805452	167.056245	0.006674	8.3
816	-0.935859	166.946915	0.007552	8.5
817	-0.802876	166.837776	0.006710	8.5
818	-0.784171	166.728826	0.007095	8.4
819	-0.162438	166.620067	0.004288	9.2
820	-0.000000	166.511496	0.000000	9.4
821	-0.000000	166.403113	0.000000	8.4
822	-0.738921	166.294919	0.005631	7.8
823	-0.616678	166.186912	0.005594	8.3
824	-0.853376	166.079091	0.007159	8.2
825	-0.832694	165.971458	0.005507	7.5
826	-0.536815	165.864009	0.004164	9.7
827	-0.549569	165.756747	0.008011	9.1
828	-0.586760	165.649669	0.005654	8.5
829	-0.550288	165.542775	0.003249	9.4
830	-0.000000	165.436065	0.000000	8.3
831	-0.650433	165.329538	0.003931	9.1
832	-0.689063	165.223194	0.003496	8.3
833	-0.000000	165.117032	0.000000	8.7
834	-0.750668	165.011052	0.006476	7.6
835	-0.000000	164.905253	0.000000	8.6
836	-1.039269	164.799635	0.006971	8.3
837	-0.515053	164.694197	0.006177	8.7
838	-0.848178	164.588939	0.008352	8.5
839	-0.834287	164.483859	0.006517	8.7
840	-0.000000	164.378959	0.000000	8.4
841	-0.000000	164.274237	0.000000	8.7
842	-0.789596	164.169692	0.005495	8.0
843	-0.000000	164.065325	0.000000	8.7
844	-0.768436	163.961135	0.005810	8.4
845	-0.580710	163.857120	0.006315	8.4
846	-0.000000	163.753282	0.000000	8.2
847	-0.155419	163.649619	0.001931	9.1
848	-1.017422	163.546130	0.007241	8.4
849	-0.000000	163.442816	0.000000	9.5
850	-0.781564	163.339676	0.006992	8.3
851	-0.418768	163.236709	0.005051	8.3
852	-0.925914	163.133915	0.006504	8.6
853	-0.111340	163.031294	0.002116	7.9
854	-0.996390	162.928844	0.009685	8.9
855	-0.622917	162.826566	0.003963	8.5
856	-0.482390	162.724459	0.005570	8.3
857	-0.625716	162.622523	0.006579	8.0
858	-0.000000	162.520757	0.000000	9.1
859	-1.023111	162.419160	0.007751	8.4
860	-0.000000	162.317733	0.000000	8.8
861	-0.000000	162.216474	0.000000	7.5
862	-0.389788	162.115383	0.003899	9.5
863	-0.912232	162.014461	0.008924	8.7
864	-0.000000	161.913705	0.000000	8.6
865	-0.435965	161.813117	0.005181	8.1
866	-0.456515	161.712695	0.004071	8.9
867	-0.000000	161.612439	0.000000	8.1
868	-0.041564	161.512349	0.003277	8.6
869	-0.573658	161.412424	0.008538	8.3
870	-0.000000	161.312663	0.000000	8.6
871	-0.848976	161.213067	0.012846	8.5
872	-0.741185	161.113635	0.008242	8.2
873	-0.575714	161.014366	0.003539	8.0
874	-0.363811	160.915260	0.004293	9.8
875	-0.833029	160.816316	0.008660	8.3
876	-0.129058	160.717535	0.002406	8.0
877	-0.399534	160.618915	0.004681	8.8
878	-0.015490	160.520456	0.000212	8.0
879	-0.145932	160.422158	0.002854	8.5
880	-0.074581	160.324021	0.001538	7.9
881	-0.267454	160.226043	0.003030	8.1
882	-0.166546	160.128225	0.002804	7.8
883	-0.000000	160.030566	0.000000	8.5
884	-0.000000	159.933066	0.000000	8.1
885	-0.181611	159.835723	0.002908	8.2
886	-0.826181	159.738539	0.008343	7.6
887	-0.727752	159.641512	0.008379	9.1
888	-0.076867	159.544642	0.000970	9.2
889	-0.641575	159.447929	0.006294	9.1
890	-0.000000	159.351372	0.000000	8.2
891	-0.551722	159.254971	0.005875	8.9
892	-0.565922	159.158725	0.005939	8.0
893	-0.849171	159.062634	0.009067	8.8
894	-0.000000	158.966697	0.000000	7.9
895	-0.070440	158.870915	0.001676	9.0
896	-0.984093	158.775286	0.008348	7.8
897	-0.000000	158.679811	0.000000	9.4
898	-0.953579	158.584489	0.006704	7.8
899	-0.474558	158.489319	0.003140	9.1
900	-0.131862	158.394302	0.004165	8.6
901	-0.440623	158.299436	0.005283	8.9
902	-0.856368	158.204721	0.007274	8.6
903	-0.495556	158.110158	0.004951	8.3
904	-0.991480	158.015745	0.008531	8.6
905	-0.711464	157.921482	0.005553	8.4
906	-0.869783	157.827369	0.012068	8.4
907	-0.890768	157.733406	0.005625	8.2
908	-0.762929	157.639591	0.007735	8.7
909	-0.721774	157.545925	0.005835	8.7
910	-0.000000	157.452408	0.000000	9.2
911	-1.060317	157.359038	0.007156	9.0
912	-0.582505	157.265816	0.006054	8.7
913	-0.000000	157.172741	0.000000	8.1
914	-0.344880	157.079813	0.003183	8.4
915	-0.000000	156.987031	0.000000	7.7
916	-0.801267	156.894395	0.007453	8.6
917	-0.000000	156.801904	0.000000	7.9
918	-0.445312	156.709559	0.006382	8.7
919	-0.405410	156.617359	0.004158	8.3
920	-1.035139	156.525304	0.012520	8.8
921	-0.886656	156.433392	0.006290	8.8
922	-0.716456	156.341624	0.004941	8.8
923	-0.543600	156.250000	0.003655	7.9
924	-0.521616	156.158519	0.004216	8.9
925	-1.067203	156.067180	0.008359	8.7
926	-1.119491	155.975984	0.011101	8.7
927	-0.765212	155.884930	0.005615	8.5
928	-0.425026	155.794017	0.005046	8.2
929	-0.787003	155.703246	0.014360	8.8
930	-0.000000	155.612615	0.000000	8.4
931	-0.719546	155.522125	0.008710	8.2
932	-0.000000	155.431775	0.000000	8.8
933	-0.468311	155.341565	0.008363	9.0
934	-1.000320	155.251495	0.006323	8.4
935	-0.132578	155.161563	0.003549	10.0
936	-0.405265	155.071771	0.002501	9.6
937	-0.051388	154.982117	0.004481	8.8
938	-0.000000	154.892601	0.000000	8.3
939	-0.672017	154.803222	0.004715	8.9
940	-0.971885	154.713981	0.010808	8.4
941	-0.751883	154.624878	0.004839	8.4
942	-0.000000	154.535910	0.000000	7.8
943	-0.000772	154.447080	0.000122	8.7
944	-0.918696	154.358385	0.006494	7.9
945	-0.000040	154.269826	0.000001	8.4
946	-0.660317	154.181402	0.006204	7.6
947	-0.000000	154.093114	0.000000	8.3
948	-0.062422	154.004960	0.002217	8.2
949	-0.000000	153.916940	0.000000	9.3
950	-0.325077	153.829054	0.006698	7.8
951	-0.084941	153.741303	0.001850	9.1
952	-0.585882	153.653684	0.003107	8.3
953	-0.938793	153.566198	0.010116	8.4
954	-0.480717	153.478846	0.005144	7.5
955	-0.498584	153.391625	0.005394	8.1
956	-0.661626	153.304537	0.008285	8.1
957	-0.807494	153.217580	0.008315	8.4
958	-0.690012	153.130755	0.005452	7.9
959	-0.000000	153.044061	0.000000	8.9
960	-0.502325	152.957498	0.005277	8.7
961	-0.005968	152.871065	0.000270	9.5
962	-0.000000	152.784762	0.000000	8.1
963	-0.777063	152.698589	0.008457	8.7
964	-0.733895	152.612545	0.008648	9.8
965	-0.486540	152.526631	0.005484	7.4
966	-0.843282	152.440845	0.005530	9.2
967	-0.782547	152.355188	0.006055	7.4
968	-0.972308	152.269660	0.007121	9.3
969	-0.789467	152.184259	0.007089	8.6
970	-0.000000	152.098986	0.000000	8.9
971	-1.062173	152.013840	0.006451	8.5
972	-0.045191	151.928821	0.001254	8.5
973	-0.507880	151.843928	0.005521	9.3
974	-0.944401	151.759163	0.006593	9.0
975	-0.000000	151.674523	0.000000	7.9
976	-0.496902	151.590009	0.006299	8.4
977	-0.644926	151.505620	0.006892	9.0
978	-0.351968	151.421357	0.006159	8.3
979	-0.150867	151.337218	0.003792	8.7
980	-0.591150	151.253204	0.006422	7.9
981	-0.337778	151.169314	0.003809	8.3
982	-0.800185	151.085549	0.009133	9.0
983	-0.901026	151.001907	0.005568	8.6
984	-0.676547	150.918388	0.008189	8.4
985	-1.277278	150.834992	0.016645	7.9
986	-0.513115	150.751719	0.008797	9.3
987	-0.940169	150.668569	0.010287	8.6
988	-0.586204	150.585541	0.006713	7.9
989	-0.000000	150.502634	0.000000	9.0
990	-0.000000	150.419849	0.000000	7.9
991	-0.428108	150.337186	0.005856	8.6
992	-0.740277	150.254644	0.004726	8.0
993	-0.345799	150.172222	0.003688	8.6
994	-0.478521	150.089921	0.004644	8.0
995	-0.035066	150.007740	0.000376	8.9
996	-0.055153	149.925679	0.000666	7.4
997	-0.939681	149.843737	0.008014	8.7
998	-0.355755	149.761915	0.003134	8.8
999	-0.655967	149.680212	0.009681	9.0
1000	-0.734761	149.598627	0.007092	8.1
1001	-0.518345	149.517161	0.005587	8.7
1002	-0.000000	149.435814	0.000000	7.9
1003	-0.000000	149.354584	0.000000	8.9
1004	-0.000000	149.273472	0.000000	8.4
1005	-0.719099	149.192477	0.006933	8.4
1006	-0.000000	149.111599	0.000000	8.3
1007	-0.002237	149.030838	0.000189	8.6
1008	-0.000000	148.950194	0.000000	8.0
1009	-0.152058	148.869666	0.002132	9.2
1010	-0.119326	148.789253	0.001505	8.6
1011	-0.800379	148.708957	0.007028	8.2
1012	-0.316943	148.628776	0.006273	9.1
1013	-0.000461	148.548710	0.000103	7.8
1014	-0.288026	148.468759	0.004318	9.1
1015	-0.000000	148.388923	0.000000	8.3
1016	-0.669878	148.309201	0.009406	9.1
1017	-0.600026	148.229594	0.005039	8.6
1018	-0.000239	148.150100	0.000009	8.7
1019	-0.000000	148.070719	0.000000	8.5
1020	-0.867097	147.991452	0.005539	8.5
1021	-0.000000	147.912298	0.000000	7.9
1022	-1.062848	147.833257	0.008594	9.0
1023	-0.095624	147.754329	0.002078	8.2
1024	-0.000000	147.675512	0.000000	9.1
1025	-0.868577	147.596808	0.009575	8.0
1026	-0.000000	147.518216	0.000000	9.3
1027	-0.001153	147.439735	0.000189	7.9
1028	-0.780294	147.361365	0.005963	9.5
1029	-0.000000	147.283106	0.000000	8.2
1030	-0.000000	147.204958	0.000000	8.3
1031	-0.853564	147.126920	0.008448	8.0
1032	-0.516055	147.048993	0.005180	8.8
1033	-0.778553	146.971175	0.004223	8.0
1034	-0.154597	146.893468	0.003124	8.4
1035	-0.682318	146.815869	0.004222	8.7
1036	-0.668997	146.738380	0.005714	9.3
1037	-0.000000	146.661000	0.000000	9.6
1038	-0.859574	146.583729	0.003984	7.9
1039	-0.193132	146.506566	0.004126	9.0
1040	-0.026248	146.429511	0.000513	8.3
1041	-0.766606	146.352565	0.008292	8.6
1042	-1.028249	146.275726	0.008689	8.4
1043	-0.994237	146.198994	0.009383	7.9
1044	-0.982221	146.122370	0.006109	7.7
1045	-0.670347	146.045853	0.005234	8.5
1046	-0.519255	145.969442	0.005607	8.5
1047	-0.806719	145.893139	0.007218	7.8
1048	-0.971517	145.816941	0.007763	8.2
1049	-0.934726	145.740849	0.005375	9.3
1050	-0.498803	145.664863	0.004686	8.4
1051	-0.000000	145.588983	0.000000	9.4
1052	-0.749223	145.513208	0.005511	8.0
1053	-0.507670	145.437538	0.005241	8.2
1054	-0.006136	145.361973	0.000094	8.3
1055	-0.714524	145.286513	0.004507	8.5
1056	-0.374463	145.211157	0.005607	8.0
1057	-0.398221	145.135905	0.004995	9.0
1058	-0.448106	145.060757	0.009579	8.4
1059	-0.610725	144.985712	0.005017	8.5
1060	-0.000000	144.910771	0.000000	7.7
1061	-0.340034	144.835934	0.007144	9.5
1062	-0.643444	144.761199	0.006225	8.2
1063	-0.885580	144.686567	0.009261	9.0
1064	-0.984648	144.612037	0.011099	8.1
1065	-0.000000	144.537610	0.000000	8.7
1066	-0.488669	144.463285	0.004168	8.9
1067	-0.038570	144.389062	0.000469	8.1
1068	-0.773567	144.314940	0.007307	9.2
1069	-0.608707	144.240920	0.003920	7.9
1070	-0.141175	144.167001	0.002651	8.9
1071	-0.009844	144.093182	0.000477	8.0
1072	-0.744734	144.019465	0.005282	8.9
1073	-0.952777	143.945848	0.010283	8.7
1074	-0.268387	143.872331	0.004539	9.3
1075	-0.827768	143.798914	0.007590	8.1
1076	-0.958213	143.725597	0.005747	8.6
1077	-0.695059	143.652380	0.007367	7.8
1078	-0.921345	143.579262	0.008965	8.4
1079	-0.694756	143.506243	0.005333	8.8
1080	-0.773997	143.433323	0.008302	8.9
1081	-0.359898	143.360502	0.006250	8.3
1082	-0.853143	143.287780	0.007978	8.5
1083	-0.691151	143.215155	0.007021	8.4
1084	-0.397575	143.142629	0.005525	9.1
1085	-0.886241	143.070201	0.007369	8.2
1086	-0.752030	142.997870	0.006661	8.7
1087	-0.000000	142.925637	0.000000	8.7
1088	-0.813783	142.853501	0.010565	7.8
1089	-0.436851	142.781462	0.004996	9.7
1090	-0.967090	142.709519	0.007074	8.4
1091	-0.865117	142.637674	0.009572	9.9
1092	-0.479735	142.565924	0.004614	7.7
1093	-0.019563	142.494271	0.000797	8.8
1094	-0.136079	142.422714	0.003627	7.8
1095	-0.821121	142.351252	0.005465	9.0
1096	-0.000000	142.279886	0.000000	8.1
1097	-1.048812	142.208616	0.007915	8.5
1098	-0.000000	142.137440	0.000000	9.0
1099	-0.860562	142.066360	0.006393	8.6
1100	-0.088693	141.995374	0.004062	7.8
1101	-0.172657	141.924483	0.003348	8.8
1102	-0.711881	141.853685	0.004619	7.5
1103	-0.643347	141.782983	0.007327	8.9
1104	-0.787769	141.712373	0.005423	8.3
1105	-0.884479	141.641858	0.005369	9.2
1106	-0.000000	141.571436	0.000000	8.1
1107	-0.233054	141.501108	0.002013	8.6
1108	-0.502442	141.430872	0.007342	7.9
1109	-0.504814	141.360730	0.007998	9.1
1110	-0.000000	141.290680	0.000000	8.5
1111	-0.973199	141.220722	0.004975	9.6
1112	-0.549604	141.150857	0.005688	8.0
1113	-0.000000	141.081084	0.000000	8.5
1114	-0.872651	141.011403	0.006078	9.3
1115	-0.403549	140.941813	0.005944	7.9
1116	-0.589075	140.872315	0.004332	9.0
1117	-0.596080	140.802909	0.004493	8.4
1118	-0.326779	140.733593	0.004764	8.6
1119	-0.000000	140.664369	0.000000	8.2
1120	-0.495884	140.595235	0.006126	9.1
1121	-0.000000	140.526192	0.000000	7.4
1122	-0.377178	140.457239	0.006595	8.6
1123	-0.000000	140.388376	0.000000	8.5
1124	-0.518455	140.319603	0.005433	8.6
1125	-0.006147	140.250920	0.000364	7.5
1126	-0.704099	140.182326	0.006329	8.3
1127	-0.000000	140.113822	0.000000	8.1
1128	-0.388041	140.045407	0.003097	8.2
1129	-0.712253	139.977081	0.006524	8.5
1130	-0.000000	139.908844	0.000000	8.6
1131	-0.000000	139.840696	0.000000	8.3
1132	-0.434156	139.772635	0.006555	8.4
1133	-0.105036	139.704664	0.002281	8.1
1134	-0.349210	139.636780	0.003237	8.5
1135	-0.870329	139.568984	0.008298	8.6
1136	-0.000000	139.501276	0.000000	9.3
1137	-0.586805	139.433655	0.006836	9.1
1138	-0.952381	139.366122	0.007608	9.9
1139	-1.179862	139.298676	0.009828	9.9
1140	-0.598957	139.231317	0.006001	8.3
1141	-0.860353	139.164045	0.005417	9.2
1142	-0.601857	139.096859	0.005743	8.4
1143	-1.157768	139.029760	0.013352	8.7
1144	-0.000000	138.962747	0.000000	8.3
1145	-0.703990	138.895820	0.004591	8.6
1146	-0.000000	138.828978	0.000000	8.5
1147	-0.000000	138.762223	0.000000	8.3
1148	-0.295499	138.695553	0.002319	8.5
1149	-0.015986	138.628969	0.000185	8.9
1150	-0.930549	138.562469	0.007175	8.4
1151	-0.000000	138.496055	0.000000	9.1
1152	-0.773860	138.429725	0.006654	8.2
1153	-0.512488	138.363481	0.004903	8.9
1154	-0.000000	138.297320	0.000000	7.5
1155	-0.000000	138.231244	0.000000	8.4
1156	-0.092729	138.165252	0.002703	9.0
1157	-0.809074	138.099344	0.006058	8.6
1158	-0.012821	138.033520	0.000282	8.1
1159	-0.402344	137.967779	0.003994	7.8
1160	-0.001181	137.902122	0.000058	8.7
1161	-0.001120	137.836548	0.000095	9.4
1162	-0.000000	137.771057	0.000000	9.0
1163	-0.333974	137.705649	0.004637	8.2
1164	-0.882031	137.640324	0.008527	8.8
1165	-0.950768	137.575081	0.005444	7.4
1166	-0.936746	137.509921	0.008565	10.3
1167	-0.040753	137.444842	0.001048	8.6
1168	-0.838169	137.379846	0.003882	8.9
1169	-0.293865	137.314932	0.003356	8.3
1170	-0.727165	137.250100	0.006878	8.6
1171	-0.000000	137.185349	0.000000	8.0
1172	-0.648727	137.120680	0.007180	9.4
1173	-0.940143	137.056092	0.007878	7.5
1174	-0.541954	136.991585	0.006921	8.8
1175	-0.003165	136.927158	0.000076	8.1
1176	-0.000000	136.862813	0.000000	8.3
1177	-0.001856	136.798548	0.000555	7.3
1178	-1.150041	136.734363	0.013341	9.3
1179	-0.000000	136.670259	0.000000	8.3
1180	-1.220070	136.606235	0.014144	8.5
1181	-0.649759	136.542291	0.005179	8.1
1182	-0.412212	136.478426	0.005746	8.7
1183	-0.737931	136.414641	0.005390	8.7
1184	-0.635522	136.350936	0.005122	9.0
1185	-0.543476	136.287310	0.003693	8.4
1186	-0.906251	136.223763	0.012907	8.7
1187	-0.000847	136.160295	0.000042	9.3
1188	-0.384378	136.096905	0.004806	8.1
1189	-1.033326	136.033594	0.008974	8.8
1190	-0.917599	135.970362	0.005889	8.2
1191	-0.723267	135.907208	0.007052	8.6
1192	-0.000018	135.844133	0.000011	8.1
1193	-0.218532	135.781135	0.003796	8.4
1194	-0.018022	135.718215	0.003007	8.0
1195	-0.007025	135.655373	0.000271	8.5
1196	-1.017879	135.592608	0.005928	8.5
1197	-0.006959	135.529921	0.000562	9.3
1198	-0.862701	135.467311	0.006955	7.7
1199	-0.975923	135.404778	0.005947	8.8
1200	-0.565009	135.342322	0.007563	7.9
1201	-0.000000	135.279942	0.000000	8.5
1202	-0.007814	135.217640	0.000168	7.8
1203	-0.653453	135.155413	0.006815	8.9
1204	-0.000004	135.093263	0.000000	7.7
1205	-0.316018	135.031190	0.004080	8.7
1206	-0.311102	134.969192	0.004180	8.0
1207	-0.040388	134.907270	0.002302	8.7
1208	-0.724726	134.845424	0.008958	8.0
1209	-0.015025	134.783653	0.001008	8.8
1210	-0.000000	134.721958	0.000000	9.0
1211	-0.000000	134.660338	0.000000	8.9
1212	-0.219944	134.598793	0.002289	8.4
1213	-0.019894	134.537323	0.000903	8.8
1214	-0.937771	134.475927	0.006191	8.9
1215	-0.634474	134.414607	0.003985	8.1
1216	-0.967499	134.353361	0.005147	7.8
1217	-0.850902	134.292189	0.008975	8.0
1218	-1.058844	134.231092	0.009021	8.6
1219	-0.000000	134.170068	0.000000	8.2
1220	-0.001260	134.109119	0.000645	8.7
1221	-0.589806	134.048243	0.005359	7.7
1222	-0.380812	133.987441	0.005505	9.0
1223	-0.000000	133.926713	0.000000	9.0
1224	-0.943800	133.866057	0.006666	8.8
1225	-0.683894	133.805475	0.007504	8.4
1226	-0.000000	133.744966	0.000000	8.0
1227	-0.948586	133.684530	0.004685	8.0
1228	-0.000000	133.624167	0.000000	8.5
1229	-1.031055	133.563877	0.007300	8.2
1230	-0.545266	133.503658	0.006159	8.9
1231	-0.397345	133.443513	0.006168	8.1
1232	-0.000000	133.383439	0.000000	9.0
1233	-0.963737	133.323437	0.006682	8.5
1234	-0.622877	133.263508	0.006911	8.5
1235	-0.005078	133.203650	0.000119	8.6
1236	-0.971619	133.143864	0.007160	9.0
1237	-0.840877	133.084149	0.004346	7.8
1238	-0.000000	133.024506	0.000000	8.7
1239	-0.916546	132.964934	0.005928	7.8
1240	-0.532423	132.905433	0.005640	8.7
1241	-1.215973	132.846003	0.009643	8.1
1242	-0.000000	132.786643	0.000000	8.5
1243	-0.234839	132.727355	0.002784	8.2
1244	-0.789824	132.668137	0.006719	9.4
1245	-0.000000	132.608989	0.000000	8.3
1246	-0.550239	132.549912	0.004970	8.3
1247	-0.875858	132.490904	0.006913	8.5
1248	-0.595439	132.431967	0.004371	9.2
1249	-0.000000	132.373100	0.000000	8.9
1250	-0.845100	132.314302	0.007051	7.9
1251	-0.671575	132.255574	0.004545	8.5
1252	-0.709989	132.196916	0.008236	8.1
1253	-0.000000	132.138326	0.000000	8.9
1254	-0.000000	132.079806	0.000000	8.2
1255	-0.004415	132.021355	0.000465	8.9
1256	-0.999563	131.962973	0.009178	8.2
1257	-0.796490	131.904660	0.007603	8.8
1258	-0.000000	131.846415	0.000000	7.5
1259	-0.189657	131.788239	0.002368	8.4
1260	-0.668991	131.730131	0.013550	9.1
1261	-0.545864	131.672092	0.005804	8.0
1262	-0.000000	131.614121	0.000000	8.0
1263	-0.630407	131.556217	0.006830	8.3
1264	-0.752052	131.498382	0.009247	7.9
1265	-0.447795	131.440614	0.005069	8.5
1266	-0.123774	131.382914	0.001990	7.7
1267	-0.000000	131.325282	0.000000	8.7
1268	-0.000000	131.267717	0.000000	8.2
1269	-0.772843	131.210219	0.007137	8.3
1270	-0.443495	131.152788	0.007268	8.6
1271	-0.000000	131.095424	0.000000	9.0
1272	-0.000000	131.038127	0.000000	7.8
1273	-0.789287	130.980897	0.005996	9.4
1274	-0.943336	130.923733	0.009789	9.5
1275	-0.001651	130.866636	0.000390	9.1
1276	-0.845713	130.809605	0.006020	7.5
1277	-0.079614	130.752641	0.002681	9.0
1278	-0.928595	130.695742	0.005817	8.0
1279	-0.455116	130.638910	0.003946	9.7
1280	-1.010380	130.582143	0.006247	9.0
1281	-0.843044	130.525442	0.004956	7.6
1282	-0.000000	130.468807	0.000000	9.2
1283	-1.001842	130.412237	0.007172	8.0
1284	-0.080829	130.355733	0.002554	8.8
1285	-0.000000	130.299294	0.000000	11.0
1286	-0.676236	130.242920	0.007655	9.2
1287	-0.296599	130.186611	0.002757	8.2
1288	-0.776640	130.130366	0.009111	8.5
1289	-0.024594	130.074187	0.000869	8.0
1290	-1.105120	130.018072	0.006680	8.7
1291	-0.000000	129.962022	0.000000	8.2
1292	-0.550947	129.906036	0.003998	8.8
1293	-0.283592	129.850114	0.002745	8.4
1294	-0.162414	129.794257	0.003703	8.7
1295	-0.917972	129.738463	0.006381	9.2
1296	-0.808074	129.682734	0.006496	8.1
1297	-0.938482	129.627068	0.006121	8.5
1298	-0.910236	129.571466	0.007657	9.4
1299	-0.665599	129.515927	0.006089	8.9
1300	-0.303879	129.460452	0.003968	8.2
1301	-0.000001	129.405040	0.000000	9.3
1302	-0.727961	129.349692	0.006702	8.4
1303	-0.526300	129.294406	0.005822	9.1
1304	-0.000000	129.239183	0.000000	8.5
1305	-0.078496	129.184024	0.002803	8.6
1306	-0.000005	129.128927	0.000001	8.3
1307	-0.542591	129.073892	0.004937	8.1
1308	-0.826960	129.018921	0.009675	8.5
1309	-0.000000	128.964011	0.000000	9.2
1310	-0.804501	128.909164	0.006845	8.6
1311	-0.001238	128.854379	0.000054	9.1
1312	-0.000000	128.799656	0.000000	7.6
1313	-0.587815	128.744995	0.004603	9.2
1314	-0.000000	128.690396	0.000000	7.6
1315	-0.000000	128.635858	0.000000	8.7
1316	-0.779068	128.581382	0.006617	9.0
1317	-0.972868	128.526968	0.007126	8.2
1318	-0.317539	128.472615	0.003746	8.9
1319	-0.485406	128.418323	0.005419	7.9
1320	-0.975002	128.364092	0.008870	8.7
1321	-0.634619	128.309922	0.004321	9.0
1322	-0.966279	128.255814	0.006277	8.9
1323	-0.198646	128.201766	0.002018	8.0
1324	-0.061413	128.147778	0.001973	8.1
1325	-0.026004	128.093852	0.001892	8.2
1326	-0.784608	128.039985	0.005090	8.4
1327	-0.113454	127.986180	0.002416	8.4
1328	-0.932203	127.932434	0.005084	8.5
1329	-0.000000	127.878749	0.000000	8.0
1330	-0.000000	127.825123	0.000000	8.1
1331	-0.000000	127.771558	0.000000	8.4
1332	-0.362403	127.718052	0.005063	8.2
1333	-0.000591	127.664606	0.000026	8.0
1334	-0.539660	127.611220	0.004500	9.2
1335	-0.475414	127.557893	0.004264	9.2
1336	-0.000000	127.504625	0.000000	9.0
1337	-0.038266	127.451417	0.000228	8.5
1338	-0.485859	127.398268	0.005032	8.9
1339	-0.000000	127.345178	0.000000	7.7
1340	-0.235656	127.292147	0.003362	9.0
1341	-1.195879	127.239175	0.007560	8.5
1342	-0.460328	127.186261	0.005301	8.7
1343	-0.027327	127.133407	0.000426	8.0
1344	-0.618682	127.080610	0.006427	8.1
1345	-0.483742	127.027872	0.005335	8.8
1346	-0.793208	126.975193	0.007296	8.4
1347	-0.000000	126.922572	0.000000	8.7
1348	-0.520927	126.870008	0.006105	9.0
1349	-0.776437	126.817503	0.007370	8.9
1350	-0.289263	126.765056	0.002387	7.9
1351	-0.000000	126.712667	0.000000	9.0
1352	-0.000000	126.660335	0.000000	7.7
1353	-0.084861	126.608061	0.002747	8.6
1354	-0.052041	126.555844	0.001705	7.4
1355	-0.467818	126.503685	0.004963	9.1
1356	-0.602679	126.451583	0.005538	7.9
1357	-0.000000	126.399538	0.000000	9.1
1358	-0.000000	126.347550	0.000000	8.2
1359	-1.039687	126.295619	0.006587	8.7
1360	-0.036592	126.243745	0.001630	8.8
1361	-0.571421	126.191928	0.005774	8.7
1362	-0.743891	126.140168	0.006738	7.6
1363	-0.452498	126.088464	0.004959	8.9
1364	-0.544220	126.036817	0.005492	7.9
1365	-0.104014	125.985226	0.000804	8.0
1366	-0.603245	125.933691	0.005696	8.6
1367	-0.000000	125.882212	0.000000	8.3
1368	-0.105773	125.830790	0.003232	7.8
1369	-0.159541	125.779423	0.002263	8.6
1370	-0.602681	125.728113	0.006092	8.1
1371	-0.736366	125.676858	0.008322	8.8
1372	-0.653870	125.625659	0.004865	8.0
1373	-0.460980	125.574515	0.006427	9.5
1374	-0.841498	125.523427	0.005774	8.1
1375	-0.892233	125.472394	0.004740	8.6
1376	-0.183972	125.421417	0.002332	8.0
1377	-0.448123	125.370495	0.005956	8.4
1378	-0.000000	125.319628	0.000000	7.5
1379	-0.611533	125.268815	0.007139	8.9
1380	-0.000000	125.218058	0.000000	8.0
1381	-0.858799	125.167356	0.004464	8.6
1382	-0.898745	125.116708	0.007668	8.6
1383	-0.000000	125.066115	0.000000	9.1
1384	-0.751992	125.015576	0.005699	8.0
1385	-0.000000	124.965092	0.000000	9.2
1386	-0.017922	124.914662	0.000379	9.4
1387	-0.622073	124.864287	0.006149	7.9
1388	-0.993071	124.813965	0.009545	8.4
1389	-0.670143	124.763698	0.007276	7.8
1390	-0.335763	124.713485	0.004044	8.1
1391	-0.989737	124.663325	0.006788	8.6
1392	-0.937530	124.613219	0.006606	8.9
1393	-0.000000	124.563167	0.000000	7.8
1394	-0.511062	124.513168	0.003471	9.0
1395	-0.000000	124.463223	0.000000	8.7
1396	-0.000431	124.413332	0.000010	9.1
1397	-0.000000	124.363493	0.000000	8.9
1398	-0.013202	124.313708	0.000191	9.4
1399	-0.967660	124.263976	0.006407	8.1
1400	-0.000000	124.214297	0.000000	9.0
1401	-0.761642	124.164671	0.007745	7.4
1402	-0.610194	124.115097	0.007133	8.5
1403	-0.500369	124.065577	0.004973	8.4
1404	-0.000000	124.016109	0.000000	8.7
1405	-0.000000	123.966693	0.000000	8.5
1406	-0.706109	123.917330	0.007262	8.8
1407	-0.399819	123.868020	0.003026	8.4
1408	-0.416910	123.818762	0.007024	8.3
1409	-0.000000	123.769556	0.000000	8.7
1410	-0.000000	123.720402	0.000000	9.2
1411	-0.549365	123.671300	0.005175	9.4
1412	-0.465010	123.622250	0.003409	8.1
1413	-0.409363	123.573252	0.003176	8.8
1414	-0.263234	123.524305	0.003416	8.0
1415	-0.668378	123.475411	0.003858	8.5
1416	-0.837249	123.426568	0.005626	7.3
1417	-0.709495	123.377776	0.005944	8.8
1418	-0.000000	123.329036	0.000000	8.3
1419	-0.000000	123.280347	0.000000	8.4
1420	-0.205178	123.231709	0.004336	8.1
1421	-1.023500	123.183122	0.012762	8.4
1422	-0.768174	123.134587	0.005986	8.7
1423	-0.919484	123.086102	0.005096	8.5
1424	-0.388555	123.037669	0.004278	7.9
1425	-0.791576	122.989286	0.004760	8.2
1426	-0.036777	122.940954	0.001261	8.6
1427	-0.688584	122.892672	0.005138	8.7
1428	-0.506813	122.844441	0.007332	9.4
1429	-0.772431	122.796261	0.006092	8.9
1430	-0.941954	122.748130	0.006934	7.5
1431	-0.842971	122.700050	0.008395	8.4
1432	-0.000000	122.652021	0.000000	8.6
1433	-1.033278	122.604041	0.005840	8.9
1434	-0.889135	122.556111	0.008162	8.8
1435	-0.336439	122.508232	0.006227	9.5
1436	-0.000000	122.460402	0.000000	8.9
1437	-0.023990	122.412622	0.000989	8.1
1438	-0.308601	122.364891	0.004353	8.9
1439	-0.495710	122.317210	0.005432	8.4
1440	-0.363918	122.269579	0.005493	8.7
1441	-0.021812	122.221997	0.000705	7.8
1442	-0.555864	122.174465	0.005993	8.5
1443	-0.540146	122.126981	0.005228	7.9
1444	-0.137070	122.079547	0.002993	8.9
1445	-0.000000	122.032162	0.000000	7.4
1446	-0.791861	121.984826	0.006520	9.0
1447	-0.538001	121.937539	0.005734	8.7
1448	-0.854672	121.890301	0.007408	9.0
1449	-0.000000	121.843112	0.000000	7.8
1450	-0.739173	121.795971	0.005989	8.9
1451	-0.000687	121.748879	0.000100	8.0
1452	-0.788450	121.701835	0.005550	8.3
1453	-0.000000	121.654840	0.000000	8.1
1454	-0.502339	121.607893	0.005401	9.1
1455	-0.074792	121.560994	0.001468	7.6
1456	-0.052494	121.514144	0.000823	8.9
1457	-0.624957	121.467342	0.005502	7.9
1458	-0.953176	121.420588	0.005821	9.1
1459	-0.995945	121.373882	0.008180	7.7
1460	-1.036605	121.327223	0.008598	9.0
1461	-1.218572	121.280613	0.009690	9.0
1462	-0.408621	121.234050	0.006004	9.0
1463	-0.910805	121.187535	0.006158	7.5
1464	-0.165920	121.141067	0.002661	8.7
1465	-0.469668	121.094647	0.005041	7.7
1466	-0.000000	121.048274	0.000000	8.9
1467	-0.898860	121.001949	0.006300	8.4
1468	-0.036035	120.955671	0.001597	9.0
1469	-0.850777	120.909440	0.010382	8.8
1470	-0.350359	120.863256	0.003198	8.0
1471	-0.849313	120.817119	0.009175	8.7
1472	-0.597270	120.771029	0.005810	9.0
1473	-0.819646	120.724986	0.004989	9.2
1474	-0.322347	120.678990	0.002682	7.6
1475	-0.757160	120.633040	0.007997	8.7
1476	-0.000000	120.587137	0.000000	8.0
1477	-1.255644	120.541281	0.011173	9.3
1478	-0.842688	120.495471	0.007135	8.2
1479	-0.471009	120.449707	0.005164	8.9
1480	-0.001704	120.403990	0.000770	7.9
1481	-0.531006	120.358319	0.004992	8.4
1482	-0.861273	120.312694	0.007350	8.6
1483	-0.853997	120.267115	0.008112	8.5
1484	-0.045475	120.221582	0.000205	8.9
1485	-0.659948	120.176096	0.008372	9.1
1486	-0.028088	120.130655	0.000898	8.1
1487	-0.000366	120.085260	0.000122	8.4
1488	-0.130535	120.039910	0.002900	7.7
1489	-1.074341	119.994606	0.007176	8.5
1490	-0.000000	119.949348	0.000000	8.1
1491	-0.166868	119.904135	0.004561	8.3
1492	-0.143580	119.858968	0.002488	7.8
1493	-0.788550	119.813846	0.006551	7.6
1494	-0.993116	119.768769	0.006988	8.2
1495	-0.104090	119.723738	0.002953	8.5
1496	-0.908330	119.678752	0.006958	8.2
1497	-0.033089	119.633810	0.001306	8.6
1498	-0.064193	119.588914	0.001571	8.4
1499	-0.720917	119.544062	0.003437	8.3
1500	-0.070738	119.499256	0.002272	8.0
1501	-0.983075	119.454494	0.006514	8.8
1502	-0.114172	119.409777	0.002043	8.2
1503	-1.028780	119.365104	0.007599	9.0
1504	-0.060729	119.320476	0.001220	9.1
1505	-0.811785	119.275893	0.006287	8.3
1506	-0.288160	119.231353	0.004800	8.9
1507	-1.099652	119.186859	0.008634	8.6
1508	-0.000000	119.142408	0.000000	8.6
1509	-0.163417	119.098002	0.003509	9.5
1510	-0.000000	119.053639	0.000000	8.8
1511	-0.485909	119.009321	0.004955	8.3
1512	-0.011252	118.965047	0.000346	9.0
1513	-0.000193	118.920816	0.000018	8.6
1514	-0.627031	118.876630	0.005700	9.3
1515	-0.000000	118.832487	0.000000	9.0
1516	-0.000000	118.788388	0.000000	8.2
1517	-0.669355	118.744332	0.005841	8.0
1518	-0.002170	118.700320	0.000348	9.4
1519	-1.046189	118.656352	0.008292	9.0
1520	-0.987545	118.612427	0.006883	9.2
1521	-0.386710	118.568545	0.004154	9.1
1522	-0.156303	118.524706	0.003734	9.7
1523	-0.571475	118.480911	0.005537	9.4
1524	-0.289389	118.437159	0.003072	9.7
1525	-0.532622	118.393450	0.004267	8.5
1526	-0.000000	118.349784	0.000000	7.9
1527	-0.702277	118.306160	0.006659	8.0
1528	-0.596703	118.262580	0.007261	8.5
1529	-0.035857	118.219042	0.001193	8.0
1530	-0.000000	118.175548	0.000000	8.0
1531	-0.000000	118.132095	0.000000	9.6
1532	-0.547976	118.088686	0.004558	7.9
1533	-0.000000	118.045319	0.000000	8.8
1534	-0.838330	118.001994	0.008056	8.4
1535	-1.021053	117.958712	0.008188	7.8
1536	-0.809346	117.915472	0.007682	8.9
1537	-1.056629	117.872274	0.006690	8.1
1538	-0.000000	117.829118	0.000000	8.2
1539	-0.200632	117.786005	0.001606	7.9
1540	-0.995021	117.742933	0.005936	8.6
1541	-0.594777	117.699904	0.003986	7.7
1542	-0.778098	117.656916	0.007003	9.0
1543	-0.324467	117.613971	0.004863	8.3
1544	-0.356436	117.571067	0.004838	8.3
1545	-0.848179	117.528205	0.006802	9.1
1546	-0.000000	117.485384	0.000000	8.2
1547	-0.027097	117.442605	0.001419	8.7
1548	-0.637668	117.399867	0.006038	8.7
1549	-0.550325	117.357171	0.003422	8.1
1550	-0.310274	117.314517	0.004264	8.5
1551	-0.000000	117.271903	0.000000	8.0
1552	-0.000003	117.229331	0.000006	8.8
1553	-0.000000	117.186800	0.000000	8.3
1554	-1.030777	117.144311	0.009947	8.8
1555	-0.933592	117.101862	0.004829	7.5
1556	-0.509569	117.059454	0.004982	9.1
1557	-0.515899	117.017087	0.005757	8.3
1558	-1.012282	116.974762	0.008149	8.8
1559	-0.000000	116.932476	0.000000	9.0
1560	-0.000000	116.890232	0.000000	9.0
1561	-1.002980	116.848028	0.007051	7.9
1562	-0.000000	116.805865	0.000000	8.8
1563	-0.654148	116.763743	0.006932	7.7
1564	-0.465723	116.721661	0.007679	8.3
1565	-0.676827	116.679619	0.004601	7.3
1566	-0.197998	116.637618	0.002922	8.6
1567	-0.933281	116.595657	0.008892	8.1
1568	-0.724758	116.553736	0.004294	8.5
1569	-0.969595	116.511855	0.008632	8.4
1570	-0.434577	116.470015	0.003805	8.9
1571	-0.000000	116.428214	0.000000	8.6
1572	-0.477808	116.386454	0.005521	8.7
1573	-0.001028	116.344733	0.000414	8.8
1574	-0.914566	116.303052	0.007238	8.2
1575	-0.000000	116.261412	0.000000	8.1
1576	-0.838824	116.219810	0.007324	8.2
1577	-0.272073	116.178249	0.005301	8.5
1578	-0.000000	116.136727	0.000000	7.8
1579	-0.000000	116.095245	0.000000	8.5
1580	-0.945192	116.053802	0.005991	8.7
1581	-0.368874	116.012398	0.004826	8.3
1582	-0.000000	115.971034	0.000000	9.2
1583	-0.508844	115.929710	0.003062	9.7
1584	-0.960805	115.888424	0.005874	9.1
1585	-0.120208	115.847178	0.001865	9.0
1586	-0.735633	115.805970	0.007001	8.0
1587	-0.136517	115.764802	0.003589	8.2
1588	-0.601759	115.723673	0.005214	8.4
1589	-0.904189	115.682583	0.004206	9.1
1590	-0.000000	115.641532	0.000000	7.8
1591	-1.123929	115.600519	0.009846	8.7
1592	-0.031408	115.559546	0.001374	8.4
1593	-0.744410	115.518610	0.006925	8.1
1594	-0.830541	115.477714	0.003760	8.0
1595	-0.488921	115.436856	0.005708	9.7
1596	-0.969352	115.396037	0.006827	7.9
1597	-0.023145	115.355256	0.001350	7.8
1598	-0.000000	115.314514	0.000000	7.8
1599	-0.239741	115.273810	0.003731	8.3
1600	-0.000000	115.233144	0.000000	8.0
1601	-0.823792	115.192517	0.007691	8.9
1602	-0.001377	115.151927	0.000005	7.8
1603	-0.000000	115.111376	0.000000	8.3
1604	-0.229768	115.070863	0.003246	8.5
1605	-0.000000	115.030388	0.000000	9.0
1606	-0.522777	114.989951	0.006055	7.5
1607	-0.733652	114.949551	0.006772	9.2
1608	-0.975657	114.909190	0.012795	9.1
1609	-0.606076	114.868866	0.005102	9.5
1610	-1.002928	114.828580	0.006768	8.9
1611	-0.579535	114.788332	0.005405	7.8
1612	-0.837067	114.748121	0.004622	9.3
1613	-0.000000	114.707948	0.000000	7.9
1614	-0.839948	114.667812	0.008921	9.0
1615	-1.152590	114.627714	0.008529	8.2
1616	-0.502000	114.587653	0.006281	8.9
1617	-0.397951	114.547629	0.005847	7.8
1618	-0.854761	114.507643	0.005167	8.8
1619	-0.718053	114.467693	0.005314	7.7
1620	-0.953725	114.427781	0.005760	8.7
1621	-0.330427	114.387907	0.003879	8.8
1622	-0.892372	114.348069	0.006821	8.6
1623	-1.085856	114.308268	0.006760	7.8
1624	-0.615616	114.268504	0.007175	8.4
1625	-0.790704	114.228777	0.008739	7.9
1626	-0.681791	114.189086	0.007105	9.2
1627	-0.862606	114.149433	0.007354	8.7
1628	-0.714805	114.109816	0.005866	8.4
1629	-0.106985	114.070235	0.003197	9.7
1630	-0.351528	114.030692	0.005032	8.5
1631	-0.568721	113.991185	0.005281	9.5
1632	-0.876955	113.951714	0.008333	8.9
1633	-0.213755	113.912280	0.004643	8.9
1634	-0.764891	113.872882	0.005483	8.1
1635	-0.000002	113.833521	0.000002	8.7
1636	-0.774097	113.794195	0.006430	7.8
1637	-0.991710	113.754906	0.006819	9.2
1638	-0.554965	113.715653	0.006101	8.0
1639	-0.000000	113.676437	0.000000	8.6
1640	-0.007819	113.637256	0.000021	7.9
1641	-0.836844	113.598111	0.006276	9.6
1642	-0.789156	113.559002	0.005043	8.1
1643	-0.689522	113.519929	0.007462	8.6
1644	-0.000000	113.480892	0.000000	8.3
1645	-0.901438	113.441891	0.005740	9.0
1646	-0.781265	113.402925	0.006276	9.1
1647	-0.003880	113.363995	0.000311	8.0
1648	-0.002537	113.325101	0.000188	8.9
1649	-0.155356	113.286242	0.002528	8.4
1650	-0.000000	113.247419	0.000000	8.7
1651	-0.002150	113.208631	0.000075	8.1
1652	-0.362418	113.169879	0.003853	9.2
1653	-0.000000	113.131162	0.000000	8.4
1654	-0.011052	113.092480	0.000177	8.7
1655	-0.627791	113.053833	0.004937	8.0
1656	-0.635975	113.015222	0.005530	8.3
1657	-0.014560	112.976646	0.000143	9.4
1658	-0.714039	112.938105	0.004917	8.8
1659	-0.007791	112.899599	0.000570	8.2
1660	-0.514736	112.861128	0.004970	8.4
1661	-1.029358	112.822692	0.008447	8.2
1662	-0.825284	112.784291	0.005594	8.5
1663	-0.006478	112.745924	0.000245	8.4
1664	-1.036547	112.707593	0.007685	9.0
1665	-0.445865	112.669296	0.002967	8.5
1666	-0.733545	112.631034	0.007769	8.0
1667	-0.975850	112.592806	0.006012	7.7
1668	-0.000000	112.554613	0.000000	8.6
1669	-0.000153	112.516455	0.000014	8.4
1670	-0.309936	112.478331	0.001588	9.5
1671	-0.984397	112.440241	0.006767	8.6
1672	-0.512034	112.402186	0.005998	9.2
1673	-0.091426	112.364165	0.000733	9.3
1674	-0.662178	112.326179	0.005784	8.3
1675	-0.652958	112.288227	0.005964	9.5
1676	-0.474164	112.250309	0.005608	8.6
1677	-0.507012	112.212425	0.008102	9.7
1678	-0.449615	112.174575	0.007616	8.0
1679	-0.180466	112.136759	0.003351	8.5
1680	-0.000000	112.098977	0.000000	8.0
1681	-0.800090	112.061229	0.004612	8.6
1682	-0.000000	112.023515	0.000000	8.4
1683	-1.025684	111.985834	0.006867	8.5
1684	-0.827548	111.948188	0.008223	8.4
1685	-0.023232	111.910575	0.001318	9.2
1686	-0.686099	111.872996	0.005226	7.9
1687	-0.808379	111.835450	0.008206	8.4
1688	-0.357220	111.797939	0.003311	8.3
1689	-0.886803	111.760460	0.005185	8.0
1690	-0.655127	111.723015	0.006539	8.4
1691	-0.175918	111.685604	0.003173	8.0
1692	-0.872914	111.648226	0.005440	7.9
1693	-0.294320	111.610881	0.004860	9.2
1694	-0.599724	111.573570	0.004522	8.6
1695	-0.858095	111.536292	0.007862	8.1
1696	-0.778818	111.499047	0.004112	8.6
1697	-0.000000	111.461835	0.000000	8.3
1698	-0.000000	111.424656	0.000000	9.0
1699	-0.010608	111.387510	0.000134	7.8
1700	-0.658633	111.350398	0.007718	8.8
1701	-0.205316	111.313318	0.002541	8.8
1702	-0.014161	111.276271	0.000624	8.6
1703	-0.819601	111.239257	0.007258	8.6
1704	-0.678257	111.202276	0.006334	9.1
1705	-0.698925	111.165328	0.005437	8.8
1706	-0.784326	111.128412	0.006947	8.8
1707	-0.906709	111.091529	0.005742	8.3
1708	-0.000000	111.054679	0.000000	8.5
1709	-0.950068	111.017861	0.008355	7.6
1710	-0.853640	110.981076	0.009452	8.5
1711	-0.952467	110.944323	0.006987	8.7
1712	-0.913094	110.907603	0.006731	8.6
1713	-0.440811	110.870915	0.007967	8.3
1714	-0.000000	110.834259	0.000000	8.4
1715	-0.382774	110.797636	0.004712	8.1
1716	-0.810815	110.761045	0.005481	9.0
1717	-0.000000	110.724486	0.000000	8.4
1718	-0.966933	110.687959	0.007908	9.3
1719	-0.695344	110.651465	0.005038	9.0
1720	-0.000000	110.615002	0.000000	9.2
1721	-0.533878	110.578572	0.004658	9.0
1722	-0.667194	110.542173	0.005143	7.4
1723	-0.463332	110.505807	0.005723	8.6
1724	-0.996007	110.469472	0.008088	7.6
1725	-0.000000	110.433169	0.000000	8.1
1726	-0.739129	110.396898	0.007225	7.8
1727	-0.985790	110.360659	0.007665	8.6
1728	-0.363405	110.324451	0.003287	7.7
1729	-0.915870	110.288276	0.006082	8.4
1730	-1.002053	110.252131	0.005413	8.0
1731	-0.021882	110.216019	0.003011	7.9
1732	-0.896705	110.179937	0.007448	9.0
1733	-0.777297	110.143888	0.005955	8.7
1734	-0.000000	110.107869	0.000000	8.3
1735	-0.000000	110.071882	0.000000	9.0
1736	-0.446120	110.035927	0.006612	7.8
1737	-0.917790	110.000003	0.007360	8.4
1738	-0.000000	109.964110	0.000000	7.8
1739	-0.474494	109.928248	0.004911	8.8
1740	-0.000000	109.892417	0.000000	8.4
1741	-0.000000	109.856618	0.000000	8.8
1742	-0.604359	109.820850	0.005196	8.1
1743	-0.195313	109.785112	0.003354	8.6
1744	-0.015750	109.749406	0.002156	9.4
1745	-0.070393	109.713730	0.002989	9.8
1746	-0.000986	109.678086	0.000147	8.2
1747	-0.269671	109.642472	0.004368	8.9
1748	-0.058472	109.606890	0.000581	8.4
1749	-0.115441	109.571337	0.003362	8.6
1750	-0.358903	109.535816	0.007300	8.4
1751	-0.472700	109.500326	0.005834	8.7
1752	-0.394845	109.464866	0.007174	8.9
1753	-0.959445	109.429436	0.009388	11.5
1754	-0.703742	109.394038	0.004690	8.7
1755	-0.000000	109.358669	0.000000	8.1
1756	-0.000000	109.323331	0.000000	8.8
1757	-0.000000	109.288024	0.000000	8.4
1758	-0.224442	109.252747	0.003458	8.3
1759	-0.721340	109.217501	0.007220	8.6
1760	-0.064382	109.182284	0.000969	8.5
1761	-0.042632	109.147098	0.000901	7.9
1762	-0.380819	109.111942	0.004106	8.8
1763	-0.002484	109.076817	0.000070	8.1
1764	-0.703644	109.041721	0.006598	8.4
1765	-0.196054	109.006656	0.002815	8.4
1766	-0.720468	108.971620	0.005243	8.4
1767	-0.498645	108.936615	0.005752	8.7
1768	-0.334789	108.901640	0.004901	10.0
1769	-0.209283	108.866694	0.003212	8.5
1770	-0.037322	108.831779	0.000642	8.1
1771	-0.801587	108.796893	0.003704	9.0
1772	-0.289080	108.762037	0.006163	7.9
1773	-0.533497	108.727211	0.006272	9.3
1774	-0.400158	108.692415	0.003429	8.6
1775	-0.597696	108.657648	0.006701	8.8
1776	-0.841471	108.622911	0.004727	8.4
1777	-0.000000	108.588203	0.000000	8.6
1778	-0.665147	108.553525	0.005221	8.5
1779	-0.801036	108.518877	0.007260	8.8
1780	-0.115409	108.484258	0.002732	8.8
1781	-0.045666	108.449668	0.000581	8.1
1782	-0.870199	108.415108	0.005608	8.0
1783	-0.016512	108.380578	0.000270	9.0
1784	-0.000000	108.346076	0.000000	7.7
1785	-0.000000	108.311604	0.000000	8.9
1786	-0.092805	108.277161	0.003321	8.1
1787	-0.000000	108.242747	0.000000	8.4
1788	-0.855674	108.208363	0.006460	8.5
1789	-1.062660	108.174007	0.007378	9.0
1790	-0.018019	108.139681	0.000364	7.8
1791	-0.000000	108.105383	0.000000	8.9
1792	-1.058106	108.071115	0.007959	8.8
1793	-0.803780	108.036875	0.007168	9.1
1794	-0.120024	108.002665	0.004026	9.2
1795	-0.841805	107.968483	0.009382	7.9
1796	-0.968469	107.934330	0.009859	9.3
1797	-0.633899	107.900206	0.003830	7.4
1798	-0.000000	107.866111	0.000000	9.1
1799	-0.745861	107.832044	0.007085	8.0
1800	-0.650001	107.798007	0.007940	9.1
1801	-0.875401	107.763997	0.007406	8.1
1802	-0.913381	107.730017	0.007677	9.3
1803	-0.000000	107.696065	0.000000	8.2
1804	-0.971115	107.662141	0.007156	8.6
1805	-0.660029	107.628246	0.006765	8.8
1806	-0.810467	107.594379	0.004907	8.9
1807	-0.748026	107.560541	0.006800	8.3
1808	-1.228408	107.526731	0.009076	8.3
1809	-0.000000	107.492949	0.000000	8.0
1810	-0.002408	107.459196	0.000203	9.0
1811	-0.977275	107.425471	0.006784	8.7
1812	-0.609067	107.391774	0.005896	8.8
1813	-0.486000	107.358106	0.002776	8.8
1814	-1.024181	107.324465	0.008462	7.8
1815	-0.604904	107.290853	0.006221	8.8
1816	-0.230184	107.257268	0.003557	9.3
1817	-0.477154	107.223712	0.003084	9.1
1818	-0.580578	107.190184	0.006021	8.2
1819	-0.658955	107.156683	0.005249	8.9
1820	-0.101846	107.123211	0.000986	8.6
1821	-0.000000	107.089766	0.000000	8.8
1822	-0.785841	107.056349	0.005641	8.4
1823	-0.000000	107.022960	0.000000	9.8
1824	-0.000000	106.989599	0.000000	8.3
1825	-0.383282	106.956265	0.004174	9.0
1826	-0.819546	106.922960	0.004496	9.1
1827	-0.528526	106.889681	0.007548	8.3
1828	-0.948157	106.856431	0.006578	9.1
1829	-0.590618	106.823208	0.004418	9.3
1830	-0.902029	106.790012	0.006578	9.3
1831	-0.772710	106.756844	0.007462	7.6
1832	-0.412113	106.723703	0.005135	9.3
1833	-0.818089	106.690590	0.006288	8.7
1834	-0.161237	106.657505	0.003849	9.3
1835	-0.228486	106.624446	0.004007	8.2
1836	-0.670241	106.591415	0.006653	9.1
1837	-0.604582	106.558411	0.005296	9.0
1838	-0.704468	106.525435	0.005619	8.3
1839	-0.456771	106.492485	0.006667	8.1
1840	-0.536665	106.459563	0.004697	9.9
1841	-0.950865	106.426668	0.007800	8.5
1842	-0.936433	106.393800	0.006811	8.0
1843	-0.478298	106.360959	0.002948	8.8
1844	-0.885195	106.328145	0.005505	8.1
1845	-0.666895	106.295358	0.005973	9.4
1846	-1.127886	106.262598	0.010076	8.1
1847	-0.460210	106.229865	0.007731	9.0
1848	-0.000000	106.197158	0.000000	8.2
1849	-1.045954	106.164479	0.006904	8.6
1850	-0.048781	106.131826	0.001040	9.0
1851	-0.000000	106.099201	0.000000	9.0
1852	-0.000034	106.066602	0.000014	8.5
1853	-0.000000	106.034029	0.000000	9.1
1854	-1.179880	106.001483	0.009542	9.0
1855	-0.502377	105.968964	0.007733	9.0
1856	-0.787453	105.936472	0.007001	8.8
1857	-0.000000	105.904006	0.000000	9.7
1858	-0.000000	105.871566	0.000000	9.7
1859	-0.382090	105.839153	0.005379	7.8
1860	-0.000000	105.806767	0.000000	9.3
1861	-0.444893	105.774407	0.004035	8.6
1862	-0.054361	105.742073	0.001284	9.3
1863	-0.000000	105.709766	0.000000	8.2
1864	-0.317488	105.677485	0.004290	9.0
1865	-1.034768	105.645230	0.005008	8.5
1866	-0.977605	105.613001	0.005560	9.4
1867	-0.793981	105.580799	0.006132	9.1
1868	-0.715266	105.548623	0.004405	9.1
1869	-0.853470	105.516473	0.004453	9.7
1870	-0.577327	105.484349	0.006400	8.5
1871	-0.511679	105.452251	0.005681	9.0
1872	-0.955916	105.420179	0.006400	8.9
1873	-1.101173	105.388133	0.006482	8.6
1874	-0.000000	105.356113	0.000000	8.5
1875	-0.047454	105.324119	0.002004	9.6
1876	-1.188160	105.292151	0.007969	8.8
1877	-0.688790	105.260209	0.007589	8.5
1878	-0.437177	105.228293	0.005756	8.2
1879	-0.000000	105.196402	0.000000	9.0
1880	-0.823411	105.164537	0.005789	9.0
1881	-0.184625	105.132698	0.002687	9.0
1882	-0.746813	105.100885	0.005572	8.9
1883	-0.921421	105.069097	0.006924	8.8
1884	-0.017798	105.037335	0.000435	9.4
1885	-0.749852	105.005598	0.006282	9.0
1886	-0.737362	104.973887	0.006498	9.6
1887	-0.224452	104.942202	0.004602	8.8
1888	-0.003956	104.910542	0.000523	8.8
1889	-0.317018	104.878907	0.003846	8.7
1890	-0.344729	104.847298	0.006033	8.7
1891	-0.005107	104.815715	0.000627	9.5
1892	-0.923374	104.784156	0.006103	8.5
1893	-0.596038	104.752623	0.004209	8.7
1894	-0.639896	104.721116	0.006299	8.4
1895	-0.000000	104.689633	0.000000	8.5
1896	-1.093897	104.658176	0.011984	8.3
1897	-0.761981	104.626744	0.005596	9.5
1898	-0.189079	104.595337	0.001562	9.0
1899	-0.926787	104.563955	0.005488	8.9
1900	-0.424588	104.532599	0.004087	8.1
1901	-0.000000	104.501267	0.000000	8.7
1902	-0.643820	104.469960	0.007056	8.5
1903	-0.660868	104.438679	0.005550	9.3
1904	-0.765897	104.407422	0.006533	9.1
1905	-0.755402	104.376191	0.005791	8.6
1906	-0.192794	104.344984	0.003445	8.8
1907	-1.048069	104.313802	0.006573	8.7
1908	-0.575841	104.282645	0.009086	8.4
1909	-0.930435	104.251513	0.007311	8.2
1910	-0.000000	104.220405	0.000000	8.7
1911	-0.000108	104.189323	0.000031	9.8
1912	-0.680388	104.158265	0.005758	9.2
1913	-0.000000	104.127231	0.000000	7.5
1914	-0.046319	104.096222	0.001319	8.6
1915	-0.787722	104.065238	0.004000	7.9
1916	-0.218723	104.034279	0.003888	8.9
1917	-0.019936	104.003344	0.000873	7.6
1918	-0.000000	103.972433	0.000000	8.3
1919	-0.950793	103.941547	0.006619	8.6
1920	-0.778388	103.910686	0.004819	8.8
1921	-0.349989	103.879849	0.002664	8.3
1922	-0.152715	103.849036	0.002641	10.1
1923	-0.593125	103.818248	0.004977	9.1
1924	-0.491619	103.787484	0.004555	8.7
1925	-0.000000	103.756744	0.000000	9.7
1926	-0.071438	103.726029	0.003450	8.4
1927	-0.920008	103.695338	0.006313	8.8
1928	-0.000000	103.664671	0.000000	8.6
1929	-0.282028	103.634028	0.004045	9.0
1930	-0.000000	103.603409	0.000000	8.7
1931	-0.958526	103.572814	0.007694	9.1
1932	-0.709082	103.542244	0.009782	9.0
1933	-0.612335	103.511698	0.004109	8.7
1934	-0.875013	103.481175	0.010474	9.2
1935	-1.022625	103.450677	0.005809	9.5
1936	-0.472367	103.420202	0.002663	8.9
1937	-0.000000	103.389752	0.000000	8.8
1938	-0.000000	103.359325	0.000000	8.9
1939	-0.680191	103.328922	0.007738	8.4
1940	-0.000000	103.298543	0.000000	9.1
1941	-0.842076	103.268188	0.008650	8.6
1942	-0.740025	103.237857	0.008386	9.7
1943	-0.718009	103.207549	0.007174	8.9
1944	-0.000000	103.177265	0.000000	9.6
1945	-0.659120	103.147005	0.003325	8.8
1946	-0.000000	103.116768	0.000000	9.8
1947	-0.000000	103.086556	0.000000	9.3
1948	-0.117002	103.056366	0.002595	8.8
1949	-0.520832	103.026200	0.005770	8.9
1950	-0.637379	102.996058	0.003856	8.6
1951	-0.795376	102.965939	0.004947	8.3
1952	-0.844307	102.935844	0.006376	8.6
1953	-1.025466	102.905772	0.008423	8.5
1954	-0.749744	102.875724	0.005090	8.2
1955	-1.218676	102.845699	0.010033	8.9
1956	-0.000269	102.815697	0.000075	8.1
1957	-0.798255	102.785719	0.003849	9.0
1958	-0.000000	102.755764	0.000000	9.5
1959	-0.337188	102.725832	0.005759	8.5
1960	-0.901476	102.695924	0.008800	8.9
1961	-0.000000	102.666038	0.000000	8.8
1962	-0.811730	102.636176	0.004259	8.5
1963	-0.900006	102.606337	0.009622	8.3
1964	-0.764429	102.576521	0.004939	9.2
1965	-0.000000	102.546728	0.000000	8.3
1966	-0.880188	102.516959	0.004991	9.4
1967	-0.086158	102.487212	0.001860	8.3
1968	-0.000000	102.457488	0.000000	9.2
1969	-0.000000	102.427788	0.000000	9.0
1970	-0.000000	102.398110	0.000000	9.9
1971	-0.627627	102.368455	0.006059	8.6
1972	-0.832439	102.338823	0.005791	10.9
1973	-0.467196	102.309214	0.005921	9.7
1974	-0.814285	102.279628	0.006004	8.8
1975	-0.211403	102.250064	0.003106	8.6
1976	-0.637558	102.220524	0.005726	8.1
1977	-0.274957	102.191006	0.002857	9.4
1978	-0.532582	102.161511	0.005427	8.5
1979	-0.124368	102.132038	0.002667	9.4
1980	-0.928812	102.102588	0.007383	8.9
1981	-0.942956	102.073161	0.007699	8.8
1982	-1.107451	102.043757	0.006622	8.9
1983	-0.796164	102.014375	0.004853	9.5
1984	-0.000000	101.985015	0.000000	9.3
1985	-0.000000	101.955678	0.000000	8.5
1986	-0.060944	101.926364	0.001441	9.6
1987	-0.000000	101.897072	0.000000	8.5
1988	-0.673870	101.867802	0.004947	8.3
1989	-0.197254	101.838555	0.003860	8.0
1990	-0.292299	101.809330	0.006329	8.6
1991	-0.661020	101.780128	0.004939	7.6
1992	-0.769841	101.750948	0.008033	8.5
1993	-1.164997	101.721790	0.009637	7.9
1994	-0.878460	101.692654	0.004317	9.2
1995	-0.135876	101.663541	0.002542	7.9
1996	-0.050672	101.634450	0.002765	8.5
1997	-0.394271	101.605381	0.004482	9.7
1998	-0.088250	101.576335	0.000434	8.9
1999	-0.320370	101.547310	0.002073	8.4
