1:ItNr	2:Metric	3:StepSize	4:||Gradient||	Time[ms]
0	0.000000	627.201626	0.000000	910.5
1	-0.973684	623.504937	0.007729	31.4
2	-0.813278	619.865785	0.006123	30.0
3	-0.316244	616.282728	0.004915	30.6
4	-0.306813	612.754375	0.005472	30.3
5	-0.000000	609.279381	0.000000	31.9
6	0.000000	605.856447	0.000000	31.3
7	-0.709145	602.484317	0.004884	31.2
8	-0.569546	599.161779	0.005441	31.1
9	-0.000064	595.887656	0.000026	31.6
10	-0.823869	592.660813	0.009138	30.9
11	0.000000	589.480151	0.000000	32.0
12	-0.507474	586.344606	0.006530	33.1
13	0.000000	583.253145	0.000000	31.8
14	-0.664253	580.204771	0.005744	33.0
15	-0.263614	577.198517	0.004741	32.6
16	-0.338320	574.233444	0.003871	32.1
17	-0.513662	571.308645	0.006506	32.6
18	-0.002183	568.423237	0.000104	31.9
19	-0.634651	565.576365	0.006743	32.1
20	-0.000000	562.767201	0.000000	33.2
21	-0.805630	559.994938	0.005548	31.5
22	-0.764325	557.258797	0.005677	31.2
23	-0.820805	554.558018	0.005946	30.4
24	-0.629835	551.891865	0.004871	31.3
25	-0.760754	549.259621	0.007247	34.1
26	-0.577419	546.660592	0.005984	32.5
27	0.000000	544.094102	0.000000	32.7
28	-0.406309	541.559494	0.005773	33.2
29	-0.156513	539.056129	0.001464	32.1
30	-0.264691	536.583387	0.004731	32.1
31	-0.597312	534.140663	0.005358	32.1
32	-0.028967	531.727370	0.001044	33.3
33	-0.059695	529.342935	0.001180	31.1
34	-0.458384	526.986802	0.005675	31.2
35	-0.699996	524.658430	0.005482	32.1
36	-0.006111	522.357290	0.000105	31.5
37	-0.493370	520.082868	0.006552	32.5
38	-0.385357	517.834665	0.004371	33.0
39	-1.084636	515.612193	0.009850	32.9
40	-0.871100	513.414976	0.008382	32.1
41	-0.408969	511.242551	0.007719	32.8
42	-0.424011	509.094468	0.005430	33.3
43	-0.000211	506.970285	0.000085	32.9
44	-0.683474	504.869574	0.006985	32.3
45	-0.589308	502.791916	0.005917	32.1
46	-0.691583	500.736903	0.005079	32.2
47	0.000000	498.704137	0.000000	30.1
48	-0.476731	496.693228	0.007570	29.9
49	-0.559021	494.703798	0.004691	33.1
50	0.000000	492.735476	0.000000	32.1
51	-0.000919	490.787900	0.000030	35.0
52	-0.109284	488.860718	0.001789	32.9
53	-0.425976	486.953585	0.005338	31.8
54	-0.754927	485.066164	0.008197	32.2
55	-0.747289	483.198126	0.005439	32.9
56	0.000000	481.349149	0.000000	32.3
57	0.000000	479.518920	0.000000	31.8
58	0.000000	477.707132	0.000000	33.1
59	-0.296031	475.913485	0.004761	31.9
60	0.000000	474.137684	0.000000	32.5
61	-0.000016	472.379445	0.000018	31.7
62	-0.494734	470.638485	0.006379	31.9
63	0.000000	468.914531	0.000000	31.7
64	-0.533789	467.207315	0.005697	30.8
65	-0.947563	465.516573	0.008632	32.0
66	-0.658005	463.842050	0.004716	32.7
67	-0.738560	462.183494	0.007700	31.7
68	-0.871382	460.540658	0.007296	32.7
69	-0.009175	458.913303	0.000367	32.5
70	-0.583619	457.301192	0.007080	32.1
71	-0.663234	455.704096	0.006655	32.6
72	-0.930119	454.121787	0.007602	32.5
73	-0.161333	452.554045	0.002654	33.2
74	-0.626115	451.000653	0.006551	32.6
75	-0.514836	449.461399	0.005939	34.9
76	-0.151744	447.936075	0.001456	37.3
77	0.000000	446.424477	0.000000	37.4
78	-0.103655	444.926406	0.001735	37.3
79	-0.027871	443.441666	0.000799	32.7
80	0.000000	441.970065	0.000000	34.2
81	0.000000	440.511415	0.000000	35.1
82	-0.228538	439.065533	0.002422	33.2
83	-0.360685	437.632238	0.004614	33.7
84	-0.829724	436.211351	0.006863	32.9
85	0.000000	434.802701	0.000000	33.1
86	-0.192388	433.406117	0.002240	34.1
87	-0.429421	432.021430	0.005024	33.4
88	0.000000	430.648479	0.000000	32.7
89	-0.019318	429.287101	0.000735	32.5
90	-0.504156	427.937140	0.006729	33.0
91	-0.759420	426.598440	0.007436	33.3
92	-0.772116	425.270849	0.005814	31.1
93	0.000000	423.954220	0.000000	32.0
94	0.000000	422.648404	0.000000	32.2
95	-0.669402	421.353259	0.008946	32.7
96	-0.336366	420.068643	0.004833	32.4
97	-0.053230	418.794419	0.001545	34.3
98	-0.317050	417.530451	0.004190	32.4
99	-0.059599	416.276604	0.001201	33.2
100	-0.000021	415.032748	0.000008	32.9
101	-0.534460	413.798754	0.005778	32.6
102	-0.408167	412.574495	0.006392	33.3
103	-0.837074	411.359849	0.006240	32.0
104	-0.550025	410.154691	0.005519	33.3
105	-0.843401	408.958904	0.007956	31.4
106	-0.026948	407.772368	0.001536	31.0
107	-0.781586	406.594968	0.007381	33.8
108	-0.564658	405.426590	0.005172	32.4
109	0.000000	404.267122	0.000000	33.9
110	0.000000	403.116456	0.000000	32.3
111	-0.520292	401.974481	0.005727	32.0
112	-0.370199	400.841093	0.004579	36.2
113	-0.692632	399.716187	0.005223	32.3
114	-0.356614	398.599660	0.003673	34.1
115	-0.834081	397.491411	0.008788	31.9
116	-0.267066	396.391342	0.003075	32.6
117	0.000000	395.299353	0.000000	32.5
118	0.000000	394.215350	0.000000	30.6
119	-0.200577	393.139238	0.003177	32.5
120	-0.749676	392.070924	0.005931	31.7
121	-0.118355	391.010316	0.003032	31.1
122	-0.879075	389.957325	0.006229	31.3
123	0.000000	388.911862	0.000000	33.1
124	0.000000	387.873839	0.000000	32.8
125	0.000000	386.843173	0.000000	32.5
126	0.000000	385.819777	0.000000	33.4
127	-0.179229	384.803569	0.002996	33.2
128	-0.586199	383.794468	0.008300	32.2
129	-0.754445	382.792393	0.005205	33.2
130	-0.015007	381.797264	0.000732	32.1
131	0.000000	380.809005	0.000000	31.4
132	0.000000	379.827537	0.000000	33.4
133	-0.898631	378.852786	0.006939	32.3
134	-0.847294	377.884678	0.004878	32.8
135	-0.058043	376.923138	0.002009	32.9
136	-0.918523	375.968095	0.007495	32.8
137	-0.544050	375.019479	0.007794	32.5
138	-0.730697	374.077218	0.005407	32.7
139	-0.250936	373.141244	0.003772	32.9
140	-0.571373	372.211489	0.006721	30.0
141	-0.028401	371.287887	0.001824	32.2
142	-0.992311	370.370370	0.009202	31.6
143	-0.860936	369.458876	0.006044	35.6
144	-0.009839	368.553338	0.000518	33.1
145	-0.372968	367.653696	0.007267	34.2
146	-0.499487	366.759885	0.007116	32.2
147	-0.042785	365.871846	0.000832	32.8
148	-0.853979	364.989518	0.005168	32.7
149	-0.439513	364.112841	0.006056	33.5
150	-0.396532	363.241757	0.004905	33.0
151	-0.000000	362.376208	0.000000	32.4
152	-0.489651	361.516137	0.006241	31.2
153	-0.251112	360.661488	0.003330	33.2
154	0.000000	359.812206	0.000000	31.7
155	-0.000041	358.968236	0.000002	34.4
156	-0.374874	358.129524	0.004588	32.7
157	-0.664274	357.296018	0.005970	33.8
158	-0.624911	356.467665	0.005433	33.5
159	-0.424291	355.644414	0.004404	32.6
160	-0.518848	354.826213	0.005504	32.6
161	0.000000	354.013012	0.000000	31.1
162	-0.000068	353.204763	0.000010	33.3
163	0.000000	352.401415	0.000000	32.8
164	0.000000	351.602922	0.000000	31.7
165	-0.904595	350.809235	0.008843	32.7
166	-0.714758	350.020308	0.005176	32.5
167	0.000000	349.236095	0.000000	32.1
168	0.000000	348.456550	0.000000	32.0
169	-0.606373	347.681627	0.006705	33.1
170	-0.905343	346.911283	0.007380	32.1
171	0.000000	346.145474	0.000000	31.3
172	-0.878280	345.384157	0.006729	32.9
173	0.000000	344.627288	0.000000	34.7
174	-0.440851	343.874826	0.006832	31.2
175	-0.796117	343.126729	0.006638	30.9
176	-0.469716	342.382957	0.005820	32.1
177	-0.626465	341.643469	0.003873	31.9
178	-0.061275	340.908224	0.002920	32.7
179	0.000000	340.177184	0.000000	34.1
180	-0.950061	339.450309	0.008476	32.1
181	-0.508196	338.727561	0.006478	33.2
182	-0.504090	338.008902	0.007369	31.7
183	-0.567651	337.294295	0.004593	33.6
184	-0.797647	336.583703	0.004729	32.3
185	-0.309870	335.877089	0.003916	30.8
186	-0.678631	335.174416	0.005110	32.0
187	-0.345364	334.475651	0.004613	31.9
188	0.000000	333.780756	0.000000	31.9
189	-0.667635	333.089698	0.008020	32.6
190	0.000000	332.402443	0.000000	32.2
191	-0.886389	331.718955	0.007975	32.2
192	-0.635451	331.039203	0.006283	32.0
193	-0.839043	330.363153	0.006534	32.9
194	-0.000000	329.690771	0.000000	33.6
195	-0.812996	329.022027	0.005568	30.9
196	0.000000	328.356888	0.000000	32.2
197	-0.440826	327.695322	0.004464	31.3
198	-0.805467	327.037299	0.006113	31.2
199	-0.540038	326.382787	0.005508	32.9
200	-0.755834	325.731758	0.009632	32.3
201	-0.061286	325.084179	0.000684	31.8
202	-0.837100	324.440023	0.005877	32.6
203	-0.907604	323.799258	0.008277	32.5
204	-0.134049	323.161858	0.002627	33.8
205	-0.856620	322.527792	0.005903	32.7
206	-1.002038	321.897034	0.009330	32.7
207	-0.642559	321.269554	0.006434	32.7
208	-0.675258	320.645325	0.009180	31.7
209	-0.480171	320.024320	0.005384	32.3
210	-0.486043	319.406512	0.006084	34.1
211	-0.159475	318.791875	0.002083	31.9
212	-0.246645	318.180381	0.003107	32.7
213	-0.028653	317.572005	0.000510	32.5
214	0.000000	316.966721	0.000000	30.8
215	-0.897180	316.364504	0.006484	31.6
216	-0.400538	315.765329	0.004817	30.8
217	-0.746949	315.169170	0.004916	32.5
218	-0.550923	314.576003	0.005726	32.4
219	-0.472918	313.985804	0.006484	32.9
220	-0.839921	313.398548	0.007565	31.4
221	-1.182994	312.814213	0.009891	33.2
222	-0.138982	312.232773	0.003240	31.9
223	-0.000506	311.654207	0.000027	32.3
224	0.000000	311.078491	0.000000	33.1
225	0.000000	310.505602	0.000000	33.0
226	-0.310770	309.935518	0.004584	33.1
227	0.000000	309.368217	0.000000	31.2
228	-0.072361	308.803676	0.001693	33.6
229	0.000000	308.241874	0.000000	33.1
230	-0.209671	307.682789	0.003936	29.9
231	-0.912148	307.126400	0.006395	33.0
232	-0.859193	306.572687	0.007857	32.7
233	-0.914570	306.021627	0.007906	32.8
234	-0.364694	305.473201	0.005650	35.2
235	-0.829946	304.927388	0.006843	33.4
236	-0.763237	304.384168	0.006496	32.8
237	-0.495056	303.843521	0.006652	32.9
238	-0.924540	303.305427	0.006505	32.8
239	-0.381258	302.769867	0.005380	33.4
240	-0.172495	302.236821	0.002821	31.9
241	-0.247302	301.706270	0.004109	32.1
242	-0.946685	301.178196	0.007508	34.4
243	-0.630437	300.652580	0.005002	32.5
244	0.000000	300.129402	0.000000	32.0
245	-0.561809	299.608645	0.004664	31.1
246	-0.473351	299.090291	0.003617	31.1
247	-0.542040	298.574321	0.007419	32.8
248	-0.401825	298.060718	0.004483	33.1
249	-0.013939	297.549465	0.000305	33.4
250	-1.022555	297.040543	0.008954	32.6
251	-0.731233	296.533936	0.006275	31.8
252	-0.690581	296.029626	0.006637	34.0
253	-0.031740	295.527597	0.000961	32.4
254	-0.671824	295.027832	0.006691	32.6
255	0.000000	294.530315	0.000000	32.4
256	-0.000000	294.035028	0.000000	32.7
257	0.000000	293.541956	0.000000	32.8
258	-0.000000	293.051083	0.000000	32.4
259	-0.208181	292.562393	0.003276	32.1
260	-0.405694	292.075870	0.003775	31.6
261	-0.548041	291.591498	0.005721	32.1
262	-0.883036	291.109263	0.006991	33.1
263	-1.017029	290.629149	0.008279	33.8
264	-0.494630	290.151140	0.003411	32.9
265	-0.000850	289.675222	0.000386	37.2
266	-0.235261	289.201380	0.003137	33.7
267	-0.824905	288.729600	0.005919	34.6
268	-0.584176	288.259866	0.005641	34.9
269	-0.895365	287.792165	0.006795	31.8
270	0.000000	287.326481	0.000000	35.3
271	0.000000	286.862802	0.000000	34.5
272	-0.396693	286.401113	0.005187	32.3
273	-1.132299	285.941400	0.008910	30.5
274	0.000000	285.483649	0.000000	30.6
275	0.000000	285.027847	0.000000	30.2
276	-0.526092	284.573981	0.004927	32.0
277	-0.241421	284.122037	0.002871	32.4
278	0.000000	283.672002	0.000000	33.1
279	-1.083993	283.223863	0.008574	32.5
280	-0.886083	282.777607	0.006185	32.0
281	-0.349306	282.333221	0.003634	31.3
282	-0.889670	281.890692	0.006321	30.7
283	-0.662579	281.450008	0.005837	30.4
284	-0.416796	281.011157	0.002730	29.5
285	-0.717844	280.574125	0.007804	30.5
286	-0.059826	280.138901	0.001519	31.0
287	-0.027897	279.705473	0.000690	30.2
288	-0.761131	279.273829	0.006618	31.3
289	0.000000	278.843956	0.000000	32.7
290	-0.073969	278.415844	0.000996	31.6
291	-0.457388	277.989479	0.007503	30.9
292	-1.042893	277.564851	0.007473	32.3
293	-0.724839	277.141949	0.006203	31.9
294	0.000000	276.720761	0.000000	31.3
295	0.000000	276.301275	0.000000	31.4
296	-0.443773	275.883480	0.004323	32.4
297	-0.690406	275.467366	0.004904	31.1
298	-0.445593	275.052922	0.006065	30.3
299	-0.613061	274.640136	0.005907	30.2
300	-0.394883	274.228998	0.003662	30.7
301	-0.061413	273.819497	0.003276	29.8
302	-0.033744	273.411623	0.001679	32.5
303	-0.673963	273.005365	0.007998	30.4
304	-0.523532	272.600712	0.007267	30.8
305	-0.254735	272.197655	0.003138	30.1
306	-0.626924	271.796184	0.007522	30.9
307	-0.852597	271.396287	0.006555	31.0
308	-0.214670	270.997956	0.003054	30.4
309	-0.789088	270.601180	0.006790	32.2
310	-0.320558	270.205949	0.003499	30.4
311	-0.637411	269.812254	0.007947	29.7
312	-0.164212	269.420085	0.002340	30.2
313	-0.655519	269.029432	0.004329	31.1
314	-0.971931	268.640287	0.007809	31.1
315	-0.709658	268.252638	0.004663	29.5
316	-0.813192	267.866478	0.006487	31.7
317	0.000000	267.481796	0.000000	30.0
318	-0.261106	267.098584	0.004184	30.7
319	-0.801524	266.716833	0.006023	29.7
320	-0.659659	266.336533	0.007893	31.2
321	-0.821028	265.957676	0.006571	31.3
322	-0.453100	265.580253	0.004174	31.7
323	-0.511559	265.204254	0.006616	31.9
324	-0.243919	264.829672	0.004382	31.0
325	0.000000	264.456497	0.000000	30.3
326	0.000000	264.084721	0.000000	30.9
327	-0.315739	263.714335	0.003267	31.0
328	-0.910562	263.345332	0.006476	32.1
329	-0.621478	262.977702	0.005864	31.1
330	-0.503604	262.611438	0.004151	34.9
331	-0.882555	262.246531	0.006308	33.1
332	0.000000	261.882973	0.000000	32.3
333	-0.461579	261.520756	0.006024	31.4
334	-1.158735	261.159871	0.009137	32.0
335	-0.605867	260.800312	0.004513	30.4
336	-0.513499	260.442070	0.005808	31.1
337	-0.766485	260.085137	0.006112	31.0
338	-0.812740	259.729505	0.008299	30.0
339	-0.658501	259.375167	0.007270	31.2
340	-0.652434	259.022116	0.004865	29.9
341	-0.002175	258.670343	0.000081	30.0
342	-0.568514	258.319841	0.005858	31.9
343	-0.527496	257.970602	0.006878	33.4
344	-0.672536	257.622620	0.006080	31.6
345	-0.006442	257.275887	0.000157	33.2
346	-1.009687	256.930396	0.008409	30.5
347	-0.228409	256.586139	0.003096	30.6
348	-0.513336	256.243109	0.007289	30.7
349	-0.626052	255.901300	0.006954	30.5
350	-0.609029	255.560703	0.006857	31.0
351	-0.034709	255.221313	0.001057	31.0
352	0.000000	254.883122	0.000000	30.0
353	-0.102988	254.546124	0.001399	30.8
354	-0.212760	254.210311	0.002443	30.1
355	-0.010351	253.875677	0.000411	32.0
356	-0.440139	253.542215	0.005221	30.7
357	-0.702403	253.209918	0.007744	30.2
358	-0.789599	252.878781	0.004336	31.0
359	-0.666806	252.548795	0.006128	30.3
360	-0.158988	252.219956	0.002716	33.1
361	-0.661732	251.892255	0.007010	30.0
362	-0.259855	251.565688	0.003174	31.2
363	-0.047781	251.240247	0.001126	30.0
364	-0.370451	250.915926	0.004329	31.9
365	-0.644415	250.592720	0.006886	31.1
366	-0.003548	250.270621	0.000322	31.1
367	-0.863725	249.949624	0.008514	30.6
368	-0.398445	249.629723	0.003892	31.8
369	-0.211752	249.310911	0.003795	30.4
370	-0.824566	248.993182	0.007106	31.3
371	-0.364096	248.676531	0.003302	31.8
372	-0.845150	248.360952	0.006744	31.1
373	-0.454442	248.046438	0.005661	30.5
374	-0.824778	247.732984	0.006523	29.7
375	-1.028212	247.420584	0.008299	30.5
376	-0.741831	247.109233	0.007314	30.6
377	0.000000	246.798924	0.000000	30.3
378	-0.531491	246.489652	0.006070	31.2
379	0.000000	246.181412	0.000000	30.1
380	-0.509453	245.874197	0.007166	29.2
381	-0.716411	245.568002	0.004813	31.9
382	0.000000	245.262822	0.000000	32.0
383	-0.512420	244.958652	0.004981	31.3
384	-0.633098	244.655485	0.005197	30.0
385	-0.778377	244.353317	0.005481	31.3
386	-0.265029	244.052142	0.004659	30.7
387	-0.591074	243.751955	0.005523	30.5
388	-0.833344	243.452750	0.008159	30.7
389	0.000000	243.154523	0.000000	31.4
390	-0.688658	242.857268	0.006472	30.3
391	-0.489591	242.560980	0.005303	30.9
392	-0.107353	242.265654	0.003282	32.3
393	-0.847504	241.971285	0.006735	31.5
394	-0.796950	241.677868	0.006375	32.0
395	-0.487371	241.385397	0.003492	33.0
396	-0.352203	241.093869	0.004121	31.7
397	0.000000	240.803278	0.000000	30.8
398	-0.608443	240.513619	0.006163	30.6
399	-0.435102	240.224887	0.006779	29.9
400	-0.026154	239.937077	0.000770	30.1
401	-0.816827	239.650186	0.005459	30.2
402	-0.842339	239.364207	0.005916	30.5
403	-0.002673	239.079136	0.001405	30.5
404	0.000000	238.794969	0.000000	30.4
405	0.000000	238.511701	0.000000	29.7
406	0.000000	238.229327	0.000000	30.5
407	-0.744114	237.947843	0.007460	31.0
408	-0.000000	237.667244	0.000000	31.6
409	-0.014926	237.387526	0.002354	30.9
410	0.000000	237.108684	0.000000	30.6
411	0.000000	236.830714	0.000000	31.3
412	0.000000	236.553610	0.000000	31.0
413	-0.784623	236.277370	0.005383	30.0
414	-0.014983	236.001989	0.000973	30.3
415	-0.880476	235.727461	0.007279	31.2
416	-0.611158	235.453784	0.005214	31.3
417	0.000000	235.180952	0.000000	31.1
418	-0.806979	234.908962	0.007033	30.3
419	-0.544378	234.637809	0.005278	30.8
420	-0.008592	234.367488	0.000000	30.7
421	-0.815781	234.097997	0.005846	29.8
422	0.000000	233.829331	0.000000	30.5
423	0.000000	233.561485	0.000000	31.0
424	-0.845320	233.294456	0.006444	31.4
425	-0.430780	233.028239	0.005192	30.8
426	-0.955034	232.762831	0.008084	31.2
427	-0.541337	232.498228	0.006695	31.0
428	0.000000	232.234425	0.000000	30.9
429	-0.313043	231.971419	0.006725	31.8
430	-0.039184	231.709205	0.001584	29.9
431	-0.833994	231.447781	0.007565	31.0
432	0.000000	231.187141	0.000000	32.1
433	0.000000	230.927283	0.000000	31.3
434	-0.804154	230.668202	0.007656	31.5
435	-0.760817	230.409895	0.007348	30.0
436	-0.576510	230.152358	0.007027	30.5
437	-0.844693	229.895587	0.008723	30.8
438	-0.399265	229.639578	0.005520	30.1
439	-0.919463	229.384329	0.006521	30.7
440	-0.518280	229.129834	0.006102	29.6
441	-0.652680	228.876091	0.004718	29.7
442	-0.883776	228.623096	0.005838	30.9
443	-0.044391	228.370846	0.000958	30.1
444	-0.379431	228.119336	0.003622	30.9
445	-0.244500	227.868563	0.002022	30.5
446	-0.569660	227.618525	0.004983	30.7
447	-0.000149	227.369216	0.000035	30.8
448	-0.733806	227.120635	0.006146	29.3
449	-0.732438	226.872777	0.005468	30.4
450	-0.517014	226.625638	0.005685	31.5
451	-0.073975	226.379217	0.001281	31.4
452	-0.349655	226.133509	0.004093	30.6
453	0.000000	225.888510	0.000000	29.8
454	-0.313278	225.644218	0.003611	30.3
455	-0.896504	225.400630	0.007858	31.4
456	-0.421036	225.157741	0.006421	30.0
457	-0.604651	224.915549	0.004099	31.6
458	0.000000	224.674051	0.000000	30.5
459	-0.852826	224.433242	0.006702	30.0
460	-0.239981	224.193121	0.005505	29.9
461	-0.000000	223.953684	0.000000	30.9
462	0.000000	223.714927	0.000000	30.5
463	0.000000	223.476848	0.000000	30.3
464	-0.783180	223.239444	0.007550	30.2
465	-0.677357	223.002710	0.005497	31.1
466	-0.459117	222.766645	0.006747	30.4
467	-0.631065	222.531245	0.006289	31.8
468	-0.668614	222.296508	0.004988	31.5
469	-0.592122	222.062429	0.004353	30.7
470	-0.286449	221.829007	0.004393	30.5
471	-0.514626	221.596238	0.005542	30.6
472	-0.842789	221.364119	0.006242	29.9
473	-0.455604	221.132647	0.007140	29.5
474	0.000000	220.901820	0.000000	30.2
475	-0.046589	220.671634	0.001383	30.9
476	-0.673147	220.442086	0.005664	30.1
477	-0.450401	220.213174	0.004435	30.3
478	-0.436968	219.984895	0.005266	30.4
479	-0.705724	219.757246	0.004394	29.4
480	-0.623528	219.530224	0.006370	32.2
481	-0.478682	219.303826	0.007327	32.0
482	-0.680596	219.078050	0.004606	32.2
483	0.000000	218.852893	0.000000	31.6
484	-0.003684	218.628352	0.000153	30.4
485	-0.136695	218.404424	0.001715	30.7
486	-0.723187	218.181106	0.008359	30.8
487	0.000000	217.958397	0.000000	29.1
488	-0.746217	217.736292	0.006685	30.5
489	-0.260038	217.514790	0.002774	31.6
490	-0.035583	217.293888	0.001597	31.0
491	-0.000030	217.073584	0.000001	29.7
492	-0.484528	216.853873	0.006125	30.9
493	-0.212188	216.634755	0.004300	31.0
494	-0.158307	216.416227	0.003399	32.0
495	0.000000	216.198285	0.000000	31.4
496	-0.126735	215.980927	0.001971	30.5
497	-0.828999	215.764151	0.006653	31.3
498	-0.253369	215.547955	0.003147	30.3
499	-0.679904	215.332335	0.007072	29.9
500	-0.574991	215.117289	0.006761	29.8
501	-0.659606	214.902815	0.006323	30.5
502	-0.102529	214.688911	0.003327	30.5
503	-0.979395	214.475573	0.006960	30.7
504	-0.799787	214.262800	0.004814	31.4
505	0.000000	214.050588	0.000000	31.5
506	-0.084365	213.838936	0.001589	31.2
507	-0.183937	213.627842	0.002240	29.5
508	-0.701053	213.417302	0.005116	30.9
509	-0.588679	213.207314	0.006391	30.5
510	-0.707646	212.997877	0.005617	30.8
511	-0.791917	212.788987	0.008087	30.2
512	-0.431224	212.580642	0.005642	30.5
513	-0.048563	212.372841	0.001181	30.2
514	0.000000	212.165581	0.000000	31.6
515	-0.759876	211.958859	0.005178	30.1
516	-0.957926	211.752673	0.006489	30.5
517	-0.356185	211.547021	0.005235	31.3
518	-0.051813	211.341902	0.002862	31.0
519	-0.001098	211.137311	0.000046	31.4
520	0.000000	210.933248	0.000000	30.1
521	-0.791464	210.729710	0.005766	30.2
522	-1.139394	210.526695	0.009127	32.4
523	-0.348526	210.324200	0.004978	30.5
524	-0.188259	210.122224	0.002742	31.1
525	-0.282744	209.920765	0.003087	31.1
526	-0.875364	209.719820	0.005568	30.5
527	-0.000038	209.519387	0.000060	29.9
528	-0.211629	209.319463	0.002867	30.7
529	-0.129028	209.120048	0.001993	31.3
530	-0.189958	208.921139	0.004538	30.7
531	-0.731681	208.722733	0.005264	31.0
532	-0.711167	208.524829	0.005357	30.8
533	0.000000	208.327425	0.000000	30.3
534	-0.664960	208.130518	0.005470	29.5
535	-0.669409	207.934107	0.005703	29.5
536	0.000000	207.738189	0.000000	30.6
537	0.000000	207.542762	0.000000	29.3
538	-0.000349	207.347825	0.000060	30.0
539	0.000000	207.153376	0.000000	30.4
540	-0.642398	206.959412	0.006206	32.3
541	0.000000	206.765932	0.000000	30.8
542	-0.488229	206.572933	0.004921	30.7
543	-0.849171	206.380414	0.004856	30.4
544	-0.023906	206.188373	0.001036	30.6
545	-0.417400	205.996807	0.005003	30.2
546	-0.542603	205.805716	0.006593	30.2
547	-0.487647	205.615096	0.006522	31.7
548	0.000000	205.424946	0.000000	30.6
549	-0.541283	205.235265	0.005488	31.2
550	-0.716705	205.046050	0.007449	30.1
551	-0.733154	204.857299	0.005413	30.3
552	-0.634489	204.669011	0.005381	30.1
553	-0.955014	204.481184	0.007299	30.7
554	-0.508625	204.293816	0.007071	31.2
555	-0.779876	204.106905	0.008694	31.1
556	-0.950567	203.920449	0.006440	30.8
557	-0.439219	203.734447	0.004496	30.5
558	0.000000	203.548896	0.000000	30.2
559	-0.831298	203.363795	0.007338	29.9
560	-0.974426	203.179143	0.006673	31.5
561	-0.669610	202.994937	0.007000	31.4
562	0.000000	202.811176	0.000000	32.2
563	-0.639064	202.627857	0.004237	30.9
564	-0.266491	202.444980	0.003454	30.0
565	-0.887244	202.262543	0.006918	30.4
566	-0.107282	202.080543	0.003672	32.4
567	-0.795941	201.898979	0.005843	33.4
568	-0.384226	201.717849	0.003452	30.0
569	-0.681920	201.537153	0.004630	31.1
570	-0.549486	201.356887	0.006072	31.1
571	-0.007072	201.177050	0.000905	30.7
572	0.000000	200.997642	0.000000	30.8
573	-0.942110	200.818659	0.006137	29.6
574	-0.536200	200.640100	0.006526	31.1
575	-0.455866	200.461965	0.005431	29.5
576	0.000000	200.284250	0.000000	30.8
577	-0.652481	200.106955	0.006921	30.3
578	-0.882345	199.930078	0.005196	30.5
579	-0.000752	199.753617	0.000024	29.4
580	-0.010304	199.577571	0.000442	30.4
581	-0.007202	199.401938	0.000168	29.8
582	-0.771951	199.226717	0.004621	31.0
583	-0.810671	199.051905	0.006251	31.0
584	-0.255749	198.877502	0.005267	31.2
585	0.000000	198.703506	0.000000	30.7
586	-0.430188	198.529916	0.004112	30.0
587	-0.625753	198.356729	0.007628	33.6
588	-0.498881	198.183944	0.006344	30.2
589	-0.255587	198.011560	0.003558	31.6
590	-0.436646	197.839576	0.006165	30.6
591	-0.150768	197.667989	0.003042	30.2
592	0.000000	197.496798	0.000000	30.0
593	-0.727059	197.326002	0.007047	30.7
594	-0.000158	197.155600	0.000139	30.7
595	-0.540548	196.985589	0.005120	28.9
596	-0.225897	196.815969	0.003421	30.0
597	-0.459140	196.646738	0.006700	29.3
598	-0.745503	196.477894	0.004561	31.5
599	0.000000	196.309436	0.000000	29.9
600	-0.001938	196.141363	0.000059	31.0
601	-0.856392	195.973673	0.005861	32.0
602	-0.987622	195.806365	0.006850	30.0
603	0.000000	195.639437	0.000000	30.6
604	-0.343366	195.472888	0.002744	31.9
605	-0.932642	195.306717	0.007010	30.9
606	-0.039154	195.140922	0.000534	29.6
607	0.000000	194.975501	0.000000	30.2
608	0.000000	194.810454	0.000000	30.4
609	-0.795128	194.645779	0.004804	31.4
610	-0.934059	194.481475	0.007604	30.6
611	-0.576624	194.317540	0.005798	29.8
612	-0.569899	194.153973	0.004524	31.0
613	-0.182186	193.990773	0.002301	29.8
614	0.000000	193.827938	0.000000	30.7
615	0.000000	193.665467	0.000000	30.6
616	0.000000	193.503358	0.000000	30.8
617	-0.847606	193.341611	0.005752	30.1
618	-0.072043	193.180224	0.002394	31.7
619	-0.238346	193.019196	0.005584	31.4
620	-0.311150	192.858525	0.002804	30.6
621	-0.295023	192.698210	0.003454	31.5
622	-0.870261	192.538251	0.006823	31.1
623	-0.004844	192.378644	0.000244	31.1
624	-0.548833	192.219391	0.006483	30.5
625	-0.748504	192.060488	0.006165	29.9
626	-0.633871	191.901935	0.007040	31.2
627	-0.497724	191.743730	0.007008	31.2
628	-0.133625	191.585873	0.003038	30.5
629	-0.690859	191.428362	0.005904	30.7
630	-0.711892	191.271196	0.004955	30.2
631	0.000000	191.114374	0.000000	30.1
632	-0.974514	190.957893	0.007035	28.7
633	-0.802711	190.801755	0.007871	31.0
634	-0.338178	190.645956	0.005568	30.7
635	-0.923596	190.490495	0.007001	29.9
636	-0.033481	190.335373	0.000190	30.6
637	-0.619368	190.180587	0.005732	31.0
638	-0.613717	190.026136	0.005412	29.7
639	-0.000000	189.872019	0.000000	30.8
640	0.000000	189.718235	0.000000	30.9
641	-0.728564	189.564782	0.006138	30.6
642	-0.053862	189.411661	0.000525	30.3
643	-0.653478	189.258868	0.008838	30.3
644	-0.418818	189.106404	0.004241	31.3
645	-0.144544	188.954267	0.002268	30.9
646	-0.811039	188.802456	0.005451	31.6
647	-0.787886	188.650969	0.004745	30.9
648	-0.787870	188.499807	0.005653	30.3
649	0.000000	188.348967	0.000000	30.3
650	-0.267590	188.198448	0.003686	30.2
651	-0.253683	188.048250	0.004180	29.7
652	-0.725485	187.898371	0.007597	31.2
653	-0.076066	187.748810	0.002063	31.9
654	-0.576810	187.599566	0.006543	30.6
655	0.000000	187.450638	0.000000	30.9
656	-0.664598	187.302025	0.004640	30.5
657	0.000000	187.153725	0.000000	31.2
658	-0.835755	187.005739	0.007418	31.6
659	-0.689692	186.858064	0.007399	30.1
660	-0.875782	186.710699	0.006903	30.7
661	-0.355162	186.563645	0.003361	30.2
662	0.000000	186.416898	0.000000	29.0
663	0.000000	186.270459	0.000000	30.4
664	-0.702691	186.124326	0.004009	29.4
665	-0.525813	185.978499	0.005425	29.8
666	-1.002746	185.832976	0.007145	30.7
667	-0.566775	185.687756	0.006748	30.6
668	-0.868976	185.542838	0.007514	30.2
669	-0.820191	185.398222	0.005143	30.2
670	-0.946491	185.253906	0.007660	31.0
671	0.000000	185.109889	0.000000	35.3
672	-0.705589	184.966170	0.005964	55.7
673	0.000000	184.822748	0.000000	37.7
674	0.000000	184.679623	0.000000	30.8
675	-0.433895	184.536792	0.006047	32.0
676	-0.552582	184.394256	0.006253	31.7
677	-0.357571	184.252013	0.002880	30.9
678	0.000000	184.110062	0.000000	30.2
679	-0.765387	183.968403	0.005918	29.8
680	-0.892359	183.827034	0.007126	30.7
681	-0.373668	183.685954	0.006281	29.4
682	-0.495992	183.545163	0.005294	30.6
683	-0.024400	183.404658	0.000673	31.2
684	-0.162492	183.264441	0.002297	31.8
685	-0.569081	183.124509	0.005548	30.7
686	-0.469875	182.984861	0.004826	31.4
687	-0.694059	182.845497	0.007705	30.5
688	0.000000	182.706416	0.000000	30.7
689	0.000000	182.567616	0.000000	30.2
690	0.000000	182.429098	0.000000	30.7
691	-0.496245	182.290859	0.004770	31.8
692	-0.344787	182.152899	0.003181	31.6
693	-0.648409	182.015217	0.006870	31.1
694	-0.473629	181.877813	0.004042	30.6
695	0.000000	181.740684	0.000000	30.8
696	-0.480555	181.603832	0.004741	30.2
697	0.000000	181.467253	0.000000	30.1
698	-0.274164	181.330948	0.002979	30.7
699	-0.245256	181.194916	0.002303	30.7
700	-0.709198	181.059155	0.006519	31.0
701	0.000000	180.923666	0.000000	30.2
702	-1.047454	180.788446	0.007647	31.1
703	0.000000	180.653496	0.000000	29.5
704	-0.799862	180.518814	0.007415	29.6
705	-0.211332	180.384399	0.003517	30.0
706	-0.158051	180.250251	0.003058	31.2
707	-0.804193	180.116369	0.007411	30.3
708	-0.915221	179.982752	0.006120	31.1
709	-0.541439	179.849398	0.005752	30.5
710	-0.640038	179.716308	0.006688	31.7
711	-0.663244	179.583480	0.006442	31.1
712	-0.737095	179.450913	0.006187	30.1
713	-0.584873	179.318607	0.006122	31.5
714	-0.667474	179.186561	0.006692	31.5
715	-0.537596	179.054774	0.003858	29.9
716	-0.848894	178.923245	0.006308	30.5
717	-0.143684	178.791973	0.002770	31.3
718	-0.712685	178.660958	0.008038	30.0
719	-0.617727	178.530199	0.005809	30.5
720	-0.916126	178.399694	0.006678	32.5
721	0.000000	178.269444	0.000000	30.5
722	-0.513522	178.139447	0.005236	31.0
723	-0.475866	178.009702	0.006966	32.1
724	-0.038690	177.880209	0.000682	31.1
725	-0.445812	177.750967	0.005280	31.7
726	-0.557674	177.621975	0.006507	30.0
727	-0.636879	177.493232	0.003930	31.2
728	-0.220628	177.364738	0.002717	30.0
729	-0.751925	177.236492	0.007406	30.4
730	-0.896361	177.108492	0.005820	30.0
731	-0.904218	176.980739	0.007393	30.9
732	-0.052115	176.853231	0.001546	30.7
733	-0.722122	176.725968	0.006861	31.5
734	-0.469243	176.598949	0.006462	31.1
735	-0.104462	176.472173	0.001877	29.6
736	-0.483974	176.345639	0.005519	29.9
737	-0.258104	176.219348	0.003133	30.7
738	0.000000	176.093296	0.000000	31.9
739	-0.425906	175.967486	0.006408	30.5
740	-0.222598	175.841914	0.002220	30.8
741	-0.703055	175.716581	0.005287	32.7
742	0.000000	175.591486	0.000000	30.5
743	-0.387674	175.466629	0.005594	32.1
744	-0.785713	175.342008	0.005445	30.7
745	0.000000	175.217622	0.000000	30.6
746	-0.732299	175.093472	0.007292	30.2
747	-0.306621	174.969556	0.003684	28.5
748	-0.877055	174.845873	0.006064	33.1
749	-0.902350	174.722423	0.008548	31.0
750	-0.915163	174.599206	0.006259	31.0
751	-0.013687	174.476220	0.000518	30.2
752	-0.686512	174.353464	0.007674	30.1
753	-0.071455	174.230939	0.001034	31.0
754	-0.477324	174.108643	0.004007	32.2
755	-0.151865	173.986576	0.002963	32.6
756	-0.860276	173.864737	0.005723	30.0
757	-0.081797	173.743124	0.002497	30.7
758	-0.274334	173.621739	0.004506	30.5
759	0.000000	173.500579	0.000000	30.4
760	-0.238324	173.379645	0.003309	29.7
761	0.000000	173.258935	0.000000	29.7
762	-0.897774	173.138449	0.007523	31.3
763	-0.051127	173.018186	0.001468	29.8
764	-0.456122	172.898146	0.007437	30.9
765	-0.421113	172.778327	0.005123	32.2
766	-0.897467	172.658730	0.007570	32.4
767	-0.047536	172.539353	0.000522	30.9
768	-0.591575	172.420196	0.005334	30.5
769	0.000000	172.301258	0.000000	32.1
770	-0.543751	172.182539	0.005765	29.1
771	-0.395521	172.064037	0.003390	31.9
772	-0.419440	171.945753	0.004734	31.2
773	-0.749997	171.827686	0.006849	33.3
774	-0.682625	171.709834	0.006124	33.4
775	0.000000	171.592198	0.000000	31.3
776	-0.802799	171.474776	0.005181	30.8
777	-0.082603	171.357568	0.001969	30.9
778	-0.378541	171.240574	0.005086	32.0
779	0.000000	171.123793	0.000000	30.6
780	-0.644204	171.007223	0.006535	32.2
781	-0.735148	170.890865	0.006510	31.5
782	-0.008671	170.774718	0.000237	30.2
783	0.000000	170.658782	0.000000	30.1
784	-0.453800	170.543055	0.005861	30.1
785	-0.013114	170.427537	0.001225	30.4
786	-0.026256	170.312227	0.000981	30.9
787	-0.819624	170.197125	0.007149	31.1
788	-0.075143	170.082231	0.002077	30.9
789	-0.792636	169.967543	0.006068	31.3
790	-0.895184	169.853061	0.007094	30.2
791	-0.133689	169.738784	0.003335	30.9
792	-0.853438	169.624713	0.006552	30.7
793	0.000000	169.510845	0.000000	30.7
794	-0.274110	169.397181	0.003718	30.4
795	-0.412695	169.283720	0.003753	29.3
796	-0.642048	169.170462	0.005783	31.1
797	0.000000	169.057405	0.000000	30.7
798	-0.816904	168.944549	0.004760	31.2
799	0.000000	168.831895	0.000000	30.9
800	-0.707077	168.719440	0.004901	31.8
801	0.000000	168.607185	0.000000	30.7
802	-0.028113	168.495129	0.000246	30.3
803	-0.396658	168.383271	0.005312	30.1
804	-0.008474	168.271611	0.000598	30.6
805	-0.795226	168.160148	0.005152	30.5
806	-0.588171	168.048882	0.004976	32.0
807	-0.688470	167.937812	0.005278	31.9
808	-0.886617	167.826938	0.005146	30.9
809	-0.632241	167.716258	0.006832	30.5
810	-0.405832	167.605773	0.004125	30.4
811	-0.760187	167.495482	0.006049	29.9
812	-0.696058	167.385384	0.007045	31.2
813	-0.053491	167.275479	0.001865	30.3
814	-0.666293	167.165766	0.005186	31.2
815	-0.841628	167.056245	0.005487	30.7
816	-0.117737	166.946915	0.001185	31.3
817	0.000000	166.837776	0.000000	31.6
818	-0.890431	166.728826	0.007161	29.4
819	0.000000	166.620067	0.000000	30.8
820	-0.905185	166.511496	0.006013	30.7
821	0.000000	166.403113	0.000000	30.6
822	0.000000	166.294919	0.000000	30.2
823	-0.663653	166.186912	0.005811	31.4
824	-0.868194	166.079091	0.006080	31.9
825	-0.477054	165.971458	0.003432	30.9
826	-0.447152	165.864009	0.004932	30.8
827	-0.030546	165.756747	0.000912	30.3
828	-0.845516	165.649669	0.005057	30.2
829	-0.171728	165.542775	0.002555	30.5
830	0.000000	165.436065	0.000000	30.3
831	-0.424057	165.329538	0.005634	29.4
832	-0.959746	165.223194	0.007002	30.3
833	-0.005407	165.117032	0.000758	29.7
834	-0.564189	165.011052	0.007211	31.4
835	-0.896832	164.905253	0.007945	31.3
836	0.000000	164.799635	0.000000	31.3
837	-0.838400	164.694197	0.006886	30.2
838	-0.808598	164.588939	0.006437	31.1
839	-0.215386	164.483859	0.003967	30.7
840	-0.001383	164.378959	0.000220	29.4
841	-0.813573	164.274237	0.005709	30.7
842	-0.043522	164.169692	0.002247	30.6
843	-0.459682	164.065325	0.005625	31.1
844	-0.692193	163.961135	0.007323	31.6
845	-0.601242	163.857120	0.006517	31.1
846	-0.736000	163.753282	0.006038	31.4
847	-0.159479	163.649619	0.002068	30.1
848	-0.000032	163.546130	0.000013	31.4
849	-0.788407	163.442816	0.004435	29.4
850	-0.287381	163.339676	0.004170	30.1
851	-0.766429	163.236709	0.006013	29.9
852	-0.620271	163.133915	0.006223	30.6
853	-0.000000	163.031294	0.000000	30.3
854	0.000000	162.928844	0.000000	30.3
855	0.000000	162.826566	0.000000	30.4
856	0.000000	162.724459	0.000000	30.5
857	0.000000	162.622523	0.000000	31.1
858	-0.933027	162.520757	0.005956	30.2
859	-0.370401	162.419160	0.003909	31.6
860	-0.772753	162.317733	0.008506	31.4
861	-0.893096	162.216474	0.005247	31.5
862	0.000000	162.115383	0.000000	31.5
863	-0.755374	162.014461	0.004950	28.4
864	0.000000	161.913705	0.000000	30.7
865	-0.000000	161.813117	0.000000	30.0
866	0.000000	161.712695	0.000000	30.5
867	-0.486795	161.612439	0.005862	30.6
868	-0.851202	161.512349	0.006291	30.5
869	-0.807757	161.412424	0.008152	30.6
870	0.000000	161.312663	0.000000	29.6
871	-0.001573	161.213067	0.000322	30.0
872	-0.312760	161.113635	0.004797	31.4
873	-0.652353	161.014366	0.005532	32.6
874	-0.627784	160.915260	0.004725	31.0
875	0.000000	160.816316	0.000000	31.1
876	-0.918147	160.717535	0.006555	31.1
877	-0.709666	160.618915	0.005904	32.3
878	-0.758007	160.520456	0.006104	30.0
879	-0.500270	160.422158	0.003356	30.1
880	-0.645075	160.324021	0.006609	30.1
881	-1.090073	160.226043	0.006857	30.5
882	-0.858150	160.128225	0.005577	30.2
883	-0.014905	160.030566	0.000412	29.7
884	-0.016184	159.933066	0.001326	30.9
885	-0.192591	159.835723	0.005727	31.5
886	-0.463132	159.738539	0.006360	30.9
887	-0.587296	159.641512	0.004773	30.5
888	-0.732368	159.544642	0.005673	31.1
889	-0.828269	159.447929	0.005171	30.3
890	-0.754663	159.351372	0.004271	30.3
891	-0.380842	159.254971	0.004667	31.0
892	-0.138922	159.158725	0.003204	30.6
893	-0.288540	159.062634	0.003074	30.4
894	-0.401315	158.966697	0.004960	30.8
895	-0.000007	158.870915	0.000017	30.3
896	-0.425501	158.775286	0.003927	28.8
897	-0.693333	158.679811	0.005253	30.6
898	0.000000	158.584489	0.000000	30.4
899	-0.004443	158.489319	0.000541	30.8
900	-0.853262	158.394302	0.005907	31.5
901	0.000000	158.299436	0.000000	32.2
902	-0.578988	158.204721	0.006094	29.1
903	-0.887049	158.110158	0.008443	30.4
904	-0.919399	158.015745	0.007718	30.8
905	-0.702646	157.921482	0.007352	30.4
906	-0.139661	157.827369	0.002129	29.7
907	-0.433523	157.733406	0.003465	30.3
908	-0.193684	157.639591	0.002506	32.3
909	-0.534298	157.545925	0.006244	30.4
910	-0.342754	157.452408	0.004870	32.0
911	-0.664328	157.359038	0.007485	30.3
912	-0.580145	157.265816	0.006733	31.0
913	-0.763836	157.172741	0.005440	31.1
914	-0.389229	157.079813	0.004865	30.2
915	-0.000004	156.987031	0.000000	31.0
916	-0.434603	156.894395	0.005256	31.5
917	-0.534001	156.801904	0.005725	30.8
918	-0.339081	156.709559	0.004942	31.9
919	-0.025172	156.617359	0.000261	30.0
920	-0.747851	156.525304	0.006040	31.1
921	-0.789219	156.433392	0.005376	30.3
922	-0.196639	156.341624	0.003355	31.1
923	-0.512951	156.250000	0.005798	30.9
924	-0.339207	156.158519	0.003577	30.1
925	-0.457063	156.067180	0.004867	30.1
926	-0.024390	155.975984	0.001673	33.0
927	0.000000	155.884930	0.000000	31.0
928	-0.770426	155.794017	0.005475	30.6
929	-0.992839	155.703246	0.007109	31.2
930	-0.404552	155.612615	0.003648	31.9
931	-0.587076	155.522125	0.005549	31.3
932	-0.854428	155.431775	0.007184	30.8
933	-0.777813	155.341565	0.007371	31.4
934	-0.844092	155.251495	0.005525	30.0
935	-0.478908	155.161563	0.005931	29.8
936	-0.941449	155.071771	0.007791	30.9
937	-0.768579	154.982117	0.006288	30.1
938	-0.644920	154.892601	0.005588	30.0
939	-0.821759	154.803222	0.005044	29.3
940	-0.414346	154.713981	0.005797	30.9
941	0.000000	154.624878	0.000000	31.1
942	-0.902632	154.535910	0.006052	31.1
943	-0.000003	154.447080	0.000005	32.4
944	-0.332344	154.358385	0.003410	32.5
945	-0.486593	154.269826	0.006597	30.4
946	-0.158909	154.181402	0.001941	30.0
947	-0.535062	154.093114	0.004266	30.8
948	-0.688348	154.004960	0.006113	29.3
949	-0.315488	153.916940	0.004191	31.9
950	0.000000	153.829054	0.000000	32.7
951	0.000000	153.741303	0.000000	30.9
952	-0.298872	153.653684	0.005190	32.9
953	-0.870132	153.566198	0.006413	33.4
954	-0.056598	153.478846	0.002241	32.4
955	-0.800345	153.391625	0.006015	32.7
956	0.000000	153.304537	0.000000	31.4
957	-0.690950	153.217580	0.005339	32.3
958	0.000000	153.130755	0.000000	32.3
959	-0.675204	153.044061	0.003967	32.8
960	0.000000	152.957498	0.000000	29.7
961	-0.856877	152.871065	0.005933	30.3
962	-0.498119	152.784762	0.006411	31.1
963	-0.789476	152.698589	0.005622	29.9
964	-0.590891	152.612545	0.006451	30.1
965	-0.668148	152.526631	0.007014	30.8
966	-0.841644	152.440845	0.008337	29.2
967	0.000000	152.355188	0.000000	31.2
968	-0.478364	152.269660	0.004412	31.3
969	-0.429122	152.184259	0.004941	30.4
970	-0.293199	152.098986	0.005141	30.5
971	0.000000	152.013840	0.000000	30.5
972	-0.610612	151.928821	0.006357	30.8
973	-1.109593	151.843928	0.006756	29.3
974	-0.783516	151.759163	0.007319	32.0
975	0.000000	151.674523	0.000000	31.5
976	-0.658613	151.590009	0.006225	29.7
977	-0.786852	151.505620	0.005869	30.9
978	-0.022627	151.421357	0.001017	31.1
979	-0.760976	151.337218	0.004546	29.9
980	0.000000	151.253204	0.000000	28.2
981	-0.314796	151.169314	0.005253	30.1
982	0.000000	151.085549	0.000000	32.2
983	-0.286928	151.001907	0.003559	29.7
984	-0.725220	150.918388	0.004872	30.7
985	-0.764402	150.834992	0.005068	30.2
986	0.000000	150.751719	0.000000	30.4
987	-0.655874	150.668569	0.005370	30.1
988	-0.863289	150.585541	0.008762	30.6
989	-0.573169	150.502634	0.005833	30.6
990	-0.565154	150.419849	0.005470	29.7
991	0.000000	150.337186	0.000000	30.5
992	0.000000	150.254644	0.000000	31.7
993	0.000000	150.172222	0.000000	30.1
994	-0.707088	150.089921	0.006079	32.2
995	-0.320990	150.007740	0.002963	30.0
996	-0.330601	149.925679	0.003044	30.7
997	-0.747260	149.843737	0.005953	30.3
998	-0.136944	149.761915	0.002313	29.3
999	-0.001620	149.680212	0.000061	31.5
1000	-0.682141	149.598627	0.006145	30.8
1001	-0.921564	149.517161	0.006650	30.6
1002	0.000000	149.435814	0.000000	29.0
1003	0.000000	149.354584	0.000000	30.6
1004	-0.348481	149.273472	0.003483	31.2
1005	-0.926160	149.192477	0.006170	30.6
1006	-0.701835	149.111599	0.006739	29.7
1007	-0.921739	149.030838	0.005584	32.0
1008	-0.564180	148.950194	0.006766	30.3
1009	-0.937573	148.869666	0.006124	30.3
1010	0.000000	148.789253	0.000000	31.7
1011	-0.750999	148.708957	0.006681	30.8
1012	-0.208584	148.628776	0.002640	30.3
1013	-0.000000	148.548710	0.000000	31.4
1014	-0.802076	148.468759	0.004850	30.9
1015	-0.849017	148.388923	0.005970	29.9
1016	0.000000	148.309201	0.000000	31.1
1017	-0.585628	148.229594	0.007819	29.6
1018	-0.851459	148.150100	0.005526	31.3
1019	0.000000	148.070719	0.000000	30.2
1020	-0.047444	147.991452	0.001216	30.9
1021	-0.069734	147.912298	0.000343	29.6
1022	-0.345558	147.833257	0.004350	30.0
1023	-0.717257	147.754329	0.005407	30.6
1024	-0.848697	147.675512	0.005671	31.1
1025	-0.005653	147.596808	0.000301	30.0
1026	-0.550041	147.518216	0.008775	30.5
1027	-0.806676	147.439735	0.007922	29.9
1028	-0.707788	147.361365	0.005478	31.3
1029	-0.890818	147.283106	0.006289	30.5
1030	-0.804648	147.204958	0.008003	30.6
1031	-0.000205	147.126920	0.000008	32.2
1032	0.000000	147.048993	0.000000	30.7
1033	-0.002137	146.971175	0.000148	31.0
1034	-0.224660	146.893468	0.003400	29.9
1035	0.000000	146.815869	0.000000	30.8
1036	-0.784446	146.738380	0.004941	31.2
1037	-0.825995	146.661000	0.005792	31.3
1038	-0.353132	146.583729	0.002432	31.1
1039	-0.816446	146.506566	0.007349	31.4
1040	-0.007922	146.429511	0.000081	30.9
1041	-0.520687	146.352565	0.007197	31.3
1042	-0.545270	146.275726	0.005891	30.2
1043	-0.409340	146.198994	0.006923	30.8
1044	-0.816239	146.122370	0.007278	28.8
1045	0.000000	146.045853	0.000000	31.5
1046	-0.888710	145.969442	0.006064	30.9
1047	-0.515925	145.893139	0.004601	31.5
1048	0.000000	145.816941	0.000000	30.5
1049	-0.754304	145.740849	0.004000	31.5
1050	-0.249296	145.664863	0.005421	30.1
1051	-0.343860	145.588983	0.003299	30.9
1052	-1.021036	145.513208	0.008728	31.9
1053	-1.009452	145.437538	0.006608	31.1
1054	0.000000	145.361973	0.000000	29.7
1055	-0.006605	145.286513	0.000499	30.1
1056	0.000000	145.211157	0.000000	30.0
1057	-0.729656	145.135905	0.005315	30.4
1058	-0.653765	145.060757	0.006985	29.1
1059	0.000000	144.985712	0.000000	31.0
1060	-0.481638	144.910771	0.004061	30.0
1061	-0.275896	144.835934	0.004531	29.7
1062	-0.028407	144.761199	0.003944	30.3
1063	-0.413599	144.686567	0.002508	31.3
1064	-0.506844	144.612037	0.005500	29.8
1065	-0.774963	144.537610	0.006765	30.6
1066	0.000000	144.463285	0.000000	31.2
1067	-0.241993	144.389062	0.003005	30.8
1068	-0.643407	144.314940	0.005225	30.5
1069	-0.631654	144.240920	0.007709	30.3
1070	-0.217824	144.167001	0.003692	29.6
1071	-0.000000	144.093182	0.000000	30.5
1072	-0.553581	144.019465	0.006529	31.9
1073	-0.410117	143.945848	0.005347	31.1
1074	0.000000	143.872331	0.000000	30.6
1075	-0.536950	143.798914	0.004927	29.9
1076	-0.041400	143.725597	0.001640	31.0
1077	-0.765910	143.652380	0.005241	29.4
1078	-0.524126	143.579262	0.005392	30.6
1079	-0.522530	143.506243	0.006786	30.3
1080	-0.896667	143.433323	0.007093	33.2
1081	0.000000	143.360502	0.000000	32.1
1082	-0.090424	143.287780	0.002140	30.6
1083	-0.389297	143.215155	0.004885	31.8
1084	-0.827555	143.142629	0.005946	30.1
1085	-0.788389	143.070201	0.005245	30.3
1086	-0.548661	142.997870	0.005832	30.8
1087	0.000000	142.925637	0.000000	29.8
1088	-0.658937	142.853501	0.007401	55.3
1089	-0.701298	142.781462	0.004303	31.1
1090	-0.339945	142.709519	0.004691	36.1
1091	-0.322414	142.637674	0.004581	32.3
1092	0.000000	142.565924	0.000000	33.5
1093	0.000000	142.494271	0.000000	37.1
1094	0.000000	142.422714	0.000000	33.2
1095	-0.233824	142.351252	0.002727	32.6
1096	-0.228025	142.279886	0.002486	34.3
1097	-0.000093	142.208616	0.000024	32.5
1098	-0.797735	142.137440	0.007879	33.2
1099	-1.091656	142.066360	0.009111	34.0
1100	-1.100565	141.995374	0.008450	32.4
1101	-0.580107	141.924483	0.005227	30.6
1102	-0.676935	141.853685	0.005514	33.3
1103	-0.023249	141.782983	0.001054	31.1
1104	-0.911738	141.712373	0.007702	29.1
1105	0.000000	141.641858	0.000000	31.1
1106	-0.363829	141.571436	0.004854	31.2
1107	0.000000	141.501108	0.000000	29.8
1108	-0.005649	141.430872	0.001772	30.4
1109	-0.083266	141.360730	0.002456	31.2
1110	-0.001561	141.290680	0.000107	30.3
1111	-0.463686	141.220722	0.005132	30.7
1112	-0.038249	141.150857	0.000666	29.8
1113	-0.835421	141.081084	0.005940	31.4
1114	-0.606004	141.011403	0.006441	30.7
1115	0.000000	140.941813	0.000000	30.5
1116	-0.000000	140.872315	0.000000	29.7
1117	-0.892093	140.802909	0.005493	30.0
1118	-1.104091	140.733593	0.007969	30.7
1119	-0.133235	140.664369	0.001979	30.4
1120	0.000000	140.595235	0.000000	32.4
1121	0.000000	140.526192	0.000000	29.9
1122	0.000000	140.457239	0.000000	30.2
1123	0.000000	140.388376	0.000000	30.4
1124	-0.797686	140.319603	0.006373	28.9
1125	-0.503473	140.250920	0.006635	30.3
1126	-0.780097	140.182326	0.007682	30.9
1127	0.000000	140.113822	0.000000	29.0
1128	0.000000	140.045407	0.000000	31.2
1129	-0.474238	139.977081	0.005502	30.6
1130	0.000000	139.908844	0.000000	30.8
1131	-0.583631	139.840696	0.003447	30.3
1132	0.000000	139.772635	0.000000	30.4
1133	-0.528243	139.704664	0.006632	30.4
1134	0.000000	139.636780	0.000000	32.1
1135	-0.801271	139.568984	0.006729	30.6
1136	-0.721877	139.501276	0.007394	29.9
1137	-0.573509	139.433655	0.006298	29.8
1138	-0.942611	139.366122	0.008616	31.8
1139	0.000000	139.298676	0.000000	31.4
1140	-0.624696	139.231317	0.006941	30.0
1141	-0.744100	139.164045	0.004910	31.8
1142	-0.681015	139.096859	0.006204	31.5
1143	-0.564253	139.029760	0.006353	30.5
1144	0.000000	138.962747	0.000000	30.6
1145	-0.280177	138.895820	0.002104	30.6
1146	-0.844946	138.828978	0.005222	30.9
1147	-0.072861	138.762223	0.001361	30.7
1148	0.000000	138.695553	0.000000	30.3
1149	-0.000000	138.628969	0.000000	30.2
1150	-0.730875	138.562469	0.007113	30.4
1151	-0.654603	138.496055	0.004235	30.4
1152	-0.708174	138.429725	0.006766	30.0
1153	-0.714498	138.363481	0.007129	29.9
1154	-0.903846	138.297320	0.007736	30.8
1155	-0.921837	138.231244	0.006285	31.1
1156	-0.729865	138.165252	0.006463	29.6
1157	-0.931393	138.099344	0.008824	30.3
1158	-0.584514	138.033520	0.006476	30.3
1159	-0.654343	137.967779	0.006033	30.5
1160	0.000000	137.902122	0.000000	30.8
1161	-0.439878	137.836548	0.003901	30.4
1162	-0.859733	137.771057	0.005233	30.7
1163	-0.685135	137.705649	0.004550	31.4
1164	-0.416574	137.640324	0.006611	31.6
1165	-0.374241	137.575081	0.003622	32.0
1166	-0.368093	137.509921	0.004493	30.0
1167	0.000000	137.444842	0.000000	31.8
1168	-0.785374	137.379846	0.004605	30.1
1169	-0.574164	137.314932	0.006258	29.7
1170	-0.517047	137.250100	0.005464	30.7
1171	-0.453852	137.185349	0.003170	30.1
1172	-0.797148	137.120680	0.004725	29.7
1173	0.000000	137.056092	0.000000	31.6
1174	-0.492235	136.991585	0.004332	31.4
1175	-0.447721	136.927158	0.003407	31.2
1176	-0.361311	136.862813	0.004822	29.8
1177	-0.502615	136.798548	0.003705	30.9
1178	-0.609432	136.734363	0.004186	30.6
1179	-0.962039	136.670259	0.007007	30.0
1180	-0.088840	136.606235	0.001308	31.6
1181	-0.793679	136.542291	0.007890	30.9
1182	-0.055601	136.478426	0.002000	29.6
1183	-0.000483	136.414641	0.000650	29.4
1184	-0.696496	136.350936	0.004409	30.6
1185	-0.810950	136.287310	0.006698	29.5
1186	-0.349106	136.223763	0.002772	30.7
1187	-0.551628	136.160295	0.006600	30.0
1188	-0.216348	136.096905	0.002912	30.4
1189	-0.598316	136.033594	0.004710	31.5
1190	0.000000	135.970362	0.000000	31.4
1191	-0.785120	135.907208	0.006493	31.9
1192	-0.691716	135.844133	0.004411	30.6
1193	-0.986716	135.781135	0.006061	31.2
1194	-0.582740	135.718215	0.004714	30.0
1195	-0.125562	135.655373	0.003204	30.1
1196	-0.410358	135.592608	0.005568	30.4
1197	-0.064239	135.529921	0.003284	30.7
1198	0.000000	135.467311	0.000000	30.4
1199	-0.001201	135.404778	0.000174	31.6
1200	-0.828156	135.342322	0.005990	32.1
1201	-0.539275	135.279942	0.004680	30.4
1202	-0.021350	135.217640	0.000405	32.4
1203	-0.344612	135.155413	0.002724	30.6
1204	-0.022239	135.093263	0.000632	31.0
1205	-0.119231	135.031190	0.004055	31.2
1206	-0.668280	134.969192	0.005942	30.4
1207	-0.895067	134.907270	0.005293	31.4
1208	-0.615310	134.845424	0.006076	30.1
1209	-0.130662	134.783653	0.003396	30.7
1210	-0.903560	134.721958	0.005381	29.7
1211	-0.084846	134.660338	0.001764	30.2
1212	-0.778032	134.598793	0.006047	30.7
1213	-0.862460	134.537323	0.006677	30.7
1214	-0.799674	134.475927	0.007329	30.5
1215	-0.590604	134.414607	0.005947	30.6
1216	-0.711189	134.353361	0.006695	31.8
1217	-0.771325	134.292189	0.007029	30.2
1218	-0.818618	134.231092	0.005457	30.2
1219	-0.247328	134.170068	0.002090	30.6
1220	-0.833967	134.109119	0.006847	30.4
1221	-0.802562	134.048243	0.005684	30.7
1222	-0.518374	133.987441	0.006132	29.9
1223	-0.854444	133.926713	0.006859	31.7
1224	-0.385992	133.866057	0.004117	30.9
1225	-0.001014	133.805475	0.000087	30.6
1226	-0.242344	133.744966	0.003822	30.3
1227	0.000000	133.684530	0.000000	30.5
1228	-0.935184	133.624167	0.006750	29.7
1229	0.000000	133.563877	0.000000	29.7
1230	-0.587679	133.503658	0.005817	31.8
1231	-0.333349	133.443513	0.004643	28.6
1232	-0.761716	133.383439	0.006804	32.9
1233	-0.633677	133.323437	0.005908	32.4
1234	-0.848756	133.263508	0.006788	30.4
1235	0.000000	133.203650	0.000000	30.6
1236	-0.686651	133.143864	0.004723	29.7
1237	-0.812448	133.084149	0.006783	31.2
1238	0.000000	133.024506	0.000000	29.9
1239	-0.759541	132.964934	0.004895	30.6
1240	-0.842977	132.905433	0.006147	30.8
1241	-0.782060	132.846003	0.006100	31.0
1242	0.000000	132.786643	0.000000	31.5
1243	-0.821595	132.727355	0.005457	30.8
1244	-0.656626	132.668137	0.005252	30.0
1245	-0.184212	132.608989	0.002762	30.8
1246	-0.579408	132.549912	0.006004	30.3
1247	-0.467330	132.490904	0.004366	29.5
1248	-0.589352	132.431967	0.006798	30.9
1249	0.000000	132.373100	0.000000	29.0
1250	-0.911780	132.314302	0.006631	31.9
1251	-0.536410	132.255574	0.006466	30.4
1252	-0.708536	132.196916	0.007095	30.4
1253	-0.666760	132.138326	0.006178	30.8
1254	-0.630966	132.079806	0.006945	30.8
1255	0.000000	132.021355	0.000000	31.3
1256	-0.729802	131.962973	0.006440	31.4
1257	-0.511049	131.904660	0.006252	31.4
1258	-0.332022	131.846415	0.003634	31.6
1259	-0.784138	131.788239	0.006352	31.7
1260	-0.694234	131.730131	0.007814	30.0
1261	-0.000875	131.672092	0.000037	29.9
1262	-0.628237	131.614121	0.007832	30.4
1263	-0.917701	131.556217	0.006313	30.3
1264	-0.373537	131.498382	0.002755	32.2
1265	-0.254639	131.440614	0.005841	31.3
1266	-0.840643	131.382914	0.005483	30.4
1267	-0.807325	131.325282	0.005236	30.5
1268	0.000000	131.267717	0.000000	31.0
1269	-0.771512	131.210219	0.006064	29.5
1270	-0.605394	131.152788	0.006948	29.9
1271	-0.000011	131.095424	0.000005	30.5
1272	-0.032373	131.038127	0.002386	30.0
1273	-0.109900	130.980897	0.002648	31.0
1274	-0.012223	130.923733	0.000689	31.4
1275	-0.632669	130.866636	0.004343	31.9
1276	-0.172767	130.809605	0.002623	30.9
1277	-0.370751	130.752641	0.004586	30.5
1278	-0.000000	130.695742	0.000000	29.8
1279	0.000000	130.638910	0.000000	30.8
1280	-0.545662	130.582143	0.006780	30.5
1281	-0.871140	130.525442	0.005433	28.6
1282	-0.457909	130.468807	0.004316	30.5
1283	-0.709747	130.412237	0.005055	31.5
1284	0.000000	130.355733	0.000000	30.2
1285	0.000000	130.299294	0.000000	30.7
1286	-0.371007	130.242920	0.004933	30.3
1287	-1.074904	130.186611	0.007261	30.8
1288	-0.021628	130.130366	0.001153	30.1
1289	0.000000	130.074187	0.000000	31.0
1290	0.000000	130.018072	0.000000	31.7
1291	-0.149031	129.962022	0.002847	30.9
1292	-0.223769	129.906036	0.003449	30.2
1293	0.000000	129.850114	0.000000	30.7
1294	-0.027496	129.794257	0.001170	30.7
1295	-0.844541	129.738463	0.008764	30.0
1296	-0.705379	129.682734	0.007063	31.1
1297	-0.128928	129.627068	0.003147	31.2
1298	-0.401697	129.571466	0.003588	30.9
1299	-0.292889	129.515927	0.002495	30.3
1300	-0.151913	129.460452	0.001932	30.1
1301	-0.049915	129.405040	0.002277	29.8
1302	-0.833142	129.349692	0.007337	31.3
1303	-0.941960	129.294406	0.006363	30.2
1304	-0.869903	129.239183	0.005039	30.0
1305	-0.821774	129.184024	0.006382	31.0
1306	-0.033390	129.128927	0.000969	31.0
1307	-0.680519	129.073892	0.004205	32.1
1308	-0.512921	129.018921	0.006424	31.1
1309	-0.537452	128.964011	0.007198	29.9
1310	-0.645575	128.909164	0.005484	31.1
1311	-0.700651	128.854379	0.005723	30.8
1312	-0.035167	128.799656	0.000825	30.8
1313	0.000000	128.744995	0.000000	30.1
1314	0.000000	128.690396	0.000000	29.6
1315	-0.545905	128.635858	0.004323	31.5
1316	-0.205033	128.581382	0.003464	29.2
1317	-0.627833	128.526968	0.008361	30.3
1318	-0.727827	128.472615	0.005658	30.8
1319	-0.004296	128.418323	0.000222	30.3
1320	-0.727467	128.364092	0.005673	30.0
1321	-0.490466	128.309922	0.005320	30.3
1322	-0.070496	128.255814	0.001179	30.8
1323	-0.664002	128.201766	0.005177	30.8
1324	-0.007948	128.147778	0.000059	29.8
1325	-0.263391	128.093852	0.002259	30.4
1326	-0.638950	128.039985	0.007154	30.5
1327	-0.000000	127.986180	0.000000	31.5
1328	-0.445116	127.932434	0.005773	30.8
1329	-0.607658	127.878749	0.007469	31.6
1330	-0.000063	127.825123	0.000008	32.5
1331	0.000000	127.771558	0.000000	30.6
1332	0.000000	127.718052	0.000000	30.1
1333	0.000000	127.664606	0.000000	30.3
1334	-0.092119	127.611220	0.002753	31.5
1335	-0.422473	127.557893	0.002798	28.9
1336	-0.813163	127.504625	0.005560	31.7
1337	0.000000	127.451417	0.000000	31.1
1338	-0.694649	127.398268	0.006791	30.7
1339	-0.207612	127.345178	0.001923	30.0
1340	0.000000	127.292147	0.000000	31.6
1341	-0.353563	127.239175	0.003276	29.9
1342	-0.612077	127.186261	0.007477	30.3
1343	-0.893642	127.133407	0.007199	30.8
1344	0.000000	127.080610	0.000000	30.2
1345	-0.506194	127.027872	0.005440	30.3
1346	-0.714454	126.975193	0.006355	30.8
1347	-0.534043	126.922572	0.007990	31.2
1348	-0.169011	126.870008	0.002107	31.4
1349	-0.863715	126.817503	0.006253	32.5
1350	-1.033663	126.765056	0.007651	30.2
1351	-0.726475	126.712667	0.005085	30.0
1352	-0.547874	126.660335	0.005635	30.2
1353	-0.461079	126.608061	0.006083	30.1
1354	-0.217903	126.555844	0.003373	31.6
1355	-0.004300	126.503685	0.000000	30.8
1356	-0.123078	126.451583	0.001910	30.9
1357	-0.519096	126.399538	0.005237	30.6
1358	0.000000	126.347550	0.000000	30.5
1359	-0.534867	126.295619	0.005423	30.4
1360	-0.614783	126.243745	0.007170	30.2
1361	0.000000	126.191928	0.000000	31.3
1362	0.000000	126.140168	0.000000	32.2
1363	-0.698542	126.088464	0.007746	30.6
1364	-0.664975	126.036817	0.007746	31.0
1365	0.000000	125.985226	0.000000	31.1
1366	-0.093687	125.933691	0.001499	31.3
1367	-0.001002	125.882212	0.000021	28.9
1368	-0.010494	125.830790	0.000382	31.4
1369	-0.735782	125.779423	0.005619	31.1
1370	0.000000	125.728113	0.000000	32.2
1371	-0.000747	125.676858	0.000024	31.5
1372	-0.867763	125.625659	0.006010	29.2
1373	-0.035600	125.574515	0.001152	30.6
1374	-0.670267	125.523427	0.004438	31.0
1375	-0.546764	125.472394	0.004257	31.1
1376	-0.873590	125.421417	0.007451	30.7
1377	-0.499878	125.370495	0.005306	28.7
1378	-0.760593	125.319628	0.005822	30.8
1379	0.000000	125.268815	0.000000	30.3
1380	-0.134839	125.218058	0.002700	29.5
1381	-0.790019	125.167356	0.005924	30.1
1382	-0.096092	125.116708	0.002427	29.7
1383	-0.641655	125.066115	0.007241	30.9
1384	-0.412083	125.015576	0.002859	30.8
1385	-0.759858	124.965092	0.005637	32.0
1386	-0.755858	124.914662	0.004645	30.9
1387	-0.256791	124.864287	0.006357	29.8
1388	-0.486622	124.813965	0.005119	31.1
1389	-0.013544	124.763698	0.001134	30.7
1390	-0.234009	124.713485	0.003204	30.7
1391	-0.794651	124.663325	0.007208	30.2
1392	0.000000	124.613219	0.000000	30.7
1393	-0.552715	124.563167	0.005983	29.9
1394	-0.722619	124.513168	0.004931	30.9
1395	-0.602187	124.463223	0.007133	31.6
1396	-0.160459	124.413332	0.002323	30.1
1397	0.000000	124.363493	0.000000	30.6
1398	-0.507551	124.313708	0.005286	31.8
1399	-1.024374	124.263976	0.006480	31.6
1400	-0.810717	124.214297	0.005190	29.8
1401	-0.000000	124.164671	0.000000	30.8
1402	-0.824996	124.115097	0.005274	31.4
1403	-0.392383	124.065577	0.003824	31.3
1404	0.000000	124.016109	0.000000	30.1
1405	-0.505416	123.966693	0.004202	31.3
1406	-0.898507	123.917330	0.007709	29.9
1407	-0.673806	123.868020	0.007393	29.7
1408	0.000000	123.818762	0.000000	31.1
1409	-0.741570	123.769556	0.006107	31.2
1410	-0.485988	123.720402	0.005045	29.8
1411	-0.804525	123.671300	0.007094	30.7
1412	-0.525850	123.622250	0.005706	29.5
1413	0.000000	123.573252	0.000000	30.1
1414	0.000000	123.524305	0.000000	30.4
1415	-0.068792	123.475411	0.002180	30.4
1416	-0.340442	123.426568	0.005464	31.0
1417	-0.495605	123.377776	0.005981	30.7
1418	-0.636585	123.329036	0.005421	31.4
1419	-0.525274	123.280347	0.006831	30.4
1420	-0.001106	123.231709	0.000178	30.3
1421	-0.846531	123.183122	0.006948	30.7
1422	0.000000	123.134587	0.000000	30.3
1423	0.000000	123.086102	0.000000	30.9
1424	-0.167351	123.037669	0.002247	30.0
1425	-0.730660	122.989286	0.007583	29.8
1426	-0.782440	122.940954	0.007734	29.3
1427	-0.843379	122.892672	0.007289	33.2
1428	-0.871898	122.844441	0.007359	31.3
1429	-0.346501	122.796261	0.004802	30.5
1430	-0.741611	122.748130	0.006246	30.0
1431	-0.779916	122.700050	0.004457	30.7
1432	-0.744639	122.652021	0.006070	30.5
1433	0.000000	122.604041	0.000000	31.4
1434	-0.861839	122.556111	0.004876	30.8
1435	-0.714156	122.508232	0.004519	31.0
1436	-0.934528	122.460402	0.006942	29.6
1437	-0.231497	122.412622	0.003246	31.4
1438	0.000000	122.364891	0.000000	29.8
1439	-0.393242	122.317210	0.005198	29.9
1440	0.000000	122.269579	0.000000	31.8
1441	0.000000	122.221997	0.000000	31.2
1442	-0.001745	122.174465	0.000072	30.1
1443	-0.379264	122.126981	0.005509	30.5
1444	-0.640235	122.079547	0.006190	29.8
1445	-0.343883	122.032162	0.006075	30.7
1446	-0.055685	121.984826	0.002111	30.6
1447	-0.436358	121.937539	0.005204	30.8
1448	0.000000	121.890301	0.000000	30.9
1449	-0.001439	121.843112	0.000568	30.9
1450	-0.091067	121.795971	0.002019	31.1
1451	-0.315990	121.748879	0.003256	30.9
1452	-0.574428	121.701835	0.007021	30.2
1453	-0.805914	121.654840	0.007176	30.3
1454	-0.043809	121.607893	0.000767	30.2
1455	-0.078004	121.560994	0.002026	30.1
1456	0.000000	121.514144	0.000000	30.2
1457	-0.000056	121.467342	0.000005	31.1
1458	-0.818157	121.420588	0.006310	29.2
1459	-0.435211	121.373882	0.006368	33.2
1460	-0.894253	121.327223	0.006969	32.6
1461	-0.523621	121.280613	0.003844	31.1
1462	0.000000	121.234050	0.000000	30.9
1463	-0.679160	121.187535	0.003458	31.2
1464	0.000000	121.141067	0.000000	29.9
1465	-0.597341	121.094647	0.007414	30.2
1466	-0.610541	121.048274	0.005410	30.3
1467	-0.364893	121.001949	0.007812	32.2
1468	-0.447810	120.955671	0.004352	28.8
1469	-0.699162	120.909440	0.004454	31.3
1470	0.000000	120.863256	0.000000	30.0
1471	0.000000	120.817119	0.000000	29.5
1472	-0.954584	120.771029	0.008075	30.3
1473	-0.830123	120.724986	0.007026	31.2
1474	-0.698062	120.678990	0.006110	30.4
1475	0.000000	120.633040	0.000000	30.9
1476	-0.412421	120.587137	0.004066	30.0
1477	-0.008569	120.541281	0.000239	31.3
1478	-0.927588	120.495471	0.008190	30.4
1479	-0.854065	120.449707	0.005618	31.8
1480	-0.761445	120.403990	0.006224	31.6
1481	-0.502156	120.358319	0.004594	30.3
1482	-0.441911	120.312694	0.005258	30.3
1483	-0.582274	120.267115	0.005363	29.1
1484	0.000000	120.221582	0.000000	31.7
1485	-0.816748	120.176096	0.006673	29.7
1486	-0.701078	120.130655	0.005272	30.1
1487	-0.907753	120.085260	0.007617	31.0
1488	-0.664631	120.039910	0.004746	30.9
1489	-1.125711	119.994606	0.006828	29.8
1490	-0.705199	119.949348	0.006629	30.8
1491	-0.131403	119.904135	0.002184	31.6
1492	-0.770904	119.858968	0.006754	31.5
1493	-0.428816	119.813846	0.005069	31.1
1494	-0.657146	119.768769	0.006317	30.8
1495	-0.528643	119.723738	0.003400	32.1
1496	-0.896109	119.678752	0.005636	30.6
1497	-0.307094	119.633810	0.004543	28.9
1498	-0.007060	119.588914	0.000094	30.1
1499	-0.828169	119.544062	0.006942	30.6
1500	-0.460304	119.499256	0.005635	30.9
1501	-0.963528	119.454494	0.007047	31.5
1502	-0.011155	119.409777	0.000282	30.8
1503	-0.848550	119.365104	0.005999	30.3
1504	-0.805764	119.320476	0.006582	29.6
1505	-0.915450	119.275893	0.005549	31.5
1506	-0.265425	119.231353	0.005704	31.0
1507	-0.957247	119.186859	0.007997	30.1
1508	-0.669043	119.142408	0.006026	32.8
1509	-0.560331	119.098002	0.004944	30.6
1510	0.000000	119.053639	0.000000	30.5
1511	-0.064582	119.009321	0.000901	31.2
1512	-0.805832	118.965047	0.005905	29.4
1513	-0.034215	118.920816	0.002583	30.3
1514	-0.774045	118.876630	0.005861	30.6
1515	-0.875738	118.832487	0.005732	30.5
1516	-0.737773	118.788388	0.004113	30.3
1517	-0.113355	118.744332	0.002092	31.4
1518	-0.126678	118.700320	0.002647	31.6
1519	0.000000	118.656352	0.000000	32.4
1520	-0.305926	118.612427	0.004004	28.3
1521	0.000000	118.568545	0.000000	30.0
1522	-0.007228	118.524706	0.000234	31.2
1523	-0.000209	118.480911	0.000017	30.0
1524	-0.815031	118.437159	0.006843	32.6
1525	-0.000001	118.393450	0.000000	31.2
1526	-0.025623	118.349784	0.001755	31.4
1527	-1.067120	118.306160	0.008297	31.1
1528	-0.240297	118.262580	0.003330	30.9
1529	-0.858606	118.219042	0.006645	30.4
1530	0.000000	118.175548	0.000000	30.5
1531	-0.692348	118.132095	0.006947	30.5
1532	-0.010074	118.088686	0.000294	30.5
1533	-0.003755	118.045319	0.000187	30.8
1534	-1.061629	118.001994	0.007756	30.2
1535	-0.000713	117.958712	0.000027	30.0
1536	-0.476868	117.915472	0.002998	30.6
1537	-0.897489	117.872274	0.007456	31.8
1538	-0.378787	117.829118	0.005764	31.8
1539	-0.000005	117.786005	0.000001	30.3
1540	-0.895291	117.742933	0.006827	30.9
1541	-0.161837	117.699904	0.001984	30.5
1542	-0.900383	117.656916	0.006380	30.2
1543	-0.521831	117.613971	0.003798	32.2
1544	-0.431562	117.571067	0.004788	30.7
1545	0.000000	117.528205	0.000000	30.1
1546	-0.791456	117.485384	0.006033	32.5
1547	-0.743390	117.442605	0.006133	32.5
1548	-0.400509	117.399867	0.003041	34.3
1549	-0.743970	117.357171	0.005157	36.8
1550	0.000000	117.314517	0.000000	32.1
1551	-0.008193	117.271903	0.000282	37.0
1552	-0.958250	117.229331	0.007718	36.8
1553	-0.007978	117.186800	0.000219	33.4
1554	-0.849995	117.144311	0.006370	32.5
1555	-0.337464	117.101862	0.003870	31.6
1556	-0.723482	117.059454	0.004135	32.9
1557	0.000000	117.017087	0.000000	30.3
1558	-0.725220	116.974762	0.005038	30.2
1559	-0.765728	116.932476	0.009211	31.3
1560	-0.902968	116.890232	0.006605	30.7
1561	0.000000	116.848028	0.000000	30.1
1562	-0.800422	116.805865	0.005576	30.2
1563	-0.006411	116.763743	0.000234	31.5
1564	-0.420766	116.721661	0.005983	29.7
1565	-0.001148	116.679619	0.000085	28.9
1566	-0.609953	116.637618	0.006297	31.4
1567	-0.876040	116.595657	0.005272	30.7
1568	-0.305516	116.553736	0.003334	31.1
1569	-1.032156	116.511855	0.006788	31.6
1570	-0.735386	116.470015	0.006550	31.3
1571	-0.747192	116.428214	0.007239	30.5
1572	-0.000002	116.386454	0.000000	30.4
1573	-0.897191	116.344733	0.006725	30.3
1574	0.000000	116.303052	0.000000	30.3
1575	-0.687231	116.261412	0.004474	31.6
1576	-0.742078	116.219810	0.006603	31.9
1577	-0.382406	116.178249	0.004066	31.2
1578	-0.933208	116.136727	0.006061	29.3
1579	-0.010372	116.095245	0.000300	30.8
1580	-0.577353	116.053802	0.004777	31.3
1581	-0.501774	116.012398	0.004573	30.2
1582	-0.820022	115.971034	0.006728	29.6
1583	0.000000	115.929710	0.000000	30.3
1584	0.000000	115.888424	0.000000	30.5
1585	-0.000000	115.847178	0.000000	30.5
1586	-0.538518	115.805970	0.005893	30.7
1587	-0.166260	115.764802	0.001875	31.2
1588	-0.539456	115.723673	0.005619	33.6
1589	-0.026900	115.682583	0.001158	30.6
1590	-0.255562	115.641532	0.003207	30.1
1591	-0.002252	115.600519	0.003395	30.2
1592	-0.000000	115.559546	0.000000	30.1
1593	-0.725738	115.518610	0.006399	30.4
1594	0.000000	115.477714	0.000000	31.0
1595	-0.247588	115.436856	0.003874	30.1
1596	-0.171601	115.396037	0.003012	30.9
1597	-0.901490	115.355256	0.007097	31.5
1598	-0.682196	115.314514	0.007245	31.7
1599	-0.413394	115.273810	0.004272	31.8
1600	-0.391794	115.233144	0.004128	29.5
1601	-0.417019	115.192517	0.004352	30.5
1602	-0.904281	115.151927	0.006340	30.7
1603	-0.662707	115.111376	0.005816	30.2
1604	0.000000	115.070863	0.000000	30.5
1605	-0.668505	115.030388	0.005813	29.8
1606	-0.667644	114.989951	0.007437	29.8
1607	-0.891168	114.949551	0.005694	30.5
1608	-0.199520	114.909190	0.003517	30.4
1609	-1.063132	114.868866	0.008242	29.9
1610	-0.589844	114.828580	0.005945	30.4
1611	-0.836731	114.788332	0.005874	29.5
1612	-0.507879	114.748121	0.002919	30.6
1613	-0.780772	114.707948	0.006381	30.1
1614	-0.715674	114.667812	0.005427	31.9
1615	-0.716485	114.627714	0.006473	32.1
1616	-0.508398	114.587653	0.004423	31.0
1617	-0.845158	114.547629	0.006633	30.3
1618	-0.177345	114.507643	0.002838	30.3
1619	-0.349124	114.467693	0.004978	29.9
1620	-0.916101	114.427781	0.007111	31.2
1621	-0.525863	114.387907	0.006014	31.5
1622	-0.928314	114.348069	0.005484	29.7
1623	-1.109385	114.308268	0.008670	30.6
1624	-0.000000	114.268504	0.000000	30.0
1625	-0.808444	114.228777	0.008637	30.7
1626	-0.870307	114.189086	0.005820	29.9
1627	-0.720124	114.149433	0.004668	30.9
1628	-0.007611	114.109816	0.000182	31.3
1629	-0.951841	114.070235	0.006977	29.6
1630	-0.744704	114.030692	0.006600	30.1
1631	-0.787964	113.991185	0.004938	31.7
1632	-0.871287	113.951714	0.006454	31.7
1633	-0.532315	113.912280	0.005101	28.9
1634	0.000000	113.872882	0.000000	31.0
1635	-0.385650	113.833521	0.004399	30.8
1636	-0.524399	113.794195	0.007182	30.1
1637	-0.797803	113.754906	0.005909	30.6
1638	-0.000116	113.715653	0.000012	29.5
1639	-0.853189	113.676437	0.007268	31.1
1640	-0.869954	113.637256	0.005994	31.3
1641	-0.791115	113.598111	0.008166	30.3
1642	-0.820452	113.559002	0.007708	29.3
1643	-0.355776	113.519929	0.006209	31.3
1644	-0.703994	113.480892	0.007536	30.7
1645	-0.000448	113.441891	0.000092	31.4
1646	0.000000	113.402925	0.000000	31.7
1647	-0.940750	113.363995	0.006226	31.8
1648	-0.849619	113.325101	0.006748	31.3
1649	-0.027567	113.286242	0.001352	30.8
1650	-0.436837	113.247419	0.004945	30.1
1651	0.000000	113.208631	0.000000	30.2
1652	-0.589032	113.169879	0.005020	29.8
1653	-0.869294	113.131162	0.006433	33.8
1654	-0.700659	113.092480	0.005672	31.2
1655	-0.600711	113.053833	0.007548	31.5
1656	-0.000000	113.015222	0.000000	29.8
1657	0.000000	112.976646	0.000000	30.6
1658	-0.621658	112.938105	0.005290	30.1
1659	-0.026043	112.899599	0.001019	30.3
1660	-0.976215	112.861128	0.006157	30.0
1661	-0.904327	112.822692	0.006397	31.2
1662	0.000000	112.784291	0.000000	30.6
1663	-0.599200	112.745924	0.007840	31.2
1664	-0.256657	112.707593	0.002527	30.9
1665	-0.473262	112.669296	0.007057	31.1
1666	-0.836437	112.631034	0.003964	30.5
1667	-0.131335	112.592806	0.001929	30.5
1668	-0.778190	112.554613	0.007148	28.7
1669	-0.782037	112.516455	0.006187	31.4
1670	-0.720987	112.478331	0.005591	30.4
1671	-0.595412	112.440241	0.006995	31.8
1672	-0.360084	112.402186	0.004643	31.8
1673	-0.843074	112.364165	0.007687	29.2
1674	-0.490574	112.326179	0.006066	30.2
1675	-0.246540	112.288227	0.002981	31.6
1676	-0.468981	112.250309	0.005086	31.3
1677	-0.938995	112.212425	0.007916	31.0
1678	-0.561246	112.174575	0.004148	30.9
1679	-0.934690	112.136759	0.006370	30.9
1680	-0.000000	112.098977	0.000000	28.9
1681	-0.839419	112.061229	0.005345	31.3
1682	-0.853326	112.023515	0.005464	31.3
1683	-0.438788	111.985834	0.005596	30.1
1684	-0.865908	111.948188	0.005734	29.8
1685	-0.930887	111.910575	0.007993	31.8
1686	-0.148405	111.872996	0.002264	30.8
1687	0.000000	111.835450	0.000000	30.8
1688	-0.517178	111.797939	0.006022	30.9
1689	-0.552705	111.760460	0.004784	30.3
1690	-0.676225	111.723015	0.006561	31.0
1691	-0.059635	111.685604	0.002453	32.0
1692	0.000000	111.648226	0.000000	31.6
1693	-0.748714	111.610881	0.005915	31.0
1694	-0.626517	111.573570	0.005714	30.4
1695	-0.633470	111.536292	0.006444	29.8
1696	-0.116798	111.499047	0.001126	32.0
1697	0.000000	111.461835	0.000000	30.9
1698	-0.765670	111.424656	0.006269	31.1
1699	-0.588262	111.387510	0.005310	29.9
1700	-0.935598	111.350398	0.007855	29.8
1701	-0.535079	111.313318	0.005863	29.9
1702	0.000000	111.276271	0.000000	32.3
1703	0.000000	111.239257	0.000000	31.1
1704	-0.674667	111.202276	0.007034	31.4
1705	-0.992250	111.165328	0.006343	30.9
1706	-0.156473	111.128412	0.001541	30.6
1707	-0.057915	111.091529	0.001523	30.5
1708	0.000000	111.054679	0.000000	29.6
1709	-0.604143	111.017861	0.005765	30.7
1710	-0.657431	110.981076	0.006508	30.9
1711	-0.000000	110.944323	0.000001	29.4
1712	-0.048109	110.907603	0.000992	30.3
1713	-0.808205	110.870915	0.006618	31.5
1714	-1.018668	110.834259	0.006483	30.2
1715	0.000000	110.797636	0.000000	30.8
1716	-0.813603	110.761045	0.005824	30.9
1717	-0.487670	110.724486	0.004600	31.1
1718	-0.596517	110.687959	0.006299	30.2
1719	-0.913977	110.651465	0.004996	32.0
1720	-0.000000	110.615002	0.000000	31.6
1721	-0.796976	110.578572	0.005199	29.7
1722	-0.762202	110.542173	0.006380	31.5
1723	0.000000	110.505807	0.000000	32.1
1724	-0.066598	110.469472	0.001476	30.7
1725	-0.555235	110.433169	0.005268	31.5
1726	-0.656685	110.396898	0.005234	31.8
1727	-0.920489	110.360659	0.007365	31.9
1728	-0.012498	110.324451	0.000240	31.6
1729	-0.669929	110.288276	0.005272	31.2
1730	-0.873934	110.252131	0.004623	31.5
1731	-0.550797	110.216019	0.005075	29.9
1732	-0.823326	110.179937	0.007190	30.4
1733	-0.725974	110.143888	0.006208	30.3
1734	-0.859614	110.107869	0.006523	30.7
1735	-0.379131	110.071882	0.005758	30.3
1736	-0.409068	110.035927	0.005093	30.4
1737	-0.825114	110.000003	0.007435	30.3
1738	-0.891163	109.964110	0.010054	30.7
1739	-0.696902	109.928248	0.005574	30.2
1740	-0.814021	109.892417	0.007176	30.6
1741	-0.018855	109.856618	0.000275	31.0
1742	-0.887074	109.820850	0.007210	30.4
1743	-0.811621	109.785112	0.005766	30.7
1744	0.000000	109.749406	0.000000	30.8
1745	0.000000	109.713730	0.000000	30.7
1746	0.000000	109.678086	0.000000	31.4
1747	-0.409444	109.642472	0.005249	30.8
1748	-0.608155	109.606890	0.005296	31.2
1749	-0.316512	109.571337	0.003970	30.7
1750	-0.960848	109.535816	0.006154	32.0
1751	-0.905128	109.500326	0.008148	31.3
1752	-0.463572	109.464866	0.005160	31.3
1753	0.000000	109.429436	0.000000	31.1
1754	0.000000	109.394038	0.000000	30.5
1755	-0.931822	109.358669	0.005588	30.4
1756	-0.799462	109.323331	0.006393	29.8
1757	-0.091647	109.288024	0.001098	31.1
1758	-0.123185	109.252747	0.004215	31.5
1759	-0.700494	109.217501	0.004571	30.6
1760	-0.831035	109.182284	0.007810	31.6
1761	0.000000	109.147098	0.000000	31.2
1762	-0.802762	109.111942	0.005229	30.7
1763	-0.872507	109.076817	0.006916	30.5
1764	0.000000	109.041721	0.000000	30.3
1765	-0.879410	109.006656	0.007190	31.0
1766	-0.895975	108.971620	0.008032	31.1
1767	-0.094768	108.936615	0.002195	31.0
1768	-0.392648	108.901640	0.004310	30.3
1769	-0.795471	108.866694	0.005737	30.7
1770	-0.568932	108.831779	0.003277	30.8
1771	-0.889949	108.796893	0.007024	30.3
1772	-0.064943	108.762037	0.001354	30.4
1773	-0.009700	108.727211	0.000238	30.5
1774	-0.960428	108.692415	0.007317	31.5
1775	-0.004729	108.657648	0.000859	30.3
1776	-0.442233	108.622911	0.005359	30.7
1777	-0.896196	108.588203	0.007334	30.2
1778	-0.219511	108.553525	0.003065	30.2
1779	0.000000	108.518877	0.000000	30.8
1780	-0.008291	108.484258	0.000183	30.5
1781	0.000000	108.449668	0.000000	31.6
1782	-0.644622	108.415108	0.006727	33.7
1783	-0.208175	108.380578	0.002993	30.7
1784	-0.736544	108.346076	0.007037	30.2
1785	0.000000	108.311604	0.000000	29.9
1786	-0.449025	108.277161	0.006058	31.6
1787	-0.620120	108.242747	0.004878	31.6
1788	-0.180922	108.208363	0.001520	30.7
1789	-0.675645	108.174007	0.004949	30.7
1790	-0.696039	108.139681	0.005370	31.0
1791	-0.384186	108.105383	0.005112	30.3
1792	-0.041713	108.071115	0.001001	30.7
1793	-0.972387	108.036875	0.007961	30.4
1794	-0.531740	108.002665	0.006438	30.0
1795	-0.000020	107.968483	0.000001	30.9
1796	-0.029118	107.934330	0.000672	30.9
1797	-0.004712	107.900206	0.000272	29.6
1798	-0.628871	107.866111	0.006261	30.3
1799	-0.354005	107.832044	0.003801	32.0
1800	-1.081342	107.798007	0.010298	30.9
1801	0.000000	107.763997	0.000000	31.9
1802	0.000000	107.730017	0.000000	31.8
1803	-0.895610	107.696065	0.006223	30.0
1804	-0.787073	107.662141	0.006486	30.5
1805	-0.638601	107.628246	0.007149	31.5
1806	-0.494210	107.594379	0.005547	29.4
1807	-0.923144	107.560541	0.007385	31.7
1808	-0.787050	107.526731	0.005490	29.8
1809	0.000000	107.492949	0.000000	30.5
1810	0.000000	107.459196	0.000000	30.4
1811	-0.000000	107.425471	0.000000	30.6
1812	0.000000	107.391774	0.000000	30.0
1813	-0.784678	107.358106	0.004994	31.8
1814	-0.467436	107.324465	0.005948	30.0
1815	-0.252235	107.290853	0.003168	33.0
1816	-0.539517	107.257268	0.005845	33.1
1817	-0.817750	107.223712	0.007148	30.4
1818	-0.817425	107.190184	0.006196	30.5
1819	0.000000	107.156683	0.000000	31.4
1820	-0.461510	107.123211	0.005486	32.0
1821	-0.000096	107.089766	0.000005	30.1
1822	-0.449406	107.056349	0.003992	31.2
1823	-0.051362	107.022960	0.000834	31.4
1824	-0.440219	106.989599	0.004182	29.7
1825	0.000000	106.956265	0.000000	31.3
1826	-0.631651	106.922960	0.005845	30.8
1827	-0.609635	106.889681	0.005534	30.9
1828	-0.791108	106.856431	0.006563	29.4
1829	-0.001148	106.823208	0.000028	31.4
1830	-0.587455	106.790012	0.006178	30.5
1831	-0.439925	106.756844	0.005590	29.9
1832	-0.364922	106.723703	0.003827	29.2
1833	-0.635301	106.690590	0.007404	31.0
1834	-0.000000	106.657505	0.000000	30.7
1835	-0.702300	106.624446	0.006958	30.7
1836	-0.620042	106.591415	0.003735	29.1
1837	-0.413798	106.558411	0.005228	31.1
1838	-0.203606	106.525435	0.004021	31.4
1839	-0.030564	106.492485	0.002126	31.8
1840	-0.781308	106.459563	0.005876	31.9
1841	-0.595724	106.426668	0.006053	30.9
1842	-0.613459	106.393800	0.006076	30.2
1843	-0.886045	106.360959	0.007158	31.3
1844	-0.878359	106.328145	0.007102	30.2
1845	-0.787504	106.295358	0.006269	31.7
1846	-0.034290	106.262598	0.001856	30.2
1847	-0.772494	106.229865	0.006937	32.2
1848	-0.013466	106.197158	0.000277	30.1
1849	0.000000	106.164479	0.000000	30.5
1850	-0.028617	106.131826	0.001058	30.9
1851	-0.537399	106.099201	0.006162	31.3
1852	-0.595098	106.066602	0.006553	30.9
1853	-0.542450	106.034029	0.006477	30.9
1854	-0.485072	106.001483	0.005285	30.1
1855	-0.614576	105.968964	0.004960	32.1
1856	-0.786630	105.936472	0.006048	29.9
1857	-0.792097	105.904006	0.004776	30.4
1858	-0.937688	105.871566	0.006744	30.7
1859	-0.000053	105.839153	0.000033	31.2
1860	0.000000	105.806767	0.000000	31.0
1861	-0.113023	105.774407	0.001327	30.5
1862	-0.539460	105.742073	0.005426	31.1
1863	0.000000	105.709766	0.000000	29.0
1864	-0.059984	105.677485	0.001438	30.4
1865	-0.392563	105.645230	0.005138	30.9
1866	-0.150280	105.613001	0.002692	30.1
1867	-0.523526	105.580799	0.005467	30.7
1868	0.000000	105.548623	0.000000	30.1
1869	-0.665836	105.516473	0.005266	32.0
1870	-0.631364	105.484349	0.005980	30.7
1871	-0.837356	105.452251	0.006045	30.4
1872	-0.804749	105.420179	0.004796	30.9
1873	-0.942649	105.388133	0.006573	31.1
1874	-0.761634	105.356113	0.007074	31.1
1875	-0.011323	105.324119	0.000293	30.8
1876	-0.000177	105.292151	0.000070	32.0
1877	0.000000	105.260209	0.000000	30.6
1878	-0.167236	105.228293	0.003488	30.5
1879	-0.763876	105.196402	0.006284	32.7
1880	-0.878950	105.164537	0.005737	30.9
1881	-0.920195	105.132698	0.007745	30.3
1882	-0.661056	105.100885	0.004435	29.9
1883	-0.688504	105.069097	0.005125	30.7
1884	-0.601525	105.037335	0.004531	31.2
1885	-0.748543	105.005598	0.005567	30.8
1886	-0.047064	104.973887	0.001494	31.9
1887	-0.771928	104.942202	0.005736	30.9
1888	-0.347215	104.910542	0.003375	29.8
1889	-0.655627	104.878907	0.006740	30.6
1890	0.000000	104.847298	0.000000	30.3
1891	-0.301806	104.815715	0.004406	31.9
1892	-0.710366	104.784156	0.005480	31.3
1893	-0.686555	104.752623	0.006014	31.9
1894	-0.345728	104.721116	0.003981	30.5
1895	-0.000003	104.689633	0.000005	30.6
1896	-0.913751	104.658176	0.007874	30.6
1897	-0.464959	104.626744	0.005335	29.3
1898	-0.000073	104.595337	0.000019	30.5
1899	-0.697521	104.563955	0.006636	31.2
1900	-0.810600	104.532599	0.006689	31.1
1901	-0.396519	104.501267	0.003879	30.2
1902	-0.853591	104.469960	0.008821	30.9
1903	-0.989734	104.438679	0.006634	30.3
1904	-1.235739	104.407422	0.007466	30.4
1905	-0.593649	104.376191	0.005688	32.4
1906	-0.102004	104.344984	0.001371	31.2
1907	-0.521066	104.313802	0.004029	32.0
1908	-0.652654	104.282645	0.006288	30.5
1909	-0.689801	104.251513	0.005077	31.0
1910	0.000000	104.220405	0.000000	30.5
1911	0.000000	104.189323	0.000000	32.9
1912	-0.299340	104.158265	0.003175	31.0
1913	-0.000000	104.127231	0.000000	29.4
1914	0.000000	104.096222	0.000000	31.5
1915	0.000000	104.065238	0.000000	29.8
1916	-0.438703	104.034279	0.004976	30.1
1917	-0.355287	104.003344	0.003371	31.1
1918	0.000000	103.972433	0.000000	29.9
1919	-0.003430	103.941547	0.000088	31.0
1920	-0.038415	103.910686	0.001105	32.2
1921	0.000000	103.879849	0.000000	32.9
1922	-0.463695	103.849036	0.005404	30.9
1923	-0.726014	103.818248	0.007077	30.7
1924	-0.180761	103.787484	0.002011	30.8
1925	-0.703111	103.756744	0.007363	29.9
1926	-0.000000	103.726029	0.000000	29.7
1927	-0.067524	103.695338	0.001415	30.6
1928	-0.709773	103.664671	0.003891	31.1
1929	-0.744251	103.634028	0.005742	30.5
1930	-1.205995	103.603409	0.008241	31.0
1931	-0.949597	103.572814	0.006417	29.5
1932	-0.009114	103.542244	0.000125	31.4
1933	-0.029207	103.511698	0.000332	30.3
1934	-0.000000	103.481175	0.000000	30.7
1935	-0.238658	103.450677	0.005308	30.2
1936	-0.658178	103.420202	0.005531	31.8
1937	0.000000	103.389752	0.000000	31.8
1938	-0.425937	103.359325	0.005029	30.5
1939	0.000000	103.328922	0.000000	32.0
1940	-0.007726	103.298543	0.000149	30.7
1941	-0.943376	103.268188	0.005900	30.3
1942	-0.899944	103.237857	0.005688	31.1
1943	-0.053587	103.207549	0.002034	31.0
1944	-1.045319	103.177265	0.006786	32.6
1945	-0.491839	103.147005	0.003060	30.5
1946	-0.048743	103.116768	0.000852	30.5
1947	-0.004129	103.086556	0.000000	30.2
1948	-0.193637	103.056366	0.001791	30.7
1949	0.000000	103.026200	0.000000	31.2
1950	-0.647245	102.996058	0.005237	30.1
1951	-0.566981	102.965939	0.004342	30.7
1952	-0.528226	102.935844	0.006443	30.7
1953	0.000000	102.905772	0.000000	32.2
1954	-0.603156	102.875724	0.004975	32.1
1955	-0.609506	102.845699	0.006362	30.4
1956	-0.521771	102.815697	0.003366	31.9
1957	-0.359537	102.785719	0.005049	31.4
1958	-0.838073	102.755764	0.007463	30.3
1959	0.000000	102.725832	0.000000	31.5
1960	-0.925236	102.695924	0.006853	31.0
1961	-0.007532	102.666038	0.000190	29.8
1962	-0.937968	102.636176	0.006713	29.6
1963	-0.625210	102.606337	0.005707	31.2
1964	-0.783626	102.576521	0.006759	30.8
1965	-0.037677	102.546728	0.000364	31.5
1966	-0.287653	102.516959	0.003898	31.6
1967	-0.720912	102.487212	0.006839	29.7
1968	0.000000	102.457488	0.000000	30.8
1969	-0.861357	102.427788	0.005221	29.6
1970	-0.734541	102.398110	0.004428	31.5
1971	0.000000	102.368455	0.000000	31.2
1972	-0.807201	102.338823	0.004001	30.5
1973	-0.631192	102.309214	0.006728	29.3
1974	-0.727559	102.279628	0.007159	31.3
1975	-0.003498	102.250064	0.000098	32.0
1976	-0.585152	102.220524	0.006160	32.0
1977	-0.782111	102.191006	0.005187	31.3
1978	-0.992309	102.161511	0.006437	31.2
1979	0.000000	102.132038	0.000000	30.1
1980	-0.000018	102.102588	0.000015	30.0
1981	-0.452278	102.073161	0.006674	30.2
1982	0.000000	102.043757	0.000000	29.9
1983	-0.961889	102.014375	0.006268	30.3
1984	0.000000	101.985015	0.000000	32.3
1985	-0.005210	101.955678	0.000104	29.9
1986	-0.807574	101.926364	0.005533	30.5
1987	0.000000	101.897072	0.000000	32.0
1988	-0.007743	101.867802	0.000577	30.0
1989	-0.179752	101.838555	0.003198	30.5
1990	-0.032720	101.809330	0.000248	29.3
1991	-0.000228	101.780128	0.000045	31.6
1992	-1.196465	101.750948	0.007944	31.3
1993	0.000000	101.721790	0.000000	31.9
1994	-0.009983	101.692654	0.000484	31.0
1995	-0.798810	101.663541	0.005486	30.2
1996	-0.758733	101.634450	0.006585	29.6
1997	0.000000	101.605381	0.000000	30.4
1998	-0.714799	101.576335	0.005286	31.2
1999	0.000000	101.547310	0.000000	30.1
