1:ItNr	2:Metric	3:StepSize	4:||Gradient||	Time[ms]
0	-0.084955	627.201626	0.001935	887.5
1	-0.908552	623.504937	0.017607	4.3
2	-0.000000	619.865785	0.000000	3.9
3	-0.552625	616.282728	0.013130	3.9
4	-0.000000	612.754375	0.000000	3.7
5	-0.016005	609.279381	0.001358	4.4
6	-1.029660	605.856447	0.004847	3.7
7	-0.418702	602.484317	0.007440	4.1
8	-0.259132	599.161779	0.003845	4.0
9	-0.000000	595.887656	0.000000	4.4
10	-0.628738	592.660813	0.008359	3.9
11	-0.008017	589.480151	0.001153	4.2
12	-0.370041	586.344606	0.006106	3.9
13	-0.526091	583.253145	0.011721	4.7
14	-0.386828	580.204771	0.005446	4.1
15	-0.000000	577.198517	0.000000	4.0
16	-0.753431	574.233444	0.020527	4.1
17	-0.680357	571.308645	0.012486	4.4
18	-0.000028	568.423237	0.000002	4.4
19	-0.590451	565.576365	0.012076	4.0
20	-0.031846	562.767201	0.000607	4.4
21	-0.003607	559.994938	0.000158	5.1
22	-0.977968	557.258797	0.013817	4.3
23	-0.566530	554.558018	0.008666	4.1
24	-0.627482	551.891865	0.008271	5.5
25	-0.997639	549.259621	0.016740	4.2
26	-0.603160	546.660592	0.006671	4.3
27	-0.578419	544.094102	0.009135	4.3
28	-0.051109	541.559494	0.000533	5.8
29	-0.001614	539.056129	0.000198	4.3
30	-0.604225	536.583387	0.009316	4.5
31	-0.376042	534.140663	0.014220	4.9
32	-0.290587	531.727370	0.002949	4.3
33	-1.104298	529.342935	0.013414	4.3
34	-0.975077	526.986802	0.012899	4.5
35	-1.063358	524.658430	0.012093	4.7
36	-0.257058	522.357290	0.008757	4.3
37	-0.424705	520.082868	0.005695	4.7
38	-0.321704	517.834665	0.007865	5.2
39	-0.000000	515.612193	0.000000	4.4
40	-0.929477	513.414976	0.010893	4.5
41	-0.757464	511.242551	0.009393	4.7
42	-0.991728	509.094468	0.015287	5.5
43	-0.727722	506.970285	0.012727	4.7
44	-0.125739	504.869574	0.000693	4.5
45	-0.385697	502.791916	0.007910	5.4
46	-0.036800	500.736903	0.000972	4.4
47	-1.063375	498.704137	0.009237	4.5
48	-0.646076	496.693228	0.004268	5.1
49	-0.697925	494.703798	0.002642	4.7
50	-0.000000	492.735476	0.000000	4.6
51	-0.382023	490.787900	0.007763	4.4
52	-0.877262	488.860718	0.022434	5.1
53	-1.053038	486.953585	0.010861	4.4
54	-0.520493	485.066164	0.006920	4.6
55	-0.594498	483.198126	0.011675	5.1
56	-0.469520	481.349149	0.017039	4.6
57	-0.682815	479.518920	0.020318	4.8
58	-0.351453	477.707132	0.003160	4.6
59	-0.355469	475.913485	0.006070	5.4
60	-0.000471	474.137684	0.000021	4.8
61	-1.122424	472.379445	0.011985	4.9
62	-0.000000	470.638485	0.000000	5.5
63	-0.862232	468.914531	0.011238	4.6
64	-1.066584	467.207315	0.016108	4.8
65	-0.559965	465.516573	0.016827	5.1
66	-0.000000	463.842050	0.000000	5.8
67	-0.469736	462.183494	0.005487	5.8
68	-0.912487	460.540658	0.021980	5.8
69	-0.000151	458.913303	0.000002	4.6
70	-0.812077	457.301192	0.018812	4.5
71	-0.576561	455.704096	0.018889	5.3
72	-0.727690	454.121787	0.004826	4.6
73	-0.000658	452.554045	0.000017	4.5
74	-0.000000	451.000653	0.000000	4.7
75	-0.898813	449.461399	0.008472	5.3
76	-0.000000	447.936075	0.000000	4.6
77	-0.430125	446.424477	0.002329	4.7
78	-0.000000	444.926406	0.000000	5.8
79	-0.291608	443.441666	0.003251	5.4
80	-0.775986	441.970065	0.018372	4.6
81	-0.245723	440.511415	0.002212	5.4
82	-0.832153	439.065533	0.006432	4.8
83	-0.000000	437.632238	0.000000	5.0
84	-0.833085	436.211351	0.004030	4.8
85	-0.277143	434.802701	0.004479	5.9
86	-0.205187	433.406117	0.004729	5.3
87	-0.538223	432.021430	0.011640	5.0
88	-0.862287	430.648479	0.008604	5.4
89	-0.000000	429.287101	0.000000	4.7
90	-0.640980	427.937140	0.016101	4.9
91	-1.133209	426.598440	0.008192	5.2
92	-0.688832	425.270849	0.009335	5.2
93	-1.265430	423.954220	0.014812	5.0
94	-0.624801	422.648404	0.007902	5.5
95	-0.872275	421.353259	0.011849	4.8
96	-0.500299	420.068643	0.007350	4.9
97	-0.508381	418.794419	0.007032	5.5
98	-0.098124	417.530451	0.001222	4.8
99	-0.000000	416.276604	0.000000	5.1
100	-1.061089	415.032748	0.007558	5.4
101	-0.384876	413.798754	0.008436	5.2
102	-0.646856	412.574495	0.008861	4.9
103	-0.846138	411.359849	0.007936	4.8
104	-0.775011	410.154691	0.008331	6.0
105	-1.092171	408.958904	0.009321	5.4
106	-0.637787	407.772368	0.013495	4.8
107	-0.643744	406.594968	0.020439	5.6
108	-0.364960	405.426590	0.012605	5.1
109	-0.770972	404.267122	0.009566	4.8
110	-0.000000	403.116456	0.000000	5.2
111	-0.000000	401.974481	0.000000	4.9
112	-0.235998	400.841093	0.002905	4.7
113	-0.666863	399.716187	0.007720	5.4
114	-1.041692	398.599660	0.006635	5.3
115	-0.643375	397.491411	0.002277	4.8
116	-0.384454	396.391342	0.002129	5.5
117	-0.000000	395.299353	0.000000	5.0
118	-1.000819	394.215350	0.008990	4.8
119	-0.799325	393.139238	0.014247	5.5
120	-0.542961	392.070924	0.010371	5.1
121	-0.000000	391.010316	0.000000	4.8
122	-0.645840	389.957325	0.012120	4.8
123	-0.000000	388.911862	0.000000	5.7
124	-1.046651	387.873839	0.025383	4.7
125	-0.793158	386.843173	0.013440	4.8
126	-0.555285	385.819777	0.008763	6.3
127	-0.766215	384.803569	0.005589	5.6
128	-0.749185	383.794468	0.004436	4.8
129	-0.737628	382.792393	0.008567	5.3
130	-0.107011	381.797264	0.003949	4.9
131	-0.725301	380.809005	0.009511	4.7
132	-0.000000	379.827537	0.000000	5.5
133	-0.756124	378.852786	0.009360	4.8
134	-0.800034	377.884678	0.008445	4.8
135	-0.213966	376.923138	0.002727	5.5
136	-0.430676	375.968095	0.003618	4.9
137	-0.039087	375.019479	0.000643	4.9
138	-0.381476	374.077218	0.004436	5.0
139	-0.741994	373.141244	0.004828	5.4
140	-0.000000	372.211489	0.000000	4.7
141	-0.024474	371.287887	0.001241	5.0
142	-0.200205	370.370370	0.004528	5.5
143	-1.157528	369.458876	0.012067	4.8
144	-0.101311	368.553338	0.000994	5.2
145	-0.372807	367.653696	0.007025	5.7
146	-0.044211	366.759885	0.000849	5.6
147	-0.540520	365.871846	0.005341	4.8
148	-0.984942	364.989518	0.005506	5.4
149	-0.418645	364.112841	0.006502	4.8
150	-0.747372	363.241757	0.017249	5.3
151	-0.938148	362.376208	0.007612	5.4
152	-0.003566	361.516137	0.000359	4.7
153	-0.760108	360.661488	0.005884	5.1
154	-0.925282	359.812206	0.015199	5.4
155	-0.067594	358.968236	0.000998	5.4
156	-0.331485	358.129524	0.009588	4.8
157	-0.704427	357.296018	0.010804	4.9
158	-0.233443	356.467665	0.002486	5.3
159	-0.149902	355.644414	0.002609	4.8
160	-0.146791	354.826213	0.002010	4.9
161	-1.152622	354.013012	0.013253	5.5
162	-0.000272	353.204763	0.000029	5.0
163	-0.000000	352.401415	0.000000	4.7
164	-1.018378	351.602922	0.017752	5.6
165	-1.023979	350.809235	0.013063	5.2
166	-0.190909	350.020308	0.001752	4.8
167	-0.882510	349.236095	0.010982	5.4
168	-0.022501	348.456550	0.000321	5.7
169	-1.075691	347.681627	0.010462	4.8
170	-0.000000	346.911283	0.000000	5.4
171	-0.813015	346.145474	0.010667	4.9
172	-1.151202	345.384157	0.005375	4.7
173	-0.389219	344.627288	0.004691	4.9
174	-0.949060	343.874826	0.019245	5.3
175	-1.078421	343.126729	0.013170	4.8
176	-1.013056	342.382957	0.009391	4.9
177	-1.122341	341.643469	0.007713	5.7
178	-0.550505	340.908224	0.003966	5.2
179	-0.515734	340.177184	0.003742	4.7
180	-0.168000	339.450309	0.002009	5.6
181	-0.245782	338.727561	0.002387	4.8
182	-0.854939	338.008902	0.010825	5.0
183	-0.678959	337.294295	0.004240	5.7
184	-1.016767	336.583703	0.012827	4.7
185	-1.057459	335.877089	0.018270	4.7
186	-0.991353	335.174416	0.005735	5.5
187	-0.075893	334.475651	0.001209	5.8
188	-0.488002	333.780756	0.016104	4.9
189	-0.629994	333.089698	0.008418	5.6
190	-0.993481	332.402443	0.005801	4.8
191	-0.000000	331.718955	0.000000	4.8
192	-0.942472	331.039203	0.016092	5.5
193	-0.000000	330.363153	0.000000	5.6
194	-0.210692	329.690771	0.003019	4.9
195	-0.514968	329.022027	0.012315	6.1
196	-0.994978	328.356888	0.019183	5.2
197	-0.001032	327.695322	0.000119	5.0
198	-0.173487	327.037299	0.001955	5.7
199	-1.141803	326.382787	0.010190	5.2
200	-0.410304	325.731758	0.004174	5.4
201	-0.048759	325.084179	0.000936	5.1
202	-0.080577	324.440023	0.000972	5.4
203	-0.000000	323.799258	0.000000	5.1
204	-0.861922	323.161858	0.007177	4.8
205	-0.068812	322.527792	0.000705	5.5
206	-0.513862	321.897034	0.005935	5.5
207	-0.000156	321.269554	0.000039	5.1
208	-0.986509	320.645325	0.017280	5.5
209	-0.528373	320.024320	0.010733	5.7
210	-1.083228	319.406512	0.024145	4.7
211	-0.936560	318.791875	0.014406	5.7
212	-1.124299	318.180381	0.015484	5.4
213	-1.056938	317.572005	0.016491	5.2
214	-0.000000	316.966721	0.000000	5.9
215	-0.045662	316.364504	0.000500	4.8
216	-0.000008	315.765329	0.000000	4.7
217	-0.221782	315.169170	0.002784	5.7
218	-0.012444	314.576003	0.000280	5.7
219	-0.003139	313.985804	0.000021	5.0
220	-1.055267	313.398548	0.008472	6.1
221	-0.635057	312.814213	0.016214	4.8
222	-0.417305	312.232773	0.004303	4.7
223	-1.047419	311.654207	0.010218	5.6
224	-0.187444	311.078491	0.003005	5.3
225	-0.000000	310.505602	0.000000	4.8
226	-0.790550	309.935518	0.008945	5.5
227	-0.000000	309.368217	0.000000	6.0
228	-1.096540	308.803676	0.016341	5.4
229	-0.668385	308.241874	0.019702	5.6
230	-0.105684	307.682789	0.002606	5.2
231	-0.000014	307.126400	0.000002	5.2
232	-0.068234	306.572687	0.001076	5.7
233	-0.632104	306.021627	0.010372	4.7
234	-0.169971	305.473201	0.002615	4.7
235	-0.607341	304.927388	0.006302	5.9
236	-1.142400	304.384168	0.020382	5.5
237	-0.199888	303.843521	0.003385	5.1
238	-0.270486	303.305427	0.005479	5.4
239	-0.385916	302.769867	0.005244	5.0
240	-0.024448	302.236821	0.000827	4.7
241	-0.414549	301.706270	0.010480	4.9
242	-0.884130	301.178196	0.005283	5.8
243	-0.602617	300.652580	0.005888	5.1
244	-0.395190	300.129402	0.002048	5.4
245	-0.637510	299.608645	0.008980	6.0
246	-0.782627	299.090291	0.009669	5.2
247	-1.171170	298.574321	0.015004	4.8
248	-0.000011	298.060718	0.000004	6.2
249	-0.000000	297.549465	0.000000	4.9
250	-0.069650	297.040543	0.000687	4.9
251	-0.526512	296.533936	0.011887	5.6
252	-0.237581	296.029626	0.003315	4.7
253	-0.831790	295.527597	0.004326	5.7
254	-0.000000	295.027832	0.000000	5.8
255	-0.552292	294.530315	0.008724	4.7
256	-0.763695	294.035028	0.007882	5.8
257	-0.663057	293.541956	0.003755	6.7
258	-1.029510	293.051083	0.007746	4.8
259	-1.105337	292.562393	0.008253	5.2
260	-0.000002	292.075870	0.000000	6.1
261	-0.980150	291.591498	0.008418	5.1
262	-0.703098	291.109263	0.011935	4.7
263	-0.118985	290.629149	0.001749	5.8
264	-0.074136	290.151140	0.001656	5.4
265	-0.502550	289.675222	0.009613	5.1
266	-0.864077	289.201380	0.007197	5.5
267	-0.595954	288.729600	0.007357	5.9
268	-0.078418	288.259866	0.002315	4.8
269	-0.903903	287.792165	0.007306	5.7
270	-0.635649	287.326481	0.007833	4.8
271	-0.609387	286.862802	0.008821	5.1
272	-0.197278	286.401113	0.001884	5.6
273	-0.565904	285.941400	0.006270	5.0
274	-0.630128	285.483649	0.005758	5.3
275	-0.002608	285.027847	0.000055	5.7
276	-1.076602	284.573981	0.004845	4.9
277	-0.769841	284.122037	0.005624	5.1
278	-0.461486	283.672002	0.006851	5.4
279	-0.000000	283.223863	0.000000	4.8
280	-0.958169	282.777607	0.009764	4.8
281	-0.000000	282.333221	0.000000	5.7
282	-0.229132	281.890692	0.003614	5.6
283	-0.000000	281.450008	0.000000	5.1
284	-0.666089	281.011157	0.010230	5.4
285	-0.436934	280.574125	0.003102	5.8
286	-0.756969	280.138901	0.009056	5.0
287	-0.382262	279.705473	0.013720	5.2
288	-1.211275	279.273829	0.014469	4.9
289	-0.614896	278.843956	0.007787	5.8
290	-0.264630	278.415844	0.002595	5.2
291	-0.000000	277.989479	0.000000	5.3
292	-0.865810	277.564851	0.009396	4.8
293	-1.132559	277.141949	0.013723	5.2
294	-1.046538	276.720761	0.013915	5.7
295	-1.035792	276.301275	0.011183	4.7
296	-0.000000	275.883480	0.000000	5.0
297	-0.376183	275.467366	0.009989	5.3
298	-0.665969	275.052922	0.014638	5.2
299	-0.990828	274.640136	0.014964	5.2
300	-0.097371	274.228998	0.001077	5.6
301	-1.023185	273.819497	0.014475	4.8
302	-0.618817	273.411623	0.009410	5.3
303	-0.000006	273.005365	0.000001	5.7
304	-0.313324	272.600712	0.003209	5.6
305	-0.000000	272.197655	0.000000	5.3
306	-0.000000	271.796184	0.000000	5.8
307	-0.000504	271.396287	0.000041	4.7
308	-0.003351	270.997956	0.000064	5.3
309	-0.000000	270.601180	0.000000	5.6
310	-0.000000	270.205949	0.000000	4.8
311	-0.472783	269.812254	0.007644	5.2
312	-0.557361	269.420085	0.005530	5.6
313	-0.652617	269.029432	0.005724	5.2
314	-0.000000	268.640287	0.000000	5.2
315	-0.708432	268.252638	0.017198	5.2
316	-0.378453	267.866478	0.004106	5.3
317	-0.103498	267.481796	0.000833	4.8
318	-1.135760	267.098584	0.012435	5.2
319	-0.839592	266.716833	0.006508	5.3
320	-0.186945	266.336533	0.003805	4.8
321	-0.000000	265.957676	0.000000	4.8
322	-1.120004	265.580253	0.006476	6.0
323	-0.222635	265.204254	0.001843	4.9
324	-0.932215	264.829672	0.011831	5.1
325	-0.699044	264.456497	0.007690	5.8
326	-1.123903	264.084721	0.012762	5.9
327	-0.605667	263.714335	0.004313	4.7
328	-0.000000	263.345332	0.000000	5.5
329	-0.001411	262.977702	0.000115	5.0
330	-1.052324	262.611438	0.022922	6.8
331	-0.380623	262.246531	0.003031	6.9
332	-0.698168	261.882973	0.013042	5.6
333	-0.409695	261.520756	0.011369	5.5
334	-0.840291	261.159871	0.009008	5.4
335	-0.264820	260.800312	0.002950	4.8
336	-1.328015	260.442070	0.006788	4.8
337	-0.625787	260.085137	0.008315	5.8
338	-0.218430	259.729505	0.002757	4.8
339	-0.090880	259.375167	0.000722	5.2
340	-0.000000	259.022116	0.000000	5.9
341	-0.000000	258.670343	0.000000	4.7
342	-1.128113	258.319841	0.013027	5.0
343	-0.944771	257.970602	0.012659	5.8
344	-1.066627	257.622620	0.011111	4.7
345	-0.835907	257.275887	0.012154	4.7
346	-1.060548	256.930396	0.006664	6.0
347	-0.826435	256.586139	0.007302	5.7
348	-0.000000	256.243109	0.000000	4.9
349	-0.630639	255.901300	0.007756	5.7
350	-0.096388	255.560703	0.001976	5.1
351	-0.821108	255.221313	0.008358	4.7
352	-0.723313	254.883122	0.011348	5.9
353	-0.767016	254.546124	0.010923	4.8
354	-0.001061	254.210311	0.000161	4.9
355	-0.759529	253.875677	0.007313	5.8
356	-0.528044	253.542215	0.007299	4.8
357	-1.149741	253.209918	0.011108	5.2
358	-0.000221	252.878781	0.000002	5.4
359	-0.204637	252.548795	0.001673	5.0
360	-0.001105	252.219956	0.000015	5.1
361	-0.036221	251.892255	0.000507	5.3
362	-0.959947	251.565688	0.010472	5.9
363	-1.077444	251.240247	0.007083	4.9
364	-1.037836	250.915926	0.011250	5.2
365	-0.929109	250.592720	0.009814	6.0
366	-0.035830	250.270621	0.000422	5.2
367	-0.479870	249.949624	0.009420	4.9
368	-0.038586	249.629723	0.001061	5.5
369	-0.130923	249.310911	0.004535	5.2
370	-0.521110	248.993182	0.005453	4.7
371	-0.684568	248.676531	0.007414	5.4
372	-0.000000	248.360952	0.000000	4.7
373	-0.820073	248.046438	0.009109	5.4
374	-0.000133	247.732984	0.000022	5.5
375	-0.001113	247.420584	0.000035	5.3
376	-1.115992	247.109233	0.021837	4.8
377	-0.773469	246.798924	0.009424	5.7
378	-0.000000	246.489652	0.000000	5.0
379	-0.024048	246.181412	0.000411	5.1
380	-0.000000	245.874197	0.000000	5.7
381	-1.203232	245.568002	0.010716	5.3
382	-0.864463	245.262822	0.008038	4.8
383	-0.013184	244.958652	0.000204	5.6
384	-0.535523	244.655485	0.005131	5.0
385	-0.000000	244.353317	0.000000	5.3
386	-0.489651	244.052142	0.006156	5.2
387	-0.273106	243.751955	0.002873	5.9
388	-0.225213	243.452750	0.003395	5.1
389	-0.115537	243.154523	0.001469	5.4
390	-0.595191	242.857268	0.010197	4.9
391	-1.002960	242.560980	0.011390	4.9
392	-0.205916	242.265654	0.002359	5.3
393	-0.221453	241.971285	0.003767	5.8
394	-0.051953	241.677868	0.001007	5.0
395	-0.769678	241.385397	0.009788	5.0
396	-1.009987	241.093869	0.007369	5.9
397	-0.113132	240.803278	0.001264	5.0
398	-0.440947	240.513619	0.005111	4.9
399	-0.716331	240.224887	0.008334	6.6
400	-1.049996	239.937077	0.018987	5.0
401	-0.710689	239.650186	0.006997	5.6
402	-0.902730	239.364207	0.008555	6.1
403	-0.041946	239.079136	0.001016	5.2
404	-1.007547	238.794969	0.008543	5.2
405	-0.877892	238.511701	0.024170	6.0
406	-0.162390	238.229327	0.001982	5.0
407	-0.016396	237.947843	0.000463	5.3
408	-0.000000	237.667244	0.000000	5.3
409	-0.573001	237.387526	0.001333	5.3
410	-0.695629	237.108684	0.006344	4.8
411	-0.691610	236.830714	0.009827	5.4
412	-0.248831	236.553610	0.002026	5.3
413	-0.959810	236.277370	0.017724	5.0
414	-0.897042	236.001989	0.021097	5.9
415	-0.635282	235.727461	0.008210	4.9
416	-0.869236	235.453784	0.012677	5.0
417	-0.359937	235.180952	0.003727	5.7
418	-0.039666	234.908962	0.000595	4.8
419	-0.723677	234.637809	0.007371	5.1
420	-0.592774	234.367488	0.008066	5.8
421	-0.993283	234.097997	0.013418	4.8
422	-0.245903	233.829331	0.002200	5.1
423	-0.000000	233.561485	0.000000	6.0
424	-0.513391	233.294456	0.007745	5.4
425	-0.870519	233.028239	0.012408	5.2
426	-0.020136	232.762831	0.000169	5.3
427	-0.986506	232.498228	0.010362	4.9
428	-0.611636	232.234425	0.012147	4.7
429	-1.069164	231.971419	0.008942	5.3
430	-0.709053	231.709205	0.004985	5.5
431	-0.157727	231.447781	0.000989	5.2
432	-0.911426	231.187141	0.005414	5.4
433	-0.157240	230.927283	0.001333	5.4
434	-1.038384	230.668202	0.013953	5.2
435	-0.727866	230.409895	0.007189	5.2
436	-1.010833	230.152358	0.020407	5.6
437	-0.034532	229.895587	0.002120	5.0
438	-1.197216	229.639578	0.010297	4.9
439	-0.386341	229.384329	0.005953	6.0
440	-0.059161	229.129834	0.000843	5.6
441	-0.011314	228.876091	0.000092	6.9
442	-0.025483	228.623096	0.000444	4.7
443	-0.342409	228.370846	0.001402	5.4
444	-0.512976	228.119336	0.009766	5.3
445	-0.790125	227.868563	0.008252	5.9
446	-1.095141	227.618525	0.013846	5.1
447	-0.000712	227.369216	0.000156	5.3
448	-0.184685	227.120635	0.002320	4.8
449	-0.000001	226.872777	0.000000	5.0
450	-0.003016	226.625638	0.000125	5.3
451	-0.944827	226.379217	0.006208	5.6
452	-0.342997	226.133509	0.006280	5.2
453	-0.000000	225.888510	0.000000	4.7
454	-0.257217	225.644218	0.004445	5.7
455	-0.677222	225.400630	0.009205	5.2
456	-0.000000	225.157741	0.000000	4.8
457	-0.736594	224.915549	0.013100	5.7
458	-0.624843	224.674051	0.010344	5.2
459	-0.000000	224.433242	0.000000	4.8
460	-0.122123	224.193121	0.003478	6.1
461	-1.048274	223.953684	0.006790	5.1
462	-0.843445	223.714927	0.009464	4.7
463	-0.338034	223.476848	0.004705	6.0
464	-0.000028	223.239444	0.000000	5.5
465	-1.231468	223.002710	0.012288	4.8
466	-0.000000	222.766645	0.000000	5.9
467	-0.142308	222.531245	0.004382	4.8
468	-0.514742	222.296508	0.004677	5.2
469	-1.120375	222.062429	0.011884	5.8
470	-0.488860	221.829007	0.011715	4.8
471	-0.634451	221.596238	0.013006	4.8
472	-0.918070	221.364119	0.008406	6.4
473	-0.805730	221.132647	0.008480	4.8
474	-0.773952	220.901820	0.013605	4.8
475	-1.025292	220.671634	0.018441	6.0
476	-1.044578	220.442086	0.012622	4.8
477	-0.000000	220.213174	0.000000	5.1
478	-0.099933	219.984895	0.001611	5.7
479	-0.181423	219.757246	0.002428	5.0
480	-0.991312	219.530224	0.014953	5.3
481	-0.000000	219.303826	0.000000	5.6
482	-0.000001	219.078050	0.000000	6.0
483	-0.000137	218.852893	0.000047	5.6
484	-0.569205	218.628352	0.006069	5.7
485	-0.760254	218.404424	0.010228	4.8
486	-0.000019	218.181106	0.000001	4.8
487	-0.984000	217.958397	0.008064	5.4
488	-0.691189	217.736292	0.013629	5.3
489	-0.000000	217.514790	0.000000	5.2
490	-0.000000	217.293888	0.000000	5.0
491	-0.263194	217.073584	0.003332	6.1
492	-0.039926	216.853873	0.001602	4.8
493	-0.986001	216.634755	0.003581	5.1
494	-0.000000	216.416227	0.000000	5.7
495	-1.257170	216.198285	0.012215	4.7
496	-0.587729	215.980927	0.010330	5.2
497	-0.970300	215.764151	0.012306	5.4
498	-0.432282	215.547955	0.006015	4.8
499	-0.777195	215.332335	0.005282	5.0
500	-0.272455	215.117289	0.004972	5.6
501	-0.218001	214.902815	0.003026	5.2
502	-0.000053	214.688911	0.000009	4.8
503	-0.998673	214.475573	0.005327	5.2
504	-0.529721	214.262800	0.010838	5.7
505	-0.658693	214.050588	0.007224	5.0
506	-0.462851	213.838936	0.003373	5.4
507	-0.646268	213.627842	0.008187	5.3
508	-0.018911	213.417302	0.000203	5.1
509	-0.680570	213.207314	0.002904	5.4
510	-1.092669	212.997877	0.010740	5.4
511	-0.000282	212.788987	0.000035	4.9
512	-0.606258	212.580642	0.008142	5.7
513	-1.087121	212.372841	0.012086	5.5
514	-0.000000	212.165581	0.000000	5.3
515	-0.852231	211.958859	0.006821	5.7
516	-0.558021	211.752673	0.004921	5.1
517	-0.765103	211.547021	0.008587	5.0
518	-0.606262	211.341902	0.005115	5.6
519	-0.599264	211.137311	0.009881	5.4
520	-0.170702	210.933248	0.001375	5.2
521	-0.059854	210.729710	0.000961	5.6
522	-1.060567	210.526695	0.008094	6.0
523	-0.584064	210.324200	0.007542	5.3
524	-1.147221	210.122224	0.011354	6.2
525	-0.045164	209.920765	0.000652	5.0
526	-0.000000	209.719820	0.000000	5.1
527	-0.584608	209.519387	0.010408	6.4
528	-1.016096	209.319463	0.007938	4.8
529	-0.367561	209.120048	0.003758	5.3
530	-0.944371	208.921139	0.009685	6.0
531	-0.001637	208.722733	0.000160	4.8
532	-0.242391	208.524829	0.002623	5.3
533	-0.613292	208.327425	0.005715	5.5
534	-0.620289	208.130518	0.007084	4.8
535	-0.120261	207.934107	0.001160	4.8
536	-0.791724	207.738189	0.005473	5.4
537	-0.000000	207.542762	0.000000	5.0
538	-0.705475	207.347825	0.014394	5.3
539	-1.142089	207.153376	0.012638	5.1
540	-0.227053	206.959412	0.002160	5.8
541	-0.633497	206.765932	0.008378	5.4
542	-0.000024	206.572933	0.000002	4.8
543	-0.143975	206.380414	0.001163	6.1
544	-0.000000	206.188373	0.000000	4.9
545	-0.198327	205.996807	0.001270	4.8
546	-0.620089	205.805716	0.012454	6.0
547	-0.803712	205.615096	0.008571	4.7
548	-0.483267	205.424946	0.007164	5.2
549	-0.237232	205.235265	0.002543	5.7
550	-0.450209	205.046050	0.015401	4.8
551	-0.610922	204.857299	0.007258	5.5
552	-0.607514	204.669011	0.009698	5.6
553	-0.893656	204.481184	0.008760	5.0
554	-0.881258	204.293816	0.007687	5.2
555	-0.375731	204.106905	0.004196	5.3
556	-0.643431	203.920449	0.008905	5.2
557	-0.602808	203.734447	0.006776	4.8
558	-1.068868	203.548896	0.009643	5.4
559	-0.791364	203.363795	0.009607	4.9
560	-0.155614	203.179143	0.002627	5.5
561	-1.021420	202.994937	0.005557	5.1
562	-0.282273	202.811176	0.003384	5.7
563	-0.931300	202.627857	0.004784	5.0
564	-0.001625	202.444980	0.000037	5.6
565	-1.052346	202.262543	0.009948	4.9
566	-0.645045	202.080543	0.006597	5.1
567	-1.114954	201.898979	0.009849	5.4
568	-0.001700	201.717849	0.000036	5.6
569	-0.119655	201.537153	0.001477	4.8
570	-0.470843	201.356887	0.005301	4.8
571	-0.020383	201.177050	0.000217	5.8
572	-1.107245	200.997642	0.016246	5.1
573	-0.000000	200.818659	0.000000	5.4
574	-1.049601	200.640100	0.013094	6.0
575	-0.532879	200.461965	0.010420	5.2
576	-0.762239	200.284250	0.009361	4.8
577	-0.000000	200.106955	0.000000	5.5
578	-1.101030	199.930078	0.008630	4.8
579	-0.000000	199.753617	0.000000	5.7
580	-0.640636	199.577571	0.002967	6.0
581	-0.000001	199.401938	0.000000	5.7
582	-0.000000	199.226717	0.000000	4.7
583	-0.765737	199.051905	0.005340	5.4
584	-0.854945	198.877502	0.004279	4.8
585	-0.477565	198.703506	0.006513	5.5
586	-0.889757	198.529916	0.008887	5.8
587	-0.000058	198.356729	0.000001	5.5
588	-0.638495	198.183944	0.005582	4.8
589	-0.644939	198.011560	0.006464	5.7
590	-0.921184	197.839576	0.004365	4.8
591	-0.000000	197.667989	0.000000	4.7
592	-0.235664	197.496798	0.004821	5.6
593	-0.001246	197.326002	0.000027	5.1
594	-1.064559	197.155600	0.010222	5.1
595	-0.000000	196.985589	0.000000	5.5
596	-0.017492	196.815969	0.000535	5.2
597	-0.499992	196.646738	0.005668	4.7
598	-0.588313	196.477894	0.003670	5.9
599	-0.001609	196.309436	0.000015	4.9
600	-0.949295	196.141363	0.010907	4.8
601	-1.103527	195.973673	0.005019	5.5
602	-0.169144	195.806365	0.002732	6.2
603	-0.482880	195.639437	0.004646	5.2
604	-0.589924	195.472888	0.005846	5.4
605	-0.759556	195.306717	0.013524	5.5
606	-0.632739	195.140922	0.006292	5.3
607	-0.693817	194.975501	0.008881	5.5
608	-0.730221	194.810454	0.013972	5.2
609	-0.000000	194.645779	0.000000	4.6
610	-0.591412	194.481475	0.008984	4.9
611	-0.377846	194.317540	0.005818	5.5
612	-0.000029	194.153973	0.000001	5.4
613	-0.738066	193.990773	0.008516	5.5
614	-0.777616	193.827938	0.005593	5.6
615	-0.649449	193.665467	0.007088	4.8
616	-0.067025	193.503358	0.002632	5.2
617	-0.441210	193.341611	0.009465	6.6
618	-0.000000	193.180224	0.000000	4.9
619	-0.626030	193.019196	0.008050	6.2
620	-0.547201	192.858525	0.007470	6.5
621	-0.706208	192.698210	0.005267	5.6
622	-1.079228	192.538251	0.005497	5.7
623	-0.751526	192.378644	0.009836	5.9
624	-1.064743	192.219391	0.012332	6.2
625	-0.399395	192.060488	0.004448	7.9
626	-0.566620	191.901935	0.011238	6.3
627	-0.000000	191.743730	0.000000	6.7
628	-0.671712	191.585873	0.008962	5.4
629	-0.000000	191.428362	0.000000	5.0
630	-0.249385	191.271196	0.001115	5.7
631	-0.000000	191.114374	0.000000	5.4
632	-0.909598	190.957893	0.014838	5.0
633	-0.914943	190.801755	0.013707	6.1
634	-1.072496	190.645956	0.011461	5.5
635	-0.404108	190.490495	0.007440	5.1
636	-1.108794	190.335373	0.009176	5.9
637	-1.081718	190.180587	0.007673	5.1
638	-0.000659	190.026136	0.000011	4.7
639	-0.171589	189.872019	0.001007	5.6
640	-0.896162	189.718235	0.012380	5.8
641	-0.529640	189.564782	0.009435	5.2
642	-0.178099	189.411661	0.002284	5.4
643	-0.803468	189.258868	0.010069	5.0
644	-0.988963	189.106404	0.004069	5.5
645	-0.811954	188.954267	0.010752	5.2
646	-0.000000	188.802456	0.000000	4.9
647	-1.044870	188.650969	0.008620	5.3
648	-0.585120	188.499807	0.006364	5.0
649	-0.814141	188.348967	0.006315	5.3
650	-0.000000	188.198448	0.000000	5.0
651	-0.828809	188.048250	0.013791	4.8
652	-0.862990	187.898371	0.010061	5.5
653	-0.000000	187.748810	0.000000	4.7
654	-0.693611	187.599566	0.009882	5.0
655	-0.606371	187.450638	0.009314	6.3
656	-0.302290	187.302025	0.003986	4.9
657	-0.000000	187.153725	0.000000	4.8
658	-0.001543	187.005739	0.000300	5.6
659	-0.925050	186.858064	0.016587	5.4
660	-1.037000	186.710699	0.012937	5.0
661	-1.131218	186.563645	0.005824	5.9
662	-0.538546	186.416898	0.006483	5.4
663	-0.000038	186.270459	0.000011	5.5
664	-0.000000	186.124326	0.000000	5.2
665	-0.807461	185.978499	0.003576	4.8
666	-1.059604	185.832976	0.017046	4.9
667	-0.524635	185.687756	0.002573	6.0
668	-0.972861	185.542838	0.026028	4.8
669	-1.008172	185.398222	0.004889	5.3
670	-0.715084	185.253906	0.007358	5.4
671	-0.717748	185.109889	0.007507	5.2
672	-1.216961	184.966170	0.016764	5.2
673	-0.000000	184.822748	0.000000	5.4
674	-0.515832	184.679623	0.009777	5.5
675	-0.256705	184.536792	0.003390	5.2
676	-0.000000	184.394256	0.000000	5.0
677	-0.030870	184.252013	0.000344	5.8
678	-0.482914	184.110062	0.006094	4.8
679	-0.724760	183.968403	0.004679	5.0
680	-0.776012	183.827034	0.006381	5.9
681	-1.010308	183.685954	0.005575	5.2
682	-0.111729	183.545163	0.001829	5.3
683	-0.519954	183.404658	0.007361	5.1
684	-0.748159	183.264441	0.008163	4.8
685	-0.972125	183.124509	0.005957	4.7
686	-1.064705	182.984861	0.013391	5.8
687	-0.000365	182.845497	0.000026	5.1
688	-0.944452	182.706416	0.007071	4.8
689	-0.569842	182.567616	0.010716	5.8
690	-0.574828	182.429098	0.008092	4.9
691	-0.807568	182.290859	0.003439	5.0
692	-0.945088	182.152899	0.010175	5.8
693	-0.000011	182.015217	0.000000	5.4
694	-0.236397	181.877813	0.004930	4.8
695	-0.000867	181.740684	0.000010	5.8
696	-0.000000	181.603832	0.000000	5.3
697	-0.436076	181.467253	0.004385	4.8
698	-0.000000	181.330948	0.000000	5.8
699	-0.471023	181.194916	0.011122	6.0
700	-0.000000	181.059155	0.000000	5.0
701	-0.195021	180.923666	0.003581	5.6
702	-0.000000	180.788446	0.000000	5.4
703	-0.564796	180.653496	0.009448	5.0
704	-0.765475	180.518814	0.010924	5.9
705	-0.787903	180.384399	0.007245	5.2
706	-0.983984	180.250251	0.018053	5.7
707	-0.000000	180.116369	0.000000	6.1
708	-0.000000	179.982752	0.000000	5.0
709	-0.977744	179.849398	0.006974	5.3
710	-0.083057	179.716308	0.001122	5.8
711	-0.259390	179.583480	0.003191	5.1
712	-0.666709	179.450913	0.007611	5.6
713	-0.208777	179.318607	0.002781	5.9
714	-0.000000	179.186561	0.000000	5.4
715	-0.928734	179.054774	0.009445	5.0
716	-1.156609	178.923245	0.011483	5.3
717	-0.001234	178.791973	0.000052	6.2
718	-0.075935	178.660958	0.001283	5.0
719	-1.044436	178.530199	0.007858	5.8
720	-0.629275	178.399694	0.007028	4.7
721	-0.914430	178.269444	0.012533	4.7
722	-0.922745	178.139447	0.010465	5.5
723	-0.103616	178.009702	0.001448	5.4
724	-0.852047	177.880209	0.010421	4.7
725	-0.632103	177.750967	0.009336	5.5
726	-0.486049	177.621975	0.003269	5.7
727	-0.589312	177.493232	0.011540	4.9
728	-1.207202	177.364738	0.009745	5.9
729	-0.610660	177.236492	0.006014	5.1
730	-1.056107	177.108492	0.012709	4.8
731	-0.021690	176.980739	0.000346	4.8
732	-0.549664	176.853231	0.006541	5.4
733	-0.000000	176.725968	0.000000	5.0
734	-0.676996	176.598949	0.007583	5.6
735	-1.076141	176.472173	0.003989	6.3
736	-1.046879	176.345639	0.012504	5.2
737	-0.000000	176.219348	0.000000	4.9
738	-0.000867	176.093296	0.000061	5.4
739	-0.000000	175.967486	0.000000	4.7
740	-0.926859	175.841914	0.007439	5.2
741	-0.298224	175.716581	0.002540	6.3
742	-1.024029	175.591486	0.005307	4.7
743	-0.952263	175.466629	0.023398	5.4
744	-1.202344	175.342008	0.007014	5.6
745	-0.000978	175.217622	0.000059	4.7
746	-0.002055	175.093472	0.000049	5.3
747	-0.858691	174.969556	0.008493	6.0
748	-1.039705	174.845873	0.006304	4.8
749	-0.453023	174.722423	0.008609	5.4
750	-1.119327	174.599206	0.011992	6.2
751	-0.789172	174.476220	0.007625	5.3
752	-0.405517	174.353464	0.005505	4.7
753	-0.867361	174.230939	0.009818	6.0
754	-0.703730	174.108643	0.003288	5.3
755	-0.479548	173.986576	0.002283	4.7
756	-0.006092	173.864737	0.000289	5.8
757	-0.689573	173.743124	0.008169	5.8
758	-0.000358	173.621739	0.000057	4.8
759	-0.106186	173.500579	0.001083	6.6
760	-0.002143	173.379645	0.000403	4.8
761	-0.753482	173.258935	0.006421	5.4
762	-0.893888	173.138449	0.012338	6.0
763	-0.474840	173.018186	0.004168	5.4
764	-0.521609	172.898146	0.005320	4.9
765	-0.002850	172.778327	0.000053	5.6
766	-0.006802	172.658730	0.000131	5.3
767	-0.983401	172.539353	0.007595	4.8
768	-0.300316	172.420196	0.003050	5.7
769	-0.700947	172.301258	0.006077	5.4
770	-0.348137	172.182539	0.009777	4.8
771	-0.907378	172.064037	0.005689	5.8
772	-0.542679	171.945753	0.009884	4.7
773	-0.934273	171.827686	0.008748	5.2
774	-0.579605	171.709834	0.007998	5.5
775	-0.851457	171.592198	0.008666	5.9
776	-0.637095	171.474776	0.009854	5.0
777	-0.880662	171.357568	0.013825	5.6
778	-0.413540	171.240574	0.004414	4.8
779	-0.000000	171.123793	0.000000	5.6
780	-0.238144	171.007223	0.002656	5.6
781	-0.838438	170.890865	0.012700	5.3
782	-0.673094	170.774718	0.009033	4.7
783	-0.201282	170.658782	0.002761	6.0
784	-0.403620	170.543055	0.004060	5.1
785	-1.074681	170.427537	0.009332	5.0
786	-0.495080	170.312227	0.006462	6.5
787	-1.106628	170.197125	0.009723	4.9
788	-0.768317	170.082231	0.009320	5.1
789	-0.010013	169.967543	0.000188	5.8
790	-0.387489	169.853061	0.004151	5.1
791	-1.206619	169.738784	0.007379	5.6
792	-0.000000	169.624713	0.000000	5.5
793	-0.135232	169.510845	0.002393	6.2
794	-1.216824	169.397181	0.005520	5.4
795	-0.440969	169.283720	0.002138	6.2
796	-1.123282	169.170462	0.022346	4.9
797	-0.071396	169.057405	0.001707	4.9
798	-0.303380	168.944549	0.002457	5.9
799	-0.648224	168.831895	0.011800	5.1
800	-0.859198	168.719440	0.003920	5.4
801	-1.050537	168.607185	0.009601	5.5
802	-0.267955	168.495129	0.004378	4.8
803	-0.401104	168.383271	0.007293	4.9
804	-0.000000	168.271611	0.000000	5.5
805	-0.686242	168.160148	0.006752	5.0
806	-0.202230	168.048882	0.006140	6.0
807	-0.791334	167.937812	0.006226	5.7
808	-0.046803	167.826938	0.000850	4.9
809	-0.836315	167.716258	0.017055	4.8
810	-0.000000	167.605773	0.000000	6.1
811	-0.954313	167.495482	0.016177	5.8
812	-0.402452	167.385384	0.005416	4.9
813	-0.703231	167.275479	0.010870	5.3
814	-0.520462	167.165766	0.005954	4.8
815	-0.000000	167.056245	0.000000	4.7
816	-0.246942	166.946915	0.001262	5.5
817	-0.000000	166.837776	0.000000	5.6
818	-0.002928	166.728826	0.000044	5.1
819	-0.562898	166.620067	0.006851	4.8
820	-0.707504	166.511496	0.009514	6.1
821	-0.000000	166.403113	0.000000	4.8
822	-0.000000	166.294919	0.000000	4.9
823	-0.495368	166.186912	0.006593	6.0
824	-1.099070	166.079091	0.006942	5.3
825	-0.748219	165.971458	0.006072	5.2
826	-1.014338	165.864009	0.017526	5.5
827	-0.725083	165.756747	0.011870	5.1
828	-0.919127	165.649669	0.012431	4.8
829	-0.789353	165.542775	0.012699	5.9
830	-0.001555	165.436065	0.000088	4.7
831	-0.472439	165.329538	0.006642	5.4
832	-0.480733	165.223194	0.006581	5.6
833	-1.162920	165.117032	0.004233	5.9
834	-0.464990	165.011052	0.006873	5.0
835	-0.007244	164.905253	0.000401	5.9
836	-0.669712	164.799635	0.013025	5.0
837	-0.561506	164.694197	0.010937	4.7
838	-0.001240	164.588939	0.000030	5.7
839	-0.573414	164.483859	0.011024	5.1
840	-0.509116	164.378959	0.004504	4.8
841	-1.102873	164.274237	0.005847	6.1
842	-0.077949	164.169692	0.001305	4.7
843	-0.485514	164.065325	0.006909	5.4
844	-0.000003	163.961135	0.000000	5.5
845	-0.899444	163.857120	0.007523	5.1
846	-0.996127	163.753282	0.011220	5.0
847	-1.160054	163.649619	0.005963	5.5
848	-0.115667	163.546130	0.001589	5.0
849	-1.098781	163.442816	0.010737	5.0
850	-0.007746	163.339676	0.000209	5.1
851	-0.807431	163.236709	0.009641	6.1
852	-0.869738	163.133915	0.008774	5.2
853	-0.133992	163.031294	0.002218	5.1
854	-0.970531	162.928844	0.006913	5.6
855	-0.583153	162.826566	0.010799	5.0
856	-0.438110	162.724459	0.007795	5.6
857	-0.782625	162.622523	0.009529	5.6
858	-0.515403	162.520757	0.005349	5.0
859	-0.579999	162.419160	0.005691	5.0
860	-1.082380	162.317733	0.002725	6.5
861	-0.931370	162.216474	0.008794	4.9
862	-0.786536	162.115383	0.005235	5.7
863	-1.028946	162.014461	0.012245	5.6
864	-1.232979	161.913705	0.007370	5.0
865	-0.903335	161.813117	0.007807	5.6
866	-0.000022	161.712695	0.000004	5.6
867	-0.568475	161.612439	0.008230	5.5
868	-0.456803	161.512349	0.008498	5.4
869	-0.784778	161.412424	0.009020	5.6
870	-0.962734	161.312663	0.015447	5.0
871	-0.420022	161.213067	0.003961	5.5
872	-1.049963	161.113635	0.013287	6.3
873	-0.000001	161.014366	0.000000	5.1
874	-1.004567	160.915260	0.007191	5.5
875	0.000000	160.816316	0.000000	5.2
876	-0.000000	160.717535	0.000000	4.7
877	-1.141636	160.618915	0.018836	5.2
878	-0.835085	160.520456	0.017770	5.8
879	-0.412675	160.422158	0.003423	4.8
880	-0.783056	160.324021	0.005866	5.1
881	-1.063246	160.226043	0.011891	6.1
882	-0.771059	160.128225	0.014322	4.8
883	-0.994250	160.030566	0.010694	5.5
884	-0.000000	159.933066	0.000000	5.6
885	-0.986064	159.835723	0.009786	5.0
886	-0.804496	159.738539	0.007249	5.1
887	-0.736381	159.641512	0.010438	5.8
888	-0.759460	159.544642	0.011070	4.8
889	-0.028014	159.447929	0.000202	5.3
890	-0.632405	159.351372	0.004975	5.9
891	-0.026109	159.254971	0.000377	5.8
892	-0.837022	159.158725	0.007994	4.8
893	-0.569115	159.062634	0.009712	5.8
894	-0.449192	158.966697	0.010792	4.8
895	-0.392007	158.870915	0.005671	4.6
896	-0.426588	158.775286	0.008055	6.1
897	-0.000000	158.679811	0.000000	5.8
898	-1.018383	158.584489	0.008496	6.0
899	-0.654301	158.489319	0.008368	5.7
900	-0.000012	158.394302	0.000003	5.2
901	-0.594432	158.299436	0.007454	4.7
902	-0.236350	158.204721	0.004258	5.8
903	-0.390248	158.110158	0.003200	4.9
904	-0.000000	158.015745	0.000000	5.2
905	-0.626760	157.921482	0.008172	5.9
906	-0.965428	157.827369	0.004773	5.0
907	-0.669985	157.733406	0.007708	4.8
908	-1.014518	157.639591	0.006028	6.3
909	-0.451325	157.545925	0.006898	5.9
910	-0.000012	157.452408	0.000001	5.5
911	-0.735013	157.359038	0.014659	6.3
912	-0.000000	157.265816	0.000000	4.7
913	-0.952718	157.172741	0.010216	5.0
914	-0.555863	157.079813	0.003164	5.8
915	-0.340970	156.987031	0.004059	4.9
916	-0.697499	156.894395	0.007930	5.3
917	-0.182917	156.801904	0.001478	5.7
918	-1.078033	156.709559	0.006758	4.8
919	-1.284579	156.617359	0.010387	5.2
920	-0.292669	156.525304	0.005348	5.9
921	-0.668315	156.433392	0.003661	4.7
922	-0.450253	156.341624	0.006698	5.1
923	-0.773373	156.250000	0.010773	6.3
924	-0.995118	156.158519	0.008317	4.8
925	-0.000000	156.067180	0.000000	4.7
926	-1.035172	155.975984	0.008937	5.6
927	-0.031485	155.884930	0.000364	5.6
928	-0.922382	155.794017	0.020161	5.0
929	-0.695042	155.703246	0.011655	5.8
930	-0.501183	155.612615	0.008161	5.3
931	-0.259736	155.522125	0.004036	5.5
932	-0.806349	155.431775	0.008714	5.6
933	-0.342165	155.341565	0.003394	5.1
934	-1.165479	155.251495	0.006107	4.9
935	-0.795379	155.161563	0.007866	5.5
936	-0.973133	155.071771	0.009533	4.9
937	-0.506963	154.982117	0.006337	4.9
938	-0.792635	154.892601	0.010140	5.5
939	-0.366549	154.803222	0.004806	5.4
940	-0.608571	154.713981	0.005215	5.3
941	-0.447180	154.624878	0.006430	5.0
942	-0.000000	154.535910	0.000000	5.5
943	-0.637499	154.447080	0.005796	5.1
944	-0.000000	154.358385	0.000000	4.7
945	-0.495467	154.269826	0.004407	5.9
946	-0.898776	154.181402	0.006550	5.0
947	-0.887080	154.093114	0.011635	4.7
948	-0.740084	154.004960	0.010200	6.1
949	-1.030534	153.916940	0.007261	5.9
950	-0.402157	153.829054	0.005970	5.0
951	-0.550855	153.741303	0.008703	5.6
952	-0.429013	153.653684	0.003882	5.5
953	-0.739735	153.566198	0.011066	5.1
954	-0.178572	153.478846	0.002647	6.3
955	-0.846435	153.391625	0.006291	5.8
956	-1.019587	153.304537	0.003846	4.9
957	-1.074390	153.217580	0.008212	6.0
958	-0.015609	153.130755	0.000213	4.9
959	-0.308222	153.044061	0.002495	5.0
960	-1.094229	152.957498	0.005930	6.4
961	-0.517432	152.871065	0.008091	4.9
962	-0.084160	152.784762	0.001419	5.2
963	-0.725260	152.698589	0.008186	6.1
964	-0.718311	152.612545	0.014541	5.0
965	-0.906447	152.526631	0.004122	5.0
966	-0.000000	152.440845	0.000000	5.7
967	-0.000000	152.355188	0.000000	6.1
968	-1.050454	152.269660	0.013881	5.2
969	-0.502875	152.184259	0.008228	5.4
970	-0.819602	152.098986	0.005846	4.8
971	-0.633701	152.013840	0.008289	5.2
972	-0.676402	151.928821	0.007162	5.9
973	-1.195613	151.843928	0.021281	4.7
974	-0.000000	151.759163	0.000000	5.1
975	-0.362594	151.674523	0.003222	5.6
976	-1.203330	151.590009	0.009793	4.9
977	-0.528225	151.505620	0.003160	5.3
978	-0.540359	151.421357	0.005130	5.7
979	-0.761077	151.337218	0.010103	4.7
980	-0.000007	151.253204	0.000002	5.2
981	-1.171187	151.169314	0.006530	5.8
982	-0.536808	151.085549	0.011953	4.7
983	-0.529112	151.001907	0.004021	4.8
984	-0.000000	150.918388	0.000000	5.2
985	-0.752961	150.834992	0.008967	6.0
986	-0.000000	150.751719	0.000000	5.1
987	-0.314073	150.668569	0.002962	5.7
988	-0.056872	150.585541	0.001874	4.7
989	-0.175743	150.502634	0.001322	5.2
990	-0.922767	150.419849	0.008910	6.9
991	-0.000180	150.337186	0.000064	5.2
992	-0.917669	150.254644	0.008869	5.0
993	-0.103929	150.172222	0.001802	5.6
994	-1.055646	150.089921	0.004103	5.0
995	-1.077340	150.007740	0.010111	4.8
996	-0.516217	149.925679	0.004850	4.8
997	-1.098337	149.843737	0.005592	5.6
998	-0.013537	149.761915	0.000341	5.3
999	-0.549881	149.680212	0.004706	5.0
1000	-1.042423	149.598627	0.006528	5.5
1001	-1.097579	149.517161	0.007509	4.7
1002	-0.904642	149.435814	0.014101	4.7
1003	-0.576960	149.354584	0.006529	6.1
1004	-1.098186	149.273472	0.005630	5.1
1005	-0.000000	149.192477	0.000000	4.8
1006	-0.949916	149.111599	0.006704	6.0
1007	-0.000000	149.030838	0.000000	5.6
1008	-0.953482	148.950194	0.005413	4.8
1009	-1.173606	148.869666	0.003761	6.2
1010	-0.000000	148.789253	0.000000	4.9
1011	-0.740383	148.708957	0.006888	4.8
1012	-0.453685	148.628776	0.010709	6.1
1013	-0.972034	148.548710	0.005908	5.0
1014	-0.747508	148.468759	0.008796	5.5
1015	-0.000000	148.388923	0.000000	5.7
1016	-0.589967	148.309201	0.005457	4.7
1017	-0.749541	148.229594	0.005173	4.7
1018	-0.581906	148.150100	0.006540	6.1
1019	-0.972606	148.070719	0.009611	4.9
1020	-0.738953	147.991452	0.005303	4.8
1021	-0.991465	147.912298	0.007285	5.8
1022	-0.791456	147.833257	0.007314	4.7
1023	-0.000006	147.754329	0.000000	5.3
1024	-0.994528	147.675512	0.006362	5.4
1025	-0.000000	147.596808	0.000000	5.8
1026	-0.095979	147.518216	0.001291	4.9
1027	-0.548007	147.439735	0.008349	5.7
1028	-0.924598	147.361365	0.010581	4.9
1029	-0.633971	147.283106	0.007227	5.0
1030	-0.586343	147.204958	0.008055	6.3
1031	-0.889604	147.126920	0.005850	5.2
1032	-1.126979	147.048993	0.016461	5.0
1033	-0.670954	146.971175	0.009804	5.7
1034	-0.751493	146.893468	0.007730	5.7
1035	-0.933501	146.815869	0.007067	5.4
1036	-0.591344	146.738380	0.007331	5.8
1037	-0.781456	146.661000	0.007296	5.0
1038	-0.000054	146.583729	0.000003	5.1
1039	-0.000000	146.506566	0.000000	6.3
1040	-0.759555	146.429511	0.009873	5.0
1041	-0.257731	146.352565	0.001786	5.2
1042	-0.576763	146.275726	0.010807	5.5
1043	-0.524613	146.198994	0.007712	5.6
1044	-0.000011	146.122370	0.000003	5.2
1045	-1.016343	146.045853	0.007285	5.5
1046	-0.619065	145.969442	0.007624	4.7
1047	-0.766682	145.893139	0.008688	4.8
1048	-0.000000	145.816941	0.000000	6.2
1049	-0.000000	145.740849	0.000000	5.2
1050	-0.051523	145.664863	0.000760	4.8
1051	-0.749286	145.588983	0.008327	5.2
1052	-0.971293	145.513208	0.003878	5.3
1053	-0.000002	145.437538	0.000000	5.4
1054	-0.000000	145.361973	0.000000	4.5
1055	-1.103246	145.286513	0.013104	5.6
1056	-1.151780	145.211157	0.010792	4.9
1057	-0.621949	145.135905	0.006576	5.2
1058	-0.795466	145.060757	0.010768	5.9
1059	-0.065888	144.985712	0.000684	4.8
1060	-0.504281	144.910771	0.006487	5.2
1061	-0.949978	144.835934	0.013138	5.6
1062	-1.161190	144.761199	0.005639	4.9
1063	-0.872736	144.686567	0.008969	5.4
1064	-0.320115	144.612037	0.003811	5.6
1065	-0.276178	144.537610	0.002464	5.9
1066	-0.040683	144.463285	0.000536	4.7
1067	-0.000000	144.389062	0.000000	5.5
1068	-0.357652	144.314940	0.005184	4.8
1069	-0.116742	144.240920	0.002987	5.2
1070	-0.471277	144.167001	0.005320	5.7
1071	-0.812416	144.093182	0.006900	5.7
1072	-0.000000	144.019465	0.000000	4.7
1073	-0.537995	143.945848	0.008378	6.0
1074	-0.386982	143.872331	0.001522	4.7
1075	-0.063166	143.798914	0.000595	4.9
1076	-0.006345	143.725597	0.000065	5.8
1077	-0.976042	143.652380	0.008855	4.8
1078	-0.670398	143.579262	0.009122	4.7
1079	-0.733594	143.506243	0.009942	5.7
1080	-0.050379	143.433323	0.001120	5.1
1081	-0.773625	143.360502	0.002107	5.1
1082	-0.680822	143.287780	0.005477	5.4
1083	-1.089695	143.215155	0.011115	5.8
1084	-1.035543	143.142629	0.009650	5.1
1085	-1.036300	143.070201	0.013049	4.7
1086	-0.009094	142.997870	0.000076	5.5
1087	-0.537503	142.925637	0.007908	5.5
1088	-0.035996	142.853501	0.002059	4.9
1089	-1.198130	142.781462	0.008493	5.8
1090	-1.182740	142.709519	0.011232	4.9
1091	-0.000000	142.637674	0.000000	4.8
1092	-0.645327	142.565924	0.012281	5.9
1093	-0.677996	142.494271	0.005630	5.1
1094	-0.968675	142.422714	0.007929	5.1
1095	-1.196784	142.351252	0.010357	5.9
1096	-1.092806	142.279886	0.012956	5.0
1097	-0.902299	142.208616	0.012965	5.0
1098	-0.471722	142.137440	0.007057	5.6
1099	-0.436788	142.066360	0.003603	4.7
1100	-0.000000	141.995374	0.000000	5.5
1101	-1.186658	141.924483	0.024701	5.7
1102	-1.133701	141.853685	0.012704	4.7
1103	-0.000000	141.782983	0.000000	5.2
1104	-0.929146	141.712373	0.008159	5.4
1105	-0.061364	141.641858	0.000350	5.8
1106	-1.097428	141.571436	0.011808	5.0
1107	-0.467331	141.501108	0.005008	5.3
1108	-0.620109	141.430872	0.009164	4.9
1109	-0.858337	141.360730	0.014621	5.3
1110	-1.119999	141.290680	0.009316	5.8
1111	-0.782110	141.220722	0.010216	4.9
1112	-0.000000	141.150857	0.000000	5.4
1113	-0.693115	141.081084	0.009111	5.4
1114	-0.481733	141.011403	0.003989	5.0
1115	-0.705637	140.941813	0.010414	4.7
1116	-0.086350	140.872315	0.001131	5.3
1117	-0.478824	140.802909	0.004891	5.5
1118	-0.191798	140.733593	0.001634	4.7
1119	-1.097246	140.664369	0.009686	5.3
1120	-0.035118	140.595235	0.000415	6.0
1121	-1.212477	140.526192	0.008432	5.0
1122	-0.810933	140.457239	0.005152	4.8
1123	-0.988688	140.388376	0.009443	5.9
1124	-0.955044	140.319603	0.006572	5.4
1125	-0.721416	140.250920	0.009343	4.8
1126	-0.006312	140.182326	0.000190	6.2
1127	-1.154196	140.113822	0.007882	4.7
1128	-0.653829	140.045407	0.008973	5.0
1129	-0.803574	139.977081	0.012200	5.9
1130	-0.000028	139.908844	0.000009	5.1
1131	-1.243896	139.840696	0.007321	4.8
1132	-0.000000	139.772635	0.000000	5.9
1133	-0.000000	139.704664	0.000000	4.6
1134	-1.010202	139.636780	0.011294	5.2
1135	-0.000000	139.568984	0.000000	5.9
1136	-1.174042	139.501276	0.006730	5.1
1137	-1.090477	139.433655	0.006044	5.2
1138	-0.822986	139.366122	0.005219	5.5
1139	-1.223714	139.298676	0.011657	4.7
1140	-0.677398	139.231317	0.011053	5.0
1141	-0.000000	139.164045	0.000000	5.8
1142	-0.000000	139.096859	0.000000	5.9
1143	-0.048277	139.029760	0.001308	5.0
1144	-0.669969	138.962747	0.009349	5.6
1145	-1.028657	138.895820	0.007679	4.8
1146	-0.862455	138.828978	0.010446	5.6
1147	0.000000	138.762223	0.000000	5.6
1148	-0.000000	138.695553	0.000000	5.2
1149	-0.000000	138.628969	0.000000	4.9
1150	-0.021458	138.562469	0.000863	5.8
1151	-0.117395	138.496055	0.001768	5.3
1152	-0.056763	138.429725	0.000399	4.9
1153	-0.201766	138.363481	0.002862	6.0
1154	-0.805717	138.297320	0.006846	5.2
1155	-0.000121	138.231244	0.000018	4.9
1156	-0.309269	138.165252	0.002471	4.9
1157	-0.836178	138.099344	0.008878	5.9
1158	-0.163949	138.033520	0.002596	5.9
1159	-0.530363	137.967779	0.008005	5.3
1160	-0.428333	137.902122	0.003940	5.6
1161	-0.000003	137.836548	0.000001	5.0
1162	-0.850149	137.771057	0.007665	5.8
1163	-0.723569	137.705649	0.011197	6.0
1164	-0.889734	137.640324	0.021358	5.2
1165	-0.855488	137.575081	0.013682	5.4
1166	-0.000000	137.509921	0.000000	5.3
1167	-0.587647	137.444842	0.005724	4.9
1168	-0.623131	137.379846	0.007121	4.8
1169	-0.510476	137.314932	0.004815	5.4
1170	-0.000000	137.250100	0.000000	5.2
1171	-0.000000	137.185349	0.000000	5.2
1172	-0.079302	137.120680	0.001027	6.1
1173	-0.484911	137.056092	0.009463	5.9
1174	-0.998507	136.991585	0.005461	5.2
1175	-0.661412	136.927158	0.006268	5.4
1176	-0.771542	136.862813	0.009669	4.7
1177	-0.041404	136.798548	0.001198	4.9
1178	-0.233021	136.734363	0.003060	5.7
1179	-0.785250	136.670259	0.010831	5.0
1180	-0.217051	136.606235	0.002671	4.8
1181	-1.153062	136.542291	0.006521	6.2
1182	-0.093672	136.478426	0.001039	5.6
1183	-0.000000	136.414641	0.000000	4.8
1184	-0.901833	136.350936	0.012052	5.8
1185	-0.000001	136.287310	0.000000	4.7
1186	-1.073089	136.223763	0.012383	4.7
1187	-1.034263	136.160295	0.015063	6.2
1188	-0.552224	136.096905	0.009373	4.8
1189	-0.000000	136.033594	0.000000	5.3
1190	-1.233297	135.970362	0.015996	5.8
1191	-0.429958	135.907208	0.006910	4.8
1192	-0.873768	135.844133	0.009398	4.8
1193	-0.029184	135.781135	0.000711	6.0
1194	-1.173519	135.718215	0.010164	5.3
1195	-0.000201	135.655373	0.000006	5.1
1196	-0.193994	135.592608	0.002165	5.9
1197	-0.188655	135.529921	0.002685	4.7
1198	-0.000000	135.467311	0.000000	4.7
1199	-0.654251	135.404778	0.009867	5.3
1200	-0.411260	135.342322	0.004264	5.9
1201	-0.323846	135.279942	0.003300	5.4
1202	-0.684510	135.217640	0.008042	5.9
1203	-1.082608	135.155413	0.023961	4.8
1204	-0.760047	135.093263	0.009830	4.7
1205	-1.079554	135.031190	0.009515	5.8
1206	-0.730319	134.969192	0.008907	5.0
1207	-0.028410	134.907270	0.000493	5.1
1208	-1.132938	134.845424	0.006813	5.4
1209	-0.496363	134.783653	0.009962	5.3
1210	-0.765900	134.721958	0.006705	4.8
1211	-1.336972	134.660338	0.006504	5.3
1212	-0.001562	134.598793	0.000229	5.5
1213	-0.792519	134.537323	0.004825	5.1
1214	-0.470430	134.475927	0.009357	5.1
1215	-0.905942	134.414607	0.006682	5.5
1216	-0.000476	134.353361	0.000044	4.7
1217	-0.550427	134.292189	0.008106	4.7
1218	-1.067731	134.231092	0.009080	5.2
1219	-0.562589	134.170068	0.004789	5.9
1220	-1.007004	134.109119	0.009870	5.1
1221	-0.997084	134.048243	0.010630	5.5
1222	-1.024574	133.987441	0.007012	4.7
1223	-0.453876	133.926713	0.006731	4.9
1224	-0.603316	133.866057	0.004173	6.3
1225	-1.021461	133.805475	0.009267	5.1
1226	-0.354529	133.744966	0.003315	4.8
1227	-1.157886	133.684530	0.007444	5.7
1228	-0.710400	133.624167	0.007362	5.3
1229	-1.158216	133.563877	0.007032	4.8
1230	-0.000000	133.503658	0.000000	5.7
1231	-0.686460	133.443513	0.007702	5.0
1232	-0.779729	133.383439	0.006858	4.9
1233	-0.711050	133.323437	0.006637	5.6
1234	-0.479346	133.263508	0.004596	5.2
1235	-1.276621	133.203650	0.011925	5.4
1236	-0.000000	133.143864	0.000000	5.1
1237	-0.000000	133.084149	0.000000	5.8
1238	-1.059622	133.024506	0.009006	4.8
1239	-0.304040	132.964934	0.003728	5.6
1240	-0.000492	132.905433	0.000053	5.9
1241	-0.170793	132.846003	0.003227	5.1
1242	-1.086110	132.786643	0.008562	4.8
1243	-0.000000	132.727355	0.000000	5.9
1244	-0.603328	132.668137	0.008316	4.9
1245	-0.869575	132.608989	0.008255	4.9
1246	-1.160919	132.549912	0.005304	5.8
1247	-1.080301	132.490904	0.006788	5.6
1248	-0.000000	132.431967	0.000000	4.9
1249	-1.131777	132.373100	0.006847	6.5
1250	-0.000000	132.314302	0.000000	4.9
1251	-1.075723	132.255574	0.007485	5.0
1252	-0.666961	132.196916	0.005644	5.9
1253	-0.056355	132.138326	0.000522	4.9
1254	-0.000000	132.079806	0.000000	5.9
1255	-0.272534	132.021355	0.002661	5.6
1256	-0.887923	131.962973	0.007629	5.5
1257	-0.456246	131.904660	0.003415	5.1
1258	-1.055320	131.846415	0.004738	6.3
1259	-0.034336	131.788239	0.000553	5.3
1260	-0.857599	131.730131	0.004614	5.9
1261	-0.075197	131.672092	0.001487	4.9
1262	-0.177691	131.614121	0.000809	4.7
1263	-0.870497	131.556217	0.012404	5.3
1264	-0.000000	131.498382	0.000000	5.7
1265	-0.529663	131.440614	0.008159	4.8
1266	-0.000128	131.382914	0.000006	5.0
1267	-0.773995	131.325282	0.009443	6.3
1268	-0.752001	131.267717	0.008813	4.8
1269	-0.797995	131.210219	0.006792	5.3
1270	-0.829837	131.152788	0.005197	5.4
1271	-1.039764	131.095424	0.017002	5.1
1272	-0.003576	131.038127	0.000411	4.7
1273	-0.771095	130.980897	0.017381	5.7
1274	-0.034854	130.923733	0.000907	5.4
1275	-1.061638	130.866636	0.018399	5.2
1276	-0.907577	130.809605	0.010900	5.9
1277	-0.729753	130.752641	0.009399	4.8
1278	-0.623377	130.695742	0.006694	5.3
1279	-0.927893	130.638910	0.012120	5.7
1280	-0.492679	130.582143	0.010789	6.1
1281	-0.871593	130.525442	0.007292	4.8
1282	-1.144094	130.468807	0.006005	5.9
1283	-0.535041	130.412237	0.008677	5.6
1284	-0.594036	130.355733	0.004960	5.2
1285	-0.134727	130.299294	0.001642	5.7
1286	-0.631922	130.242920	0.005917	5.3
1287	-0.624522	130.186611	0.009496	4.6
1288	-0.602554	130.130366	0.010764	5.8
1289	-0.780879	130.074187	0.008916	4.8
1290	-1.064151	130.018072	0.005860	4.9
1291	-0.102581	129.962022	0.001418	6.0
1292	-0.123574	129.906036	0.002548	4.8
1293	-0.000000	129.850114	0.000000	5.4
1294	-1.065781	129.794257	0.006868	5.9
1295	-0.970203	129.738463	0.005696	4.8
1296	-0.854920	129.682734	0.011071	5.3
1297	-0.103767	129.627068	0.001196	5.6
1298	-1.095031	129.571466	0.011642	5.7
1299	-0.806760	129.515927	0.007274	5.4
1300	-0.011180	129.460452	0.000296	5.8
1301	-0.445118	129.405040	0.005549	4.9
1302	-0.781498	129.349692	0.008716	5.3
1303	-0.435224	129.294406	0.003331	6.1
1304	-0.342135	129.239183	0.003312	5.1
1305	-0.408791	129.184024	0.002712	4.8
1306	-0.040396	129.128927	0.000695	6.3
1307	-0.298300	129.073892	0.004958	5.3
1308	-1.035756	129.018921	0.005529	4.9
1309	-0.799774	128.964011	0.005906	5.7
1310	-1.022090	128.909164	0.005842	4.8
1311	-0.774531	128.854379	0.013552	4.9
1312	-1.088993	128.799656	0.007536	5.9
1313	-1.105614	128.744995	0.019969	4.9
1314	-0.976670	128.690396	0.008744	5.3
1315	-0.579382	128.635858	0.007141	5.3
1316	-0.832283	128.581382	0.009362	5.8
1317	-0.542638	128.526968	0.005486	5.1
1318	-0.355490	128.472615	0.006246	5.0
1319	-1.041764	128.418323	0.003643	5.8
1320	-0.000675	128.364092	0.000125	5.2
1321	-1.075472	128.309922	0.004872	5.1
1322	-0.000000	128.255814	0.000000	5.4
1323	-1.036941	128.201766	0.024995	5.4
1324	-0.357686	128.147778	0.005003	5.6
1325	-0.262022	128.093852	0.002339	5.5
1326	-1.041801	128.039985	0.008847	4.9
1327	-0.581227	127.986180	0.007873	5.6
1328	-0.094947	127.932434	0.001866	5.6
1329	-0.159499	127.878749	0.001834	5.2
1330	-0.278098	127.825123	0.001082	5.5
1331	-0.388868	127.771558	0.006440	5.6
1332	-0.671133	127.718052	0.006909	5.3
1333	-0.000000	127.664606	0.000000	5.4
1334	-1.075180	127.611220	0.004813	5.6
1335	-0.000000	127.557893	0.000000	4.9
1336	-0.000000	127.504625	0.000000	4.9
1337	-0.000003	127.451417	0.000000	6.3
1338	-0.082281	127.398268	0.000609	5.7
1339	-0.777871	127.345178	0.005198	4.9
1340	-0.113193	127.292147	0.001253	5.8
1341	-0.044335	127.239175	0.000150	4.8
1342	-1.163009	127.186261	0.008113	4.7
1343	-0.151700	127.133407	0.002351	6.1
1344	-0.730974	127.080610	0.005183	5.1
1345	-0.733147	127.027872	0.008147	4.8
1346	-0.425945	126.975193	0.004897	5.8
1347	-0.237767	126.922572	0.001702	4.8
1348	-0.596542	126.870008	0.007555	4.8
1349	-0.000000	126.817503	0.000000	5.7
1350	-0.000006	126.765056	0.000000	5.7
1351	-1.086302	126.712667	0.007749	5.5
1352	-0.689541	126.660335	0.009506	6.1
1353	-0.592942	126.608061	0.006313	4.7
1354	-0.803306	126.555844	0.011225	4.8
1355	-0.475953	126.503685	0.004819	5.4
1356	-0.188335	126.451583	0.003231	5.8
1357	-1.051017	126.399538	0.009473	6.3
1358	-0.927055	126.347550	0.012060	7.3
1359	-0.701393	126.295619	0.008842	4.8
1360	-0.991009	126.243745	0.004662	5.2
1361	-0.208900	126.191928	0.003389	5.8
1362	-0.500144	126.140168	0.006581	4.7
1363	-0.018975	126.088464	0.000471	4.8
1364	-0.021382	126.036817	0.000281	6.4
1365	-0.745803	125.985226	0.010610	4.6
1366	-1.309433	125.933691	0.011164	5.2
1367	-0.520771	125.882212	0.005853	5.6
1368	-1.123854	125.830790	0.012267	4.7
1369	-0.352924	125.779423	0.003561	4.7
1370	-0.000000	125.728113	0.000000	6.1
1371	-0.214913	125.676858	0.002469	4.9
1372	-1.123909	125.625659	0.018151	5.1
1373	-1.137871	125.574515	0.009023	5.3
1374	-1.212845	125.523427	0.004551	5.9
1375	-0.118576	125.472394	0.001191	5.1
1376	-0.000000	125.421417	0.000000	5.7
1377	-1.016181	125.370495	0.007390	5.1
1378	-0.610246	125.319628	0.008609	4.7
1379	-0.000000	125.268815	0.000000	5.6
1380	-1.078131	125.218058	0.020436	5.4
1381	-0.664785	125.167356	0.007915	5.0
1382	-0.833049	125.116708	0.007527	5.4
1383	-0.658953	125.066115	0.008460	5.3
1384	-1.311672	125.015576	0.010445	5.0
1385	-0.021979	124.965092	0.000811	5.2
1386	-0.559129	124.914662	0.007613	5.2
1387	-0.883247	124.864287	0.004802	4.8
1388	-0.844639	124.813965	0.011233	5.1
1389	-0.786202	124.763698	0.005747	5.7
1390	-0.010312	124.713485	0.000085	4.8
1391	-0.771550	124.663325	0.004813	5.5
1392	-1.023752	124.613219	0.010426	6.5
1393	-1.080749	124.563167	0.007300	5.1
1394	-0.288707	124.513168	0.003110	5.4
1395	-0.277257	124.463223	0.004430	5.2
1396	-0.929821	124.413332	0.005301	4.7
1397	-0.000032	124.363493	0.000001	5.3
1398	-0.698526	124.313708	0.005250	5.6
1399	-0.253207	124.263976	0.003834	4.7
1400	-1.010734	124.214297	0.012679	4.8
1401	-0.842145	124.164671	0.003456	6.1
1402	-0.098567	124.115097	0.000665	4.8
1403	-0.841633	124.065577	0.012814	5.3
1404	-0.741534	124.016109	0.009916	5.7
1405	-0.490713	123.966693	0.011155	4.7
1406	-0.000000	123.917330	0.000000	4.9
1407	-0.606746	123.868020	0.007928	5.6
1408	-0.331448	123.818762	0.003701	4.7
1409	-0.209233	123.769556	0.003965	5.5
1410	-0.657901	123.720402	0.005228	5.5
1411	-0.001417	123.671300	0.000229	5.7
1412	-1.125689	123.622250	0.009461	4.9
1413	-1.117596	123.573252	0.005697	5.5
1414	-0.000000	123.524305	0.000000	5.7
1415	-0.570818	123.475411	0.006305	5.3
1416	-0.000000	123.426568	0.000000	5.4
1417	-0.889729	123.377776	0.010132	5.3
1418	-1.166861	123.329036	0.009442	4.8
1419	-1.087058	123.280347	0.007018	4.9
1420	-0.005150	123.231709	0.000550	5.2
1421	-1.012437	123.183122	0.009616	5.8
1422	-1.134986	123.134587	0.007800	4.8
1423	-0.000000	123.086102	0.000000	5.3
1424	-0.830276	123.037669	0.016719	5.7
1425	-0.552208	122.989286	0.004747	4.8
1426	-0.253194	122.940954	0.005013	6.5
1427	-0.409786	122.892672	0.009824	4.7
1428	-0.501188	122.844441	0.008526	5.1
1429	-0.000000	122.796261	0.000000	6.0
1430	-0.000000	122.748130	0.000000	4.6
1431	-0.791886	122.700050	0.007461	5.1
1432	-0.000000	122.652021	0.000000	5.9
1433	-0.416434	122.604041	0.007139	5.9
1434	-0.690832	122.556111	0.007348	4.9
1435	-0.922197	122.508232	0.012464	5.7
1436	-0.967086	122.460402	0.007327	4.7
1437	-1.208556	122.412622	0.009001	5.5
1438	-0.877470	122.364891	0.005114	5.6
1439	-0.000000	122.317210	0.000000	5.1
1440	-0.873440	122.269579	0.012556	4.6
1441	-0.614652	122.221997	0.004422	5.7
1442	-0.000000	122.174465	0.000000	5.0
1443	-1.160792	122.126981	0.007580	5.1
1444	-0.829375	122.079547	0.003564	5.6
1445	-1.048021	122.032162	0.010205	5.3
1446	-0.000000	121.984826	0.000000	4.8
1447	-0.000000	121.937539	0.000000	5.8
1448	-0.673334	121.890301	0.008478	4.8
1449	-0.000148	121.843112	0.000002	4.9
1450	-0.000000	121.795971	0.000000	5.8
1451	-0.958898	121.748879	0.009320	5.9
1452	-0.000000	121.701835	0.000000	4.9
1453	-0.633674	121.654840	0.007391	5.9
1454	-0.893233	121.607893	0.007716	5.3
1455	-0.527449	121.560994	0.008421	5.0
1456	-0.658709	121.514144	0.015311	5.6
1457	-0.245751	121.467342	0.004023	5.1
1458	-0.405198	121.420588	0.003220	4.8
1459	-0.496550	121.373882	0.001911	5.8
1460	-0.000000	121.327223	0.000000	5.0
1461	-0.938092	121.280613	0.004800	4.8
1462	-0.387853	121.234050	0.004312	4.9
1463	-0.000000	121.187535	0.000000	6.0
1464	-1.181827	121.141067	0.014311	5.0
1465	-0.088100	121.094647	0.002070	5.5
1466	-0.243842	121.048274	0.002997	6.0
1467	-1.060803	121.001949	0.004172	5.2
1468	-0.669974	120.955671	0.006451	5.7
1469	-0.824956	120.909440	0.008891	5.4
1470	-0.650782	120.863256	0.006898	5.0
1471	-0.783877	120.817119	0.006001	5.7
1472	-0.774952	120.771029	0.013092	6.0
1473	-0.959174	120.724986	0.004704	6.1
1474	-1.059498	120.678990	0.010253	5.6
1475	-1.125981	120.633040	0.005876	5.0
1476	-1.068441	120.587137	0.006443	5.4
1477	-1.080442	120.541281	0.012424	5.7
1478	-0.386321	120.495471	0.002382	4.9
1479	-0.035792	120.449707	0.000746	5.3
1480	-0.745664	120.403990	0.009398	5.1
1481	-0.872709	120.358319	0.004368	5.2
1482	-1.027319	120.312694	0.004853	4.7
1483	-0.295854	120.267115	0.001325	5.5
1484	-0.905421	120.221582	0.010807	5.4
1485	-1.026681	120.176096	0.005808	4.7
1486	-0.437300	120.130655	0.007067	5.2
1487	-0.609856	120.085260	0.014051	5.7
1488	-0.971067	120.039910	0.003414	4.7
1489	-0.009856	119.994606	0.000199	4.7
1490	-0.805033	119.949348	0.005536	6.3
1491	-0.791586	119.904135	0.008201	5.8
1492	-1.044973	119.858968	0.007606	5.2
1493	-0.656025	119.813846	0.012718	6.0
1494	-0.627058	119.768769	0.012446	5.1
1495	-0.908368	119.723738	0.005737	4.8
1496	-0.143535	119.678752	0.001182	5.8
1497	-0.007484	119.633810	0.000217	4.7
1498	-0.027787	119.588914	0.000354	5.2
1499	-0.317123	119.544062	0.003624	6.1
1500	-0.302922	119.499256	0.002768	4.7
1501	-0.905136	119.454494	0.013209	4.8
1502	-1.007645	119.409777	0.007317	6.0
1503	-0.496429	119.365104	0.006530	5.2
1504	-0.731463	119.320476	0.007903	4.8
1505	-0.000000	119.275893	0.000000	6.0
1506	-0.000000	119.231353	0.000000	4.7
1507	-0.543633	119.186859	0.001820	5.4
1508	-0.000000	119.142408	0.000000	5.6
1509	-0.734474	119.098002	0.007781	5.8
1510	-1.193256	119.053639	0.011107	5.6
1511	-0.000000	119.009321	0.000000	5.5
1512	-0.482322	118.965047	0.003917	4.8
1513	-0.856649	118.920816	0.015057	5.2
1514	-0.000000	118.876630	0.000000	6.0
1515	-0.000000	118.832487	0.000000	4.8
1516	-0.018346	118.788388	0.000997	4.8
1517	-1.085575	118.744332	0.008851	5.8
1518	-0.656651	118.700320	0.008255	4.9
1519	-0.000000	118.656352	0.000000	5.1
1520	-0.520361	118.612427	0.009090	5.3
1521	-0.748217	118.568545	0.008938	5.2
1522	-0.870742	118.524706	0.009934	4.8
1523	-0.368680	118.480911	0.007128	4.8
1524	-0.000000	118.437159	0.000000	6.0
1525	-0.000000	118.393450	0.000000	5.0
1526	-0.586858	118.349784	0.006527	5.0
1527	-0.718292	118.306160	0.008473	6.1
1528	-0.513219	118.262580	0.008330	7.3
1529	-0.647780	118.219042	0.007049	5.7
1530	-0.925726	118.175548	0.008574	5.8
1531	-1.129643	118.132095	0.008740	4.9
1532	-0.000000	118.088686	0.000000	6.4
1533	-0.052259	118.045319	0.002108	5.4
1534	-0.490203	118.001994	0.008216	4.8
1535	-1.026350	117.958712	0.003910	5.5
1536	-0.714763	117.915472	0.004201	5.4
1537	-0.857261	117.872274	0.002980	5.2
1538	-0.000000	117.829118	0.000000	5.6
1539	-0.000000	117.786005	0.000000	4.8
1540	-0.869413	117.742933	0.007627	4.7
1541	-0.000000	117.699904	0.000000	5.4
1542	-0.000243	117.656916	0.000024	6.5
1543	-0.566927	117.613971	0.003303	5.8
1544	-0.674229	117.571067	0.008330	5.8
1545	-0.743025	117.528205	0.006903	5.2
1546	-0.226818	117.485384	0.003310	5.2
1547	-0.553123	117.442605	0.011490	6.2
1548	-0.037470	117.399867	0.000545	4.7
1549	-0.000000	117.357171	0.000000	4.7
1550	-0.991054	117.314517	0.007578	5.8
1551	-1.182783	117.271903	0.008836	5.8
1552	-0.730814	117.229331	0.011545	5.1
1553	-0.056077	117.186800	0.000482	5.4
1554	-0.000239	117.144311	0.000007	4.8
1555	-0.968919	117.101862	0.007447	5.1
1556	-0.731745	117.059454	0.006935	5.4
1557	-0.491377	117.017087	0.007531	5.7
1558	-0.670304	116.974762	0.012109	4.8
1559	-1.067370	116.932476	0.005692	4.8
1560	-0.388392	116.890232	0.003869	6.1
1561	-0.967648	116.848028	0.008290	4.7
1562	-0.959915	116.805865	0.010774	5.0
1563	-0.593967	116.763743	0.005174	5.7
1564	-1.050651	116.721661	0.007227	4.7
1565	-0.877312	116.679619	0.006148	5.8
1566	-0.000103	116.637618	0.000001	5.7
1567	-1.012276	116.595657	0.008993	4.8
1568	-0.986808	116.553736	0.008741	5.6
1569	-1.037157	116.511855	0.014454	5.7
1570	-1.262329	116.470015	0.012097	6.0
1571	-0.000000	116.428214	0.000000	4.8
1572	-0.923940	116.386454	0.009585	5.7
1573	-0.076192	116.344733	0.000642	5.2
1574	-0.759150	116.303052	0.009227	4.7
1575	-0.179056	116.261412	0.002691	5.9
1576	-0.000000	116.219810	0.000000	4.8
1577	-0.165747	116.178249	0.002138	4.7
1578	-1.354646	116.136727	0.006929	6.0
1579	-0.139048	116.095245	0.001687	4.8
1580	-0.805923	116.053802	0.005913	4.7
1581	-0.791183	116.012398	0.012530	5.8
1582	-1.207759	115.971034	0.009180	5.4
1583	-0.866186	115.929710	0.019325	4.8
1584	-1.078905	115.888424	0.010692	5.4
1585	-0.911381	115.847178	0.015531	5.3
1586	-0.255835	115.805970	0.003298	4.9
1587	-0.693435	115.764802	0.006279	5.4
1588	-0.500323	115.723673	0.003575	6.0
1589	-0.590516	115.682583	0.009263	5.1
1590	-0.846758	115.641532	0.008401	5.5
1591	-0.001871	115.600519	0.000352	5.3
1592	-0.750059	115.559546	0.005481	5.4
1593	-0.000001	115.518610	0.000000	5.8
1594	-0.659260	115.477714	0.010044	5.4
1595	-0.651836	115.436856	0.009134	4.9
1596	-0.000000	115.396037	0.000000	6.0
1597	-0.927166	115.355256	0.006954	5.1
1598	-0.036949	115.314514	0.000673	5.0
1599	-0.100418	115.273810	0.001935	5.1
1600	-0.891475	115.233144	0.013349	5.5
1601	-0.631712	115.192517	0.009189	5.3
1602	-0.513460	115.151927	0.005201	5.9
1603	-0.610740	115.111376	0.002443	5.5
1604	-0.703658	115.070863	0.009531	5.4
1605	-0.619155	115.030388	0.006879	5.1
1606	-0.562744	114.989951	0.006386	5.3
1607	-0.000007	114.949551	0.000002	5.2
1608	-0.002264	114.909190	0.000020	4.8
1609	-0.733767	114.868866	0.005970	6.3
1610	-0.000000	114.828580	0.000000	5.9
1611	-0.476933	114.788332	0.004883	5.3
1612	-0.046328	114.748121	0.000933	5.1
1613	-0.246114	114.707948	0.003106	5.2
1614	-0.001402	114.667812	0.000144	5.2
1615	-0.595929	114.627714	0.008379	5.3
1616	-0.883466	114.587653	0.012717	4.8
1617	-0.773478	114.547629	0.010032	5.0
1618	-0.866284	114.507643	0.009759	5.5
1619	-0.701582	114.467693	0.006122	5.3
1620	-0.402267	114.427781	0.004392	4.9
1621	-0.668493	114.387907	0.005342	5.8
1622	-0.996075	114.348069	0.009765	4.8
1623	-0.592974	114.308268	0.009848	4.8
1624	-1.195094	114.268504	0.004858	6.0
1625	-0.665278	114.228777	0.008433	4.8
1626	-0.583162	114.189086	0.006977	4.7
1627	-0.216924	114.149433	0.002203	5.9
1628	-0.000000	114.109816	0.000000	5.8
1629	-0.002612	114.070235	0.000555	4.9
1630	-0.570330	114.030692	0.011279	5.5
1631	-0.983722	113.991185	0.007343	5.4
1632	-1.022554	113.951714	0.008989	5.0
1633	-1.164756	113.912280	0.005051	5.5
1634	-0.000001	113.872882	0.000000	5.3
1635	-0.988419	113.833521	0.013734	4.7
1636	-0.853800	113.794195	0.012658	5.4
1637	-0.000000	113.754906	0.000000	4.9
1638	-0.569595	113.715653	0.007572	4.8
1639	-1.109348	113.676437	0.005776	4.8
1640	-0.000000	113.637256	0.000000	6.0
1641	-0.000209	113.598111	0.000006	5.0
1642	-0.000000	113.559002	0.000000	5.3
1643	-1.084116	113.519929	0.014894	5.7
1644	-0.517435	113.480892	0.002665	5.3
1645	-0.000000	113.441891	0.000000	4.8
1646	-0.964380	113.402925	0.006969	6.3
1647	-0.717508	113.363995	0.008771	5.3
1648	-1.052161	113.325101	0.010227	5.0
1649	-0.547489	113.286242	0.009172	5.9
1650	-0.000000	113.247419	0.000000	5.1
1651	-0.194485	113.208631	0.002662	4.8
1652	-0.694922	113.169879	0.013881	6.2
1653	-0.002803	113.131162	0.000243	4.8
1654	-0.231981	113.092480	0.001400	5.0
1655	-0.000000	113.053833	0.000000	6.0
1656	-0.781201	113.015222	0.010424	4.8
1657	-0.787813	112.976646	0.006304	4.8
1658	-1.061768	112.938105	0.007383	6.0
1659	-0.496680	112.899599	0.007940	4.8
1660	-0.364271	112.861128	0.004304	4.7
1661	-0.769131	112.822692	0.014863	5.9
1662	-0.552436	112.784291	0.011113	4.7
1663	-0.000000	112.745924	0.000000	5.3
1664	-0.680607	112.707593	0.010376	5.8
1665	-0.058260	112.669296	0.001045	5.7
1666	-1.033029	112.631034	0.015626	4.8
1667	-0.000000	112.592806	0.000000	6.2
1668	-0.000000	112.554613	0.000000	4.7
1669	-0.994538	112.516455	0.008397	5.7
1670	-0.537234	112.478331	0.005539	5.6
1671	-0.000001	112.440241	0.000000	5.0
1672	-0.504419	112.402186	0.010834	5.1
1673	-0.000004	112.364165	0.000001	5.7
1674	-0.000301	112.326179	0.000021	4.8
1675	-0.838549	112.288227	0.008344	4.7
1676	-0.743678	112.250309	0.007599	5.8
1677	-1.137203	112.212425	0.007872	5.0
1678	-0.719336	112.174575	0.006510	5.4
1679	-0.000033	112.136759	0.000003	5.7
1680	-0.659924	112.098977	0.005656	4.8
1681	-0.062713	112.061229	0.000833	5.0
1682	-1.223196	112.023515	0.006904	4.7
1683	-0.960540	111.985834	0.006753	5.4
1684	-0.784401	111.948188	0.008255	5.4
1685	-0.719047	111.910575	0.010374	4.7
1686	-0.000000	111.872996	0.000000	6.2
1687	-0.039361	111.835450	0.000904	7.2
1688	-0.465521	111.797939	0.009039	7.4
1689	-0.000000	111.760460	0.000000	5.3
1690	-0.907990	111.723015	0.002929	5.3
1691	-0.000000	111.685604	0.000000	5.8
1692	-0.227654	111.648226	0.003697	5.2
1693	-1.129874	111.610881	0.006909	5.0
1694	-0.000000	111.573570	0.000000	5.8
1695	-0.897459	111.536292	0.010572	5.0
1696	-0.000000	111.499047	0.000000	5.1
1697	-0.000000	111.461835	0.000000	6.7
1698	-0.000000	111.424656	0.000000	5.5
1699	-0.000000	111.387510	0.000000	4.9
1700	-0.000000	111.350398	0.000000	5.9
1701	-0.877764	111.313318	0.018078	5.0
1702	-0.334117	111.276271	0.004851	5.0
1703	-0.012266	111.239257	0.000082	6.1
1704	-0.479845	111.202276	0.004769	6.4
1705	-0.717007	111.165328	0.008856	5.6
1706	-0.771306	111.128412	0.008172	5.5
1707	-0.972064	111.091529	0.012556	4.7
1708	-0.101102	111.054679	0.002730	5.4
1709	-0.000000	111.017861	0.000000	5.7
1710	-0.372210	110.981076	0.002489	5.2
1711	-0.165042	110.944323	0.001367	4.8
1712	-0.688035	110.907603	0.007450	5.8
1713	-0.000000	110.870915	0.000000	4.8
1714	-1.102138	110.834259	0.009277	4.8
1715	-0.438248	110.797636	0.003819	6.0
1716	-0.945947	110.761045	0.010608	5.2
1717	-0.052077	110.724486	0.000464	5.0
1718	-1.020499	110.687959	0.010779	5.9
1719	-0.662730	110.651465	0.009646	4.8
1720	-0.953649	110.615002	0.013031	5.0
1721	-0.783903	110.578572	0.005833	6.3
1722	-0.000000	110.542173	0.000000	7.5
1723	-0.711243	110.505807	0.007014	8.5
1724	-0.011820	110.469472	0.000246	5.3
1725	-0.630901	110.433169	0.004667	5.3
1726	-0.824795	110.396898	0.005507	6.6
1727	-0.000000	110.360659	0.000000	7.2
1728	-0.000000	110.324451	0.000000	5.9
1729	-0.880238	110.288276	0.006100	5.8
1730	-0.540619	110.252131	0.004281	5.8
1731	-0.461764	110.216019	0.005283	6.5
1732	-0.850808	110.179937	0.005773	5.7
1733	-1.016399	110.143888	0.009112	6.4
1734	-0.428953	110.107869	0.003739	6.2
1735	-0.921630	110.071882	0.010325	6.2
1736	-0.727619	110.035927	0.006284	5.7
1737	-0.795948	110.000003	0.007774	5.9
1738	-0.700581	109.964110	0.008073	6.0
1739	-0.918174	109.928248	0.014678	6.3
1740	-0.457407	109.892417	0.007894	5.8
1741	-0.452466	109.856618	0.005724	5.3
1742	-0.497770	109.820850	0.004606	5.7
1743	-0.000000	109.785112	0.000000	6.2
1744	-0.601062	109.749406	0.012250	5.3
1745	-1.188163	109.713730	0.008658	6.5
1746	-0.629002	109.678086	0.005987	6.1
1747	-0.486248	109.642472	0.002860	6.4
1748	-0.797243	109.606890	0.004701	6.6
1749	-0.000000	109.571337	0.000000	6.4
1750	-0.678883	109.535816	0.007892	6.9
1751	-0.724265	109.500326	0.008563	6.8
1752	-0.360595	109.464866	0.004894	4.8
1753	-0.686259	109.429436	0.009730	6.2
1754	-0.132094	109.394038	0.002716	4.7
1755	-0.972648	109.358669	0.009561	5.6
1756	-0.033565	109.323331	0.000706	5.9
1757	-0.380619	109.288024	0.002655	5.2
1758	-1.146837	109.252747	0.009048	5.3
1759	-0.910490	109.217501	0.008346	5.2
1760	-0.000000	109.182284	0.000000	5.3
1761	-0.565967	109.147098	0.005289	5.4
1762	-1.053003	109.111942	0.014774	6.0
1763	-0.938888	109.076817	0.013705	4.8
1764	-0.562056	109.041721	0.003164	5.2
1765	-0.000000	109.006656	0.000000	5.6
1766	-1.235818	108.971620	0.004348	4.8
1767	-0.700242	108.936615	0.006898	5.4
1768	-0.488103	108.901640	0.007318	5.7
1769	-0.000869	108.866694	0.000026	4.8
1770	-0.423323	108.831779	0.004422	5.4
1771	-0.834893	108.796893	0.012518	5.6
1772	-0.000000	108.762037	0.000000	4.7
1773	-0.965576	108.727211	0.023932	5.2
1774	-0.762353	108.692415	0.008069	5.6
1775	-0.000000	108.657648	0.000000	5.7
1776	-0.803332	108.622911	0.014443	4.9
1777	-0.018028	108.588203	0.000217	5.5
1778	-0.585883	108.553525	0.009031	5.8
1779	-0.000000	108.518877	0.000000	4.8
1780	-0.144319	108.484258	0.000915	5.6
1781	-0.517794	108.449668	0.004795	4.8
1782	-1.000646	108.415108	0.010171	5.3
1783	-0.640162	108.380578	0.004953	6.2
1784	-0.859460	108.346076	0.005460	5.4
1785	-1.050785	108.311604	0.008952	4.7
1786	-0.117255	108.277161	0.002351	6.0
1787	-0.785678	108.242747	0.013930	5.2
1788	-0.491255	108.208363	0.007210	4.8
1789	-0.628570	108.174007	0.009756	5.5
1790	-1.074121	108.139681	0.009119	5.4
1791	-0.649622	108.105383	0.008554	4.8
1792	-0.876292	108.071115	0.009394	5.9
1793	-0.821881	108.036875	0.007479	5.2
1794	-0.454588	108.002665	0.007099	5.3
1795	-0.157841	107.968483	0.003840	5.1
1796	-0.426303	107.934330	0.005152	6.0
1797	-1.091592	107.900206	0.012379	5.4
1798	-0.654376	107.866111	0.011648	5.2
1799	-0.888141	107.832044	0.009044	5.2
1800	-0.772752	107.798007	0.007648	5.3
1801	-0.958095	107.763997	0.021482	5.5
1802	-0.000000	107.730017	0.000000	5.9
1803	-0.848242	107.696065	0.009276	5.3
1804	-0.891516	107.662141	0.003907	5.5
1805	-0.635458	107.628246	0.007089	5.0
1806	-0.516889	107.594379	0.008004	4.7
1807	-1.042190	107.560541	0.006643	4.8
1808	-0.501940	107.526731	0.008357	6.0
1809	-0.383878	107.492949	0.005051	5.0
1810	-0.000000	107.459196	0.000000	5.0
1811	-0.656703	107.425471	0.006809	5.7
1812	-0.141886	107.391774	0.001833	4.8
1813	-0.002120	107.358106	0.000113	5.3
1814	-0.492237	107.324465	0.001922	5.8
1815	-0.010543	107.290853	0.000520	5.8
1816	-0.858766	107.257268	0.011508	4.8
1817	-0.909591	107.223712	0.011416	5.8
1818	-1.040142	107.190184	0.008348	4.7
1819	-0.622944	107.156683	0.010080	5.6
1820	-1.062732	107.123211	0.004703	5.6
1821	-0.000000	107.089766	0.000000	4.9
1822	-0.000000	107.056349	0.000000	5.2
1823	-0.994425	107.022960	0.008737	5.7
1824	-0.314211	106.989599	0.003512	4.8
1825	-0.203226	106.956265	0.002369	5.4
1826	-0.477816	106.922960	0.006131	5.8
1827	-0.559840	106.889681	0.004003	4.7
1828	-0.041399	106.856431	0.001180	4.7
1829	-0.137962	106.823208	0.001438	5.9
1830	-0.678763	106.790012	0.011974	5.3
1831	-0.973549	106.756844	0.009220	5.2
1832	-0.000000	106.723703	0.000000	5.8
1833	-0.001114	106.690590	0.000018	5.0
1834	-0.020862	106.657505	0.000627	5.0
1835	-0.805154	106.624446	0.006670	6.1
1836	-0.021495	106.591415	0.001058	6.0
1837	-0.675254	106.558411	0.006694	5.0
1838	-0.601090	106.525435	0.007975	5.5
1839	-0.899726	106.492485	0.008216	4.7
1840	-0.536951	106.459563	0.008513	6.4
1841	-0.041807	106.426668	0.001068	5.6
1842	-0.526924	106.393800	0.006841	5.4
1843	-1.038440	106.360959	0.009633	5.0
1844	-0.745795	106.328145	0.007227	6.1
1845	-0.000000	106.295358	0.000000	4.7
1846	-0.820439	106.262598	0.006988	4.9
1847	-0.143113	106.229865	0.003114	6.4
1848	-0.514870	106.197158	0.008407	4.9
1849	-0.412960	106.164479	0.004191	5.3
1850	-0.780042	106.131826	0.007704	5.9
1851	-0.616355	106.099201	0.003120	4.9
1852	-0.110954	106.066602	0.000998	5.1
1853	-0.055225	106.034029	0.000706	5.9
1854	-0.987649	106.001483	0.008597	5.9
1855	-0.000000	105.968964	0.000000	5.8
1856	-1.234618	105.936472	0.010298	5.8
1857	-0.137323	105.904006	0.001833	4.9
1858	-1.050165	105.871566	0.007344	5.0
1859	-0.000000	105.839153	0.000000	6.3
1860	-0.762917	105.806767	0.008705	5.0
1861	-0.001096	105.774407	0.000056	4.9
1862	-0.774977	105.742073	0.017224	6.7
1863	-0.949071	105.709766	0.015199	5.2
1864	-0.968845	105.677485	0.005453	5.2
1865	-0.900769	105.645230	0.008616	6.0
1866	-0.009936	105.613001	0.000103	5.0
1867	-0.000001	105.580799	0.000000	5.0
1868	-0.368730	105.548623	0.005864	5.9
1869	-0.677059	105.516473	0.005162	5.0
1870	-0.520427	105.484349	0.007658	5.7
1871	-0.161907	105.452251	0.002795	5.9
1872	-0.648893	105.420179	0.011060	4.7
1873	-0.000275	105.388133	0.000003	4.7
1874	-0.000073	105.356113	0.000007	5.5
1875	-1.075554	105.324119	0.006497	5.7
1876	-0.000000	105.292151	0.000000	5.5
1877	-0.944929	105.260209	0.011911	5.7
1878	-0.000000	105.228293	0.000000	4.8
1879	-0.516625	105.196402	0.007691	4.8
1880	-0.000006	105.164537	0.000001	5.6
1881	-0.645810	105.132698	0.008492	4.8
1882	-0.029232	105.100885	0.000326	5.1
1883	-0.882983	105.069097	0.012358	5.8
1884	-0.000000	105.037335	0.000000	5.4
1885	-0.441057	105.005598	0.005041	4.8
1886	-0.000000	104.973887	0.000000	5.7
1887	-0.594430	104.942202	0.009962	4.9
1888	-0.000154	104.910542	0.000029	5.4
1889	-1.023388	104.878907	0.010448	5.0
1890	-0.599463	104.847298	0.007754	5.3
1891	-1.260382	104.815715	0.008347	4.9
1892	-0.000000	104.784156	0.000000	5.5
1893	-0.600467	104.752623	0.008614	5.7
1894	-0.000000	104.721116	0.000000	5.8
1895	-1.121237	104.689633	0.012635	5.2
1896	-0.004737	104.658176	0.000147	5.4
1897	-0.754674	104.626744	0.008270	4.8
1898	-0.000000	104.595337	0.000000	5.2
1899	-0.536986	104.563955	0.006763	6.0
1900	-0.000000	104.532599	0.000000	5.7
1901	-0.574155	104.501267	0.005384	5.3
1902	-1.088228	104.469960	0.019593	6.1
1903	-0.904604	104.438679	0.007051	4.8
1904	-0.837256	104.407422	0.006526	5.0
1905	-0.630080	104.376191	0.012869	6.2
1906	-0.000000	104.344984	0.000000	4.7
1907	-1.145436	104.313802	0.008261	5.1
1908	-0.952808	104.282645	0.005907	5.5
1909	-1.008556	104.251513	0.003689	4.8
1910	-0.412311	104.220405	0.004665	4.6
1911	-0.558754	104.189323	0.005580	5.9
1912	-0.000000	104.158265	0.000000	5.2
1913	-1.053417	104.127231	0.006397	4.7
1914	-0.000000	104.096222	0.000000	5.6
1915	-1.086331	104.065238	0.006521	5.7
1916	-0.423143	104.034279	0.006634	5.0
1917	-0.754293	104.003344	0.010777	6.1
1918	-0.686389	103.972433	0.006259	5.0
1919	-0.117768	103.941547	0.001647	5.2
1920	-0.524459	103.910686	0.009488	5.9
1921	-0.639854	103.879849	0.006983	4.9
1922	-1.035108	103.849036	0.009028	4.7
1923	-0.000001	103.818248	0.000000	5.7
1924	-0.438843	103.787484	0.003900	5.4
1925	-0.093552	103.756744	0.001113	4.8
1926	-0.000001	103.726029	0.000000	5.7
1927	-0.870708	103.695338	0.006489	4.9
1928	-1.179833	103.664671	0.010461	5.1
1929	-1.071939	103.634028	0.007574	4.9
1930	-0.000000	103.603409	0.000000	5.4
1931	-0.866556	103.572814	0.010866	5.4
1932	-0.725072	103.542244	0.007917	4.7
1933	-0.000000	103.511698	0.000000	6.0
1934	-1.121618	103.481175	0.011325	5.6
1935	-0.000000	103.450677	0.000000	5.1
1936	-0.023825	103.420202	0.000301	5.9
1937	-0.668764	103.389752	0.003500	4.8
1938	-0.000072	103.359325	0.000004	4.8
1939	-0.000000	103.328922	0.000000	6.0
1940	-0.525588	103.298543	0.006347	5.3
1941	-0.638003	103.268188	0.002420	4.8
1942	-0.609755	103.237857	0.008224	5.6
1943	-0.000000	103.207549	0.000000	5.1
1944	-0.000000	103.177265	0.000000	4.7
1945	-0.472138	103.147005	0.003950	6.1
1946	-0.177000	103.116768	0.001881	4.8
1947	-0.808895	103.086556	0.005408	4.7
1948	-0.584992	103.056366	0.008357	5.7
1949	-0.559749	103.026200	0.006099	5.2
1950	-0.000000	102.996058	0.000000	5.2
1951	-0.071433	102.965939	0.000389	5.8
1952	-1.097173	102.935844	0.006034	5.5
1953	-0.000000	102.905772	0.000000	5.7
1954	-0.568512	102.875724	0.008323	6.1
1955	-0.821368	102.845699	0.010151	6.3
1956	-0.290913	102.815697	0.005993	5.8
1957	-0.701237	102.785719	0.006123	6.3
1958	-0.361730	102.755764	0.004204	5.7
1959	-0.858794	102.725832	0.006799	5.4
1960	-0.703978	102.695924	0.008019	6.1
1961	-0.948894	102.666038	0.005395	5.8
1962	-0.828950	102.636176	0.010192	7.0
1963	-0.990042	102.606337	0.007469	5.4
1964	-0.215212	102.576521	0.002510	6.0
1965	-0.428686	102.546728	0.005371	6.2
1966	-0.552538	102.516959	0.006860	6.4
1967	-0.811927	102.487212	0.019269	5.2
1968	-1.003681	102.457488	0.008446	6.4
1969	-1.010674	102.427788	0.008389	6.1
1970	-0.746362	102.398110	0.004084	6.5
1971	-1.101972	102.368455	0.007047	6.2
1972	-0.748006	102.338823	0.004757	6.3
1973	-1.200627	102.309214	0.006378	6.3
1974	-0.191240	102.279628	0.002697	5.5
1975	-0.000000	102.250064	0.000000	5.5
1976	-0.652626	102.220524	0.006619	6.6
1977	-0.492130	102.191006	0.006250	5.2
1978	-0.414801	102.161511	0.002922	5.9
1979	-0.990458	102.132038	0.005830	5.6
1980	-1.227362	102.102588	0.014960	5.6
1981	-0.000000	102.073161	0.000000	5.6
1982	-0.000000	102.043757	0.000000	5.5
1983	-0.620138	102.014375	0.008316	5.5
1984	-0.985600	101.985015	0.007404	6.0
1985	-0.909718	101.955678	0.009058	5.7
1986	-0.000000	101.926364	0.000000	5.3
1987	-1.056641	101.897072	0.009820	6.1
1988	-1.002362	101.867802	0.009572	5.1
1989	-0.361284	101.838555	0.004004	5.1
1990	-0.928571	101.809330	0.007334	5.2
1991	-0.643960	101.780128	0.008731	5.9
1992	-0.000000	101.750948	0.000000	5.2
1993	-1.026109	101.721790	0.006879	5.5
1994	-0.977469	101.692654	0.013361	5.1
1995	-0.791073	101.663541	0.008393	4.8
1996	-0.446251	101.634450	0.004664	5.8
1997	-0.727243	101.605381	0.005425	4.9
1998	-0.006080	101.576335	0.000208	4.9
1999	-0.247583	101.547310	0.000980	5.8
