1:ItNr	2:Metric	3:StepSize	4:||Gradient||	Time[ms]
0	-0.053384	627.201626	0.001331	1011.0
1	-1.277212	623.504937	0.010709	4.6
2	-0.000013	619.865785	0.000002	5.1
3	-0.531478	616.282728	0.005046	5.9
4	-1.101451	612.754375	0.013495	4.6
5	-1.478031	609.279381	0.012748	4.8
6	-0.434566	605.856447	0.012495	4.3
7	-0.022101	602.484317	0.001152	5.6
8	-1.318861	599.161779	0.008572	4.3
9	-0.052604	595.887656	0.000419	4.9
10	-1.216840	592.660813	0.007611	5.1
11	-0.998277	589.480151	0.007314	5.0
12	-1.641297	586.344606	0.008981	5.5
13	-1.307661	583.253145	0.021834	5.6
14	-0.588634	580.204771	0.002470	6.2
15	-0.898534	577.198517	0.012554	5.4
16	-1.586068	574.233444	0.014327	6.3
17	-0.096329	571.308645	0.002025	5.0
18	-0.419875	568.423237	0.022276	5.0
19	-0.382389	565.576365	0.004452	5.8
20	-1.030747	562.767201	0.010355	5.1
21	-0.658846	559.994938	0.012165	4.8
22	-0.932475	557.258797	0.012979	5.4
23	-0.000000	554.558018	0.000000	4.6
24	-0.000337	551.891865	0.000029	5.1
25	-1.108678	549.259621	0.008977	6.2
26	-0.496186	546.660592	0.016821	5.0
27	-0.747259	544.094102	0.003247	5.1
28	-0.000000	541.559494	0.000000	6.0
29	-0.068190	539.056129	0.000666	4.9
30	-1.540644	536.583387	0.010375	4.6
31	-1.561789	534.140663	0.012455	5.7
32	-0.806316	531.727370	0.020990	4.9
33	-0.483309	529.342935	0.003048	4.9
34	-0.000008	526.986802	0.000001	5.7
35	-0.648243	524.658430	0.021658	5.4
36	-0.020576	522.357290	0.000933	4.6
37	-1.151948	520.082868	0.011529	5.6
38	-0.823537	517.834665	0.016811	5.8
39	-0.852444	515.612193	0.010610	5.1
40	-1.352733	513.414976	0.021800	5.9
41	-1.243271	511.242551	0.009484	5.1
42	-0.816260	509.094468	0.008078	5.2
43	-1.345427	506.970285	0.014493	5.8
44	-0.713720	504.869574	0.014152	5.7
45	-0.000000	502.791916	0.000000	5.0
46	-0.091392	500.736903	0.001498	6.1
47	-0.581918	498.704137	0.004490	5.6
48	-0.000275	496.693228	0.000005	5.4
49	-1.403325	494.703798	0.009469	5.9
50	-0.945301	492.735476	0.018669	5.2
51	-0.000000	490.787900	0.000000	5.3
52	-1.130263	488.860718	0.019744	6.0
53	-0.732547	486.953585	0.008753	5.2
54	-1.193276	485.066164	0.012158	5.3
55	-0.013981	483.198126	0.001476	5.7
56	-1.707451	481.349149	0.013056	5.7
57	-1.072882	479.518920	0.008842	5.2
58	-0.156544	477.707132	0.001935	5.7
59	-0.821648	475.913485	0.004803	5.7
60	-0.030983	474.137684	0.000979	5.7
61	-0.761976	472.379445	0.010841	6.2
62	-0.172245	470.638485	0.001615	5.2
63	-1.569792	468.914531	0.006176	5.8
64	-1.027181	467.207315	0.012367	6.3
65	-0.000000	465.516573	0.000000	5.5
66	-1.560902	463.842050	0.016420	6.1
67	-0.837134	462.183494	0.005748	5.2
68	-0.570892	460.540658	0.010784	5.0
69	-1.311523	458.913303	0.012341	6.0
70	-0.514106	457.301192	0.008594	5.3
71	-0.904966	455.704096	0.007686	5.0
72	-1.381610	454.121787	0.021875	5.4
73	-0.863141	452.554045	0.013776	5.8
74	-0.182049	451.000653	0.002152	5.6
75	-1.329069	449.461399	0.010324	5.0
76	-1.148648	447.936075	0.017105	5.9
77	-0.591616	446.424477	0.011446	5.5
78	-0.188491	444.926406	0.001576	6.5
79	-0.432050	443.441666	0.006447	5.7
80	-0.000000	441.970065	0.000000	5.4
81	-0.000000	440.511415	0.000000	6.0
82	-1.813221	439.065533	0.011960	5.5
83	-1.148640	437.632238	0.005107	5.7
84	-0.562979	436.211351	0.005911	5.8
85	-0.000001	434.802701	0.000000	5.1
86	-0.656941	433.406117	0.009437	5.7
87	-0.435735	432.021430	0.006020	5.9
88	-1.088244	430.648479	0.006790	5.2
89	-0.000117	429.287101	0.000002	4.9
90	-0.417453	427.937140	0.005921	5.8
91	-0.093385	426.598440	0.000583	5.4
92	-1.474697	425.270849	0.015650	5.0
93	-0.036196	423.954220	0.001592	5.8
94	-0.293628	422.648404	0.003944	5.8
95	-1.121313	421.353259	0.007016	5.8
96	-0.472133	420.068643	0.003112	5.5
97	-0.371916	418.794419	0.006475	5.4
98	-1.264945	417.530451	0.008728	5.3
99	-0.399707	416.276604	0.004974	5.5
100	-0.868294	415.032748	0.007489	5.3
101	-0.651778	413.798754	0.005821	5.1
102	-0.950258	412.574495	0.014921	6.1
103	-1.248711	411.359849	0.009704	5.2
104	-0.006507	410.154691	0.000086	5.2
105	-1.109404	408.958904	0.015754	6.0
106	-0.929668	407.772368	0.007779	5.2
107	-1.155100	406.594968	0.006937	5.5
108	-1.389383	405.426590	0.011664	5.6
109	-0.606592	404.267122	0.016819	5.0
110	-1.310353	403.116456	0.009632	4.8
111	-0.960744	401.974481	0.011063	5.7
112	-0.200512	400.841093	0.004028	5.4
113	-0.271703	399.716187	0.003130	5.8
114	-1.179897	398.599660	0.007747	6.0
115	-0.647373	397.491411	0.004531	5.7
116	-0.000000	396.391342	0.000000	5.3
117	-1.000143	395.299353	0.021419	5.6
118	-0.539274	394.215350	0.004819	5.6
119	-0.124107	393.139238	0.000410	4.8
120	-0.220144	392.070924	0.002681	6.4
121	-0.356992	391.010316	0.004309	4.8
122	-1.330163	389.957325	0.015242	5.9
123	-0.538915	388.911862	0.003733	5.5
124	-0.006230	387.873839	0.000115	5.2
125	-1.610731	386.843173	0.005753	5.4
126	-1.320488	385.819777	0.012779	5.4
127	-0.000000	384.803569	0.000000	4.6
128	-0.520619	383.794468	0.004641	5.7
129	-0.000083	382.792393	0.000012	5.8
130	-0.491407	381.797264	0.003790	5.1
131	-0.201569	380.809005	0.001860	4.9
132	-0.000000	379.827537	0.000000	5.9
133	-0.922376	378.852786	0.010402	5.8
134	-0.342815	377.884678	0.003394	5.2
135	-0.580188	376.923138	0.005911	6.0
136	-1.186918	375.968095	0.004856	5.7
137	-0.376455	375.019479	0.002110	5.6
138	-0.653159	374.077218	0.008213	5.5
139	-1.063264	373.141244	0.012469	4.9
140	-0.416367	372.211489	0.003470	5.4
141	-0.585528	371.287887	0.012479	6.3
142	-0.503987	370.370370	0.004809	5.2
143	-0.616008	369.458876	0.020057	6.1
144	-1.480051	368.553338	0.013052	5.4
145	-0.002149	367.653696	0.000035	5.7
146	-1.325779	366.759885	0.008482	6.2
147	-0.002151	365.871846	0.000286	5.9
148	-0.025043	364.989518	0.000311	5.3
149	-1.076046	364.112841	0.003960	6.1
150	-1.135399	363.241757	0.014810	5.0
151	-0.682228	362.376208	0.007651	5.9
152	-1.100680	361.516137	0.009939	6.4
153	-0.000022	360.661488	0.000001	6.6
154	-0.821849	359.812206	0.015036	6.6
155	-0.015553	358.968236	0.000237	4.9
156	-1.105053	358.129524	0.026060	5.2
157	-0.887149	357.296018	0.007444	5.4
158	-0.000000	356.467665	0.000000	5.8
159	-1.524247	355.644414	0.018174	5.3
160	-1.377695	354.826213	0.005790	5.4
161	-1.396706	354.013012	0.011084	5.4
162	-0.377669	353.204763	0.002736	5.6
163	-0.142993	352.401415	0.001361	5.8
164	-0.875213	351.602922	0.015234	5.6
165	-0.140444	350.809235	0.001309	4.8
166	-1.366696	350.020308	0.008022	5.7
167	-0.492655	349.236095	0.003887	5.7
168	-0.000000	348.456550	0.000000	5.0
169	-0.196451	347.681627	0.005050	6.5
170	-1.436572	346.911283	0.008952	6.2
171	-0.000000	346.145474	0.000000	5.5
172	-1.157776	345.384157	0.010102	5.9
173	-0.757901	344.627288	0.014801	5.6
174	-1.023605	343.874826	0.022417	5.3
175	-0.691517	343.126729	0.010023	6.2
176	-0.000031	342.382957	0.000004	4.8
177	-0.498752	341.643469	0.011264	5.8
178	-1.165216	340.908224	0.005518	5.7
179	-0.459395	340.177184	0.004182	6.1
180	-1.218512	339.450309	0.010632	7.2
181	-1.539457	338.727561	0.014548	6.1
182	-0.717947	338.008902	0.011261	5.8
183	-0.005747	337.294295	0.000384	6.9
184	-0.814957	336.583703	0.015357	6.3
185	-0.242553	335.877089	0.002350	5.8
186	-0.239073	335.174416	0.004328	7.4
187	-1.426671	334.475651	0.011878	5.6
188	-0.000000	333.780756	0.000000	6.1
189	-1.220919	333.089698	0.008263	6.9
190	-1.464771	332.402443	0.007331	5.5
191	-0.829160	331.718955	0.003084	6.6
192	-0.000030	331.039203	0.000006	5.8
193	-0.544810	330.363153	0.015777	5.7
194	-1.222371	329.690771	0.013402	5.5
195	-0.708199	329.022027	0.007166	5.8
196	-0.054330	328.356888	0.000496	6.4
197	-0.007679	327.695322	0.000526	5.6
198	-0.062241	327.037299	0.000524	5.7
199	-0.865823	326.382787	0.007791	6.4
200	-0.923868	325.731758	0.005266	5.4
201	-0.467540	325.084179	0.003299	5.3
202	-1.240654	324.440023	0.024272	6.2
203	-0.084217	323.799258	0.000770	5.0
204	-0.762078	323.161858	0.014788	5.9
205	-1.486582	322.527792	0.010073	6.2
206	-0.007010	321.897034	0.000181	5.9
207	-0.000000	321.269554	0.000000	5.5
208	-0.001813	320.645325	0.000034	6.0
209	-0.923394	320.024320	0.008598	5.7
210	-0.196109	319.406512	0.002020	5.8
211	-1.283659	318.791875	0.008977	5.4
212	-1.230486	318.180381	0.005500	5.2
213	-0.707993	317.572005	0.006298	6.0
214	-0.171006	316.966721	0.004218	5.3
215	-1.279339	316.364504	0.011444	5.4
216	-0.368710	315.765329	0.002820	6.0
217	-0.000000	315.169170	0.000000	5.1
218	-0.000000	314.576003	0.000000	4.7
219	-1.281261	313.985804	0.014394	6.2
220	-1.379580	313.398548	0.007945	5.5
221	-1.433022	312.814213	0.010594	5.0
222	-0.007689	312.232773	0.000443	6.7
223	-0.000170	311.654207	0.000027	6.4
224	-1.218066	311.078491	0.007906	5.5
225	-0.015227	310.505602	0.000375	6.1
226	-0.000049	309.935518	0.000007	5.6
227	-1.493683	309.368217	0.011211	5.6
228	-0.877292	308.803676	0.011624	5.3
229	-1.563912	308.241874	0.008806	5.9
230	-0.479232	307.682789	0.009550	5.7
231	-1.686457	307.126400	0.006085	5.4
232	-0.269465	306.572687	0.004593	5.3
233	-1.296935	306.021627	0.010870	4.8
234	-0.537377	305.473201	0.008028	5.6
235	-0.545091	304.927388	0.002548	5.0
236	-0.474016	304.384168	0.016574	5.7
237	-0.000000	303.843521	0.000000	5.7
238	-0.000000	303.305427	0.000000	5.1
239	-0.166560	302.769867	0.001480	4.8
240	-1.047258	302.236821	0.011360	6.0
241	-0.016376	301.706270	0.000580	5.0
242	-1.310630	301.178196	0.006836	5.4
243	-0.807801	300.652580	0.008351	5.8
244	-1.142565	300.129402	0.011150	6.2
245	-0.522392	299.608645	0.005678	4.8
246	-0.382546	299.090291	0.003341	5.8
247	-1.504860	298.574321	0.011434	5.6
248	-1.189835	298.060718	0.013432	5.7
249	-0.805303	297.549465	0.003444	6.9
250	-0.097822	297.040543	0.002343	5.1
251	-0.269600	296.533936	0.003542	5.2
252	-0.890677	296.029626	0.012431	6.4
253	-0.339155	295.527597	0.012022	5.0
254	-0.460014	295.027832	0.007716	6.8
255	-0.000045	294.530315	0.000006	5.8
256	-1.440086	294.035028	0.003814	5.4
257	-0.210984	293.541956	0.001564	6.0
258	-0.062420	293.051083	0.000802	5.0
259	-0.926688	292.562393	0.007658	6.0
260	-0.000000	292.075870	0.000000	7.0
261	-1.031329	291.591498	0.010434	5.9
262	-1.275504	291.109263	0.016872	5.4
263	-0.966300	290.629149	0.019621	5.2
264	-1.166634	290.151140	0.011394	6.0
265	-1.343158	289.675222	0.009446	5.9
266	-1.389825	289.201380	0.016317	5.1
267	-0.037526	288.729600	0.000655	5.6
268	-0.539082	288.259866	0.010642	6.0
269	-0.635193	287.792165	0.003890	4.9
270	-0.930298	287.326481	0.005363	4.8
271	-0.704733	286.862802	0.023559	6.1
272	-0.266797	286.401113	0.002456	5.6
273	-0.322181	285.941400	0.011401	5.1
274	-1.041982	285.483649	0.007893	5.5
275	-0.446973	285.027847	0.008141	5.7
276	-0.140459	284.573981	0.000655	5.7
277	-1.417579	284.122037	0.009814	5.5
278	-1.101233	283.672002	0.010116	6.1
279	-0.430404	283.223863	0.002022	6.0
280	-1.474445	282.777607	0.009777	5.3
281	-0.045275	282.333221	0.000360	4.8
282	-0.005227	281.890692	0.000062	5.2
283	-1.100471	281.450008	0.011392	6.1
284	-1.267788	281.011157	0.008586	5.9
285	-1.633489	280.574125	0.010564	5.7
286	-0.389258	280.138901	0.010466	5.8
287	-0.000293	279.705473	0.000019	5.5
288	-0.688591	279.273829	0.023292	5.0
289	-1.358605	278.843956	0.013631	6.0
290	-0.000000	278.415844	0.000000	5.6
291	-0.706031	277.989479	0.007578	5.6
292	-0.527598	277.564851	0.009810	5.9
293	-1.318899	277.141949	0.019961	5.9
294	-1.488922	276.720761	0.013727	5.2
295	-0.101344	276.301275	0.003090	6.1
296	-0.773992	275.883480	0.019658	5.6
297	-0.769693	275.467366	0.007488	5.5
298	-0.980982	275.052922	0.017614	6.6
299	-0.708086	274.640136	0.003943	6.2
300	-1.050414	274.228998	0.005760	6.2
301	-0.474163	273.819497	0.005067	5.9
302	-1.177957	273.411623	0.006741	6.5
303	-1.113318	273.005365	0.009015	6.7
304	-0.058444	272.600712	0.000498	5.0
305	-1.051194	272.197655	0.012401	4.9
306	-1.241631	271.796184	0.008723	7.0
307	-1.478915	271.396287	0.004751	5.8
308	-0.063768	270.997956	0.000886	6.5
309	-1.197170	270.601180	0.014490	6.5
310	-0.000010	270.205949	0.000001	5.9
311	-0.093328	269.812254	0.002272	6.9
312	-0.505157	269.420085	0.012711	5.0
313	-0.213900	269.029432	0.001611	5.4
314	-0.598391	268.640287	0.007964	6.7
315	-0.901576	268.252638	0.010575	6.1
316	-0.828716	267.866478	0.016373	6.7
317	-1.248636	267.481796	0.011244	5.2
318	-1.459498	267.098584	0.007745	4.8
319	-1.178592	266.716833	0.011669	6.9
320	-0.005165	266.336533	0.000320	5.2
321	-0.806218	265.957676	0.007877	5.3
322	-0.000000	265.580253	0.000000	6.1
323	-0.371557	265.204254	0.002988	5.1
324	-0.000000	264.829672	0.000000	5.3
325	-0.624178	264.456497	0.013046	7.2
326	-0.000003	264.084721	0.000001	5.7
327	-1.478997	263.714335	0.017627	5.6
328	-0.468009	263.345332	0.004027	5.6
329	-0.744631	262.977702	0.015747	4.8
330	-0.003175	262.611438	0.000379	5.8
331	-0.492447	262.246531	0.004156	5.9
332	-1.058587	261.882973	0.008268	5.4
333	-0.580683	261.520756	0.005892	5.5
334	-0.000402	261.159871	0.000017	5.4
335	-0.687573	260.800312	0.006850	5.7
336	-0.492590	260.442070	0.011904	6.3
337	-1.005564	260.085137	0.015433	5.3
338	-1.416004	259.729505	0.014346	5.3
339	-0.988646	259.375167	0.011494	6.2
340	-1.042017	259.022116	0.011521	5.0
341	-0.776158	258.670343	0.023843	5.3
342	-0.000000	258.319841	0.000000	6.5
343	-1.440854	257.970602	0.014997	5.1
344	-0.000074	257.622620	0.000015	5.7
345	-0.797689	257.275887	0.013892	5.9
346	-1.296295	256.930396	0.003563	5.3
347	-1.309918	256.586139	0.007145	5.5
348	-0.000000	256.243109	0.000000	5.5
349	-1.528183	255.901300	0.015445	5.6
350	-1.003304	255.560703	0.034233	4.9
351	-1.538759	255.221313	0.012564	5.1
352	-0.538624	254.883122	0.007413	6.4
353	-0.815335	254.546124	0.007434	5.1
354	-1.186577	254.210311	0.010818	6.2
355	-0.015459	253.875677	0.000149	6.0
356	-0.216046	253.542215	0.002060	5.4
357	-1.696150	253.209918	0.009159	6.0
358	-0.494509	252.878781	0.021411	5.0
359	-0.000000	252.548795	0.000000	5.9
360	-0.925336	252.219956	0.005417	6.6
361	-0.749886	251.892255	0.005209	6.3
362	-0.004073	251.565688	0.000052	5.9
363	-0.955139	251.240247	0.013656	6.1
364	-0.350557	250.915926	0.001870	5.4
365	-0.555563	250.592720	0.004247	6.9
366	-0.138746	250.270621	0.001220	5.4
367	-1.127808	249.949624	0.010678	5.5
368	-0.390010	249.629723	0.006055	6.3
369	-1.344137	249.310911	0.008897	6.0
370	-0.001288	248.993182	0.000089	5.5
371	-0.394086	248.676531	0.005428	5.6
372	-0.000000	248.360952	0.000000	5.1
373	-0.429848	248.046438	0.010279	5.5
374	-1.424660	247.732984	0.010257	5.4
375	-1.361767	247.420584	0.010613	5.3
376	-0.753072	247.109233	0.004794	6.4
377	-0.000000	246.798924	0.000000	5.4
378	-1.068688	246.489652	0.006469	4.7
379	-0.000130	246.181412	0.000016	5.9
380	-0.553607	245.874197	0.011304	5.8
381	-1.433267	245.568002	0.010085	5.5
382	-1.864874	245.262822	0.007458	5.5
383	-0.158871	244.958652	0.002171	5.8
384	-1.362022	244.655485	0.008235	5.5
385	-0.898007	244.353317	0.011907	5.8
386	-0.000022	244.052142	0.000002	6.1
387	-0.277361	243.751955	0.001700	5.6
388	-0.013603	243.452750	0.000796	6.1
389	-0.000000	243.154523	0.000000	4.8
390	-0.477398	242.857268	0.009584	5.4
391	-1.356541	242.560980	0.006947	5.8
392	-1.010683	242.265654	0.012377	5.1
393	-0.001968	241.971285	0.000093	5.7
394	-1.393279	241.677868	0.006386	6.5
395	-1.352338	241.385397	0.009283	5.4
396	-1.140636	241.093869	0.009664	5.8
397	-0.000002	240.803278	0.000000	6.1
398	-1.337864	240.513619	0.011908	5.5
399	-0.016731	240.224887	0.000776	5.6
400	-0.137768	239.937077	0.002756	5.5
401	-0.012140	239.650186	0.000510	5.8
402	-0.000001	239.364207	0.000000	5.8
403	-0.323918	239.079136	0.001866	5.5
404	-1.797706	238.794969	0.006214	5.6
405	-1.331706	238.511701	0.011605	5.7
406	-0.346768	238.229327	0.017369	6.5
407	-0.000000	237.947843	0.000000	5.2
408	-0.172419	237.667244	0.001693	6.1
409	-1.510133	237.387526	0.009601	5.7
410	-1.169234	237.108684	0.007323	5.5
411	-0.000000	236.830714	0.000000	5.8
412	-1.616602	236.553610	0.006411	5.2
413	-0.562225	236.277370	0.018421	5.2
414	-1.144655	236.001989	0.006242	6.1
415	-1.527835	235.727461	0.008516	5.9
416	-0.985280	235.453784	0.005461	5.3
417	-0.455396	235.180952	0.006905	5.7
418	-0.502140	234.908962	0.003869	6.0
419	-0.621824	234.637809	0.013955	5.4
420	-0.984284	234.367488	0.008434	6.0
421	-0.937732	234.097997	0.021353	5.0
422	-1.378064	233.829331	0.008995	5.9
423	-1.316208	233.561485	0.007256	6.2
424	-0.509795	233.294456	0.004745	5.7
425	-1.231169	233.028239	0.013191	6.3
426	-0.662809	232.762831	0.023533	5.9
427	-0.000000	232.498228	0.000000	5.9
428	-0.518786	232.234425	0.009523	6.7
429	-1.607756	231.971419	0.012791	5.3
430	-1.205774	231.709205	0.009168	5.5
431	-0.447401	231.447781	0.014748	6.1
432	-1.181620	231.187141	0.008226	5.4
433	-0.096656	230.927283	0.000788	5.6
434	-0.830792	230.668202	0.007198	6.4
435	-0.000000	230.409895	0.000000	5.0
436	-0.035370	230.152358	0.001792	5.5
437	-0.719095	229.895587	0.007100	5.6
438	-1.640145	229.639578	0.009583	5.5
439	-0.758428	229.384329	0.010197	5.3
440	-0.105724	229.129834	0.000759	6.3
441	-1.221157	228.876091	0.012154	5.1
442	-0.000000	228.623096	0.000000	5.6
443	-0.773049	228.370846	0.010539	5.4
444	-0.000875	228.119336	0.000073	5.0
445	-0.000041	227.868563	0.000005	5.5
446	-0.485197	227.618525	0.004919	5.4
447	-0.401017	227.369216	0.008985	5.1
448	-1.155203	227.120635	0.009807	6.0
449	-0.055916	226.872777	0.001131	5.3
450	-0.210035	226.625638	0.002537	5.4
451	-0.889509	226.379217	0.005972	6.2
452	-0.803221	226.133509	0.002757	5.5
453	-0.000000	225.888510	0.000000	5.7
454	-0.037431	225.644218	0.001537	5.7
455	-0.185341	225.400630	0.001163	5.7
456	-1.606640	225.157741	0.009779	5.7
457	-0.516506	224.915549	0.006309	6.0
458	-0.141164	224.674051	0.000896	5.4
459	-1.424470	224.433242	0.014215	5.5
460	-0.590371	224.193121	0.005679	5.8
461	-0.000000	223.953684	0.000000	6.0
462	-0.527295	223.714927	0.007124	5.0
463	-0.825411	223.476848	0.022422	5.8
464	-0.517092	223.239444	0.006668	5.4
465	-0.378046	223.002710	0.008213	5.1
466	-1.411580	222.766645	0.016759	6.5
467	-1.118341	222.531245	0.012061	5.9
468	-1.160143	222.296508	0.008291	5.7
469	-1.294042	222.062429	0.007457	5.8
470	-0.850167	221.829007	0.006256	6.1
471	-1.785867	221.596238	0.013730	5.9
472	-0.617761	221.364119	0.003891	5.9
473	-0.493662	221.132647	0.002914	5.4
474	-1.520003	220.901820	0.004257	6.1
475	-0.000000	220.671634	0.000000	5.9
476	-1.431399	220.442086	0.007173	5.9
477	-0.820969	220.213174	0.012905	6.4
478	-0.804165	219.984895	0.005972	6.0
479	-0.937733	219.757246	0.010884	5.5
480	-1.657228	219.530224	0.007100	6.6
481	-0.993065	219.303826	0.008790	6.0
482	-1.452508	219.078050	0.008762	5.7
483	-0.006465	218.852893	0.000461	5.6
484	-1.458294	218.628352	0.011684	4.8
485	-1.319063	218.404424	0.008716	5.5
486	-0.886156	218.181106	0.011622	6.2
487	-1.159818	217.958397	0.006868	5.8
488	-0.034509	217.736292	0.000594	5.5
489	-1.312089	217.514790	0.013837	5.3
490	-0.647193	217.293888	0.006549	5.8
491	-1.367823	217.073584	0.005057	6.4
492	-0.022744	216.853873	0.000366	5.9
493	-0.000001	216.634755	0.000000	5.4
494	-1.344743	216.416227	0.011567	6.3
495	-0.261295	216.198285	0.001868	5.6
496	-0.000000	215.980927	0.000000	5.8
497	-0.760117	215.764151	0.005188	7.3
498	-0.022229	215.547955	0.000234	6.8
499	-0.210506	215.332335	0.005132	6.6
500	-0.918519	215.117289	0.020320	5.7
501	-0.675901	214.902815	0.011674	6.3
502	-0.775597	214.688911	0.008889	7.3
503	-0.450838	214.475573	0.011632	6.3
504	-0.129956	214.262800	0.004914	6.7
505	-1.499533	214.050588	0.010437	6.5
506	-0.574667	213.838936	0.010955	7.2
507	-0.056629	213.627842	0.003017	6.3
508	-0.097009	213.417302	0.001050	5.8
509	-0.810087	213.207314	0.004775	7.4
510	-1.402287	212.997877	0.006202	6.9
511	-0.825233	212.788987	0.023961	8.0
512	-0.046850	212.580642	0.001579	7.5
513	-0.503057	212.372841	0.014682	8.7
514	-0.182477	212.165581	0.001256	7.6
515	-0.000000	211.958859	0.000000	10.2
516	-0.895643	211.752673	0.007102	8.6
517	-1.669240	211.547021	0.010835	10.0
518	-0.802420	211.341902	0.005664	7.5
519	-0.889062	211.137311	0.007137	7.8
520	-0.947298	210.933248	0.009428	5.9
521	-0.154934	210.729710	0.001656	8.4
522	-0.001739	210.526695	0.000010	6.3
523	-1.533656	210.324200	0.012993	8.9
524	-1.500710	210.122224	0.017172	8.8
525	-1.646400	209.920765	0.006194	7.3
526	-0.588210	209.719820	0.015150	5.9
527	-1.357860	209.519387	0.006632	6.3
528	-0.000000	209.319463	0.000000	6.6
529	-1.406440	209.120048	0.008358	6.1
530	-0.546868	208.921139	0.006158	7.3
531	-0.372891	208.722733	0.002826	5.8
532	-1.322757	208.524829	0.006361	6.5
533	-1.298477	208.327425	0.010851	6.6
534	-0.998322	208.130518	0.014811	5.3
535	-0.136282	207.934107	0.000985	6.8
536	-0.000000	207.738189	0.000000	6.3
537	-0.000000	207.542762	0.000000	7.2
538	-0.908028	207.347825	0.021875	8.1
539	-0.154072	207.153376	0.002191	5.6
540	-0.219488	206.959412	0.002197	6.4
541	-0.698121	206.765932	0.007777	6.4
542	-0.059923	206.572933	0.000971	6.2
543	-0.747841	206.380414	0.003794	6.8
544	-0.000000	206.188373	0.000000	6.6
545	-1.430390	205.996807	0.014683	6.2
546	-1.353428	205.805716	0.004060	7.0
547	-0.000000	205.615096	0.000000	6.2
548	-0.470941	205.424946	0.009663	7.2
549	-1.086850	205.235265	0.022853	6.7
550	-0.527916	205.046050	0.007313	7.1
551	-0.680239	204.857299	0.012962	6.5
552	-1.061665	204.669011	0.009721	6.3
553	-1.429108	204.481184	0.026049	7.6
554	-1.543089	204.293816	0.010522	9.6
555	-0.416340	204.106905	0.005204	8.1
556	-0.683328	203.920449	0.007081	9.2
557	-1.250816	203.734447	0.029023	8.9
558	-0.000000	203.548896	0.000000	7.4
559	-0.000000	203.363795	0.000000	6.2
560	-0.365011	203.179143	0.005305	5.8
561	-1.701290	202.994937	0.006220	7.3
562	-0.981212	202.811176	0.004064	5.3
563	-0.984898	202.627857	0.015267	6.1
564	-1.509103	202.444980	0.009201	6.1
565	-0.426078	202.262543	0.005957	5.1
566	-1.031615	202.080543	0.010417	6.9
567	-1.786856	201.898979	0.005955	4.8
568	-0.112231	201.717849	0.002841	4.9
569	-1.280688	201.537153	0.016144	5.9
570	-1.262329	201.356887	0.003710	4.8
571	-0.618549	201.177050	0.010520	5.7
572	-0.074551	200.997642	0.001562	5.5
573	-0.012414	200.818659	0.000430	5.9
574	-0.744529	200.640100	0.010679	5.4
575	-0.000000	200.461965	0.000000	5.7
576	-0.000623	200.284250	0.000050	5.0
577	-0.524127	200.106955	0.009493	4.9
578	-0.930855	199.930078	0.004462	6.2
579	-0.802869	199.753617	0.006917	4.9
580	-0.043075	199.577571	0.000719	4.9
581	-0.000000	199.401938	0.000000	6.2
582	-1.181086	199.226717	0.011764	5.2
583	-1.188326	199.051905	0.013610	5.3
584	-0.190882	198.877502	0.001462	5.6
585	-0.000004	198.703506	0.000001	5.2
586	-1.120299	198.529916	0.005106	5.2
587	-1.869315	198.356729	0.009961	5.8
588	-0.171510	198.183944	0.001207	5.2
589	-1.008380	198.011560	0.007257	4.9
590	-1.173911	197.839576	0.015124	5.7
591	-1.524266	197.667989	0.006196	5.8
592	-0.000000	197.496798	0.000000	5.1
593	-0.012868	197.326002	0.000339	6.3
594	-0.000000	197.155600	0.000000	4.9
595	-0.795824	196.985589	0.004738	5.5
596	-0.000000	196.815969	0.000000	5.6
597	-0.415503	196.646738	0.005028	5.8
598	-1.404017	196.477894	0.018640	4.7
599	-0.245265	196.309436	0.001965	5.9
600	-0.286414	196.141363	0.005662	6.1
601	-0.140228	195.973673	0.000591	4.9
602	-0.459032	195.806365	0.006468	6.5
603	-0.813970	195.639437	0.005241	5.4
604	-1.549901	195.472888	0.014535	5.1
605	-0.909954	195.306717	0.013463	6.3
606	-1.439560	195.140922	0.013091	6.8
607	-0.000000	194.975501	0.000000	6.2
608	-1.276432	194.810454	0.009518	6.4
609	-0.510374	194.645779	0.007480	6.4
610	-0.971388	194.481475	0.006804	6.8
611	-0.400792	194.317540	0.003253	7.5
612	-0.000000	194.153973	0.000000	6.6
613	-0.693822	193.990773	0.004755	7.0
614	-0.667240	193.827938	0.012036	5.6
615	-0.773357	193.665467	0.014214	7.4
616	-0.805733	193.503358	0.007240	6.3
617	-0.000000	193.341611	0.000000	6.3
618	-1.232026	193.180224	0.009851	6.7
619	-0.164219	193.019196	0.001219	6.1
620	-1.020239	192.858525	0.011168	8.1
621	-0.644968	192.698210	0.011232	7.0
622	-0.429355	192.538251	0.014179	6.1
623	-1.396658	192.378644	0.013776	6.5
624	-0.000000	192.219391	0.000000	5.4
625	-0.790916	192.060488	0.013052	7.3
626	-1.458046	191.901935	0.006856	6.2
627	-0.000508	191.743730	0.000025	6.8
628	-1.620283	191.585873	0.003606	6.4
629	-0.410234	191.428362	0.004362	5.2
630	-1.347647	191.271196	0.007561	6.6
631	-1.055975	191.114374	0.012349	6.5
632	-0.953971	190.957893	0.009598	5.1
633	-1.011843	190.801755	0.010557	6.7
634	-1.451341	190.645956	0.006712	4.8
635	-0.584589	190.490495	0.003736	5.6
636	-0.570908	190.335373	0.015977	6.2
637	-0.646290	190.180587	0.018034	5.2
638	-0.332802	190.026136	0.001465	5.3
639	-0.738743	189.872019	0.008311	5.7
640	-0.000198	189.718235	0.000025	4.9
641	-0.795295	189.564782	0.010011	6.2
642	-0.000009	189.411661	0.000001	5.5
643	-1.306024	189.258868	0.006915	5.4
644	-0.001620	189.106404	0.000016	6.4
645	-1.782603	188.954267	0.012375	5.3
646	-0.047253	188.802456	0.001503	5.1
647	-0.950008	188.650969	0.009449	6.3
648	-0.099801	188.499807	0.001515	4.9
649	-0.179475	188.348967	0.001370	5.1
650	-1.439645	188.198448	0.018450	7.3
651	-1.575876	188.048250	0.014102	5.6
652	-1.302333	187.898371	0.013245	5.0
653	-0.016557	187.748810	0.001085	6.6
654	-0.688306	187.599566	0.010698	5.0
655	-0.791491	187.450638	0.007746	5.3
656	-0.501201	187.302025	0.022157	5.9
657	-1.305818	187.153725	0.010929	5.0
658	-0.764473	187.005739	0.006928	5.5
659	-0.632151	186.858064	0.022234	5.9
660	-0.961406	186.710699	0.023883	5.7
661	-0.000215	186.563645	0.000007	5.3
662	-0.578855	186.416898	0.012754	6.4
663	-1.571181	186.270459	0.006582	5.1
664	-1.319618	186.124326	0.007133	5.6
665	-1.355421	185.978499	0.009521	5.7
666	-1.246248	185.832976	0.016435	5.6
667	-0.572177	185.687756	0.010388	6.1
668	-1.768053	185.542838	0.010710	5.3
669	-0.001502	185.398222	0.000254	5.3
670	-0.059691	185.253906	0.002124	6.3
671	-0.090169	185.109889	0.001132	4.9
672	-0.879347	184.966170	0.008819	5.1
673	-0.544425	184.822748	0.003162	6.1
674	-0.686630	184.679623	0.011951	5.3
675	-0.000000	184.536792	0.000000	4.9
676	-0.001488	184.394256	0.000092	6.0
677	-0.644968	184.252013	0.013482	5.0
678	-0.009305	184.110062	0.000095	4.9
679	-0.906328	183.968403	0.004747	5.4
680	-1.026204	183.827034	0.011087	5.7
681	-0.175063	183.685954	0.002011	5.5
682	-1.132551	183.545163	0.006272	5.7
683	-0.267896	183.404658	0.001606	5.3
684	-1.002470	183.264441	0.007109	5.1
685	-1.230393	183.124509	0.010985	5.3
686	-1.253214	182.984861	0.008999	5.0
687	-0.127377	182.845497	0.001798	6.1
688	-0.469435	182.706416	0.013139	6.3
689	-0.581611	182.567616	0.002192	5.3
690	-1.180568	182.429098	0.003454	5.3
691	-0.023972	182.290859	0.000254	5.7
692	-0.004369	182.152899	0.000094	5.2
693	-0.537053	182.015217	0.003284	5.3
694	-0.467826	181.877813	0.005905	5.4
695	-0.465947	181.740684	0.012414	5.5
696	-1.124884	181.603832	0.008112	5.1
697	-0.884600	181.467253	0.016222	5.0
698	-0.000823	181.330948	0.000043	5.9
699	-0.654921	181.194916	0.008578	5.2
700	-0.988488	181.059155	0.005054	5.4
701	-0.009106	180.923666	0.000436	5.2
702	-1.337246	180.788446	0.008271	5.4
703	-0.528293	180.653496	0.013819	5.3
704	-0.997615	180.518814	0.005110	5.2
705	-1.109970	180.384399	0.005934	5.0
706	-1.006182	180.250251	0.009457	4.8
707	-0.262655	180.116369	0.003927	6.0
708	-1.620225	179.982752	0.010874	5.0
709	-1.345191	179.849398	0.012760	5.2
710	-1.721013	179.716308	0.014252	5.1
711	-0.969622	179.583480	0.008326	5.0
712	-0.625692	179.450913	0.026816	5.0
713	-1.123083	179.318607	0.013907	5.6
714	-0.000000	179.186561	0.000000	5.3
715	-0.860162	179.054774	0.010351	6.3
716	-0.542587	178.923245	0.003930	7.5
717	-0.141110	178.791973	0.001428	6.4
718	-1.464967	178.660958	0.008617	9.1
719	-0.713748	178.530199	0.005242	5.9
720	-0.932278	178.399694	0.007966	7.1
721	-0.629772	178.269444	0.005496	5.9
722	-0.764440	178.139447	0.007180	5.9
723	-1.284593	178.009702	0.008619	7.2
724	-1.525916	177.880209	0.007946	6.0
725	-0.945121	177.750967	0.011973	5.5
726	-0.685681	177.621975	0.005977	5.1
727	-0.000000	177.493232	0.000000	5.4
728	-0.889987	177.364738	0.006568	5.6
729	-0.050497	177.236492	0.001547	5.2
730	-0.468839	177.108492	0.003367	5.5
731	-0.000011	176.980739	0.000002	5.6
732	-1.371248	176.853231	0.008605	5.5
733	-1.461728	176.725968	0.006506	5.5
734	-0.796081	176.598949	0.007392	5.4
735	-0.237226	176.472173	0.003068	6.2
736	-0.108962	176.345639	0.002439	5.4
737	-0.515868	176.219348	0.009847	5.4
738	-1.393830	176.093296	0.007028	4.9
739	-0.868206	175.967486	0.005766	5.3
740	-0.832052	175.841914	0.005775	5.2
741	-1.172868	175.716581	0.013651	5.0
742	-0.575745	175.591486	0.008928	5.1
743	-0.086631	175.466629	0.002312	5.6
744	-0.230358	175.342008	0.001888	5.0
745	-0.618174	175.217622	0.006840	5.5
746	-1.209513	175.093472	0.016339	4.9
747	-1.625948	174.969556	0.012065	5.3
748	-0.981408	174.845873	0.009428	5.3
749	-1.037387	174.722423	0.006404	5.0
750	-0.920495	174.599206	0.005490	5.6
751	-1.166680	174.476220	0.007122	5.5
752	-0.915629	174.353464	0.005682	5.1
753	-0.000509	174.230939	0.000047	6.0
754	-0.000000	174.108643	0.000000	6.9
755	-1.510533	173.986576	0.012744	6.3
756	-0.512945	173.864737	0.004950	7.5
757	-0.396176	173.743124	0.016589	6.6
758	-1.395946	173.621739	0.014952	7.1
759	-0.862851	173.500579	0.006579	5.8
760	-0.860482	173.379645	0.007387	6.1
761	-0.381848	173.258935	0.004674	5.9
762	-0.162679	173.138449	0.001434	5.8
763	-0.001522	173.018186	0.000108	6.5
764	-1.135641	172.898146	0.006225	5.8
765	-1.397327	172.778327	0.011422	6.4
766	-0.000001	172.658730	0.000000	6.4
767	-1.453058	172.539353	0.008148	5.7
768	-0.012940	172.420196	0.000128	6.5
769	-1.099278	172.301258	0.012981	6.5
770	-1.146568	172.182539	0.022237	6.2
771	-0.000000	172.064037	0.000000	6.9
772	-0.912706	171.945753	0.008304	7.0
773	-1.567454	171.827686	0.004912	6.8
774	-0.427799	171.709834	0.007330	6.3
775	-0.024463	171.592198	0.000547	6.1
776	-1.226383	171.474776	0.008571	6.6
777	-0.574366	171.357568	0.004382	6.1
778	-1.030866	171.240574	0.005228	6.6
779	-0.090442	171.123793	0.001730	6.3
780	-1.377863	171.007223	0.007233	5.9
781	-0.776569	170.890865	0.002983	6.8
782	-1.243916	170.774718	0.007337	6.8
783	-1.489968	170.658782	0.010487	10.8
784	-0.029159	170.543055	0.000262	38.2
785	-0.370423	170.427537	0.005722	27.9
786	-1.380200	170.312227	0.008438	30.1
787	-0.687697	170.197125	0.008717	18.8
788	-1.017074	170.082231	0.020919	7.1
789	-1.368161	169.967543	0.007021	6.0
790	-1.392421	169.853061	0.004486	6.4
791	-1.028113	169.738784	0.019472	6.2
792	-1.359284	169.624713	0.012844	6.4
793	-0.050002	169.510845	0.000950	6.9
794	-0.973207	169.397181	0.008352	13.7
795	-1.341311	169.283720	0.012546	10.3
796	-0.289499	169.170462	0.005332	9.4
797	-0.595539	169.057405	0.008182	8.2
798	-1.145463	168.944549	0.006792	9.3
799	-0.000271	168.831895	0.000028	10.3
800	-0.984300	168.719440	0.002890	5.5
801	-0.601928	168.607185	0.008915	8.2
802	-1.012843	168.495129	0.014314	8.3
803	-1.399643	168.383271	0.010254	10.4
804	-0.540683	168.271611	0.011650	7.9
805	-0.563080	168.160148	0.007749	8.2
806	-0.527753	168.048882	0.006322	5.7
807	-0.154459	167.937812	0.001090	7.9
808	-1.614587	167.826938	0.015987	12.1
809	-1.325698	167.716258	0.016487	9.6
810	-1.076101	167.605773	0.009479	9.2
811	-1.360918	167.495482	0.009910	7.8
812	-1.641551	167.385384	0.005385	9.3
813	-0.000000	167.275479	0.000000	8.3
814	-0.282223	167.165766	0.002776	7.3
815	-0.636198	167.056245	0.003377	7.1
816	-0.853255	166.946915	0.018065	7.6
817	-1.283157	166.837776	0.014617	7.2
818	-0.886721	166.728826	0.007726	7.0
819	-0.772678	166.620067	0.004567	7.5
820	-0.000000	166.511496	0.000000	6.3
821	-0.000027	166.403113	0.000004	7.1
822	-0.000018	166.294919	0.000002	6.7
823	-0.475596	166.186912	0.023219	7.0
824	-0.447203	166.079091	0.010661	7.0
825	-0.750813	165.971458	0.008036	7.3
826	-0.383797	165.864009	0.004509	8.5
827	-0.518157	165.756747	0.009615	6.9
828	-0.695849	165.649669	0.008085	7.3
829	-1.277075	165.542775	0.006050	5.9
830	-0.471293	165.436065	0.010408	6.3
831	-1.560628	165.329538	0.005576	5.9
832	-0.568928	165.223194	0.013095	5.9
833	-0.928051	165.117032	0.011549	5.9
834	-0.445319	165.011052	0.007478	5.1
835	-0.867182	164.905253	0.010765	6.1
836	-1.050380	164.799635	0.007486	6.5
837	-1.608684	164.694197	0.011170	6.0
838	-1.475383	164.588939	0.008251	6.3
839	-1.374956	164.483859	0.011070	6.0
840	-0.002619	164.378959	0.000085	6.0
841	-0.191635	164.274237	0.004495	7.9
842	-0.716882	164.169692	0.005116	5.7
843	-0.807394	164.065325	0.004349	6.0
844	-1.419959	163.961135	0.012885	9.9
845	-0.002312	163.857120	0.000053	8.9
846	-0.000000	163.753282	0.000000	6.6
847	-1.475158	163.649619	0.017753	6.8
848	-1.011648	163.546130	0.005401	9.0
849	-0.895856	163.442816	0.005269	9.9
850	-0.000559	163.339676	0.000076	5.8
851	-0.532746	163.236709	0.004026	7.4
852	-0.000992	163.133915	0.000046	7.1
853	-0.104160	163.031294	0.000779	7.9
854	-1.408350	162.928844	0.006914	9.2
855	-0.000212	162.826566	0.000012	9.3
856	-0.748425	162.724459	0.005759	10.0
857	-0.543788	162.622523	0.006808	8.7
858	-0.000000	162.520757	0.000000	8.1
859	-0.244712	162.419160	0.002024	7.6
860	-0.065739	162.317733	0.002260	8.2
861	-1.288961	162.216474	0.015732	6.9
862	-1.301266	162.115383	0.013448	6.4
863	-0.978886	162.014461	0.009216	8.9
864	-1.403809	161.913705	0.004180	7.2
865	-0.038339	161.813117	0.001478	6.9
866	-1.029065	161.712695	0.022709	8.7
867	-0.000000	161.612439	0.000000	7.1
868	-0.000000	161.512349	0.000000	9.0
869	-0.064798	161.412424	0.001832	7.6
870	-1.085218	161.312663	0.007027	8.3
871	-0.002704	161.213067	0.000162	7.5
872	-1.391004	161.113635	0.010647	9.1
873	-0.859578	161.014366	0.014166	7.8
874	-1.053372	160.915260	0.020521	12.9
875	-1.022335	160.816316	0.006256	10.6
876	-0.928037	160.717535	0.009394	7.8
877	-0.000002	160.618915	0.000000	9.6
878	-0.340546	160.520456	0.008601	6.9
879	-0.000000	160.422158	0.000000	7.5
880	-0.770431	160.324021	0.003466	5.9
881	-0.042361	160.226043	0.002041	8.0
882	-1.161864	160.128225	0.011723	6.3
883	-0.579493	160.030566	0.007092	5.4
884	-0.000146	159.933066	0.000016	8.0
885	-1.806767	159.835723	0.008619	6.6
886	-1.676160	159.738539	0.009793	7.0
887	-1.393091	159.641512	0.011187	5.6
888	-0.133675	159.544642	0.000966	5.0
889	-1.615412	159.447929	0.016751	6.9
890	-0.840412	159.351372	0.008168	5.6
891	-1.182934	159.254971	0.007391	5.9
892	-0.247084	159.158725	0.002078	7.5
893	-0.008829	159.062634	0.000215	5.4
894	-0.000000	158.966697	0.000000	6.8
895	-1.407302	158.870915	0.017879	6.0
896	-1.059900	158.775286	0.009256	4.7
897	-0.287752	158.679811	0.005739	6.4
898	-0.612254	158.584489	0.008383	5.6
899	-0.954265	158.489319	0.003809	5.3
900	-1.362643	158.394302	0.011801	6.9
901	-0.000000	158.299436	0.000000	5.5
902	-0.955580	158.204721	0.011790	4.7
903	-0.857727	158.110158	0.009586	6.2
904	-0.020116	158.015745	0.000747	4.9
905	-0.904901	157.921482	0.012742	4.8
906	-0.273868	157.827369	0.001884	6.3
907	-0.056389	157.733406	0.001575	4.7
908	-0.950767	157.639591	0.010095	4.8
909	-1.246976	157.545925	0.021308	5.9
910	-0.567075	157.452408	0.003965	4.8
911	-1.290128	157.359038	0.012499	4.7
912	-0.000000	157.265816	0.000000	5.7
913	-1.497525	157.172741	0.010575	4.8
914	-0.111789	157.079813	0.001090	4.7
915	-0.000000	156.987031	0.000000	5.4
916	-0.001366	156.894395	0.000084	4.9
917	-1.582441	156.801904	0.006733	4.9
918	-1.580773	156.709559	0.018916	5.2
919	-0.472488	156.617359	0.004522	6.6
920	-1.023478	156.525304	0.018669	5.0
921	-0.995011	156.433392	0.012006	5.3
922	-0.716268	156.341624	0.020596	5.3
923	-0.000000	156.250000	0.000000	4.7
924	-0.821570	156.158519	0.004730	4.9
925	-0.461338	156.067180	0.008237	5.5
926	-0.000000	155.975984	0.000000	4.8
927	-0.955349	155.884930	0.014319	4.8
928	-0.073815	155.794017	0.001056	5.8
929	-0.723728	155.703246	0.008913	4.8
930	-1.441039	155.612615	0.006497	5.2
931	-0.651245	155.522125	0.007069	5.5
932	-0.613760	155.431775	0.007411	5.1
933	-0.000004	155.341565	0.000001	5.1
934	-0.984802	155.251495	0.014860	5.5
935	-1.518394	155.161563	0.010351	4.9
936	-1.345975	155.071771	0.010581	4.8
937	-0.624510	154.982117	0.008864	5.5
938	-0.704596	154.892601	0.008696	5.9
939	-1.670481	154.803222	0.006568	5.4
940	-0.000000	154.713981	0.000000	5.6
941	-1.419080	154.624878	0.008552	4.9
942	-1.458488	154.535910	0.007646	4.9
943	-0.000102	154.447080	0.000009	5.5
944	-0.720811	154.358385	0.005824	5.1
945	-1.288725	154.269826	0.011521	4.8
946	-0.000000	154.181402	0.000000	4.8
947	-1.170538	154.093114	0.010154	5.4
948	-0.436206	154.004960	0.009269	4.8
949	-0.000058	153.916940	0.000008	5.2
950	-1.732611	153.829054	0.005472	6.2
951	-0.000000	153.741303	0.000000	4.9
952	-0.884267	153.653684	0.013908	4.9
953	-0.646831	153.566198	0.007797	5.5
954	-0.178682	153.478846	0.002729	4.9
955	-1.311792	153.391625	0.010411	4.9
956	-0.540612	153.304537	0.006571	5.8
957	-1.170813	153.217580	0.005653	4.7
958	-1.478906	153.130755	0.014977	4.7
959	-0.000000	153.044061	0.000000	5.4
960	-1.236622	152.957498	0.009161	6.0
961	-0.000112	152.871065	0.000015	5.1
962	-0.008739	152.784762	0.000301	5.5
963	-0.000007	152.698589	0.000001	4.8
964	-0.641469	152.612545	0.019185	4.8
965	-1.254440	152.526631	0.011497	5.3
966	-1.595736	152.440845	0.012054	5.3
967	-0.748848	152.355188	0.012774	4.7
968	-1.062263	152.269660	0.014314	4.8
969	-0.091167	152.184259	0.002630	5.4
970	-1.415079	152.098986	0.006937	5.0
971	-0.000100	152.013840	0.000020	4.8
972	-0.772704	151.928821	0.004529	5.4
973	-0.460238	151.843928	0.002713	4.9
974	-0.000088	151.759163	0.000008	4.8
975	-1.346144	151.674523	0.015491	5.6
976	-1.395603	151.590009	0.008290	4.8
977	-0.000744	151.505620	0.000027	4.8
978	-0.000000	151.421357	0.000000	5.7
979	-1.182924	151.337218	0.005701	4.9
980	-0.058365	151.253204	0.001367	5.4
981	-1.550566	151.169314	0.009833	5.6
982	-1.041239	151.085549	0.015492	5.8
983	-0.926779	151.001907	0.016369	6.2
984	-1.559402	150.918388	0.008342	6.0
985	-0.011562	150.834992	0.000568	5.4
986	-0.000000	150.751719	0.000000	4.8
987	-0.662850	150.668569	0.023891	5.6
988	-1.620545	150.585541	0.007624	5.3
989	-0.742849	150.502634	0.025701	5.0
990	-0.822468	150.419849	0.007709	5.6
991	-1.100579	150.337186	0.008276	5.7
992	-1.293433	150.254644	0.013556	5.0
993	-0.200983	150.172222	0.002023	6.2
994	-1.498497	150.089921	0.006497	5.5
995	-0.665196	150.007740	0.010311	5.2
996	-0.692922	149.925679	0.007288	6.1
997	-0.000109	149.843737	0.000010	4.9
998	-1.403133	149.761915	0.014000	5.7
999	-1.133367	149.680212	0.019340	6.7
1000	-0.503773	149.598627	0.008871	4.8
1001	-0.824969	149.517161	0.011455	5.1
1002	-0.356193	149.435814	0.003744	6.4
1003	-0.000000	149.354584	0.000000	5.9
1004	-1.587100	149.273472	0.014460	4.9
1005	-0.000000	149.192477	0.000000	5.8
1006	-0.000023	149.111599	0.000005	5.5
1007	-0.294693	149.030838	0.002443	5.1
1008	-0.000000	148.950194	0.000000	5.7
1009	-0.529207	148.869666	0.008271	5.5
1010	-1.103793	148.789253	0.005881	5.5
1011	-0.035087	148.708957	0.000976	5.8
1012	-0.860736	148.628776	0.008409	5.1
1013	-0.001713	148.548710	0.000283	5.2
1014	-0.045049	148.468759	0.001282	6.0
1015	-0.000258	148.388923	0.000013	5.3
1016	-1.377587	148.309201	0.015530	6.2
1017	-0.252281	148.229594	0.002173	5.6
1018	-0.440626	148.150100	0.003861	5.4
1019	-1.289577	148.070719	0.015389	5.6
1020	-0.000002	147.991452	0.000001	5.9
1021	-1.181437	147.912298	0.006998	5.5
1022	-0.735792	147.833257	0.017728	6.1
1023	-0.762761	147.754329	0.011322	5.2
1024	-1.108784	147.675512	0.013263	5.2
1025	-1.118074	147.596808	0.008147	5.9
1026	-0.631146	147.518216	0.001942	4.9
1027	-1.300126	147.439735	0.011825	4.9
1028	-0.370020	147.361365	0.003421	6.5
1029	-1.529074	147.283106	0.006010	5.6
1030	-0.036015	147.204958	0.001061	5.0
1031	-0.589234	147.126920	0.007255	6.9
1032	-1.278591	147.048993	0.022104	5.4
1033	-0.712840	146.971175	0.005713	5.5
1034	-1.401711	146.893468	0.011665	6.4
1035	-0.940920	146.815869	0.011686	5.0
1036	-0.966451	146.738380	0.009808	5.2
1037	-0.847685	146.661000	0.018456	6.5
1038	-1.331418	146.583729	0.009052	5.4
1039	-1.252263	146.506566	0.017851	5.6
1040	-0.696031	146.429511	0.020915	6.5
1041	-0.002100	146.352565	0.000094	5.8
1042	-0.000000	146.275726	0.000000	5.9
1043	-1.007123	146.198994	0.009249	4.9
1044	-0.862353	146.122370	0.005889	4.9
1045	-0.906862	146.045853	0.012712	6.1
1046	-0.742643	145.969442	0.007090	5.0
1047	-1.068190	145.893139	0.006227	5.2
1048	-1.531487	145.816941	0.009344	6.6
1049	-0.977152	145.740849	0.007299	5.7
1050	-0.252719	145.664863	0.002146	5.3
1051	-0.849717	145.588983	0.007073	6.7
1052	-1.088369	145.513208	0.008650	5.8
1053	-1.261649	145.437538	0.015337	5.8
1054	-0.544387	145.361973	0.005843	6.5
1055	-0.221418	145.286513	0.004193	4.9
1056	-0.095386	145.211157	0.002147	5.4
1057	-0.165079	145.135905	0.002878	6.5
1058	-0.067795	145.060757	0.000986	6.1
1059	-0.007576	144.985712	0.000844	5.4
1060	-0.004420	144.910771	0.000570	5.6
1061	-0.035949	144.835934	0.000519	5.6
1062	-1.138803	144.761199	0.004977	6.1
1063	-1.290667	144.686567	0.011285	5.2
1064	-1.341850	144.612037	0.019642	5.4
1065	-0.792735	144.537610	0.007513	6.5
1066	-0.050025	144.463285	0.000905	4.9
1067	-0.598205	144.389062	0.005782	5.3
1068	-0.937393	144.314940	0.017348	6.8
1069	-0.720615	144.240920	0.004736	6.0
1070	-0.001566	144.167001	0.000131	5.4
1071	-0.391127	144.093182	0.005510	6.4
1072	-0.539745	144.019465	0.019231	5.7
1073	-1.513343	143.945848	0.010481	5.4
1074	-0.603636	143.872331	0.008545	6.1
1075	-0.000000	143.798914	0.000000	5.3
1076	-0.216119	143.725597	0.003388	5.9
1077	-1.552410	143.652380	0.012045	5.8
1078	-0.026827	143.579262	0.000600	5.8
1079	-0.438119	143.506243	0.006057	6.2
1080	-1.003616	143.433323	0.012217	5.2
1081	-1.606524	143.360502	0.017161	5.8
1082	-0.774296	143.287780	0.005044	6.0
1083	-1.206235	143.215155	0.004525	5.6
1084	-0.135724	143.142629	0.001906	5.1
1085	-1.118912	143.070201	0.008647	6.4
1086	0.000000	142.997870	0.000000	5.7
1087	-0.511167	142.925637	0.012033	5.7
1088	-1.417157	142.853501	0.006906	6.7
1089	-1.301652	142.781462	0.008643	5.3
1090	-1.289983	142.709519	0.007233	5.7
1091	-1.290370	142.637674	0.015436	6.0
1092	-0.807030	142.565924	0.010235	5.7
1093	-1.470898	142.494271	0.012909	5.6
1094	-0.781267	142.422714	0.007280	6.6
1095	-1.347470	142.351252	0.007604	6.2
1096	-0.897479	142.279886	0.007960	6.9
1097	-0.050294	142.208616	0.000438	5.8
1098	-0.948800	142.137440	0.010422	5.0
1099	-1.320727	142.066360	0.009458	6.6
1100	-0.000000	141.995374	0.000000	5.3
1101	-1.381780	141.924483	0.018286	5.7
1102	-1.246668	141.853685	0.012440	5.8
1103	-0.642284	141.782983	0.010763	5.9
1104	-0.931155	141.712373	0.014837	5.9
1105	-1.808653	141.641858	0.011091	5.6
1106	-0.007841	141.571436	0.000187	5.1
1107	-1.098346	141.501108	0.009469	6.1
1108	-1.117069	141.430872	0.004220	5.3
1109	-1.101503	141.360730	0.011164	5.2
1110	-0.973216	141.290680	0.009961	6.0
1111	-0.880684	141.220722	0.014824	6.2
1112	-0.000000	141.150857	0.000000	5.3
1113	-0.000002	141.081084	0.000001	5.9
1114	-1.333232	141.011403	0.008420	5.5
1115	-0.004662	140.941813	0.000206	5.2
1116	-0.681121	140.872315	0.006742	6.3
1117	-1.214809	140.802909	0.031112	5.4
1118	-0.994586	140.733593	0.016876	5.6
1119	-0.584723	140.664369	0.005460	6.6
1120	-0.012487	140.595235	0.000818	7.2
1121	-1.404136	140.526192	0.004547	6.7
1122	-0.000000	140.457239	0.000000	5.5
1123	-0.507151	140.388376	0.003807	5.7
1124	-0.000000	140.319603	0.000000	6.1
1125	-0.567868	140.250920	0.003419	5.5
1126	-0.008340	140.182326	0.000256	5.7
1127	-0.608455	140.113822	0.014737	5.9
1128	-0.377433	140.045407	0.003845	6.4
1129	-0.935392	139.977081	0.005123	5.3
1130	-0.254610	139.908844	0.002283	6.5
1131	-0.991696	139.840696	0.008818	6.3
1132	-1.006868	139.772635	0.008527	6.1
1133	-0.469899	139.704664	0.003120	5.6
1134	-0.874118	139.636780	0.004252	5.6
1135	-0.884126	139.568984	0.011398	6.9
1136	-0.913006	139.501276	0.008954	5.6
1137	-1.292618	139.433655	0.012720	5.7
1138	-1.119259	139.366122	0.008194	6.4
1139	-0.458398	139.298676	0.012992	6.3
1140	-1.361500	139.231317	0.004345	5.7
1141	-0.602255	139.164045	0.005784	5.5
1142	-1.110581	139.096859	0.017944	5.7
1143	-0.717867	139.029760	0.019943	6.3
1144	-0.000000	138.962747	0.000000	6.2
1145	-0.935719	138.895820	0.008095	5.7
1146	-1.539132	138.828978	0.011914	7.8
1147	-1.054648	138.762223	0.008444	6.3
1148	-0.977336	138.695553	0.008654	5.4
1149	-1.473069	138.628969	0.016523	5.9
1150	-1.454597	138.562469	0.004613	5.4
1151	-1.227353	138.496055	0.007094	7.6
1152	-1.151654	138.429725	0.008759	5.8
1153	-1.008482	138.363481	0.012668	6.1
1154	-0.454880	138.297320	0.003621	6.1
1155	-0.000000	138.231244	0.000000	5.4
1156	-0.000000	138.165252	0.000000	5.9
1157	-0.597067	138.099344	0.009311	6.5
1158	-0.303290	138.033520	0.003671	5.5
1159	-0.133074	137.967779	0.001725	6.2
1160	-1.029744	137.902122	0.004694	6.2
1161	-0.015815	137.836548	0.000321	5.6
1162	-1.749400	137.771057	0.009276	6.2
1163	-1.399463	137.705649	0.018789	5.7
1164	-0.469359	137.640324	0.006909	6.0
1165	-0.878545	137.575081	0.008836	6.5
1166	-1.353478	137.509921	0.015185	6.6
1167	0.000000	137.444842	0.000000	7.0
1168	-1.002152	137.379846	0.012219	6.0
1169	-0.252578	137.314932	0.002715	6.2
1170	-0.000001	137.250100	0.000000	6.8
1171	-1.642406	137.185349	0.008170	6.7
1172	-0.059299	137.120680	0.001678	6.8
1173	-1.368913	137.056092	0.010010	6.9
1174	-0.473162	136.991585	0.012605	6.3
1175	-1.286425	136.927158	0.010622	7.3
1176	-0.818975	136.862813	0.004611	6.9
1177	-0.454911	136.798548	0.018763	8.6
1178	-0.000000	136.734363	0.000000	6.9
1179	-0.039837	136.670259	0.000701	9.0
1180	-0.663487	136.606235	0.004214	7.2
1181	-0.000000	136.542291	0.000000	7.6
1182	-0.000531	136.478426	0.000072	6.5
1183	-0.000000	136.414641	0.000000	7.3
1184	-1.379002	136.350936	0.003271	6.9
1185	-1.259330	136.287310	0.006800	6.4
1186	-0.585945	136.223763	0.011658	7.0
1187	-0.740955	136.160295	0.004984	6.4
1188	-1.122204	136.096905	0.006846	6.6
1189	-0.000000	136.033594	0.000000	6.0
1190	-1.163246	135.970362	0.020094	6.4
1191	-0.716467	135.907208	0.006844	6.5
1192	-1.014850	135.844133	0.007141	6.1
1193	-1.361966	135.781135	0.014810	6.5
1194	-0.783883	135.718215	0.007353	6.4
1195	-1.131523	135.655373	0.008861	6.5
1196	-1.201142	135.592608	0.008956	6.3
1197	-0.441480	135.529921	0.007288	6.3
1198	-0.000000	135.467311	0.000000	6.7
1199	-0.000000	135.404778	0.000000	6.0
1200	-0.000242	135.342322	0.000009	8.1
1201	-0.008050	135.279942	0.000314	8.2
1202	-0.494331	135.217640	0.009657	5.6
1203	-0.478931	135.155413	0.018435	7.3
1204	-0.112659	135.093263	0.000988	5.1
1205	-0.690584	135.031190	0.018644	4.9
1206	-0.788345	134.969192	0.006781	7.1
1207	-1.231541	134.907270	0.007092	4.9
1208	-1.477279	134.845424	0.013687	4.9
1209	-0.716970	134.783653	0.003926	7.5
1210	-0.023081	134.721958	0.000408	4.8
1211	-0.359173	134.660338	0.011671	5.1
1212	-0.040985	134.598793	0.000775	7.4
1213	-0.003360	134.537323	0.000249	5.3
1214	-1.478678	134.475927	0.016111	6.8
1215	-0.283979	134.414607	0.003716	5.4
1216	-0.625754	134.353361	0.005161	5.5
1217	-1.346581	134.292189	0.007320	6.3
1218	-1.033606	134.231092	0.008869	5.7
1219	-1.197952	134.170068	0.009203	5.3
1220	-0.978812	134.109119	0.010904	7.4
1221	-0.821704	134.048243	0.010447	5.5
1222	-0.933715	133.987441	0.010069	5.5
1223	-0.582704	133.926713	0.012611	6.5
1224	-0.545159	133.866057	0.017579	5.1
1225	-1.268039	133.805475	0.006483	6.0
1226	-0.614620	133.744966	0.004955	6.3
1227	-1.168275	133.684530	0.011861	6.0
1228	-1.031909	133.624167	0.005920	7.4
1229	-1.245530	133.563877	0.009654	8.3
1230	-1.417847	133.503658	0.007459	8.8
1231	-1.269147	133.443513	0.030956	7.8
1232	-0.176716	133.383439	0.000909	7.0
1233	-1.103968	133.323437	0.018312	6.3
1234	-1.420798	133.263508	0.011323	6.0
1235	-0.192941	133.203650	0.005262	6.4
1236	-0.354060	133.143864	0.003566	5.7
1237	-0.040264	133.084149	0.000324	6.9
1238	-0.319340	133.024506	0.002405	5.0
1239	-0.741107	132.964934	0.004902	4.9
1240	-0.449519	132.905433	0.005468	6.1
1241	-0.714025	132.846003	0.006586	4.7
1242	-1.388022	132.786643	0.012522	5.0
1243	-0.064996	132.727355	0.001924	5.5
1244	-0.047470	132.668137	0.000170	5.5
1245	-1.360779	132.608989	0.011684	5.1
1246	-0.654507	132.549912	0.017491	6.0
1247	-0.000003	132.490904	0.000000	5.3
1248	-0.268415	132.431967	0.001571	4.9
1249	-1.585769	132.373100	0.010329	5.4
1250	-1.636813	132.314302	0.009378	5.5
1251	-0.000162	132.255574	0.000011	4.9
1252	-1.041421	132.196916	0.009705	5.9
1253	-0.241773	132.138326	0.004475	4.9
1254	-0.460470	132.079806	0.003697	4.8
1255	-0.777308	132.021355	0.005848	5.0
1256	-1.088842	131.962973	0.009658	6.2
1257	-1.342395	131.904660	0.010986	4.9
1258	-1.654298	131.846415	0.009923	5.3
1259	-0.349093	131.788239	0.013629	5.6
1260	-1.345851	131.730131	0.011365	5.2
1261	-0.776560	131.672092	0.008210	4.8
1262	-0.000000	131.614121	0.000000	5.7
1263	-1.189612	131.556217	0.008904	5.2
1264	-1.047441	131.498382	0.018749	4.9
1265	-1.345024	131.440614	0.009667	5.8
1266	-0.496078	131.382914	0.011410	5.9
1267	-1.496907	131.325282	0.010505	4.8
1268	-0.530810	131.267717	0.007100	5.7
1269	-1.672800	131.210219	0.012111	5.0
1270	-0.093923	131.152788	0.000977	5.1
1271	-0.928095	131.095424	0.009740	5.6
1272	-0.695256	131.038127	0.015812	5.5
1273	-1.133362	130.980897	0.010111	5.1
1274	-1.054683	130.923733	0.006331	5.9
1275	-0.063676	130.866636	0.001496	4.9
1276	-1.224400	130.809605	0.005487	5.1
1277	-0.823664	130.752641	0.006085	6.1
1278	-1.441492	130.695742	0.004647	5.3
1279	-0.571282	130.638910	0.016512	4.9
1280	-1.643108	130.582143	0.010831	6.2
1281	-1.385017	130.525442	0.012983	5.5
1282	-1.549556	130.468807	0.008747	5.4
1283	-1.537465	130.412237	0.008069	5.8
1284	-0.472659	130.355733	0.002783	5.9
1285	-1.495026	130.299294	0.009839	5.4
1286	-1.274347	130.242920	0.007157	5.7
1287	-0.638617	130.186611	0.020228	5.5
1288	-0.018781	130.130366	0.000225	5.1
1289	-0.616518	130.074187	0.006485	5.5
1290	-0.008308	130.018072	0.000066	6.3
1291	-0.758196	129.962022	0.012981	5.4
1292	-0.749828	129.906036	0.006547	6.3
1293	-0.837162	129.850114	0.011434	4.8
1294	-0.265057	129.794257	0.001830	5.3
1295	-0.663953	129.738463	0.006535	6.0
1296	-0.119772	129.682734	0.001187	5.4
1297	-1.338385	129.627068	0.007532	5.1
1298	-1.220299	129.571466	0.008721	6.6
1299	-0.699090	129.515927	0.024960	6.7
1300	-0.677305	129.460452	0.004926	6.4
1301	-0.980175	129.405040	0.014839	7.7
1302	-0.001397	129.349692	0.000233	6.0
1303	-0.000000	129.294406	0.000000	6.1
1304	-0.000433	129.239183	0.000048	6.4
1305	-1.160888	129.184024	0.006694	6.7
1306	-0.221943	129.128927	0.001257	6.3
1307	-0.000000	129.073892	0.000000	7.5
1308	-1.587633	129.018921	0.010997	6.8
1309	-0.347137	128.964011	0.002733	6.6
1310	-1.413689	128.909164	0.015506	7.0
1311	-1.178444	128.854379	0.008666	6.1
1312	-0.000000	128.799656	0.000000	7.4
1313	-1.442015	128.744995	0.013980	6.5
1314	-1.472304	128.690396	0.011886	6.3
1315	-1.326756	128.635858	0.006052	8.3
1316	-0.332083	128.581382	0.003808	6.4
1317	-1.170955	128.526968	0.008358	7.2
1318	-0.074700	128.472615	0.000971	6.4
1319	-1.239033	128.418323	0.005053	6.0
1320	-0.000000	128.364092	0.000000	6.7
1321	-0.000000	128.309922	0.000000	6.0
1322	-1.721597	128.255814	0.009796	7.7
1323	-0.673203	128.201766	0.009746	5.5
1324	-1.464874	128.147778	0.006184	5.8
1325	-0.448045	128.093852	0.006520	6.3
1326	-1.039363	128.039985	0.009281	5.2
1327	-0.930060	127.986180	0.022708	5.4
1328	-1.283626	127.932434	0.013508	5.8
1329	-0.598880	127.878749	0.019899	5.1
1330	-0.586668	127.825123	0.009037	5.5
1331	-0.000000	127.771558	0.000000	5.3
1332	-0.381131	127.718052	0.003091	5.5
1333	-0.984463	127.664606	0.011922	5.6
1334	-0.109209	127.611220	0.000943	6.0
1335	-1.304914	127.557893	0.007970	5.4
1336	-1.396935	127.504625	0.008623	5.9
1337	-1.570209	127.451417	0.008675	6.0
1338	-0.873761	127.398268	0.009040	5.0
1339	-1.016701	127.345178	0.008466	6.6
1340	-0.830557	127.292147	0.004814	6.5
1341	-1.220912	127.239175	0.012154	5.9
1342	-1.424787	127.186261	0.009364	7.7
1343	-0.731329	127.133407	0.014696	6.4
1344	-0.697813	127.080610	0.016150	7.3
1345	-0.288649	127.027872	0.004387	6.2
1346	-0.378882	126.975193	0.002649	5.2
1347	-1.371815	126.922572	0.007045	6.9
1348	-1.400012	126.870008	0.006693	6.4
1349	-0.700405	126.817503	0.004311	7.1
1350	-0.000006	126.765056	0.000001	6.8
1351	-0.000000	126.712667	0.000000	6.9
1352	-0.894791	126.660335	0.005622	8.4
1353	-0.085760	126.608061	0.001433	7.9
1354	-0.000000	126.555844	0.000000	8.4
1355	-0.870889	126.503685	0.019153	9.3
1356	-1.123460	126.451583	0.011461	6.0
1357	-0.461352	126.399538	0.007177	5.6
1358	-1.150617	126.347550	0.007562	6.4
1359	-0.001521	126.295619	0.000196	5.4
1360	-0.778619	126.243745	0.004960	5.4
1361	-0.000694	126.191928	0.000017	7.0
1362	-0.180901	126.140168	0.003308	5.7
1363	-0.968338	126.088464	0.020956	6.1
1364	-0.751481	126.036817	0.002859	6.3
1365	-0.874049	125.985226	0.005499	6.7
1366	-1.677156	125.933691	0.014290	7.0
1367	-0.893119	125.882212	0.005645	5.9
1368	-0.403257	125.830790	0.003500	5.2
1369	-0.000040	125.779423	0.000008	7.1
1370	-1.603274	125.728113	0.010609	5.6
1371	-0.176708	125.676858	0.002367	6.6
1372	-0.000009	125.625659	0.000002	5.1
1373	-0.852810	125.574515	0.004796	5.3
1374	-0.000000	125.523427	0.000000	6.2
1375	-0.560576	125.472394	0.003142	5.5
1376	-0.450584	125.421417	0.005485	5.3
1377	-1.483586	125.370495	0.007939	6.5
1378	-1.539237	125.319628	0.008381	5.6
1379	-0.481820	125.268815	0.011142	5.3
1380	-1.226347	125.218058	0.011037	6.8
1381	-1.051554	125.167356	0.011005	5.8
1382	-1.558543	125.116708	0.013781	5.2
1383	-1.601311	125.066115	0.002246	5.4
1384	-0.000064	125.015576	0.000005	5.2
1385	-1.302508	124.965092	0.010272	5.3
1386	-1.589509	124.914662	0.006256	6.4
1387	-0.684275	124.864287	0.004892	5.1
1388	-0.214528	124.813965	0.001063	5.4
1389	-0.000021	124.763698	0.000001	5.0
1390	-0.212989	124.713485	0.003189	5.1
1391	-1.209281	124.663325	0.013845	5.0
1392	-0.744795	124.613219	0.010246	6.1
1393	-0.452282	124.563167	0.001888	5.2
1394	-1.539233	124.513168	0.005884	4.9
1395	-0.004072	124.463223	0.000091	5.9
1396	-1.724377	124.413332	0.012147	5.1
1397	-0.951356	124.363493	0.006561	5.0
1398	-0.795220	124.313708	0.026086	5.8
1399	-0.643785	124.263976	0.020331	5.0
1400	-0.000000	124.214297	0.000000	5.0
1401	-1.590288	124.164671	0.009040	5.8
1402	-1.272197	124.115097	0.010627	5.3
1403	-0.744272	124.065577	0.007990	5.1
1404	-0.387694	124.016109	0.003019	6.2
1405	-0.935866	123.966693	0.006534	5.2
1406	-1.283061	123.917330	0.008411	5.3
1407	-0.117793	123.868020	0.001151	6.3
1408	-1.551534	123.818762	0.016469	6.2
1409	-1.085453	123.769556	0.010440	5.0
1410	-0.000955	123.720402	0.000111	5.5
1411	-0.463293	123.671300	0.007130	5.0
1412	-0.754432	123.622250	0.006349	5.3
1413	-0.645053	123.573252	0.021624	5.7
1414	-0.846956	123.524305	0.010019	5.5
1415	-0.826555	123.475411	0.017338	4.9
1416	-0.026401	123.426568	0.002007	5.6
1417	-0.258521	123.377776	0.002418	5.3
1418	-0.240745	123.329036	0.002987	5.0
1419	-0.111316	123.280347	0.000538	5.7
1420	-0.382010	123.231709	0.001897	5.4
1421	-1.594748	123.183122	0.009170	6.0
1422	-0.498510	123.134587	0.009424	6.4
1423	-0.134858	123.086102	0.001093	6.2
1424	-0.614580	123.037669	0.013172	6.6
1425	-0.606054	122.989286	0.004032	5.9
1426	-1.543817	122.940954	0.011391	5.0
1427	-1.474597	122.892672	0.009908	6.2
1428	-0.027211	122.844441	0.001622	4.9
1429	-1.039304	122.796261	0.014124	5.1
1430	-0.000000	122.748130	0.000000	6.8
1431	-0.415427	122.700050	0.004116	5.5
1432	-1.251936	122.652021	0.009848	5.7
1433	-0.628671	122.604041	0.008297	5.5
1434	-0.000026	122.556111	0.000000	5.2
1435	-1.432121	122.508232	0.009067	6.0
1436	-0.390312	122.460402	0.003345	5.7
1437	-0.000000	122.412622	0.000000	5.6
1438	-1.080944	122.364891	0.003823	5.4
1439	-0.801893	122.317210	0.006513	6.0
1440	-0.000000	122.269579	0.000000	4.9
1441	-1.409329	122.221997	0.010849	5.4
1442	-0.844431	122.174465	0.004412	5.7
1443	-0.000000	122.126981	0.000000	5.1
1444	-1.332780	122.079547	0.010206	5.1
1445	-1.038453	122.032162	0.004830	6.2
1446	-1.817298	121.984826	0.011874	5.6
1447	-0.010535	121.937539	0.000229	4.9
1448	-0.139806	121.890301	0.001172	5.8
1449	-0.688021	121.843112	0.013789	5.0
1450	-1.097857	121.795971	0.004985	5.4
1451	-0.079808	121.748879	0.000700	5.7
1452	-0.021219	121.701835	0.000527	4.8
1453	-0.819084	121.654840	0.007906	5.3
1454	-0.908373	121.607893	0.008351	5.4
1455	-0.357810	121.560994	0.003353	5.2
1456	-1.274810	121.514144	0.011780	5.1
1457	-0.001124	121.467342	0.000016	5.7
1458	-1.490026	121.420588	0.008702	4.8
1459	-0.000327	121.373882	0.000060	5.7
1460	-1.543511	121.327223	0.013922	6.6
1461	-0.392155	121.280613	0.003385	4.8
1462	-1.131373	121.234050	0.011994	4.9
1463	-1.414416	121.187535	0.007188	5.9
1464	-0.948984	121.141067	0.005787	5.6
1465	-1.058021	121.094647	0.013903	5.6
1466	-0.000000	121.048274	0.000000	6.0
1467	-0.149440	121.001949	0.001384	5.0
1468	-1.239804	120.955671	0.016379	5.2
1469	-0.929382	120.909440	0.007895	5.3
1470	-0.117169	120.863256	0.001035	4.9
1471	-0.968564	120.817119	0.009734	5.4
1472	-0.938986	120.771029	0.010255	5.4
1473	-0.816040	120.724986	0.006752	5.2
1474	-0.994462	120.678990	0.008085	5.4
1475	-0.000000	120.633040	0.000000	5.6
1476	-0.780735	120.587137	0.014990	5.4
1477	-1.236194	120.541281	0.006687	4.9
1478	-1.562082	120.495471	0.006274	5.7
1479	-0.677130	120.449707	0.006447	5.0
1480	-0.578867	120.403990	0.005480	4.9
1481	-1.175501	120.358319	0.007857	5.8
1482	-0.000000	120.312694	0.000000	5.9
1483	-1.512052	120.267115	0.015318	5.3
1484	-0.003436	120.221582	0.000075	5.7
1485	-0.004516	120.176096	0.000127	5.9
1486	-1.069922	120.130655	0.021348	5.8
1487	-1.395050	120.085260	0.003555	5.6
1488	-1.202632	120.039910	0.007118	5.0
1489	-1.572182	119.994606	0.003190	5.2
1490	-1.311920	119.949348	0.009079	5.8
1491	-0.210343	119.904135	0.001883	5.0
1492	-0.000606	119.858968	0.000068	5.0
1493	-0.594229	119.813846	0.003324	5.5
1494	-1.262485	119.768769	0.010965	5.3
1495	-1.073494	119.723738	0.007972	5.0
1496	-1.426563	119.678752	0.011826	5.9
1497	-0.544892	119.633810	0.005212	5.0
1498	-0.478216	119.588914	0.007442	5.1
1499	-0.603109	119.544062	0.006537	6.4
1500	-0.902623	119.499256	0.012542	4.9
1501	-0.003283	119.454494	0.000158	4.9
1502	-0.971784	119.409777	0.006307	5.7
1503	-0.416272	119.365104	0.013655	5.9
1504	-0.959217	119.320476	0.008473	4.9
1505	-1.020714	119.275893	0.013262	5.6
1506	-0.000000	119.231353	0.000000	4.8
1507	-0.442592	119.186859	0.007100	5.8
1508	-1.131517	119.142408	0.008009	5.4
1509	-1.168862	119.098002	0.006932	4.9
1510	-0.000000	119.053639	0.000000	5.2
1511	-1.155378	119.009321	0.009897	5.5
1512	-1.205128	118.965047	0.011673	5.1
1513	-1.198207	118.920816	0.008950	4.9
1514	-0.000000	118.876630	0.000000	5.5
1515	-1.199775	118.832487	0.011012	5.5
1516	-0.535103	118.788388	0.004780	5.1
1517	-0.415705	118.744332	0.012182	5.2
1518	-1.454971	118.700320	0.003966	5.4
1519	-1.216180	118.656352	0.007378	5.0
1520	-0.945025	118.612427	0.009200	5.0
1521	-0.891641	118.568545	0.010447	5.8
1522	-0.042304	118.524706	0.000407	6.1
1523	-1.635877	118.480911	0.006338	5.1
1524	-1.424928	118.437159	0.004533	5.3
1525	-1.374301	118.393450	0.007953	5.4
1526	-0.649848	118.349784	0.007489	4.9
1527	-1.391824	118.306160	0.015398	5.3
1528	-0.535507	118.262580	0.005359	5.2
1529	-1.469879	118.219042	0.010403	5.0
1530	-0.408369	118.175548	0.003078	5.7
1531	-1.521788	118.132095	0.011803	5.0
1532	-1.395490	118.088686	0.007593	5.2
1533	-1.536946	118.045319	0.006872	5.7
1534	-1.154816	118.001994	0.011573	4.8
1535	-0.016228	117.958712	0.000442	4.8
1536	-0.817189	117.915472	0.010353	5.6
1537	-0.760983	117.872274	0.010541	4.7
1538	-0.041472	117.829118	0.000427	5.2
1539	-0.584382	117.786005	0.003788	6.1
1540	-0.800437	117.742933	0.016905	5.0
1541	-1.040570	117.699904	0.009732	5.5
1542	-1.399810	117.656916	0.006381	5.2
1543	-0.263534	117.613971	0.001842	5.7
1544	-1.562510	117.571067	0.008267	5.2
1545	-1.252454	117.528205	0.003643	5.4
1546	-0.477881	117.485384	0.004461	5.1
1547	-1.547598	117.442605	0.006557	4.8
1548	-0.001666	117.399867	0.000141	4.9
1549	-1.281064	117.357171	0.008151	5.4
1550	-1.073374	117.314517	0.010763	4.8
1551	-0.834629	117.271903	0.011732	5.2
1552	-0.770892	117.229331	0.012047	5.8
1553	-0.005399	117.186800	0.000193	4.7
1554	-1.364343	117.144311	0.014883	4.8
1555	-0.044037	117.101862	0.001101	6.2
1556	-1.059921	117.059454	0.018790	4.7
1557	-1.484930	117.017087	0.009770	5.2
1558	-0.632249	116.974762	0.006051	5.8
1559	-0.239170	116.932476	0.001440	4.7
1560	-0.558018	116.890232	0.012959	5.1
1561	-0.693411	116.848028	0.006626	5.4
1562	-0.000018	116.805865	0.000004	4.7
1563	-0.175215	116.763743	0.002299	5.3
1564	-0.163897	116.721661	0.002529	5.1
1565	-0.155182	116.679619	0.002362	5.9
1566	-0.629393	116.637618	0.012762	5.1
1567	-0.450595	116.595657	0.008318	5.5
1568	-1.471134	116.553736	0.009145	4.8
1569	-0.845311	116.511855	0.010280	5.2
1570	-1.243994	116.470015	0.014604	5.4
1571	-0.000000	116.428214	0.000000	5.2
1572	-1.389741	116.386454	0.012452	5.0
1573	-0.672094	116.344733	0.006199	4.9
1574	-0.739780	116.303052	0.003903	5.5
1575	-1.447071	116.261412	0.008576	5.2
1576	-0.082173	116.219810	0.001090	4.8
1577	-1.246710	116.178249	0.005379	5.9
1578	-0.000144	116.136727	0.000016	4.9
1579	-0.311739	116.095245	0.001636	4.8
1580	-0.448304	116.053802	0.002540	5.5
1581	-0.696550	116.012398	0.005815	5.3
1582	-1.485153	115.971034	0.014736	5.1
1583	-1.368972	115.929710	0.020326	5.1
1584	-0.831209	115.888424	0.013636	6.0
1585	-1.401268	115.847178	0.015837	5.4
1586	-0.328728	115.805970	0.002042	5.5
1587	-0.000000	115.764802	0.000000	4.8
1588	-0.000000	115.723673	0.000000	5.0
1589	-0.852809	115.682583	0.010789	6.4
1590	-0.455333	115.641532	0.002508	4.8
1591	-0.974986	115.600519	0.011270	5.4
1592	-1.532376	115.559546	0.005272	5.8
1593	-0.002804	115.518610	0.000049	5.3
1594	-0.748254	115.477714	0.017773	5.0
1595	-1.368989	115.436856	0.004802	6.1
1596	-0.957729	115.396037	0.008587	5.1
1597	-0.142078	115.355256	0.003171	4.9
1598	-0.289387	115.314514	0.001741	5.4
1599	-1.535710	115.273810	0.010977	5.1
1600	-0.000000	115.233144	0.000000	5.7
1601	-0.124612	115.192517	0.001745	5.6
1602	-1.313337	115.151927	0.005926	5.4
1603	-0.000000	115.111376	0.000000	4.8
1604	-1.401612	115.070863	0.013744	5.2
1605	-1.685289	115.030388	0.010739	5.7
1606	-0.000009	114.989951	0.000002	5.8
1607	-0.918208	114.949551	0.006306	5.5
1608	-0.340364	114.909190	0.004162	5.3
1609	-1.216015	114.868866	0.019979	5.0
1610	-1.708546	114.828580	0.011209	5.3
1611	-0.935333	114.788332	0.007113	5.3
1612	-1.243232	114.748121	0.007772	4.7
1613	-1.347388	114.707948	0.012612	4.8
1614	-1.277062	114.667812	0.012144	5.8
1615	-0.432756	114.627714	0.002571	5.0
1616	-1.415286	114.587653	0.006515	5.2
1617	-1.129321	114.547629	0.010075	5.5
1618	-0.360946	114.507643	0.003340	4.7
1619	-1.014108	114.467693	0.005573	5.3
1620	-0.000010	114.427781	0.000001	5.4
1621	-0.000685	114.387907	0.000085	4.8
1622	-1.536014	114.348069	0.006261	4.8
1623	-1.212125	114.308268	0.009702	5.6
1624	-1.357835	114.268504	0.008750	5.5
1625	-0.682919	114.228777	0.008911	5.1
1626	-1.628453	114.189086	0.009775	5.5
1627	-0.562951	114.149433	0.012989	5.1
1628	-1.015540	114.109816	0.004920	4.9
1629	-0.008045	114.070235	0.000496	5.5
1630	-1.181317	114.030692	0.014052	5.0
1631	-0.000000	113.991185	0.000000	5.2
1632	-0.498315	113.951714	0.002335	5.3
1633	-0.751253	113.912280	0.028256	5.3
1634	-0.139862	113.872882	0.001531	4.8
1635	-1.082949	113.833521	0.009860	5.5
1636	-0.000000	113.794195	0.000000	4.9
1637	-0.363516	113.754906	0.003580	4.8
1638	-0.989808	113.715653	0.007906	4.8
1639	-0.544050	113.676437	0.008670	6.3
1640	-1.166388	113.637256	0.013814	5.4
1641	-1.326732	113.598111	0.005664	4.9
1642	-0.000009	113.559002	0.000002	5.7
1643	-0.000144	113.519929	0.000012	4.9
1644	-0.951865	113.480892	0.009382	4.8
1645	-0.891263	113.441891	0.032216	6.1
1646	-1.213211	113.402925	0.007346	5.6
1647	-0.000376	113.363995	0.000015	5.0
1648	-0.687233	113.325101	0.005043	5.5
1649	-1.386156	113.286242	0.005358	5.2
1650	-0.918333	113.247419	0.007075	4.8
1651	-1.259042	113.208631	0.010457	5.8
1652	-1.277408	113.169879	0.011325	5.0
1653	-1.100317	113.131162	0.009266	4.7
1654	-0.598111	113.092480	0.003376	5.6
1655	-0.610200	113.053833	0.008131	5.2
1656	-0.704625	113.015222	0.004786	5.3
1657	-1.032581	112.976646	0.018371	5.4
1658	-0.738992	112.938105	0.003460	5.1
1659	-0.618418	112.899599	0.006921	5.0
1660	-1.412463	112.861128	0.014815	5.5
1661	-0.033819	112.822692	0.000308	5.0
1662	-0.015602	112.784291	0.000573	5.3
1663	-0.000000	112.745924	0.000000	5.4
1664	-1.407572	112.707593	0.011709	4.9
1665	-0.277236	112.669296	0.002423	5.3
1666	-1.253702	112.631034	0.007357	5.5
1667	-1.227924	112.592806	0.015149	5.9
1668	-1.190833	112.554613	0.008383	5.0
1669	-0.000023	112.516455	0.000005	5.8
1670	-0.357547	112.478331	0.002531	5.8
1671	-0.053008	112.440241	0.000440	4.8
1672	-0.698336	112.402186	0.016924	5.2
1673	-0.001692	112.364165	0.000007	5.3
1674	-0.000000	112.326179	0.000000	5.3
1675	-1.571268	112.288227	0.014616	5.2
1676	-1.497703	112.250309	0.009840	5.7
1677	-0.581499	112.212425	0.004597	4.8
1678	-1.727773	112.174575	0.006780	4.9
1679	-0.315370	112.136759	0.001351	5.6
1680	-1.334742	112.098977	0.015503	4.8
1681	-1.114591	112.061229	0.011703	5.7
1682	-0.558694	112.023515	0.006640	7.3
1683	-0.000000	111.985834	0.000000	5.3
1684	-0.530896	111.948188	0.002574	5.4
1685	-1.215048	111.910575	0.005612	6.0
1686	-1.238197	111.872996	0.006375	5.2
1687	-1.056518	111.835450	0.003368	5.3
1688	-1.221159	111.797939	0.014078	5.4
1689	-0.442089	111.760460	0.002635	4.9
1690	-0.000001	111.723015	0.000000	5.3
1691	-0.476853	111.685604	0.004283	4.9
1692	-0.090353	111.648226	0.000394	5.2
1693	-0.001303	111.610881	0.000023	4.8
1694	-1.290488	111.573570	0.014182	5.7
1695	-0.321668	111.536292	0.002022	5.1
1696	-0.701571	111.499047	0.003619	4.8
1697	-1.607024	111.461835	0.009588	5.8
1698	-0.000062	111.424656	0.000004	4.9
1699	-0.012449	111.387510	0.000854	5.8
1700	-0.261848	111.350398	0.002808	6.4
1701	-1.085855	111.313318	0.012989	4.9
1702	-0.259374	111.276271	0.002928	5.3
1703	-0.014339	111.239257	0.000124	6.0
1704	-0.278748	111.202276	0.002928	5.6
1705	-0.752959	111.165328	0.010407	5.2
1706	-1.547342	111.128412	0.007292	5.9
1707	-1.157279	111.091529	0.008157	4.8
1708	-0.610866	111.054679	0.006007	4.7
1709	-1.373323	111.017861	0.009045	5.6
1710	-0.786703	110.981076	0.006614	4.8
1711	-1.787132	110.944323	0.009022	5.1
1712	-0.000001	110.907603	0.000000	5.5
1713	-0.000000	110.870915	0.000000	4.8
1714	-0.468496	110.834259	0.003037	4.8
1715	-1.528219	110.797636	0.006378	6.1
1716	-0.000000	110.761045	0.000000	4.7
1717	-0.880153	110.724486	0.004991	5.3
1718	-1.521498	110.687959	0.006363	5.4
1719	-1.152328	110.651465	0.018926	4.7
1720	-1.051046	110.615002	0.007858	5.0
1721	-0.604048	110.578572	0.016078	6.3
1722	-1.681629	110.542173	0.006422	5.2
1723	-0.000000	110.505807	0.000000	5.0
1724	-0.587990	110.469472	0.007287	5.3
1725	-0.047345	110.433169	0.000786	6.4
1726	-0.521059	110.396898	0.007944	5.4
1727	-0.745758	110.360659	0.024464	5.7
1728	-0.011957	110.324451	0.000108	4.9
1729	-1.430221	110.288276	0.007587	5.3
1730	-0.306799	110.252131	0.001833	5.6
1731	-0.387438	110.216019	0.012563	5.1
1732	-0.430278	110.179937	0.007966	5.0
1733	-1.138729	110.143888	0.010562	5.8
1734	-0.386965	110.107869	0.006182	5.3
1735	-0.873034	110.071882	0.007305	4.9
1736	-0.579465	110.035927	0.005141	5.8
1737	-0.279647	110.000003	0.005158	5.1
1738	-0.590451	109.964110	0.005416	4.8
1739	-1.423504	109.928248	0.006533	5.2
1740	-1.460273	109.892417	0.005638	5.8
1741	-0.689800	109.856618	0.004925	4.9
1742	-1.028067	109.820850	0.004024	4.8
1743	-0.921950	109.785112	0.014720	5.6
1744	-0.996687	109.749406	0.006060	6.5
1745	-0.988426	109.713730	0.005263	5.5
1746	-0.925016	109.678086	0.008073	5.1
1747	-0.021486	109.642472	0.000324	5.2
1748	-1.437885	109.606890	0.016364	4.8
1749	-0.403371	109.571337	0.003301	6.0
1750	-0.636846	109.535816	0.016496	5.0
1751	-0.000005	109.500326	0.000001	5.0
1752	-0.472469	109.464866	0.003834	5.8
1753	-0.000000	109.429436	0.000000	5.1
1754	-0.004345	109.394038	0.000097	4.8
1755	-1.116829	109.358669	0.008484	5.5
1756	-1.120475	109.323331	0.004191	5.4
1757	-1.464166	109.288024	0.005169	5.1
1758	-0.000347	109.252747	0.000062	5.6
1759	-0.916524	109.217501	0.004521	5.0
1760	-1.628846	109.182284	0.008191	5.2
1761	-0.661065	109.147098	0.005469	5.9
1762	-1.334998	109.111942	0.014450	4.8
1763	-0.000020	109.076817	0.000004	5.0
1764	-0.812312	109.041721	0.007233	5.7
1765	-1.541051	109.006656	0.013680	5.5
1766	-1.058401	108.971620	0.004117	5.1
1767	-1.294304	108.936615	0.009059	5.8
1768	-0.540562	108.901640	0.007955	5.1
1769	-1.398598	108.866694	0.009115	5.1
1770	-1.708766	108.831779	0.008406	5.5
1771	-1.122764	108.796893	0.008170	4.8
1772	-1.179125	108.762037	0.009790	5.1
1773	-0.000001	108.727211	0.000000	5.9
1774	-0.316836	108.692415	0.002019	4.9
1775	-0.000000	108.657648	0.000000	4.7
1776	-0.000000	108.622911	0.000000	4.8
1777	-0.654300	108.588203	0.003542	5.8
1778	-1.393363	108.553525	0.008566	5.2
1779	-0.717599	108.518877	0.008962	4.8
1780	-0.079532	108.484258	0.001128	5.7
1781	-0.865271	108.449668	0.009257	5.2
1782	-0.469655	108.415108	0.003586	4.8
1783	-1.360529	108.380578	0.018369	5.8
1784	-0.845324	108.346076	0.003904	5.7
1785	-0.027849	108.311604	0.000243	5.4
1786	-1.335201	108.277161	0.011004	6.1
1787	-1.034517	108.242747	0.008654	4.9
1788	-0.948025	108.208363	0.008361	5.3
1789	-1.758264	108.174007	0.011318	5.6
1790	-1.181052	108.139681	0.006639	5.1
1791	-0.197574	108.105383	0.001884	5.3
1792	-0.653687	108.071115	0.027004	5.7
1793	-0.560661	108.036875	0.004000	5.2
1794	-0.000008	108.002665	0.000000	5.0
1795	-0.766275	107.968483	0.011954	5.8
1796	-0.002105	107.934330	0.000052	4.8
1797	-0.000000	107.900206	0.000000	5.0
1798	-0.164014	107.866111	0.001337	5.6
1799	-0.280225	107.832044	0.001697	5.0
1800	-1.393705	107.798007	0.007187	5.1
1801	-1.147116	107.763997	0.004417	5.2
1802	-0.829392	107.730017	0.019658	5.7
1803	-0.160311	107.696065	0.002123	5.4
1804	-0.000002	107.662141	0.000000	5.8
1805	-1.232992	107.628246	0.007756	4.8
1806	-1.441341	107.594379	0.004664	4.8
1807	-0.711372	107.560541	0.008133	5.8
1808	-1.605113	107.526731	0.006498	4.9
1809	-1.328158	107.492949	0.015480	5.3
1810	-1.078220	107.459196	0.004747	5.2
1811	-0.001043	107.425471	0.000096	5.4
1812	-0.000354	107.391774	0.000021	4.8
1813	-1.542088	107.358106	0.006212	4.8
1814	-0.203747	107.324465	0.002454	6.2
1815	-1.128868	107.290853	0.012722	5.2
1816	-0.313896	107.257268	0.001995	4.7
1817	-0.706516	107.223712	0.003871	5.6
1818	-1.263170	107.190184	0.009316	4.7
1819	-0.001243	107.156683	0.000074	5.4
1820	-0.030208	107.123211	0.000292	5.4
1821	-1.101904	107.089766	0.004363	5.4
1822	-1.138740	107.056349	0.009097	4.8
1823	-1.269804	107.022960	0.011185	5.5
1824	-0.535196	106.989599	0.008227	5.6
1825	-0.954035	106.956265	0.004692	5.3
1826	-1.412096	106.922960	0.014630	5.8
1827	-1.446150	106.889681	0.008747	4.8
1828	-1.293671	106.856431	0.006753	4.8
1829	-0.042882	106.823208	0.001761	6.0
1830	-0.884412	106.790012	0.007500	5.0
1831	-0.394924	106.756844	0.004498	4.8
1832	-1.397099	106.723703	0.006959	6.0
1833	-0.054055	106.690590	0.000423	4.7
1834	-0.138489	106.657505	0.001399	5.3
1835	-1.184356	106.624446	0.017051	5.6
1836	-1.449340	106.591415	0.016647	5.0
1837	-1.338975	106.558411	0.012520	4.8
1838	-0.011295	106.525435	0.000278	5.2
1839	-1.662428	106.492485	0.017771	5.3
1840	-1.566828	106.459563	0.013934	5.0
1841	-0.005777	106.426668	0.000186	4.8
1842	-0.563532	106.393800	0.009977	5.9
1843	-0.765848	106.360959	0.010354	6.0
1844	-0.078771	106.328145	0.001180	4.8
1845	-0.505950	106.295358	0.002366	5.9
1846	-1.297148	106.262598	0.014144	5.1
1847	-1.434443	106.229865	0.005049	4.8
1848	-0.592179	106.197158	0.012408	5.5
1849	-1.059864	106.164479	0.007973	5.0
1850	-0.644667	106.131826	0.011014	5.2
1851	-0.401528	106.099201	0.002657	5.7
1852	-1.320956	106.066602	0.008838	4.8
1853	-1.301183	106.034029	0.008060	5.3
1854	-0.455771	106.001483	0.002547	5.7
1855	-0.430256	105.968964	0.001942	5.8
1856	-0.262778	105.936472	0.002714	5.8
1857	-1.250210	105.904006	0.006157	5.3
1858	-0.667996	105.871566	0.014419	5.1
1859	-0.905433	105.839153	0.022060	5.3
1860	-0.417615	105.806767	0.002501	6.3
1861	-0.862773	105.774407	0.013903	4.8
1862	-1.386989	105.742073	0.009914	4.8
1863	-0.990267	105.709766	0.008501	5.9
1864	-0.373947	105.677485	0.009473	5.7
1865	-0.615884	105.645230	0.006397	5.2
1866	-0.301550	105.613001	0.005203	5.9
1867	-0.061598	105.580799	0.001211	4.7
1868	-1.681232	105.548623	0.020619	4.7
1869	-0.000000	105.516473	0.000000	5.7
1870	-1.008315	105.484349	0.022960	5.3
1871	-0.723561	105.452251	0.013707	4.7
1872	-1.242014	105.420179	0.005101	6.0
1873	-0.880661	105.388133	0.015382	4.8
1874	-0.805239	105.356113	0.008943	5.0
1875	-0.937033	105.324119	0.019168	5.3
1876	-1.165568	105.292151	0.004716	5.3
1877	-0.325773	105.260209	0.003193	4.8
1878	-0.640840	105.228293	0.006585	5.5
1879	-1.174099	105.196402	0.010292	4.9
1880	-0.000000	105.164537	0.000000	4.9
1881	-1.517813	105.132698	0.011517	5.0
1882	-1.459237	105.100885	0.007978	5.9
1883	-1.092502	105.069097	0.015304	5.7
1884	-0.018425	105.037335	0.000478	5.0
1885	-0.040119	105.005598	0.000791	6.0
1886	-0.000000	104.973887	0.000000	4.9
1887	-1.040354	104.942202	0.004084	5.7
1888	-0.213033	104.910542	0.001333	5.9
1889	-0.971894	104.878907	0.005913	5.4
1890	-1.421358	104.847298	0.017136	5.5
1891	-1.501854	104.815715	0.013114	5.2
1892	-0.003465	104.784156	0.000044	5.0
1893	-1.201398	104.752623	0.008723	5.7
1894	-1.015100	104.721116	0.010591	5.7
1895	-1.282250	104.689633	0.007140	5.6
1896	-0.096499	104.658176	0.001118	5.3
1897	-0.346135	104.626744	0.002659	5.0
1898	-0.000000	104.595337	0.000000	4.7
1899	-0.346184	104.563955	0.002221	5.3
1900	-1.538708	104.532599	0.011689	6.1
1901	-0.162615	104.501267	0.001579	5.1
1902	-0.896258	104.469960	0.006773	5.2
1903	-0.850369	104.438679	0.007492	6.0
1904	-1.276475	104.407422	0.009937	5.1
1905	-0.000001	104.376191	0.000000	4.9
1906	-0.578605	104.344984	0.007200	5.5
1907	-0.612714	104.313802	0.005349	5.1
1908	-0.708888	104.282645	0.015841	5.2
1909	-1.356751	104.251513	0.009724	5.6
1910	-1.323993	104.220405	0.024868	5.2
1911	-0.776933	104.189323	0.021254	4.8
1912	-0.478521	104.158265	0.006938	5.3
1913	-0.000000	104.127231	0.000000	5.0
1914	-1.262703	104.096222	0.020233	4.8
1915	-1.562057	104.065238	0.009362	5.7
1916	-0.735203	104.034279	0.010517	5.1
1917	-0.000000	104.003344	0.000000	5.0
1918	-1.138721	103.972433	0.009738	5.9
1919	-0.105411	103.941547	0.001704	4.7
1920	-0.000140	103.910686	0.000025	5.2
1921	-1.284394	103.879849	0.008763	6.0
1922	-0.437203	103.849036	0.003203	5.6
1923	-0.003598	103.818248	0.000117	4.7
1924	-1.211365	103.787484	0.006619	6.3
1925	-0.353959	103.756744	0.001598	4.8
1926	-1.536043	103.726029	0.012795	4.8
1927	-0.677487	103.695338	0.019757	5.4
1928	-0.711776	103.664671	0.007770	5.8
1929	-0.382803	103.634028	0.002798	5.2
1930	-0.686821	103.603409	0.004777	5.3
1931	-0.652898	103.572814	0.009912	4.9
1932	-0.000000	103.542244	0.000000	4.8
1933	-1.510330	103.511698	0.013229	5.2
1934	-1.240819	103.481175	0.005541	5.3
1935	-0.958866	103.450677	0.013125	5.4
1936	-0.804090	103.420202	0.004608	4.9
1937	-1.171944	103.389752	0.009748	5.7
1938	-1.684073	103.359325	0.008069	4.8
1939	-1.315201	103.328922	0.008624	4.9
1940	-0.000000	103.298543	0.000000	5.7
1941	-0.070089	103.268188	0.000731	4.9
1942	-0.181592	103.237857	0.001736	5.3
1943	-1.381501	103.207549	0.014384	5.6
1944	-0.427973	103.177265	0.010889	5.7
1945	-0.750271	103.147005	0.003622	4.8
1946	-1.436182	103.116768	0.009060	5.8
1947	-1.666099	103.086556	0.013282	4.8
1948	-0.000017	103.056366	0.000000	4.9
1949	-1.075734	103.026200	0.012900	5.3
1950	-0.925754	102.996058	0.011610	5.3
1951	-1.428630	102.965939	0.005056	5.0
1952	-0.190579	102.935844	0.002384	5.4
1953	-0.977446	102.905772	0.006306	4.9
1954	-1.066017	102.875724	0.007185	5.0
1955	-1.332504	102.845699	0.017842	5.3
1956	-1.488448	102.815697	0.013423	5.2
1957	-0.009926	102.785719	0.000791	5.2
1958	-1.486324	102.755764	0.003996	5.1
1959	-1.539384	102.725832	0.004066	5.4
1960	-1.391964	102.695924	0.005883	4.7
1961	-1.294463	102.666038	0.009073	5.2
1962	-1.285421	102.636176	0.010040	5.9
1963	-1.011832	102.606337	0.013589	5.6
1964	-0.857828	102.576521	0.008213	4.8
1965	-0.452592	102.546728	0.004892	5.6
1966	-1.187385	102.516959	0.009482	4.7
1967	-0.608427	102.487212	0.007286	5.6
1968	-1.301129	102.457488	0.007984	5.4
1969	-0.000000	102.427788	0.000000	4.8
1970	-0.423403	102.398110	0.002010	4.8
1971	-1.432915	102.368455	0.012193	5.4
1972	-0.048712	102.338823	0.000331	4.9
1973	-1.160432	102.309214	0.006495	5.4
1974	-0.231299	102.279628	0.001695	6.0
1975	-0.572828	102.250064	0.005463	5.0
1976	-1.479175	102.220524	0.005017	4.8
1977	-0.995463	102.191006	0.011905	6.7
1978	-1.147538	102.161511	0.008698	4.7
1979	-0.000000	102.132038	0.000000	5.2
1980	-0.971453	102.102588	0.005767	5.4
1981	-1.049823	102.073161	0.006547	5.8
1982	-1.348334	102.043757	0.010659	5.3
1983	-1.071806	102.014375	0.005477	5.5
1984	-0.000000	101.985015	0.000000	5.5
1985	-1.382120	101.955678	0.009139	5.3
1986	-0.000005	101.926364	0.000001	5.4
1987	-1.428802	101.897072	0.011019	4.8
1988	-0.000000	101.867802	0.000000	5.3
1989	-1.288864	101.838555	0.007522	5.5
1990	-1.364009	101.809330	0.010754	5.2
1991	-0.003742	101.780128	0.000320	5.5
1992	-1.635639	101.750948	0.009122	5.3
1993	-1.404163	101.721790	0.003932	4.9
1994	-0.312069	101.692654	0.001395	4.9
1995	-1.777460	101.663541	0.009582	5.4
1996	-1.693216	101.634450	0.009439	5.3
1997	-0.000028	101.605381	0.000006	4.8
1998	-1.433960	101.576335	0.017589	5.3
1999	-0.603120	101.547310	0.011088	5.6
