1:ItNr	2:Metric	3:StepSize	4:||Gradient||	Time[ms]
0	-0.681201	627.201626	0.013169	886.2
1	-0.917114	623.504937	0.022176	4.5
2	-0.952600	619.865785	0.031473	4.2
3	-0.577818	616.282728	0.018110	4.0
4	0.000000	612.754375	0.000000	4.3
5	-0.320086	609.279381	0.007410	4.6
6	-0.520732	605.856447	0.017978	5.1
7	0.000000	602.484317	0.000000	4.1
8	-0.000000	599.161779	0.000000	4.0
9	-0.449364	595.887656	0.013008	4.8
10	-0.000000	592.660813	0.000000	4.6
11	-0.324942	589.480151	0.009638	4.1
12	-0.820456	586.344606	0.010892	5.0
13	-0.201339	583.253145	0.002829	4.4
14	-0.000000	580.204771	0.000000	4.6
15	-0.656930	577.198517	0.015523	4.7
16	-0.722815	574.233444	0.020900	4.6
17	-0.880316	571.308645	0.019628	4.5
18	-0.854118	568.423237	0.015025	4.2
19	-0.372252	565.576365	0.010339	5.7
20	0.000000	562.767201	0.000000	5.3
21	-0.805806	559.994938	0.010373	4.4
22	-0.498803	557.258797	0.010928	5.8
23	-0.022053	554.558018	0.000644	4.4
24	-0.993263	551.891865	0.012823	4.4
25	-0.933592	549.259621	0.020767	4.5
26	-0.653504	546.660592	0.019888	5.6
27	-0.690113	544.094102	0.010380	4.9
28	-0.513368	541.559494	0.008188	5.0
29	-0.376840	539.056129	0.009600	6.4
30	-0.000000	536.583387	0.000000	5.4
31	-0.655344	534.140663	0.009114	5.5
32	-0.000000	531.727370	0.000000	6.2
33	-0.108026	529.342935	0.002491	4.8
34	-0.935287	526.986802	0.010683	4.7
35	-0.174748	524.658430	0.003410	5.5
36	-0.191165	522.357290	0.002887	4.6
37	0.000000	520.082868	0.000000	4.7
38	-0.010409	517.834665	0.000430	5.3
39	-0.979682	515.612193	0.019456	4.6
40	-0.805942	513.414976	0.011056	5.0
41	-0.263684	511.242551	0.007701	5.5
42	-0.968757	509.094468	0.014797	4.9
43	-0.784605	506.970285	0.016784	4.8
44	-0.000000	504.869574	0.000000	4.8
45	-0.501730	502.791916	0.009375	5.3
46	-0.308582	500.736903	0.003519	4.8
47	-0.950218	498.704137	0.010834	4.7
48	-0.102934	496.693228	0.001768	5.6
49	0.000000	494.703798	0.000000	5.5
50	-0.000000	492.735476	0.000000	4.9
51	0.000000	490.787900	0.000000	5.6
52	-0.585773	488.860718	0.010944	5.1
53	-0.360272	486.953585	0.008284	4.8
54	-0.856074	485.066164	0.011600	5.7
55	-0.207087	483.198126	0.002606	5.0
56	-0.670332	481.349149	0.006955	4.9
57	-0.311367	479.518920	0.011060	5.7
58	-0.697215	477.707132	0.025525	5.0
59	-0.473230	475.913485	0.003964	4.9
60	-0.896167	474.137684	0.014461	5.4
61	-0.374261	472.379445	0.012034	4.9
62	-0.000000	470.638485	0.000000	4.8
63	-0.244969	468.914531	0.003438	5.3
64	-0.611007	467.207315	0.010142	5.8
65	-0.870461	465.516573	0.025842	5.2
66	0.000000	463.842050	0.000000	4.9
67	-0.912396	462.183494	0.011698	6.4
68	-0.556296	460.540658	0.010940	5.4
69	-0.468788	458.913303	0.008082	5.4
70	-0.387000	457.301192	0.006057	5.2
71	-0.288057	455.704096	0.006852	4.8
72	-0.000000	454.121787	0.000000	4.8
73	-1.010353	452.554045	0.019906	5.6
74	-0.526251	451.000653	0.014023	4.8
75	-0.820023	449.461399	0.010599	5.3
76	-0.000029	447.936075	0.000002	5.9
77	-0.821531	446.424477	0.013909	5.1
78	-0.017180	444.926406	0.000250	5.0
79	-0.428036	443.441666	0.006032	6.0
80	-0.849748	441.970065	0.010652	5.0
81	-0.606967	440.511415	0.018706	5.0
82	-0.623654	439.065533	0.016251	6.0
83	-0.634718	437.632238	0.010472	5.2
84	-0.393966	436.211351	0.003399	5.1
85	-0.000000	434.802701	0.000000	5.9
86	-0.556605	433.406117	0.008826	5.9
87	-0.066217	432.021430	0.000989	5.1
88	-0.004032	430.648479	0.000121	5.8
89	-0.000000	429.287101	0.000000	5.1
90	-0.837908	427.937140	0.023509	5.1
91	-0.158127	426.598440	0.002505	5.8
92	-0.509467	425.270849	0.009201	5.0
93	-0.088701	423.954220	0.001824	5.1
94	-0.529715	422.648404	0.010005	5.9
95	-0.080493	421.353259	0.002153	5.1
96	-0.040396	420.068643	0.000986	5.2
97	-0.029974	418.794419	0.000890	5.8
98	-0.000000	417.530451	0.000000	5.2
99	-0.498113	416.276604	0.006709	5.0
100	-0.882354	415.032748	0.012732	5.8
101	-0.934193	413.798754	0.020471	5.1
102	-0.000000	412.574495	0.000000	5.0
103	-0.626001	411.359849	0.015834	5.9
104	-0.903698	410.154691	0.026625	5.6
105	-0.520448	408.958904	0.009475	6.1
106	-0.535706	407.772368	0.010352	6.3
107	-0.644738	406.594968	0.008246	5.8
108	-0.708158	405.426590	0.012059	5.8
109	-0.000008	404.267122	0.000001	5.2
110	-0.562522	403.116456	0.008145	5.4
111	-0.793942	401.974481	0.013903	5.6
112	-0.000000	400.841093	0.000000	5.5
113	-0.882763	399.716187	0.006898	5.0
114	-0.067174	398.599660	0.002429	5.5
115	0.000000	397.491411	0.000000	5.5
116	0.000000	396.391342	0.000000	5.1
117	-0.226763	395.299353	0.003930	5.2
118	-0.741580	394.215350	0.009716	5.7
119	-0.133844	393.139238	0.004113	5.1
120	-0.763445	392.070924	0.014434	5.2
121	-0.743584	391.010316	0.014003	5.7
122	-0.000760	389.957325	0.000020	5.0
123	-0.761191	388.911862	0.019351	5.1
124	-0.522333	387.873839	0.008555	6.5
125	-0.875108	386.843173	0.007772	5.5
126	-0.000001	385.819777	0.000000	5.3
127	-0.748125	384.803569	0.017956	5.8
128	-0.719820	383.794468	0.007595	5.4
129	-0.421955	382.792393	0.005131	6.0
130	-0.871577	381.797264	0.032553	5.1
131	-0.235305	380.809005	0.005187	5.1
132	-0.820353	379.827537	0.010484	5.5
133	-0.011209	378.852786	0.000192	5.4
134	-0.908824	377.884678	0.026039	5.0
135	-0.575771	376.923138	0.007049	5.3
136	-0.462322	375.968095	0.005155	5.9
137	-0.489468	375.019479	0.006759	5.2
138	-0.581659	374.077218	0.013799	5.4
139	-0.685983	373.141244	0.006894	5.5
140	-0.088775	372.211489	0.001987	5.0
141	-0.863744	371.287887	0.021696	5.6
142	-0.598923	370.370370	0.015700	6.2
143	-0.314480	369.458876	0.005365	5.3
144	-0.000000	368.553338	0.000000	5.7
145	-0.880579	367.653696	0.022064	5.2
146	-0.826436	366.759885	0.006681	5.0
147	-0.567497	365.871846	0.009321	5.5
148	-0.000556	364.989518	0.000018	5.4
149	-0.443497	364.112841	0.027539	5.2
150	-0.000000	363.241757	0.000000	5.5
151	-0.425188	362.376208	0.004750	5.5
152	-0.016928	361.516137	0.000213	5.1
153	-0.520438	360.661488	0.009537	5.0
154	-0.632555	359.812206	0.009593	5.7
155	-0.101609	358.968236	0.001684	5.1
156	-0.548183	358.129524	0.006513	5.4
157	-0.455323	357.296018	0.011715	5.7
158	0.000000	356.467665	0.000000	5.0
159	-0.679761	355.644414	0.011357	5.0
160	-0.914038	354.826213	0.011070	6.1
161	-0.965939	354.013012	0.023392	5.3
162	0.000000	353.204763	0.000000	4.9
163	-0.650709	352.401415	0.007891	6.3
164	0.000000	351.602922	0.000000	5.4
165	-0.000000	350.809235	0.000000	5.2
166	-0.439913	350.020308	0.012099	5.6
167	-0.965535	349.236095	0.012380	5.1
168	-0.727288	348.456550	0.010305	5.2
169	-0.000000	347.681627	0.000000	5.9
170	-0.716218	346.911283	0.027851	5.0
171	-0.798163	346.145474	0.010323	5.0
172	-0.362300	345.384157	0.004564	6.2
173	-0.989114	344.627288	0.033076	5.0
174	-0.961525	343.874826	0.007890	5.3
175	-0.003653	343.126729	0.000193	5.9
176	-0.904601	342.382957	0.015869	5.0
177	0.000000	341.643469	0.000000	4.9
178	-0.163707	340.908224	0.002632	6.2
179	-0.494766	340.177184	0.009905	5.1
180	-0.660494	339.450309	0.011101	5.1
181	0.000000	338.727561	0.000000	6.0
182	-0.087626	338.008902	0.003705	5.8
183	-0.577827	337.294295	0.008708	5.6
184	-0.369246	336.583703	0.009195	6.4
185	-0.943095	335.877089	0.008283	5.5
186	-0.273278	335.174416	0.005275	5.4
187	-0.936531	334.475651	0.007257	5.8
188	-0.420902	333.780756	0.004984	5.0
189	-0.000176	333.089698	0.000042	6.2
190	0.000000	332.402443	0.000000	5.8
191	-0.696606	331.718955	0.018632	5.0
192	-0.560754	331.039203	0.006215	6.1
193	-0.603933	330.363153	0.008357	5.0
194	-0.349922	329.690771	0.003708	5.5
195	-0.000000	329.022027	0.000000	5.8
196	-0.974738	328.356888	0.018714	5.1
197	-0.000000	327.695322	0.000000	5.4
198	-0.365193	327.037299	0.003912	6.0
199	0.000000	326.382787	0.000000	5.0
200	-0.310778	325.731758	0.003025	5.1
201	0.000000	325.084179	0.000000	6.4
202	-0.950967	324.440023	0.030717	6.2
203	-0.865892	323.799258	0.028443	5.5
204	-0.811660	323.161858	0.014064	5.8
205	-0.000688	322.527792	0.000083	5.0
206	-0.462286	321.897034	0.005552	5.6
207	-0.013602	321.269554	0.000475	5.9
208	-0.286486	320.645325	0.004266	5.1
209	-0.063797	320.024320	0.001343	6.2
210	-0.423689	319.406512	0.010660	5.8
211	-0.752810	318.791875	0.014890	5.7
212	-0.691741	318.180381	0.018455	5.3
213	-0.000000	317.572005	0.000000	6.0
214	-0.559685	316.966721	0.016821	5.5
215	0.000000	316.364504	0.000000	5.2
216	-0.000000	315.765329	0.000000	6.9
217	0.000000	315.169170	0.000000	5.4
218	-0.790188	314.576003	0.009735	5.9
219	-0.951602	313.985804	0.019429	6.6
220	-0.841136	313.398548	0.008097	5.5
221	0.000000	312.814213	0.000000	6.1
222	-0.349693	312.232773	0.004242	5.8
223	-0.905344	311.654207	0.010106	5.1
224	-0.365429	311.078491	0.005658	6.2
225	0.000000	310.505602	0.000000	6.2
226	-0.000000	309.935518	0.000000	5.4
227	-0.457236	309.368217	0.010376	5.9
228	-0.851987	308.803676	0.020236	5.5
229	0.000000	308.241874	0.000000	5.3
230	-0.512942	307.682789	0.006800	6.1
231	-0.103888	307.126400	0.001358	5.0
232	-0.000000	306.572687	0.000000	5.5
233	-0.000000	306.021627	0.000000	5.6
234	-0.393459	305.473201	0.011087	5.5
235	-0.344443	304.927388	0.005497	5.2
236	-0.515940	304.384168	0.008111	6.0
237	0.000000	303.843521	0.000000	5.0
238	-0.659770	303.305427	0.007041	5.7
239	-0.708254	302.769867	0.009339	6.8
240	-0.906027	302.236821	0.017247	5.9
241	-0.000000	301.706270	0.000000	5.9
242	-0.914642	301.178196	0.020896	5.0
243	-0.000000	300.652580	0.000000	5.5
244	-0.643146	300.129402	0.010517	5.8
245	-0.906028	299.608645	0.016833	5.8
246	-0.120720	299.090291	0.002473	5.1
247	-0.459877	298.574321	0.010168	5.9
248	-0.908553	298.060718	0.008161	5.1
249	-0.822468	297.549465	0.026295	5.7
250	-0.654462	297.040543	0.009167	5.9
251	-0.474697	296.533936	0.006921	5.0
252	-0.000000	296.029626	0.000000	5.6
253	-0.693920	295.527597	0.004748	6.1
254	-0.380363	295.027832	0.011918	5.0
255	-0.054842	294.530315	0.001701	5.5
256	-0.244328	294.035028	0.003221	5.9
257	-0.827956	293.541956	0.009534	5.8
258	-0.000000	293.051083	0.000000	5.5
259	-0.456539	292.562393	0.009543	6.3
260	-0.000000	292.075870	0.000000	5.0
261	-0.902699	291.591498	0.007240	6.0
262	-0.000000	291.109263	0.000000	5.5
263	-0.977757	290.629149	0.017017	5.6
264	-0.000415	290.151140	0.000019	5.4
265	-0.476793	289.675222	0.011342	5.9
266	-0.059927	289.201380	0.002717	5.1
267	0.000000	288.729600	0.000000	5.2
268	-0.000000	288.259866	0.000000	5.7
269	-0.840100	287.792165	0.008336	5.2
270	-0.000000	287.326481	0.000000	5.2
271	-0.682667	286.862802	0.009181	5.7
272	-0.002889	286.401113	0.000113	5.1
273	-0.150813	285.941400	0.003791	5.8
274	0.000000	285.483649	0.000000	6.0
275	-0.703201	285.027847	0.005110	5.5
276	-0.677853	284.573981	0.007274	6.0
277	-0.532864	284.122037	0.004798	6.3
278	-0.917360	283.672002	0.010495	6.3
279	-0.273776	283.223863	0.002612	6.2
280	-0.867719	282.777607	0.011545	5.2
281	0.000000	282.333221	0.000000	5.8
282	-0.478358	281.890692	0.006704	6.7
283	-0.406231	281.450008	0.006792	6.6
284	-0.945497	281.011157	0.011395	6.2
285	-0.909436	280.574125	0.022384	5.5
286	-0.367261	280.138901	0.003876	5.2
287	-0.275032	279.705473	0.002609	6.1
288	-0.363389	279.273829	0.003469	6.1
289	0.000000	278.843956	0.000000	5.3
290	-0.841620	278.415844	0.008641	6.4
291	-0.178388	277.989479	0.003749	5.0
292	-0.160442	277.564851	0.006121	5.6
293	-0.246892	277.141949	0.005829	6.1
294	-0.898385	276.720761	0.023732	5.9
295	-0.739854	276.301275	0.012873	5.1
296	-0.967759	275.883480	0.019409	5.8
297	-0.025916	275.467366	0.000259	5.0
298	-0.000000	275.052922	0.000000	5.2
299	-0.229760	274.640136	0.002354	6.5
300	-0.688335	274.228998	0.008372	5.0
301	-0.418944	273.819497	0.005928	5.5
302	0.000000	273.411623	0.000000	5.8
303	-0.545476	273.005365	0.008713	5.4
304	-0.495700	272.600712	0.007455	5.0
305	0.000000	272.197655	0.000000	6.1
306	-0.006735	271.796184	0.000463	5.3
307	-0.418639	271.396287	0.008665	5.5
308	-0.463159	270.997956	0.005123	5.7
309	-0.737020	270.601180	0.017058	5.4
310	-0.000257	270.205949	0.000004	5.0
311	-0.598866	269.812254	0.008846	6.2
312	-0.782377	269.420085	0.010230	6.1
313	-0.851187	269.029432	0.008760	5.2
314	-0.455332	268.640287	0.007764	5.7
315	-0.801285	268.252638	0.006409	5.2
316	0.000000	267.866478	0.000000	5.2
317	-0.169062	267.481796	0.002245	5.9
318	-0.000364	267.098584	0.000032	5.4
319	0.000000	266.716833	0.000000	5.7
320	-0.602995	266.336533	0.006973	5.2
321	-0.575618	265.957676	0.007647	5.1
322	-0.000000	265.580253	0.000000	5.2
323	-0.667192	265.204254	0.008182	5.8
324	-0.230568	264.829672	0.002903	5.2
325	-0.864404	264.456497	0.010501	5.6
326	-0.237365	264.084721	0.002142	5.6
327	-0.187084	263.714335	0.002169	5.0
328	-0.670305	263.345332	0.009372	5.8
329	-0.535678	262.977702	0.007770	5.6
330	-0.536338	262.611438	0.007702	5.5
331	-0.548544	262.246531	0.006316	5.6
332	-0.498622	261.882973	0.006631	6.0
333	-1.013294	261.520756	0.010423	5.2
334	-0.651917	261.159871	0.005372	5.8
335	-0.585081	260.800312	0.019763	5.1
336	-0.000000	260.442070	0.000000	6.0
337	-0.406758	260.085137	0.005871	6.2
338	-0.937624	259.729505	0.009525	5.8
339	-0.000000	259.375167	0.000000	5.3
340	-0.254368	259.022116	0.003360	6.3
341	-0.802757	258.670343	0.007219	5.2
342	-0.025664	258.319841	0.000430	5.3
343	-0.613420	257.970602	0.010015	6.2
344	-0.814273	257.622620	0.028743	5.2
345	-0.031802	257.275887	0.000723	5.8
346	-0.972460	256.930396	0.007354	6.1
347	-0.349366	256.586139	0.006939	5.5
348	-0.939539	256.243109	0.026177	5.4
349	-0.297897	255.901300	0.003367	6.4
350	-0.628987	255.560703	0.013633	6.2
351	-0.559042	255.221313	0.009472	7.0
352	-0.511485	254.883122	0.009490	5.9
353	-0.587352	254.546124	0.007867	5.1
354	-0.640487	254.210311	0.011198	6.2
355	-0.583308	253.875677	0.007537	5.0
356	-0.101859	253.542215	0.001518	5.3
357	-0.836201	253.209918	0.012389	6.2
358	-0.001093	252.878781	0.000031	5.7
359	-0.556105	252.548795	0.016852	5.5
360	-0.453924	252.219956	0.006904	5.8
361	-0.575838	251.892255	0.014323	5.8
362	-0.645487	251.565688	0.008097	5.3
363	0.000000	251.240247	0.000000	5.8
364	-0.066680	250.915926	0.001066	5.5
365	-0.000004	250.592720	0.000002	5.4
366	-0.900204	250.270621	0.017401	6.3
367	-0.388961	249.949624	0.007720	5.6
368	-0.402854	249.629723	0.006453	5.7
369	-0.000361	249.310911	0.000012	5.6
370	0.000000	248.993182	0.000000	5.5
371	-1.036484	248.676531	0.017381	5.8
372	-0.563875	248.360952	0.008196	5.2
373	-0.000000	248.046438	0.000000	4.8
374	-0.000147	247.732984	0.000012	5.3
375	-0.794978	247.420584	0.014962	6.2
376	-0.562613	247.109233	0.009329	5.1
377	-0.024942	246.798924	0.000271	5.8
378	-0.000000	246.489652	0.000000	5.5
379	0.000000	246.181412	0.000000	5.3
380	-0.000000	245.874197	0.000000	5.6
381	-0.127016	245.568002	0.001666	5.3
382	-0.001171	245.262822	0.000026	5.1
383	-0.613388	244.958652	0.005656	6.3
384	-0.230475	244.655485	0.003745	6.2
385	-0.161366	244.353317	0.001551	5.5
386	-0.012994	244.052142	0.000201	5.9
387	-0.196773	243.751955	0.003139	5.0
388	-0.495792	243.452750	0.005393	5.0
389	-0.335382	243.154523	0.002973	6.2
390	-0.952172	242.857268	0.012685	5.5
391	-0.905348	242.560980	0.019702	5.0
392	-0.463340	242.265654	0.003525	6.1
393	0.000000	241.971285	0.000000	5.0
394	-0.527886	241.677868	0.006307	5.1
395	-0.691669	241.385397	0.017948	6.5
396	-0.406902	241.093869	0.005772	5.0
397	-0.983700	240.803278	0.011428	5.5
398	-0.001021	240.513619	0.000192	7.0
399	-0.357833	240.224887	0.006040	6.3
400	-0.000000	239.937077	0.000000	5.4
401	-0.459707	239.650186	0.008101	6.8
402	-0.000000	239.364207	0.000000	5.7
403	-0.794154	239.079136	0.005187	5.9
404	-0.601866	238.794969	0.007121	5.2
405	-0.000038	238.511701	0.000009	5.9
406	-0.915287	238.229327	0.009512	6.0
407	-0.966366	237.947843	0.009626	5.3
408	-0.968258	237.667244	0.005969	6.0
409	-0.009752	237.387526	0.000127	6.1
410	-0.000003	237.108684	0.000001	5.3
411	-0.725009	236.830714	0.008004	5.5
412	-0.155206	236.553610	0.003128	6.1
413	0.000000	236.277370	0.000000	6.4
414	0.000000	236.001989	0.000000	7.1
415	-0.000002	235.727461	0.000000	5.7
416	-0.515093	235.453784	0.016050	5.6
417	-0.627848	235.180952	0.008949	6.1
418	-0.344966	234.908962	0.005587	5.8
419	-0.497657	234.637809	0.007327	5.3
420	-0.195971	234.367488	0.004772	6.6
421	-0.000000	234.097997	0.000000	5.8
422	-0.637931	233.829331	0.009513	5.0
423	-0.980380	233.561485	0.026632	5.8
424	-0.076170	233.294456	0.001477	5.7
425	-0.241701	233.028239	0.005205	5.3
426	-0.734537	232.762831	0.008023	5.9
427	-0.887328	232.498228	0.009022	5.0
428	-0.121692	232.234425	0.002317	5.0
429	-0.377751	231.971419	0.004230	5.8
430	-0.583017	231.709205	0.009917	6.0
431	-0.694825	231.447781	0.007794	5.0
432	-0.884986	231.187141	0.034217	6.0
433	-0.786326	230.927283	0.010274	5.0
434	-0.000000	230.668202	0.000000	5.6
435	-0.000000	230.409895	0.000000	5.8
436	0.000000	230.152358	0.000000	5.2
437	0.000000	229.895587	0.000000	5.3
438	-0.090810	229.639578	0.002289	6.0
439	-0.663229	229.384329	0.008038	6.0
440	-0.728891	229.129834	0.011420	6.1
441	-1.001239	228.876091	0.009663	5.1
442	-0.968454	228.623096	0.006250	5.3
443	-0.993813	228.370846	0.010427	6.2
444	-0.352277	228.119336	0.002266	5.1
445	-0.000000	227.868563	0.000000	5.4
446	-0.019011	227.618525	0.000555	6.2
447	-0.984669	227.369216	0.015189	5.2
448	-0.885555	227.120635	0.012071	5.0
449	-1.027544	226.872777	0.013985	5.8
450	-0.214513	226.625638	0.003439	5.6
451	-0.246399	226.379217	0.003602	5.2
452	-0.334020	226.133509	0.006790	5.7
453	-0.654163	225.888510	0.013563	5.4
454	-0.920833	225.644218	0.015718	5.8
455	-0.000000	225.400630	0.000000	6.7
456	-0.679664	225.157741	0.007794	5.1
457	-0.379745	224.915549	0.006963	5.6
458	0.000000	224.674051	0.000000	6.2
459	0.000000	224.433242	0.000000	6.0
460	-0.027123	224.193121	0.000482	5.2
461	-0.000000	223.953684	0.000000	6.1
462	-0.645133	223.714927	0.007892	5.6
463	-0.013287	223.476848	0.000554	5.2
464	-0.144616	223.239444	0.002107	6.2
465	-0.665811	223.002710	0.015485	5.3
466	-0.140605	222.766645	0.002545	5.9
467	-0.269684	222.531245	0.003903	6.0
468	-0.585538	222.296508	0.010402	5.3
469	-0.957999	222.062429	0.012576	6.3
470	-0.000000	221.829007	0.000000	5.5
471	-0.267179	221.596238	0.002832	5.5
472	-0.998681	221.364119	0.008119	6.1
473	-0.171843	221.132647	0.002828	5.4
474	-0.245073	220.901820	0.003635	5.1
475	-1.060450	220.671634	0.012879	6.3
476	-1.049627	220.442086	0.012218	6.1
477	-0.213020	220.213174	0.006158	5.0
478	-0.143498	219.984895	0.001982	6.0
479	-0.344468	219.757246	0.006107	5.1
480	-0.269932	219.530224	0.002997	5.1
481	-0.355948	219.303826	0.002010	6.3
482	-0.300503	219.078050	0.003990	5.0
483	-0.000000	218.852893	0.000000	5.0
484	-0.699823	218.628352	0.006254	6.0
485	-1.025518	218.404424	0.006398	5.5
486	-0.065300	218.181106	0.001437	5.0
487	-0.611590	217.958397	0.008716	5.9
488	-0.000000	217.736292	0.000000	5.3
489	-0.000034	217.514790	0.000009	5.3
490	0.000000	217.293888	0.000000	6.2
491	0.000000	217.073584	0.000000	5.1
492	-0.013980	216.853873	0.000363	5.1
493	-0.447388	216.634755	0.006309	6.3
494	-0.872261	216.416227	0.006070	6.0
495	-0.639511	216.198285	0.005761	5.2
496	-0.000000	215.980927	0.000000	5.6
497	-0.061968	215.764151	0.000872	5.0
498	-0.461341	215.547955	0.007135	5.1
499	-0.706100	215.332335	0.007215	5.8
500	-0.000000	215.117289	0.000000	6.0
501	-0.000000	214.902815	0.000000	6.0
502	-0.895886	214.688911	0.010031	5.4
503	-0.882533	214.475573	0.015520	5.4
504	-0.557271	214.262800	0.006140	5.7
505	-0.687406	214.050588	0.007354	5.1
506	-0.299305	213.838936	0.004374	5.0
507	-0.326920	213.627842	0.004076	5.3
508	-0.063715	213.417302	0.000537	6.1
509	0.000000	213.207314	0.000000	5.1
510	-0.040555	212.997877	0.001151	5.8
511	-0.966072	212.788987	0.009553	5.2
512	-0.039059	212.580642	0.000528	5.1
513	0.000000	212.372841	0.000000	5.2
514	-0.509056	212.165581	0.006650	6.6
515	-0.322328	211.958859	0.004015	5.6
516	-0.000343	211.752673	0.000087	6.0
517	-0.944396	211.547021	0.007624	5.0
518	-0.556796	211.341902	0.006779	5.2
519	-1.150500	211.137311	0.013431	5.9
520	-0.870649	210.933248	0.006676	5.7
521	-0.636078	210.729710	0.007727	5.0
522	-0.441962	210.526695	0.005286	5.9
523	-0.967987	210.324200	0.010628	5.4
524	-0.000015	210.122224	0.000001	4.9
525	0.000000	209.920765	0.000000	6.0
526	0.000000	209.719820	0.000000	5.2
527	-0.412993	209.519387	0.005044	5.2
528	-0.597560	209.319463	0.007325	6.0
529	-1.052006	209.120048	0.013027	5.3
530	-0.586000	208.921139	0.009483	5.8
531	-0.728326	208.722733	0.008419	6.4
532	-0.668562	208.524829	0.010038	6.1
533	-0.990542	208.327425	0.010167	5.2
534	0.000000	208.130518	0.000000	6.2
535	-0.963738	207.934107	0.011017	5.2
536	-0.855961	207.738189	0.010915	6.3
537	-0.986341	207.542762	0.019661	5.7
538	-0.920399	207.347825	0.010141	5.7
539	-0.582564	207.153376	0.006608	6.0
540	-0.003307	206.959412	0.000057	5.4
541	-0.334463	206.765932	0.006156	5.8
542	-0.700195	206.572933	0.010338	6.1
543	-0.961480	206.380414	0.011661	5.0
544	-0.396398	206.188373	0.006073	5.0
545	-0.009869	205.996807	0.000542	6.4
546	-0.007112	205.805716	0.000485	5.1
547	-0.691604	205.615096	0.011201	5.5
548	-0.959533	205.424946	0.010215	5.7
549	-0.030774	205.235265	0.000394	5.8
550	-0.694953	205.046050	0.008364	5.3
551	-0.483426	204.857299	0.006642	6.0
552	-0.705687	204.669011	0.007076	5.9
553	-0.405805	204.481184	0.005125	5.5
554	-0.000001	204.293816	0.000000	5.8
555	-0.821009	204.106905	0.011726	5.6
556	-0.502216	203.920449	0.004112	5.1
557	-0.747437	203.734447	0.007075	6.2
558	-1.041964	203.548896	0.028096	5.0
559	-0.678413	203.363795	0.006182	5.1
560	-0.190253	203.179143	0.002619	6.1
561	-0.122656	202.994937	0.005664	5.2
562	-0.883151	202.811176	0.009914	5.5
563	0.000000	202.627857	0.000000	5.8
564	-0.416970	202.444980	0.004291	5.2
565	-0.491998	202.262543	0.015048	5.2
566	0.000000	202.080543	0.000000	6.4
567	-0.879015	201.898979	0.027356	5.1
568	-0.564146	201.717849	0.005348	5.8
569	-0.871913	201.537153	0.011697	6.0
570	-0.582126	201.356887	0.009147	5.4
571	-0.572022	201.177050	0.008702	5.8
572	-0.225724	200.997642	0.001930	5.8
573	-0.122709	200.818659	0.002252	5.3
574	-0.623868	200.640100	0.008005	6.1
575	0.000000	200.461965	0.000000	5.2
576	-0.612238	200.284250	0.017608	5.2
577	-0.821505	200.106955	0.008895	6.4
578	-0.468263	199.930078	0.007727	5.5
579	-0.470191	199.753617	0.006147	5.0
580	-0.675426	199.577571	0.005630	5.8
581	-0.769621	199.401938	0.007954	5.6
582	-0.533107	199.226717	0.007628	5.3
583	-0.360339	199.051905	0.009367	5.9
584	-0.742500	198.877502	0.009419	5.6
585	-0.375325	198.703506	0.008844	5.0
586	-0.481741	198.529916	0.002642	6.1
587	-0.018801	198.356729	0.000737	6.0
588	-1.032949	198.183944	0.017403	5.0
589	0.000000	198.011560	0.000000	5.7
590	0.000000	197.839576	0.000000	5.0
591	-0.605904	197.667989	0.008897	5.6
592	-1.013618	197.496798	0.009480	5.8
593	-0.000015	197.326002	0.000001	5.7
594	-0.889588	197.155600	0.010625	5.0
595	-0.408721	196.985589	0.005180	5.8
596	-1.040668	196.815969	0.037579	5.0
597	-0.000000	196.646738	0.000000	5.6
598	-0.000000	196.477894	0.000000	6.0
599	-0.559029	196.309436	0.004996	5.1
600	-0.000000	196.141363	0.000000	5.5
601	0.000000	195.973673	0.000000	5.7
602	-0.000617	195.806365	0.000005	5.5
603	-0.000000	195.639437	0.000000	5.2
604	-0.752237	195.472888	0.023198	6.4
605	-0.002668	195.306717	0.000055	5.4
606	-0.151482	195.140922	0.002004	5.2
607	-0.954905	194.975501	0.021162	6.1
608	0.000000	194.810454	0.000000	5.1
609	-0.843872	194.645779	0.007943	5.9
610	-0.002041	194.481475	0.000056	5.2
611	-0.003999	194.317540	0.000476	5.4
612	-1.088664	194.153973	0.013115	5.9
613	-0.386082	193.990773	0.004953	5.1
614	-0.619077	193.827938	0.007099	5.1
615	-0.002000	193.665467	0.000088	5.7
616	-0.632804	193.503358	0.007622	5.9
617	-1.030856	193.341611	0.005484	5.7
618	-0.000000	193.180224	0.000000	6.0
619	-0.000069	193.019196	0.000013	5.2
620	-0.484288	192.858525	0.006431	6.0
621	-0.738404	192.698210	0.007910	6.2
622	-0.000001	192.538251	0.000000	5.7
623	-0.880543	192.378644	0.012840	5.1
624	-0.124652	192.219391	0.002501	6.3
625	-0.891646	192.060488	0.014059	6.2
626	-0.683569	191.901935	0.014692	5.2
627	-0.592431	191.743730	0.004821	6.0
628	-0.421261	191.585873	0.011532	6.4
629	-0.731409	191.428362	0.005278	5.9
630	-0.136464	191.271196	0.004690	6.5
631	-0.990401	191.114374	0.029585	5.3
632	-0.000483	190.957893	0.000010	6.1
633	-0.694287	190.801755	0.007695	5.4
634	-1.085317	190.645956	0.012668	5.3
635	-0.893659	190.490495	0.007133	5.9
636	-0.884883	190.335373	0.004488	5.3
637	0.000000	190.180587	0.000000	4.9
638	-1.009990	190.026136	0.011728	6.0
639	-0.676654	189.872019	0.011749	5.3
640	-0.608350	189.718235	0.006472	5.0
641	-0.855004	189.564782	0.015649	5.9
642	-0.654474	189.411661	0.006851	5.4
643	-0.977749	189.258868	0.017112	5.1
644	-0.803817	189.106404	0.006555	5.8
645	-0.968083	188.954267	0.005544	6.0
646	-0.089345	188.802456	0.003207	5.8
647	-0.397515	188.650969	0.006286	5.9
648	-0.951603	188.499807	0.005924	5.1
649	-0.776672	188.348967	0.008578	5.4
650	-0.326673	188.198448	0.005595	5.7
651	-0.074018	188.048250	0.002075	5.6
652	-0.977631	187.898371	0.007845	5.3
653	-0.000003	187.748810	0.000000	5.7
654	-0.950035	187.599566	0.004621	5.4
655	-0.614049	187.450638	0.004364	5.5
656	-0.726711	187.302025	0.016545	5.9
657	-0.723595	187.153725	0.011505	5.1
658	-0.381305	187.005739	0.004088	5.6
659	-0.021544	186.858064	0.000651	5.7
660	-0.405105	186.710699	0.007151	5.0
661	-0.002340	186.563645	0.000047	5.2
662	0.000000	186.416898	0.000000	6.8
663	-0.306369	186.270459	0.002741	5.7
664	-0.695354	186.124326	0.006638	5.5
665	-0.036244	185.978499	0.001463	5.8
666	-0.825884	185.832976	0.007812	5.2
667	-0.466826	185.687756	0.007725	6.2
668	-0.877371	185.542838	0.019656	5.1
669	-0.000042	185.398222	0.000005	5.0
670	-0.839570	185.253906	0.011431	5.9
671	-0.338486	185.109889	0.005583	5.2
672	-0.264467	184.966170	0.004776	5.2
673	-0.533483	184.822748	0.010135	5.8
674	-0.000000	184.679623	0.000000	5.2
675	-0.000002	184.536792	0.000000	5.2
676	-0.806447	184.394256	0.009579	5.5
677	-0.706404	184.252013	0.007029	5.2
678	-0.856701	184.110062	0.010083	5.5
679	0.000000	183.968403	0.000000	5.7
680	0.000000	183.827034	0.000000	5.3
681	-0.833629	183.685954	0.004765	5.6
682	0.000000	183.545163	0.000000	6.3
683	-0.790335	183.404658	0.008195	6.3
684	-0.266115	183.264441	0.003494	5.7
685	-0.000000	183.124509	0.000000	6.1
686	-0.496730	182.984861	0.007986	5.8
687	-0.669158	182.845497	0.006907	5.3
688	-0.650638	182.706416	0.006749	6.5
689	-0.300115	182.567616	0.003250	5.2
690	-0.000000	182.429098	0.000000	5.8
691	-0.000076	182.290859	0.000002	5.8
692	-0.347817	182.152899	0.003329	5.2
693	-0.608680	182.015217	0.007218	6.2
694	-0.716025	181.877813	0.006579	6.0
695	-0.569126	181.740684	0.005797	5.0
696	-0.904925	181.603832	0.017856	6.2
697	-0.245975	181.467253	0.005727	5.3
698	-0.611564	181.330948	0.008657	5.1
699	-0.470056	181.194916	0.003910	5.6
700	-0.000000	181.059155	0.000000	6.3
701	0.000000	180.923666	0.000000	5.3
702	-0.348314	180.788446	0.006599	6.7
703	-0.075406	180.653496	0.002143	5.0
704	-1.097103	180.518814	0.012358	5.0
705	-0.671505	180.384399	0.007064	6.1
706	-0.707604	180.250251	0.008797	5.0
707	-0.116468	180.116369	0.001965	5.7
708	-0.000000	179.982752	0.000000	5.8
709	-0.770151	179.849398	0.009401	5.0
710	-0.000000	179.716308	0.000000	5.6
711	0.000000	179.583480	0.000000	5.7
712	-0.000000	179.450913	0.000000	5.0
713	-0.828383	179.318607	0.008617	5.7
714	-0.236392	179.186561	0.003293	6.0
715	-0.000043	179.054774	0.000003	5.1
716	-0.932774	178.923245	0.012062	5.8
717	-0.517207	178.791973	0.006177	6.0
718	-0.000000	178.660958	0.000000	5.7
719	-0.557583	178.530199	0.008087	5.2
720	-0.639391	178.399694	0.010741	6.3
721	-0.967192	178.269444	0.015559	5.0
722	-0.600314	178.139447	0.005938	5.4
723	-0.000000	178.009702	0.000000	6.0
724	-1.053958	177.880209	0.007569	5.6
725	-0.487699	177.750967	0.006097	5.0
726	-0.612091	177.621975	0.008135	6.0
727	0.000000	177.493232	0.000000	5.0
728	-0.564464	177.364738	0.008654	4.9
729	-0.736947	177.236492	0.007626	6.4
730	-0.928966	177.108492	0.008649	5.1
731	-0.372269	176.980739	0.009044	5.1
732	-0.484752	176.853231	0.008686	5.8
733	-0.832774	176.725968	0.013350	5.0
734	-0.338198	176.598949	0.004165	5.1
735	-0.568178	176.472173	0.009424	6.4
736	-0.512373	176.345639	0.007017	5.1
737	-1.022705	176.219348	0.009687	5.8
738	-0.540355	176.093296	0.002369	6.5
739	-0.340012	175.967486	0.006389	5.6
740	-0.400822	175.841914	0.010282	5.7
741	-0.804593	175.716581	0.011448	5.3
742	-0.394644	175.591486	0.005635	6.1
743	-0.554344	175.466629	0.006695	6.1
744	-0.000000	175.342008	0.000000	5.0
745	-0.000000	175.217622	0.000000	5.0
746	-0.002293	175.093472	0.000195	6.0
747	-0.607513	174.969556	0.007368	5.1
748	-1.063758	174.845873	0.011758	5.9
749	-0.444531	174.722423	0.005720	5.9
750	-0.327610	174.599206	0.002044	5.1
751	-0.000000	174.476220	0.000000	5.0
752	-1.025848	174.353464	0.013965	5.9
753	-0.285117	174.230939	0.004236	5.0
754	-0.556470	174.108643	0.006180	5.5
755	-0.116426	173.986576	0.001333	6.1
756	-0.938353	173.864737	0.004962	6.4
757	-0.748428	173.743124	0.006745	5.4
758	-0.724391	173.621739	0.006448	6.3
759	-0.000008	173.500579	0.000002	5.8
760	-0.550527	173.379645	0.006733	5.5
761	-0.527440	173.258935	0.009562	6.1
762	-1.011451	173.138449	0.012801	5.2
763	-0.000000	173.018186	0.000000	5.7
764	-0.819710	172.898146	0.005040	5.4
765	-0.722731	172.778327	0.010964	5.5
766	-0.003169	172.658730	0.000656	7.3
767	-0.798776	172.539353	0.004897	5.8
768	-0.847412	172.420196	0.007371	5.6
769	-0.226087	172.301258	0.002731	6.2
770	-0.049134	172.182539	0.001086	5.8
771	-0.220878	172.064037	0.002276	5.8
772	-0.885848	171.945753	0.010686	6.1
773	-0.061013	171.827686	0.000712	5.6
774	-1.033305	171.709834	0.023292	5.1
775	-0.136937	171.592198	0.003085	6.1
776	-0.559285	171.474776	0.006362	5.5
777	-0.924567	171.357568	0.006651	6.4
778	-0.784398	171.240574	0.008717	5.3
779	-0.000000	171.123793	0.000000	5.0
780	-0.036207	171.007223	0.002155	5.6
781	-0.519806	170.890865	0.006839	5.2
782	-0.492363	170.774718	0.006296	6.0
783	-0.335134	170.658782	0.003952	5.7
784	-0.000000	170.543055	0.000000	5.2
785	-0.925907	170.427537	0.006450	5.1
786	0.000000	170.312227	0.000000	6.0
787	0.000000	170.197125	0.000000	5.1
788	-0.825262	170.082231	0.004535	5.1
789	-0.000000	169.967543	0.000000	6.0
790	-0.983054	169.853061	0.006001	5.1
791	-0.050789	169.738784	0.001616	4.9
792	-0.256703	169.624713	0.003078	5.7
793	-0.000000	169.510845	0.000000	6.3
794	-0.718581	169.397181	0.008996	5.7
795	-0.996003	169.283720	0.008337	6.0
796	-0.417455	169.170462	0.005584	5.0
797	-0.625348	169.057405	0.006460	5.0
798	-0.867280	168.944549	0.008218	6.0
799	-0.000000	168.831895	0.000000	5.6
800	-0.463097	168.719440	0.002525	5.1
801	-0.894459	168.607185	0.010733	6.2
802	-0.574710	168.495129	0.009392	4.9
803	-0.906571	168.383271	0.004270	5.0
804	-0.567958	168.271611	0.014725	6.5
805	-0.615185	168.160148	0.007268	6.6
806	-0.000000	168.048882	0.000000	5.0
807	-0.000032	167.937812	0.000003	6.7
808	-0.998303	167.826938	0.005727	5.3
809	-0.692301	167.716258	0.009460	5.8
810	-0.000000	167.605773	0.000000	8.3
811	-1.083367	167.495482	0.008520	30.2
812	-0.942635	167.385384	0.005325	11.1
813	-0.000000	167.275479	0.000000	6.6
814	-0.441321	167.165766	0.007976	6.7
815	-0.813983	167.056245	0.005733	11.9
816	-0.417482	166.946915	0.005134	6.3
817	-0.000000	166.837776	0.000000	6.2
818	-0.000007	166.728826	0.000001	5.4
819	-0.451162	166.620067	0.007285	6.4
820	-0.149111	166.511496	0.003210	6.5
821	0.000000	166.403113	0.000000	5.5
822	-0.303279	166.294919	0.003461	6.2
823	-0.824048	166.186912	0.005325	6.0
824	-1.013239	166.079091	0.024856	5.1
825	-0.326889	165.971458	0.005742	6.4
826	-0.465143	165.864009	0.006013	5.4
827	-0.659983	165.756747	0.008835	5.7
828	-0.487228	165.649669	0.006812	6.0
829	-0.411482	165.542775	0.004248	5.2
830	-0.819070	165.436065	0.010722	5.0
831	-0.581803	165.329538	0.004995	5.9
832	-0.732774	165.223194	0.006912	5.9
833	-0.091491	165.117032	0.004670	4.9
834	-0.934400	165.011052	0.008558	6.3
835	-0.674870	164.905253	0.006589	5.4
836	-0.951843	164.799635	0.010809	5.0
837	-0.155133	164.694197	0.002538	6.1
838	-0.707959	164.588939	0.008834	6.4
839	-0.139698	164.483859	0.003011	6.5
840	0.000000	164.378959	0.000000	5.0
841	-0.000000	164.274237	0.000000	5.4
842	-0.433009	164.169692	0.006278	6.0
843	-0.640534	164.065325	0.007922	5.0
844	-0.895049	163.961135	0.023538	5.3
845	-0.000009	163.857120	0.000001	6.2
846	-0.434554	163.753282	0.004488	5.0
847	-0.479019	163.649619	0.004191	5.5
848	-0.043485	163.546130	0.002085	5.9
849	-0.155064	163.442816	0.001990	5.2
850	0.000000	163.339676	0.000000	5.0
851	-1.060236	163.236709	0.016996	5.9
852	-0.000000	163.133915	0.000000	5.0
853	0.000000	163.031294	0.000000	5.1
854	0.000000	162.928844	0.000000	6.4
855	-0.016089	162.826566	0.000471	6.1
856	-0.976529	162.724459	0.022655	5.4
857	-0.625724	162.622523	0.006125	6.3
858	-0.617547	162.520757	0.006798	5.0
859	-0.000060	162.419160	0.000008	5.4
860	-0.934224	162.317733	0.007234	5.8
861	-0.002010	162.216474	0.000090	5.0
862	-0.418572	162.115383	0.005969	5.2
863	-0.526968	162.014461	0.003793	6.4
864	-0.000100	161.913705	0.000003	6.0
865	-0.703557	161.813117	0.026061	6.3
866	-0.000000	161.712695	0.000000	6.0
867	-0.968577	161.612439	0.005714	5.2
868	-0.923831	161.512349	0.004718	6.6
869	-0.000000	161.412424	0.000000	6.2
870	-0.169418	161.312663	0.002020	6.1
871	0.000000	161.213067	0.000000	6.0
872	-0.000000	161.113635	0.000000	6.6
873	-0.011902	161.014366	0.000543	6.4
874	-0.000000	160.915260	0.000000	6.2
875	-0.303630	160.816316	0.004440	6.8
876	-0.967109	160.717535	0.007822	6.7
877	-0.547232	160.618915	0.004440	5.5
878	-0.002282	160.520456	0.000033	6.1
879	-1.059102	160.422158	0.017982	7.4
880	-0.000000	160.324021	0.000000	6.2
881	-0.001103	160.226043	0.000069	7.1
882	-0.000000	160.128225	0.000000	6.2
883	-0.515502	160.030566	0.007708	7.6
884	0.000000	159.933066	0.000000	6.8
885	-0.000005	159.835723	0.000002	7.2
886	-0.766852	159.738539	0.011361	6.9
887	-0.110424	159.641512	0.003318	5.7
888	-0.826454	159.544642	0.006530	6.3
889	-0.402715	159.447929	0.005387	6.6
890	-1.026873	159.351372	0.009781	6.8
891	-0.268870	159.254971	0.004318	7.1
892	-0.000000	159.158725	0.000000	6.0
893	-0.409966	159.062634	0.007157	6.8
894	-0.884789	158.966697	0.007221	7.6
895	-0.639948	158.870915	0.006313	5.5
896	-0.824757	158.775286	0.007338	6.9
897	-0.872953	158.679811	0.010170	6.3
898	-0.527589	158.584489	0.005560	6.8
899	-0.299809	158.489319	0.005018	8.4
900	-0.000000	158.394302	0.000000	7.0
901	-0.652837	158.299436	0.006284	6.3
902	-0.713036	158.204721	0.005226	7.9
903	-0.000006	158.110158	0.000000	8.2
904	0.000000	158.015745	0.000000	7.7
905	-0.862899	157.921482	0.008204	7.4
906	0.000000	157.827369	0.000000	5.2
907	0.000000	157.733406	0.000000	6.4
908	-0.192429	157.639591	0.002642	5.1
909	-0.875750	157.545925	0.009430	5.0
910	-0.158994	157.452408	0.002852	5.9
911	-0.932427	157.359038	0.007822	5.0
912	-0.463939	157.265816	0.005085	5.7
913	-1.074345	157.172741	0.017761	6.1
914	-0.900544	157.079813	0.019341	5.7
915	-0.530053	156.987031	0.009291	5.2
916	-0.000471	156.894395	0.000015	5.8
917	-0.883309	156.801904	0.008321	5.0
918	-0.969014	156.709559	0.010890	5.4
919	-0.253634	156.617359	0.003777	5.9
920	-0.675568	156.525304	0.008324	5.5
921	-0.823737	156.433392	0.007270	5.3
922	-1.089403	156.341624	0.007541	6.3
923	-1.011279	156.250000	0.006455	6.0
924	-0.964023	156.158519	0.008846	5.5
925	-0.691394	156.067180	0.007020	5.8
926	-1.094337	155.975984	0.008295	5.5
927	-0.555424	155.884930	0.006550	5.0
928	-0.495973	155.794017	0.005887	6.3
929	-0.864063	155.703246	0.007197	5.3
930	-0.365104	155.612615	0.004732	5.0
931	-0.396918	155.522125	0.003391	6.0
932	-0.000000	155.431775	0.000000	6.8
933	-0.825329	155.341565	0.010632	6.6
934	-0.864361	155.251495	0.009537	5.5
935	-0.370393	155.161563	0.005514	5.5
936	-0.000000	155.071771	0.000000	6.2
937	-0.030847	154.982117	0.000153	5.0
938	-0.000168	154.892601	0.000026	5.4
939	-0.688048	154.803222	0.007816	6.1
940	0.000000	154.713981	0.000000	5.6
941	-0.317056	154.624878	0.004536	5.5
942	-0.874840	154.535910	0.012085	6.3
943	-0.596425	154.447080	0.005962	6.4
944	-1.076779	154.358385	0.007551	5.5
945	-0.006903	154.269826	0.000184	5.7
946	0.000000	154.181402	0.000000	6.4
947	-0.578475	154.093114	0.007369	6.4
948	-0.938253	154.004960	0.008458	5.2
949	-0.905494	153.916940	0.006825	5.7
950	-0.014424	153.829054	0.000294	6.7
951	-0.890078	153.741303	0.012168	5.3
952	-0.937331	153.653684	0.007627	5.5
953	-0.675384	153.566198	0.007744	6.1
954	-0.042704	153.478846	0.001772	5.7
955	-0.036603	153.391625	0.000394	5.2
956	-0.922786	153.304537	0.007173	6.1
957	-0.822281	153.217580	0.009238	6.2
958	-0.735874	153.130755	0.010064	6.0
959	-0.253193	153.044061	0.002293	6.4
960	-0.004200	152.957498	0.000238	7.1
961	-0.643523	152.871065	0.007251	6.2
962	-1.105583	152.784762	0.009870	5.3
963	-0.872466	152.698589	0.005946	5.5
964	-1.032808	152.612545	0.007413	6.0
965	-0.048625	152.526631	0.001068	5.6
966	-0.678453	152.440845	0.015299	4.9
967	-0.439341	152.355188	0.004815	5.8
968	-0.415040	152.269660	0.008038	5.0
969	-1.011252	152.184259	0.006953	5.1
970	-0.378887	152.098986	0.003220	6.3
971	-0.721733	152.013840	0.005908	5.0
972	-0.000000	151.928821	0.000000	5.0
973	-0.772968	151.843928	0.004720	6.0
974	-0.950439	151.759163	0.010979	5.1
975	-0.514690	151.674523	0.003682	5.0
976	-0.624083	151.590009	0.009308	6.1
977	-0.944587	151.505620	0.005001	6.0
978	-0.520960	151.421357	0.006198	5.0
979	-0.000000	151.337218	0.000000	6.0
980	-0.457826	151.253204	0.005769	5.1
981	-0.453171	151.169314	0.004547	5.5
982	-0.414585	151.085549	0.005637	5.7
983	-0.896793	151.001907	0.013840	5.0
984	-0.592461	150.918388	0.007310	5.1
985	-0.404770	150.834992	0.011036	6.0
986	-0.001794	150.751719	0.000616	5.5
987	-0.532678	150.668569	0.005081	5.1
988	-0.916448	150.585541	0.009639	5.8
989	-0.602681	150.502634	0.007315	5.0
990	-0.688826	150.419849	0.004855	5.5
991	-0.604478	150.337186	0.003097	5.6
992	-0.122474	150.254644	0.002094	5.0
993	-0.356986	150.172222	0.004105	5.7
994	-0.847431	150.089921	0.008818	6.3
995	-0.008221	150.007740	0.000335	5.3
996	-0.962387	149.925679	0.006623	5.4
997	-0.000000	149.843737	0.000000	5.5
998	-1.015897	149.761915	0.013086	5.6
999	-0.751943	149.680212	0.006322	5.7
1000	-1.072745	149.598627	0.008818	5.5
1001	-0.003700	149.517161	0.000080	5.1
1002	-0.446675	149.435814	0.007027	5.9
1003	-0.723320	149.354584	0.004649	5.5
1004	-0.754147	149.273472	0.006384	5.1
1005	-0.794987	149.192477	0.007137	6.2
1006	-1.062690	149.111599	0.007923	5.4
1007	-0.000000	149.030838	0.000000	5.1
1008	-0.568349	148.950194	0.006157	5.7
1009	-0.000000	148.869666	0.000000	5.1
1010	-0.718333	148.789253	0.007297	6.0
1011	-0.831908	148.708957	0.009044	5.9
1012	-0.577315	148.628776	0.006020	5.0
1013	-0.301902	148.548710	0.004327	5.6
1014	0.000000	148.468759	0.000000	5.9
1015	0.000000	148.388923	0.000000	5.6
1016	-1.082569	148.309201	0.007424	5.4
1017	-0.730062	148.229594	0.003757	6.4
1018	-0.721321	148.150100	0.005746	5.2
1019	-0.410819	148.070719	0.004903	5.1
1020	-0.653080	147.991452	0.006376	5.8
1021	-0.977919	147.912298	0.012692	5.1
1022	-0.000000	147.833257	0.000000	5.0
1023	-0.663275	147.754329	0.005059	6.4
1024	-1.004831	147.675512	0.007477	5.0
1025	-0.759101	147.596808	0.006860	5.4
1026	-0.116851	147.518216	0.002331	6.0
1027	-0.488490	147.439735	0.007975	5.2
1028	-0.000000	147.361365	0.000000	5.0
1029	-0.706880	147.283106	0.006802	6.0
1030	-0.770758	147.204958	0.007717	5.5
1031	-0.402700	147.126920	0.005998	4.9
1032	-0.236472	147.048993	0.003590	5.9
1033	-0.967698	146.971175	0.007103	5.4
1034	-0.533432	146.893468	0.008824	5.7
1035	-0.760230	146.815869	0.009112	6.4
1036	-1.086110	146.738380	0.017775	6.1
1037	-0.706977	146.661000	0.005403	6.1
1038	-1.023244	146.583729	0.009618	5.3
1039	-0.570497	146.506566	0.005749	5.2
1040	-0.000000	146.429511	0.000000	5.9
1041	-0.249658	146.352565	0.004741	6.2
1042	-0.403847	146.275726	0.005412	5.4
1043	-0.000008	146.198994	0.000001	6.3
1044	-0.000000	146.122370	0.000000	5.1
1045	-0.528981	146.045853	0.006680	6.1
1046	-0.020714	145.969442	0.000410	6.0
1047	-0.000162	145.893139	0.000024	5.2
1048	-0.001596	145.816941	0.000041	6.1
1049	-0.528458	145.740849	0.006334	6.2
1050	-0.365168	145.664863	0.004152	5.5
1051	-0.667322	145.588983	0.009769	5.7
1052	-0.732558	145.513208	0.005699	6.3
1053	-0.754576	145.437538	0.006645	5.3
1054	-0.589066	145.361973	0.005484	5.8
1055	-0.000000	145.286513	0.000000	5.4
1056	0.000000	145.211157	0.000000	5.4
1057	0.000000	145.135905	0.000000	5.7
1058	-0.779363	145.060757	0.006860	5.8
1059	-0.000000	144.985712	0.000000	5.0
1060	-0.607642	144.910771	0.010832	5.9
1061	-0.423464	144.835934	0.006673	5.0
1062	-0.381873	144.761199	0.004609	5.0
1063	-0.000000	144.686567	0.000000	5.9
1064	0.000000	144.612037	0.000000	5.7
1065	0.000000	144.537610	0.000000	5.5
1066	-0.529082	144.463285	0.006435	5.9
1067	-0.771933	144.389062	0.008829	5.0
1068	-0.709046	144.314940	0.004995	5.0
1069	-0.318341	144.240920	0.002752	6.2
1070	-0.664646	144.167001	0.015807	5.5
1071	-0.636440	144.093182	0.004786	5.0
1072	-0.644766	144.019465	0.005877	5.7
1073	-0.545204	143.945848	0.008190	6.3
1074	-0.931470	143.872331	0.009515	5.1
1075	-0.629705	143.798914	0.007451	6.1
1076	-0.267525	143.725597	0.002428	5.6
1077	-0.889272	143.652380	0.007845	5.0
1078	-0.978229	143.579262	0.010332	5.9
1079	-0.982838	143.506243	0.008646	5.1
1080	-1.055408	143.433323	0.012332	5.7
1081	-0.786973	143.360502	0.007996	6.1
1082	-0.991106	143.287780	0.010600	5.1
1083	-0.292175	143.215155	0.002776	5.3
1084	-0.253273	143.142629	0.002242	5.9
1085	-0.622220	143.070201	0.011340	5.0
1086	-0.000000	142.997870	0.000000	5.0
1087	-0.601547	142.925637	0.006756	5.8
1088	-0.954509	142.853501	0.006860	5.6
1089	-0.563218	142.781462	0.003947	5.7
1090	-0.181016	142.709519	0.001877	6.1
1091	-0.482590	142.637674	0.006529	5.7
1092	-0.739289	142.565924	0.009238	5.0
1093	-0.869733	142.494271	0.008943	5.8
1094	-0.560686	142.422714	0.009103	5.6
1095	-0.352077	142.351252	0.003327	5.2
1096	-0.771199	142.279886	0.006658	6.3
1097	-0.523189	142.208616	0.008049	4.9
1098	0.000000	142.137440	0.000000	5.2
1099	-0.119145	142.066360	0.002786	6.1
1100	-0.852216	141.995374	0.007355	5.5
1101	-0.000000	141.924483	0.000000	5.6
1102	-0.961594	141.853685	0.011050	5.4
1103	-0.691622	141.782983	0.008306	5.2
1104	-0.208414	141.712373	0.001302	5.9
1105	-0.256538	141.641858	0.002961	5.2
1106	-0.965480	141.571436	0.006959	5.7
1107	-0.407174	141.501108	0.005048	5.5
1108	-1.074661	141.430872	0.011239	5.3
1109	-0.334454	141.360730	0.003005	5.7
1110	-0.000000	141.290680	0.000000	5.8
1111	-0.388933	141.220722	0.005521	6.4
1112	-0.753445	141.150857	0.006021	6.7
1113	-0.514369	141.081084	0.005847	6.9
1114	-0.250791	141.011403	0.002006	6.0
1115	0.000000	140.941813	0.000000	6.1
1116	-0.130304	140.872315	0.004612	5.6
1117	0.000000	140.802909	0.000000	5.8
1118	-0.036429	140.733593	0.000697	6.6
1119	0.000000	140.664369	0.000000	5.9
1120	0.000000	140.595235	0.000000	7.5
1121	-0.000000	140.526192	0.000000	7.5
1122	-1.047617	140.457239	0.015696	6.5
1123	-0.601187	140.388376	0.011055	6.8
1124	0.000000	140.319603	0.000000	6.2
1125	-0.787670	140.250920	0.006505	6.3
1126	-0.862729	140.182326	0.009690	7.7
1127	-0.150673	140.113822	0.002670	6.5
1128	-0.097923	140.045407	0.001728	6.6
1129	-0.198322	139.977081	0.002747	6.0
1130	0.000000	139.908844	0.000000	7.3
1131	-0.035561	139.840696	0.000758	7.6
1132	-0.104471	139.772635	0.001228	8.3
1133	-0.099020	139.704664	0.002729	9.6
1134	-0.875694	139.636780	0.005933	7.4
1135	-0.193083	139.568984	0.006254	5.7
1136	0.000000	139.501276	0.000000	5.8
1137	0.000000	139.433655	0.000000	6.6
1138	-0.044583	139.366122	0.001157	7.1
1139	-0.000000	139.298676	0.000000	6.7
1140	-0.635877	139.231317	0.004575	6.3
1141	-0.193996	139.164045	0.003645	6.8
1142	-0.408504	139.096859	0.005487	6.9
1143	-0.476562	139.029760	0.005733	6.0
1144	-1.020465	138.962747	0.020649	5.7
1145	-0.784654	138.895820	0.008244	6.0
1146	-0.000000	138.828978	0.000000	6.2
1147	-1.039248	138.762223	0.014688	6.5
1148	-0.983170	138.695553	0.005769	5.5
1149	-0.644818	138.628969	0.004182	5.6
1150	-0.001003	138.562469	0.000064	6.1
1151	0.000000	138.496055	0.000000	5.1
1152	-0.006161	138.429725	0.000225	5.1
1153	-0.918491	138.363481	0.006026	7.1
1154	-0.067135	138.297320	0.001492	6.7
1155	-0.342884	138.231244	0.004123	6.2
1156	-0.704179	138.165252	0.011367	5.9
1157	-0.000082	138.099344	0.000046	5.8
1158	-0.319752	138.033520	0.002428	5.8
1159	-0.409341	137.967779	0.006338	6.3
1160	-0.000000	137.902122	0.000000	6.2
1161	-0.715535	137.836548	0.005915	6.2
1162	-0.224062	137.771057	0.004193	5.4
1163	-0.481506	137.705649	0.006305	6.1
1164	-0.822884	137.640324	0.007214	5.8
1165	-0.775949	137.575081	0.016832	5.6
1166	-0.878080	137.509921	0.009981	6.1
1167	-0.356152	137.444842	0.003790	7.4
1168	-0.759957	137.379846	0.008365	5.3
1169	-0.029555	137.314932	0.000743	6.8
1170	-0.000000	137.250100	0.000000	5.5
1171	-1.087451	137.185349	0.009081	5.4
1172	-1.002339	137.120680	0.007494	6.9
1173	-0.000000	137.056092	0.000000	5.6
1174	-0.917224	136.991585	0.005142	6.3
1175	-0.924400	136.927158	0.005504	5.6
1176	-0.933742	136.862813	0.007283	5.3
1177	-0.532565	136.798548	0.006096	6.2
1178	-0.725909	136.734363	0.005253	7.3
1179	-0.762479	136.670259	0.008814	6.9
1180	-0.442735	136.606235	0.005740	6.6
1181	0.000000	136.542291	0.000000	5.3
1182	-1.040761	136.478426	0.011586	6.9
1183	-0.204488	136.414641	0.003612	6.1
1184	-0.472415	136.350936	0.008312	6.1
1185	-0.089827	136.287310	0.003601	6.5
1186	-0.005790	136.223763	0.000095	5.2
1187	-0.381764	136.160295	0.004893	6.2
1188	-0.812853	136.096905	0.010902	5.9
1189	-0.038863	136.033594	0.000902	5.9
1190	-0.218210	135.970362	0.004313	6.2
1191	-0.468182	135.907208	0.002517	5.4
1192	-0.345472	135.844133	0.004421	5.8
1193	-0.814770	135.781135	0.004480	5.8
1194	-0.000000	135.718215	0.000000	6.3
1195	-0.300112	135.655373	0.005724	5.6
1196	-0.733040	135.592608	0.008069	6.1
1197	0.000000	135.529921	0.000000	5.3
1198	-0.023004	135.467311	0.001423	5.6
1199	-1.004058	135.404778	0.007752	6.4
1200	-0.745837	135.342322	0.006641	5.5
1201	-0.630764	135.279942	0.005117	5.5
1202	-0.017641	135.217640	0.000702	6.0
1203	-0.143310	135.155413	0.003952	5.6
1204	-0.614340	135.093263	0.005775	6.1
1205	-0.290761	135.031190	0.005360	5.4
1206	-0.360119	134.969192	0.005167	5.4
1207	-0.638087	134.907270	0.009103	6.0
1208	-0.209698	134.845424	0.001456	5.5
1209	-0.560943	134.783653	0.004077	5.3
1210	0.000000	134.721958	0.000000	6.6
1211	-0.000000	134.660338	0.000000	5.9
1212	-0.616242	134.598793	0.006295	5.4
1213	-0.565842	134.537323	0.005626	5.9
1214	-0.821061	134.475927	0.006918	5.0
1215	-0.290871	134.414607	0.005135	5.4
1216	-0.000000	134.353361	0.000000	6.2
1217	-0.898091	134.292189	0.003827	5.0
1218	-0.733271	134.231092	0.007251	5.4
1219	-0.643956	134.170068	0.005710	5.8
1220	0.000000	134.109119	0.000000	5.0
1221	-0.654930	134.048243	0.009016	5.7
1222	0.000000	133.987441	0.000000	6.0
1223	-0.651908	133.926713	0.004772	5.2
1224	-0.751994	133.866057	0.003591	5.8
1225	-0.676060	133.805475	0.006470	5.7
1226	-1.066954	133.744966	0.019073	5.1
1227	-0.027742	133.684530	0.000322	5.8
1228	-0.867375	133.624167	0.005347	6.3
1229	-0.577369	133.563877	0.004719	5.6
1230	-0.000000	133.503658	0.000000	5.9
1231	-0.606683	133.443513	0.006628	5.6
1232	-0.500595	133.383439	0.005164	5.0
1233	-0.650818	133.323437	0.006198	5.6
1234	-0.385420	133.263508	0.005288	5.2
1235	-0.985700	133.203650	0.007519	5.0
1236	-0.741987	133.143864	0.007356	5.5
1237	-0.845274	133.084149	0.005876	6.4
1238	-0.528271	133.024506	0.002604	5.6
1239	-0.782686	132.964934	0.006995	5.7
1240	-0.671971	132.905433	0.010837	5.0
1241	-1.018927	132.846003	0.025943	5.2
1242	-0.181677	132.786643	0.003099	6.0
1243	-0.860515	132.727355	0.008937	5.9
1244	-0.000000	132.668137	0.000000	5.7
1245	-0.772552	132.608989	0.005097	5.8
1246	-0.000000	132.549912	0.000000	5.3
1247	-0.966827	132.490904	0.012249	5.4
1248	-0.000002	132.431967	0.000000	5.7
1249	-0.373546	132.373100	0.004920	6.9
1250	-0.000000	132.314302	0.000000	5.1
1251	-0.869035	132.255574	0.007798	5.9
1252	-0.015441	132.196916	0.000413	5.5
1253	-0.783024	132.138326	0.024628	5.0
1254	-0.340058	132.079806	0.003955	6.0
1255	-0.000000	132.021355	0.000000	5.1
1256	-0.000000	131.962973	0.000000	5.5
1257	-0.073103	131.904660	0.001598	5.6
1258	-0.582145	131.846415	0.007103	5.0
1259	-0.252894	131.788239	0.002709	5.4
1260	-0.649500	131.730131	0.007457	6.1
1261	-0.648730	131.672092	0.005357	5.5
1262	-0.099227	131.614121	0.001795	5.2
1263	-0.246374	131.556217	0.005269	5.6
1264	-0.689959	131.498382	0.006060	5.3
1265	-0.260922	131.440614	0.003597	6.1
1266	-1.016294	131.382914	0.012259	6.8
1267	-0.595033	131.325282	0.008411	6.7
1268	0.000000	131.267717	0.000000	6.9
1269	-0.243501	131.210219	0.003513	5.4
1270	-0.405245	131.152788	0.004955	5.4
1271	-0.460260	131.095424	0.005646	6.6
1272	-0.377459	131.038127	0.005145	5.7
1273	-0.084281	130.980897	0.001590	6.3
1274	-0.786451	130.923733	0.008743	6.4
1275	-0.666196	130.866636	0.009209	6.0
1276	-0.355193	130.809605	0.003477	6.7
1277	-0.723630	130.752641	0.011184	6.4
1278	-0.160761	130.695742	0.002697	5.7
1279	-0.272508	130.638910	0.002898	6.4
1280	-0.973148	130.582143	0.007411	5.2
1281	-0.000000	130.525442	0.000000	6.2
1282	-0.457696	130.468807	0.004600	6.4
1283	0.000000	130.412237	0.000000	5.5
1284	-0.935190	130.355733	0.008788	6.5
1285	-0.052771	130.299294	0.002213	5.3
1286	0.000000	130.242920	0.000000	6.4
1287	-0.000000	130.186611	0.000000	6.7
1288	-0.901353	130.130366	0.008207	5.7
1289	-1.000346	130.074187	0.010320	6.2
1290	-0.996953	130.018072	0.004922	5.2
1291	-0.937560	129.962022	0.008986	6.2
1292	0.000000	129.906036	0.000000	6.3
1293	-0.522753	129.850114	0.007472	5.8
1294	0.000000	129.794257	0.000000	5.0
1295	-0.922584	129.738463	0.012906	5.8
1296	0.000000	129.682734	0.000000	5.6
1297	-1.049956	129.627068	0.012984	5.9
1298	-0.309509	129.571466	0.002301	6.1
1299	-0.278902	129.515927	0.004786	5.5
1300	-0.000042	129.460452	0.000002	5.4
1301	-0.000000	129.405040	0.000000	6.1
1302	-0.685402	129.349692	0.012464	5.8
1303	-0.785167	129.294406	0.008121	5.6
1304	-0.163556	129.239183	0.003966	5.5
1305	-0.882450	129.184024	0.008681	5.2
1306	-0.610588	129.128927	0.007633	5.7
1307	-0.905407	129.073892	0.010141	5.8
1308	-0.000000	129.018921	0.000000	5.0
1309	-0.000000	128.964011	0.000000	5.4
1310	-0.002433	128.909164	0.000104	5.4
1311	-0.007668	128.854379	0.000557	5.1
1312	-0.306700	128.799656	0.006901	5.9
1313	-0.086718	128.744995	0.001269	5.6
1314	-0.876699	128.690396	0.010501	5.0
1315	-0.968556	128.635858	0.009557	6.2
1316	-0.888548	128.581382	0.005894	5.5
1317	-0.966102	128.526968	0.005727	5.1
1318	-0.000000	128.472615	0.000000	6.2
1319	-0.922899	128.418323	0.015578	5.1
1320	-0.906595	128.364092	0.009689	5.0
1321	-0.664992	128.309922	0.008420	5.4
1322	-0.483881	128.255814	0.004842	6.2
1323	-0.994963	128.201766	0.010809	5.6
1324	-0.801550	128.147778	0.013321	5.9
1325	-0.004863	128.093852	0.000317	5.5
1326	-0.470544	128.039985	0.004805	5.1
1327	-0.635598	127.986180	0.005045	5.9
1328	-0.874216	127.932434	0.004129	5.0
1329	-0.104822	127.878749	0.003286	5.1
1330	-0.000005	127.825123	0.000002	6.3
1331	0.000000	127.771558	0.000000	5.6
1332	-0.000000	127.718052	0.000000	5.2
1333	-0.990551	127.664606	0.008245	6.0
1334	-0.172652	127.611220	0.001642	5.4
1335	-0.611973	127.557893	0.005768	5.7
1336	-0.000958	127.504625	0.000069	6.1
1337	-0.773377	127.451417	0.009678	5.7
1338	-0.000000	127.398268	0.000000	5.4
1339	-0.735734	127.345178	0.007261	6.5
1340	-0.021527	127.292147	0.000755	6.1
1341	-0.688127	127.239175	0.007153	5.5
1342	-0.225561	127.186261	0.003669	6.2
1343	-0.968183	127.133407	0.005590	5.4
1344	-0.817510	127.080610	0.008434	6.3
1345	-0.898672	127.027872	0.007939	5.3
1346	-0.983236	126.975193	0.014512	5.5
1347	-0.520887	126.922572	0.008133	5.8
1348	-0.542295	126.870008	0.006148	5.5
1349	-0.028533	126.817503	0.000941	5.0
1350	-0.720656	126.765056	0.006348	5.8
1351	-0.427809	126.712667	0.006361	5.1
1352	-0.460861	126.660335	0.003894	5.5
1353	0.000000	126.608061	0.000000	5.9
1354	-0.031987	126.555844	0.000460	5.2
1355	-0.740543	126.503685	0.009418	5.1
1356	-0.000000	126.451583	0.000000	5.9
1357	-0.668757	126.399538	0.009676	5.8
1358	-0.555532	126.347550	0.010919	5.5
1359	-0.220211	126.295619	0.004258	6.0
1360	-0.355560	126.243745	0.002992	6.0
1361	-0.030292	126.191928	0.000209	5.6
1362	-0.321164	126.140168	0.004981	5.9
1363	-0.563288	126.088464	0.005095	5.4
1364	0.000000	126.036817	0.000000	5.1
1365	0.000000	125.985226	0.000000	6.0
1366	-0.704992	125.933691	0.005053	5.0
1367	-0.115568	125.882212	0.002374	5.0
1368	-0.784610	125.830790	0.005966	6.4
1369	-0.748197	125.779423	0.005307	5.4
1370	-0.111199	125.728113	0.002030	5.4
1371	-0.304284	125.676858	0.006635	5.8
1372	-0.507938	125.625659	0.006155	5.2
1373	-0.993872	125.574515	0.006373	5.1
1374	-0.312544	125.523427	0.002185	6.2
1375	-0.573934	125.472394	0.004417	5.0
1376	-0.004037	125.421417	0.000616	5.1
1377	-0.005974	125.370495	0.000318	6.5
1378	-1.055418	125.319628	0.006086	6.0
1379	-0.926484	125.268815	0.020084	6.0
1380	-0.964860	125.218058	0.006455	5.1
1381	-0.615484	125.167356	0.006202	5.1
1382	-0.369762	125.116708	0.005223	6.1
1383	-0.426189	125.066115	0.005552	5.1
1384	-0.146287	125.015576	0.004885	5.5
1385	-0.000000	124.965092	0.000000	5.9
1386	-0.721760	124.914662	0.007801	5.1
1387	-0.143302	124.864287	0.001898	5.6
1388	-0.537739	124.813965	0.006473	5.9
1389	-0.953543	124.763698	0.005454	5.1
1390	-0.573328	124.713485	0.007742	5.3
1391	-0.876074	124.663325	0.009356	5.8
1392	-0.512839	124.613219	0.004651	5.2
1393	-0.000000	124.563167	0.000000	5.3
1394	-0.000000	124.513168	0.000000	6.2
1395	-0.855685	124.463223	0.010657	6.9
1396	-0.000002	124.413332	0.000000	5.6
1397	-0.746646	124.363493	0.004890	6.3
1398	-0.812834	124.313708	0.006549	5.3
1399	-0.579033	124.263976	0.007206	5.2
1400	-0.691325	124.214297	0.008431	6.7
1401	-0.312242	124.164671	0.002699	5.5
1402	-0.000000	124.115097	0.000000	5.7
1403	-0.547598	124.065577	0.005353	5.8
1404	-0.591311	124.016109	0.007200	5.2
1405	-0.643435	123.966693	0.010253	6.5
1406	-0.966797	123.917330	0.004647	5.5
1407	-0.049153	123.868020	0.000624	5.4
1408	-0.000000	123.818762	0.000000	5.9
1409	-0.719395	123.769556	0.004775	5.4
1410	-0.833535	123.720402	0.007205	5.0
1411	-0.796357	123.671300	0.006500	5.6
1412	-0.652324	123.622250	0.006095	6.2
1413	-0.008907	123.573252	0.000500	5.3
1414	-0.864791	123.524305	0.006832	6.1
1415	-1.040222	123.475411	0.006836	5.5
1416	-0.926631	123.426568	0.008099	5.4
1417	-0.000000	123.377776	0.000000	5.8
1418	-0.075954	123.329036	0.003048	5.1
1419	-0.101589	123.280347	0.001372	5.0
1420	-0.088025	123.231709	0.000649	5.8
1421	-0.467083	123.183122	0.005027	5.0
1422	-0.000000	123.134587	0.000000	5.6
1423	-0.626408	123.086102	0.006364	6.0
1424	-0.968893	123.037669	0.008968	5.1
1425	-0.888208	122.989286	0.008470	5.2
1426	0.000000	122.940954	0.000000	5.9
1427	-0.709376	122.892672	0.003566	5.1
1428	-0.629529	122.844441	0.006641	5.6
1429	-0.640514	122.796261	0.008768	6.3
1430	-0.000000	122.748130	0.000000	6.0
1431	-0.362975	122.700050	0.002612	5.1
1432	-0.953111	122.652021	0.007313	5.8
1433	-0.588266	122.604041	0.004395	5.0
1434	-0.666934	122.556111	0.006989	5.5
1435	0.000000	122.508232	0.000000	5.9
1436	-0.376110	122.460402	0.006077	5.8
1437	-0.430784	122.412622	0.005776	5.8
1438	-0.898796	122.364891	0.008090	5.6
1439	-0.967361	122.317210	0.007344	5.0
1440	-0.001883	122.269579	0.000039	5.2
1441	-0.564638	122.221997	0.002900	5.8
1442	0.000000	122.174465	0.000000	5.2
1443	-0.000000	122.126981	0.000000	6.1
1444	-0.699432	122.079547	0.008928	5.5
1445	-0.092059	122.032162	0.003172	5.0
1446	-0.485857	121.984826	0.005516	5.0
1447	-0.794156	121.937539	0.007419	5.8
1448	-0.699038	121.890301	0.006366	5.8
1449	-0.009891	121.843112	0.000141	5.6
1450	-0.957451	121.795971	0.006834	6.7
1451	-0.724513	121.748879	0.005255	5.4
1452	-0.626195	121.701835	0.005849	6.4
1453	-0.659295	121.654840	0.006171	5.3
1454	-0.010069	121.607893	0.000527	5.2
1455	-0.799146	121.560994	0.008704	6.5
1456	-0.783204	121.514144	0.013123	5.5
1457	-0.985629	121.467342	0.006440	5.2
1458	-0.000000	121.420588	0.000000	6.5
1459	-0.549683	121.373882	0.009916	5.2
1460	-0.577611	121.327223	0.003872	5.2
1461	-0.749784	121.280613	0.011631	6.5
1462	-0.000126	121.234050	0.000015	5.4
1463	-0.000052	121.187535	0.000006	5.4
1464	-1.028738	121.141067	0.007659	6.2
1465	-0.642713	121.094647	0.008182	5.0
1466	-0.990529	121.048274	0.014435	5.2
1467	-0.524863	121.001949	0.005899	6.8
1468	-0.301137	120.955671	0.002626	5.3
1469	-1.016496	120.909440	0.008915	5.6
1470	-0.000000	120.863256	0.000000	5.7
1471	-0.000250	120.817119	0.000014	5.0
1472	-0.000000	120.771029	0.000000	5.7
1473	-0.081735	120.724986	0.002631	6.4
1474	0.000000	120.678990	0.000000	5.7
1475	-0.957970	120.633040	0.012278	6.2
1476	-0.781013	120.587137	0.006460	5.4
1477	-0.376614	120.541281	0.004189	5.3
1478	-0.195214	120.495471	0.003690	5.9
1479	-0.000805	120.449707	0.000227	5.3
1480	-0.760534	120.403990	0.008530	5.3
1481	-0.298096	120.358319	0.005254	6.1
1482	-0.586896	120.312694	0.006347	5.0
1483	0.000000	120.267115	0.000000	5.0
1484	-0.065838	120.221582	0.001238	6.3
1485	-0.906680	120.176096	0.010642	5.9
1486	-0.557377	120.130655	0.006111	5.0
1487	-0.105952	120.085260	0.002238	5.8
1488	-0.191514	120.039910	0.001814	5.4
1489	-0.880062	119.994606	0.008976	5.2
1490	-0.065276	119.949348	0.001230	5.7
1491	-0.488979	119.904135	0.005777	5.4
1492	-0.270579	119.858968	0.004406	5.4
1493	-1.012123	119.813846	0.011937	5.8
1494	-0.616533	119.768769	0.005418	5.4
1495	-0.235946	119.723738	0.002335	5.4
1496	-0.686709	119.678752	0.006506	6.1
1497	-0.963054	119.633810	0.008243	5.1
1498	-0.788781	119.588914	0.006568	5.0
1499	-0.375242	119.544062	0.004160	5.8
1500	-1.062402	119.499256	0.007056	5.4
1501	-1.083134	119.454494	0.013651	5.6
1502	-0.000004	119.409777	0.000000	6.2
1503	-0.794220	119.365104	0.009018	5.3
1504	-0.823480	119.320476	0.014347	5.1
1505	-0.904039	119.275893	0.006196	6.4
1506	-0.689372	119.231353	0.004441	5.3
1507	-1.093486	119.186859	0.018737	5.3
1508	-0.769972	119.142408	0.008695	6.2
1509	-0.000000	119.098002	0.000000	5.1
1510	-1.001520	119.053639	0.008012	5.5
1511	-0.543874	119.009321	0.009236	5.6
1512	-0.407506	118.965047	0.005783	5.2
1513	-0.022061	118.920816	0.000459	6.1
1514	0.000000	118.876630	0.000000	5.6
1515	-0.854322	118.832487	0.012372	5.2
1516	-0.687128	118.788388	0.005643	6.1
1517	-0.904546	118.744332	0.013988	5.5
1518	-0.000000	118.700320	0.000000	5.2
1519	-0.000000	118.656352	0.000000	6.2
1520	-1.099367	118.612427	0.005603	5.7
1521	-0.387903	118.568545	0.005564	5.4
1522	-1.059065	118.524706	0.009440	6.1
1523	-0.640596	118.480911	0.005987	6.1
1524	-0.004357	118.437159	0.000023	5.9
1525	-0.746214	118.393450	0.006374	6.2
1526	-0.728279	118.349784	0.004247	5.1
1527	-1.073564	118.306160	0.010757	5.5
1528	-0.293549	118.262580	0.006730	6.0
1529	-0.476393	118.219042	0.005473	5.0
1530	-0.867818	118.175548	0.006672	5.7
1531	-0.683301	118.132095	0.008203	5.5
1532	-0.179284	118.088686	0.004080	5.5
1533	-0.305208	118.045319	0.004703	5.2
1534	-0.211255	118.001994	0.002883	5.4
1535	-0.000000	117.958712	0.000000	5.0
1536	-0.793458	117.915472	0.006926	6.1
1537	-0.346634	117.872274	0.006662	5.4
1538	-0.903414	117.829118	0.005488	5.5
1539	-0.000000	117.786005	0.000000	5.3
1540	-0.035077	117.742933	0.000382	6.1
1541	-1.052427	117.699904	0.007462	6.0
1542	-0.000000	117.656916	0.000000	5.6
1543	-0.962531	117.613971	0.018707	5.1
1544	0.000000	117.571067	0.000000	5.3
1545	-0.887623	117.528205	0.008583	6.2
1546	-0.637742	117.485384	0.007948	5.0
1547	-0.022202	117.442605	0.000881	5.7
1548	-0.926217	117.399867	0.004823	5.9
1549	-0.000022	117.357171	0.000015	5.0
1550	-0.139274	117.314517	0.002347	5.1
1551	-0.350911	117.271903	0.002449	5.9
1552	-0.000000	117.229331	0.000000	5.1
1553	-0.601854	117.186800	0.006329	5.6
1554	-0.566602	117.144311	0.005638	5.9
1555	-0.717045	117.101862	0.013030	5.1
1556	-0.998397	117.059454	0.014196	5.1
1557	-0.804982	117.017087	0.006451	6.1
1558	-0.291931	116.974762	0.002428	5.1
1559	-0.600094	116.932476	0.005391	5.0
1560	-0.364106	116.890232	0.005108	5.9
1561	-0.190728	116.848028	0.002033	6.3
1562	-0.890804	116.805865	0.004724	5.7
1563	0.000000	116.763743	0.000000	6.0
1564	-1.107035	116.721661	0.006807	5.2
1565	-0.268103	116.679619	0.003355	5.0
1566	-0.517614	116.637618	0.005736	6.3
1567	-0.921580	116.595657	0.005594	5.1
1568	-0.999582	116.553736	0.006481	5.0
1569	0.000000	116.511855	0.000000	6.0
1570	-0.834755	116.470015	0.009297	5.3
1571	-0.722966	116.428214	0.005116	5.0
1572	-0.886004	116.386454	0.017073	6.0
1573	-1.005394	116.344733	0.011727	5.4
1574	-1.026617	116.303052	0.007242	5.4
1575	-0.105295	116.261412	0.004140	6.1
1576	-0.604012	116.219810	0.006825	5.0
1577	-0.738976	116.178249	0.004964	5.0
1578	-0.062124	116.136727	0.001132	6.0
1579	-0.634304	116.095245	0.006853	5.0
1580	-0.352219	116.053802	0.006937	5.0
1581	-0.906107	116.012398	0.006656	6.1
1582	-1.094165	115.971034	0.012989	6.4
1583	-0.976561	115.929710	0.005775	5.0
1584	-0.980067	115.888424	0.011530	5.7
1585	-0.841085	115.847178	0.007483	5.1
1586	0.000000	115.805970	0.000000	5.9
1587	0.000000	115.764802	0.000000	6.0
1588	-1.026397	115.723673	0.005089	5.2
1589	-0.032308	115.682583	0.000835	5.9
1590	-1.114953	115.641532	0.010242	6.0
1591	0.000000	115.600519	0.000000	5.7
1592	-0.629997	115.559546	0.008561	6.4
1593	-0.992711	115.518610	0.007169	5.3
1594	-1.126672	115.477714	0.008017	5.4
1595	-1.024724	115.436856	0.009275	6.0
1596	-0.936558	115.396037	0.009065	5.3
1597	-0.735521	115.355256	0.007466	5.9
1598	-0.923554	115.314514	0.011684	6.4
1599	-0.050601	115.273810	0.001052	6.4
1600	-0.676118	115.233144	0.005343	5.7
1601	-0.747295	115.192517	0.007559	5.9
1602	-0.047404	115.151927	0.001091	5.4
1603	-0.444247	115.111376	0.007584	5.4
1604	-0.000507	115.070863	0.000011	5.6
1605	-0.853238	115.030388	0.008945	5.3
1606	-0.361165	114.989951	0.005613	5.6
1607	-0.832290	114.949551	0.006249	6.3
1608	-0.882901	114.909190	0.008047	5.1
1609	-0.000000	114.868866	0.000000	5.8
1610	-0.944710	114.828580	0.008817	5.2
1611	-0.982747	114.788332	0.007993	6.0
1612	-0.969371	114.748121	0.004877	5.7
1613	-0.967281	114.707948	0.013200	5.6
1614	-0.529683	114.667812	0.005634	5.3
1615	-0.538670	114.627714	0.006401	5.5
1616	-0.835845	114.587653	0.006637	6.2
1617	-0.487572	114.547629	0.004988	5.4
1618	-0.823268	114.507643	0.006148	5.9
1619	-0.937818	114.467693	0.005652	5.2
1620	-0.000000	114.427781	0.000000	5.2
1621	-0.203810	114.387907	0.002772	5.9
1622	-0.766508	114.348069	0.005870	5.2
1623	-0.676435	114.308268	0.015170	5.3
1624	-0.910673	114.268504	0.009340	6.2
1625	-0.539779	114.228777	0.005227	5.5
1626	-0.088205	114.189086	0.001446	5.0
1627	-0.733865	114.149433	0.004354	6.1
1628	-0.531427	114.109816	0.005886	4.9
1629	-0.453227	114.070235	0.006887	5.0
1630	-0.141629	114.030692	0.001145	6.3
1631	-0.587940	113.991185	0.007500	5.5
1632	-0.002102	113.951714	0.000154	5.2
1633	0.000000	113.912280	0.000000	6.3
1634	-0.956914	113.872882	0.006148	5.9
1635	-0.697808	113.833521	0.004776	5.1
1636	-0.314351	113.794195	0.002835	5.8
1637	-0.580589	113.754906	0.005388	5.1
1638	-0.000000	113.715653	0.000000	5.9
1639	-0.941959	113.676437	0.006045	5.8
1640	-0.000000	113.637256	0.000000	5.1
1641	-0.079245	113.598111	0.002416	5.2
1642	-0.000000	113.559002	0.000000	5.8
1643	-0.000000	113.519929	0.000000	5.0
1644	-0.951026	113.480892	0.008365	5.0
1645	-0.649792	113.441891	0.006336	5.6
1646	-0.624096	113.402925	0.010298	5.4
1647	-0.383581	113.363995	0.002335	6.2
1648	-1.034034	113.325101	0.016646	5.8
1649	-0.754877	113.286242	0.010353	5.6
1650	-0.079075	113.247419	0.000796	5.3
1651	-0.252866	113.208631	0.004186	5.8
1652	-0.772298	113.169879	0.004500	5.1
1653	-0.906597	113.131162	0.008332	5.2
1654	-0.680053	113.092480	0.005205	6.2
1655	-0.711060	113.053833	0.008446	5.7
1656	-0.046154	113.015222	0.000423	5.8
1657	-0.000000	112.976646	0.000000	5.4
1658	-0.080102	112.938105	0.001835	5.6
1659	-1.013468	112.899599	0.011972	6.1
1660	-0.351831	112.861128	0.003739	5.5
1661	-0.517984	112.822692	0.008124	5.0
1662	-0.000000	112.784291	0.000000	5.5
1663	-0.226401	112.745924	0.001521	5.5
1664	0.000000	112.707593	0.000000	5.2
1665	-0.923950	112.669296	0.007719	5.6
1666	-0.389125	112.631034	0.004186	5.3
1667	-0.893016	112.592806	0.009946	5.0
1668	-0.733262	112.554613	0.005719	6.1
1669	-0.000000	112.516455	0.000000	5.6
1670	-0.818232	112.478331	0.007324	5.0
1671	-0.535581	112.440241	0.005128	6.2
1672	-0.912899	112.402186	0.005821	5.1
1673	-0.000001	112.364165	0.000000	5.9
1674	-0.914948	112.326179	0.008359	6.0
1675	-0.715491	112.288227	0.010248	6.2
1676	-0.000001	112.250309	0.000000	5.3
1677	-0.549374	112.212425	0.007856	6.1
1678	-1.001970	112.174575	0.006474	5.0
1679	-0.883955	112.136759	0.006089	5.2
1680	-1.022288	112.098977	0.017326	5.9
1681	-0.013251	112.061229	0.000712	5.6
1682	-0.926487	112.023515	0.011570	5.3
1683	-0.071670	111.985834	0.000876	6.4
1684	-0.890579	111.948188	0.005780	5.1
1685	-1.035869	111.910575	0.007759	5.2
1686	-0.997354	111.872996	0.004836	5.9
1687	-0.540638	111.835450	0.006116	5.5
1688	-0.209188	111.797939	0.003545	6.4
1689	-0.035232	111.760460	0.000646	5.4
1690	-0.485698	111.723015	0.009060	5.3
1691	-0.548409	111.685604	0.006236	6.4
1692	0.000000	111.648226	0.000000	6.1
1693	-0.768895	111.610881	0.003632	5.5
1694	-0.927802	111.573570	0.009506	6.7
1695	-1.020037	111.536292	0.006102	5.0
1696	-0.629535	111.499047	0.006253	5.2
1697	-1.084265	111.461835	0.011212	5.7
1698	-0.474841	111.424656	0.005288	5.6
1699	-0.626905	111.387510	0.005202	5.4
1700	-0.000000	111.350398	0.000000	5.6
1701	-0.000000	111.313318	0.000000	5.0
1702	-0.357745	111.276271	0.004963	5.2
1703	-0.492897	111.239257	0.010586	6.1
1704	-0.942348	111.202276	0.004918	5.7
1705	-0.963011	111.165328	0.005868	5.4
1706	-0.947075	111.128412	0.006329	6.1
1707	-0.000076	111.091529	0.000003	5.0
1708	-0.764460	111.054679	0.006933	4.9
1709	-0.627808	111.017861	0.007179	5.8
1710	-0.568546	110.981076	0.005346	5.1
1711	0.000000	110.944323	0.000000	5.6
1712	-0.629948	110.907603	0.004094	6.1
1713	0.000000	110.870915	0.000000	6.2
1714	-0.663794	110.834259	0.008281	5.0
1715	-0.885802	110.797636	0.006086	6.1
1716	-0.512478	110.761045	0.003563	5.1
1717	-0.756110	110.724486	0.012390	5.0
1718	-0.460518	110.687959	0.006322	5.6
1719	-0.049704	110.651465	0.001192	5.0
1720	-0.000000	110.615002	0.000000	5.2
1721	-0.370847	110.578572	0.004274	6.4
1722	-0.708555	110.542173	0.008473	5.2
1723	-0.659440	110.505807	0.007578	5.0
1724	-0.000000	110.469472	0.000000	5.9
1725	-0.256718	110.433169	0.002002	5.0
1726	-0.832039	110.396898	0.007940	5.1
1727	-0.020349	110.360659	0.000334	6.6
1728	-0.591505	110.324451	0.007222	5.2
1729	-0.829282	110.288276	0.004725	5.3
1730	-0.754413	110.252131	0.007347	6.7
1731	-0.329707	110.216019	0.003999	5.5
1732	-0.677871	110.179937	0.006024	5.3
1733	-1.002910	110.143888	0.006091	5.8
1734	-0.023347	110.107869	0.000356	5.7
1735	-1.038664	110.071882	0.008681	5.8
1736	-0.077283	110.035927	0.001460	5.3
1737	-0.840625	110.000003	0.008402	5.0
1738	-1.035472	109.964110	0.009766	6.1
1739	-0.429091	109.928248	0.006314	5.1
1740	-0.000000	109.892417	0.000000	5.6
1741	-0.000000	109.856618	0.000000	5.8
1742	-1.048350	109.820850	0.004333	5.0
1743	-0.584282	109.785112	0.007260	5.5
1744	-0.033839	109.749406	0.000684	5.9
1745	-0.482637	109.713730	0.004304	5.4
1746	-0.004479	109.678086	0.000149	5.1
1747	-0.633222	109.642472	0.006044	6.0
1748	-0.097917	109.606890	0.001773	5.9
1749	-0.964702	109.571337	0.004496	5.3
1750	-0.649065	109.535816	0.006331	5.9
1751	-0.000000	109.500326	0.000000	5.1
1752	-0.522693	109.464866	0.004485	5.1
1753	-0.037466	109.429436	0.000594	5.6
1754	-0.455289	109.394038	0.007890	5.0
1755	-0.942643	109.358669	0.007812	5.2
1756	-0.201030	109.323331	0.003213	6.1
1757	-0.897046	109.288024	0.005483	5.1
1758	0.000000	109.252747	0.000000	5.8
1759	-0.248342	109.217501	0.004369	6.0
1760	-0.768796	109.182284	0.005184	5.2
1761	0.000000	109.147098	0.000000	5.3
1762	-0.279351	109.111942	0.002671	6.5
1763	-0.628585	109.076817	0.005484	5.7
1764	-0.877011	109.041721	0.006331	5.7
1765	-0.000000	109.006656	0.000000	6.1
1766	-0.949438	108.971620	0.006084	5.3
1767	-0.472451	108.936615	0.005856	5.6
1768	-0.702807	108.901640	0.005109	7.0
1769	-0.629441	108.866694	0.009223	5.7
1770	-0.516910	108.831779	0.007391	6.1
1771	-0.454544	108.796893	0.004052	5.1
1772	-0.634636	108.762037	0.007722	5.1
1773	-0.249727	108.727211	0.002856	6.4
1774	-0.221543	108.692415	0.003417	5.1
1775	-1.054581	108.657648	0.006432	5.0
1776	0.000000	108.622911	0.000000	5.7
1777	-0.719560	108.588203	0.004392	5.1
1778	-0.739214	108.553525	0.005508	5.0
1779	-1.103771	108.518877	0.010744	6.2
1780	0.000000	108.484258	0.000000	5.3
1781	-0.865003	108.449668	0.008871	5.3
1782	-0.560971	108.415108	0.007931	5.8
1783	-0.623397	108.380578	0.005943	5.3
1784	-0.097309	108.346076	0.001164	5.1
1785	-0.921759	108.311604	0.007262	6.3
1786	-0.316055	108.277161	0.002777	6.5
1787	-0.791689	108.242747	0.012719	5.5
1788	-0.000547	108.208363	0.000135	6.2
1789	-0.218727	108.174007	0.003805	5.0
1790	-0.641634	108.139681	0.009566	5.5
1791	-0.163217	108.105383	0.002279	6.0
1792	-0.951063	108.071115	0.011915	5.1
1793	-0.878734	108.036875	0.008478	5.1
1794	-0.930041	108.002665	0.006336	7.3
1795	-0.936976	107.968483	0.016361	5.0
1796	-0.952882	107.934330	0.004624	5.6
1797	-0.557243	107.900206	0.008866	5.7
1798	-0.875142	107.866111	0.007140	5.2
1799	-0.608015	107.832044	0.004993	5.4
1800	-0.524953	107.798007	0.006325	5.6
1801	-0.601837	107.763997	0.003420	5.3
1802	-0.990391	107.730017	0.010230	5.3
1803	-0.377790	107.696065	0.003647	6.7
1804	-0.913306	107.662141	0.006110	5.2
1805	0.000000	107.628246	0.000000	5.5
1806	-0.469714	107.594379	0.006102	5.3
1807	-0.982043	107.560541	0.009792	5.6
1808	-0.000000	107.526731	0.000000	5.8
1809	0.000000	107.492949	0.000000	5.7
1810	-0.760402	107.459196	0.004542	5.3
1811	0.000000	107.425471	0.000000	5.8
1812	-0.694917	107.391774	0.006670	5.0
1813	-0.845028	107.358106	0.012722	5.5
1814	-0.609150	107.324465	0.005709	6.0
1815	-0.617262	107.290853	0.008480	5.2
1816	-0.906261	107.257268	0.005072	5.4
1817	0.000000	107.223712	0.000000	5.7
1818	-0.831483	107.190184	0.007595	5.0
1819	-0.701115	107.156683	0.005648	5.6
1820	-0.000000	107.123211	0.000000	5.6
1821	-0.159526	107.089766	0.002288	5.0
1822	-0.000000	107.056349	0.000000	5.7
1823	-0.775766	107.022960	0.005817	6.3
1824	-0.150257	106.989599	0.002229	6.3
1825	-0.034959	106.956265	0.001039	10.1
1826	-0.736902	106.922960	0.007799	6.9
1827	0.000000	106.889681	0.000000	6.1
1828	-0.000000	106.856431	0.000000	6.8
1829	-0.651381	106.823208	0.006124	6.7
1830	-0.492549	106.790012	0.005790	7.8
1831	-0.051831	106.756844	0.001013	6.6
1832	-0.971393	106.723703	0.009165	7.7
1833	0.000000	106.690590	0.000000	6.5
1834	-1.024493	106.657505	0.013023	6.0
1835	-0.180426	106.624446	0.002283	6.7
1836	-0.859813	106.591415	0.009409	6.4
1837	-0.000000	106.558411	0.000000	6.1
1838	-0.895815	106.525435	0.007225	7.6
1839	-0.616274	106.492485	0.005234	6.4
1840	-0.209406	106.459563	0.005292	6.1
1841	-0.144555	106.426668	0.002173	5.7
1842	-0.526676	106.393800	0.007616	7.3
1843	-0.582917	106.360959	0.006545	6.0
1844	-0.678966	106.328145	0.003970	6.5
1845	-0.569256	106.295358	0.006160	6.9
1846	-1.002087	106.262598	0.008506	6.0
1847	-0.645710	106.229865	0.005376	6.3
1848	-0.484971	106.197158	0.006395	6.5
1849	-0.000000	106.164479	0.000000	6.5
1850	0.000000	106.131826	0.000000	5.6
1851	-0.868499	106.099201	0.004039	6.0
1852	-0.421510	106.066602	0.005931	5.6
1853	-0.344643	106.034029	0.004652	6.2
1854	-0.393182	106.001483	0.008071	6.0
1855	-1.000112	105.968964	0.010088	5.3
1856	-0.304117	105.936472	0.004885	6.1
1857	-1.021117	105.904006	0.015151	6.4
1858	-0.871277	105.871566	0.006375	6.3
1859	-0.450220	105.839153	0.003954	6.0
1860	-0.172435	105.806767	0.002646	5.6
1861	-0.000000	105.774407	0.000000	6.0
1862	-0.830861	105.742073	0.009330	5.9
1863	-0.515914	105.709766	0.006750	6.1
1864	-0.505344	105.677485	0.007420	6.7
1865	-0.735867	105.645230	0.005309	5.8
1866	0.000000	105.613001	0.000000	6.2
1867	-0.000000	105.580799	0.000000	5.4
1868	-0.946401	105.548623	0.004737	5.6
1869	-0.008317	105.516473	0.000135	6.2
1870	0.000000	105.484349	0.000000	5.7
1871	-0.000000	105.452251	0.000000	5.5
1872	0.000000	105.420179	0.000000	6.6
1873	-0.978915	105.388133	0.007638	6.3
1874	-0.120463	105.356113	0.000742	6.1
1875	-0.904303	105.324119	0.007043	5.7
1876	-0.000000	105.292151	0.000000	6.2
1877	-0.908322	105.260209	0.008534	6.5
1878	-0.000000	105.228293	0.000000	5.7
1879	-0.430605	105.196402	0.004484	5.5
1880	-0.000393	105.164537	0.000057	6.3
1881	-0.724686	105.132698	0.007513	6.1
1882	-0.734472	105.100885	0.006407	6.1
1883	-0.518105	105.069097	0.005393	6.0
1884	-0.000000	105.037335	0.000000	5.7
1885	-0.542819	105.005598	0.014674	5.5
1886	0.000000	104.973887	0.000000	6.1
1887	-0.674229	104.942202	0.006779	5.5
1888	-0.608585	104.910542	0.006956	6.3
1889	-0.185822	104.878907	0.001592	6.7
1890	-0.804974	104.847298	0.008445	6.2
1891	-0.897184	104.815715	0.008990	7.0
1892	-0.004018	104.784156	0.000085	6.8
1893	-0.001176	104.752623	0.000037	6.1
1894	-0.629386	104.721116	0.006508	5.8
1895	-0.746579	104.689633	0.006332	5.8
1896	-0.204520	104.658176	0.001585	6.7
1897	-0.000000	104.626744	0.000000	5.3
1898	0.000000	104.595337	0.000000	6.0
1899	-1.052720	104.563955	0.010224	5.6
1900	-0.108162	104.532599	0.003608	5.0
1901	-0.912311	104.501267	0.007987	6.0
1902	-0.033595	104.469960	0.000911	6.5
1903	-0.436988	104.438679	0.004954	5.5
1904	-0.993172	104.407422	0.006222	5.6
1905	-0.146503	104.376191	0.002031	6.0
1906	0.000000	104.344984	0.000000	6.4
1907	-0.753523	104.313802	0.006360	6.2
1908	-0.592356	104.282645	0.007053	6.1
1909	-0.003829	104.251513	0.000222	6.1
1910	-0.607933	104.220405	0.006979	6.4
1911	-0.955874	104.189323	0.004627	5.5
1912	-0.494941	104.158265	0.004536	6.0
1913	-0.000000	104.127231	0.000000	6.3
1914	-0.000000	104.096222	0.000000	5.4
1915	-0.000000	104.065238	0.000000	5.6
1916	-0.035357	104.034279	0.000522	5.6
1917	-0.886845	104.003344	0.004679	5.3
1918	-1.143812	103.972433	0.010183	5.8
1919	-0.454711	103.941547	0.004917	5.7
1920	-0.097588	103.910686	0.000937	5.6
1921	-0.874139	103.879849	0.004774	6.4
1922	0.000000	103.849036	0.000000	6.1
1923	-0.740431	103.818248	0.008664	5.5
1924	-0.850144	103.787484	0.006197	6.5
1925	-0.966635	103.756744	0.005528	6.2
1926	-0.325313	103.726029	0.005818	5.1
1927	-0.774206	103.695338	0.010377	6.5
1928	0.000000	103.664671	0.000000	5.7
1929	-0.443186	103.634028	0.003684	6.6
1930	-0.720186	103.603409	0.006455	5.6
1931	-0.786754	103.572814	0.008501	5.0
1932	-0.000000	103.542244	0.000000	6.1
1933	-0.000000	103.511698	0.000000	6.7
1934	-0.916326	103.481175	0.005012	6.1
1935	-0.909815	103.450677	0.006783	6.0
1936	-0.590429	103.420202	0.004989	5.9
1937	-0.471119	103.389752	0.005858	6.5
1938	-0.739594	103.359325	0.005681	6.3
1939	-0.311371	103.328922	0.005876	6.2
1940	-0.035645	103.298543	0.000878	6.1
1941	-0.736197	103.268188	0.007261	5.9
1942	0.000000	103.237857	0.000000	7.0
1943	-0.970623	103.207549	0.005936	6.8
1944	-0.583255	103.177265	0.007419	5.8
1945	-0.000000	103.147005	0.000000	6.7
1946	-0.000000	103.116768	0.000000	5.7
1947	-0.867409	103.086556	0.007761	6.2
1948	-0.965889	103.056366	0.005132	6.7
1949	-0.571332	103.026200	0.005956	6.1
1950	-0.084898	102.996058	0.001532	5.8
1951	-0.000000	102.965939	0.000000	5.1
1952	-0.000000	102.935844	0.000000	5.0
1953	-0.446682	102.905772	0.004262	5.4
1954	-0.164644	102.875724	0.001797	6.6
1955	-0.582980	102.845699	0.009717	5.5
1956	-0.312261	102.815697	0.004102	6.4
1957	-1.036315	102.785719	0.008443	5.5
1958	-0.517965	102.755764	0.004865	6.0
1959	-0.604554	102.725832	0.004466	6.7
1960	-0.864881	102.695924	0.008842	6.3
1961	-0.406124	102.666038	0.005836	5.1
1962	-0.021360	102.636176	0.000866	6.5
1963	-0.501715	102.606337	0.004400	6.0
1964	-0.971417	102.576521	0.007398	6.1
1965	-0.835292	102.546728	0.006478	5.7
1966	-0.917286	102.516959	0.003679	5.8
1967	-0.896146	102.487212	0.012672	5.3
1968	-0.312004	102.457488	0.005847	6.0
1969	-0.841757	102.427788	0.006934	5.6
1970	-0.000000	102.398110	0.000000	5.9
1971	0.000000	102.368455	0.000000	6.1
1972	-0.948888	102.338823	0.010025	6.0
1973	-0.034211	102.309214	0.000804	6.4
1974	-0.613851	102.279628	0.006633	6.1
1975	-0.000000	102.250064	0.000000	6.1
1976	-0.046959	102.220524	0.000898	5.8
1977	-0.000000	102.191006	0.000000	5.0
1978	-0.190015	102.161511	0.004386	6.1
1979	-1.023190	102.132038	0.010445	6.9
1980	-0.892468	102.102588	0.004300	6.0
1981	-0.732433	102.073161	0.005083	6.5
1982	-0.908139	102.043757	0.007138	5.8
1983	-0.000000	102.014375	0.000000	6.6
1984	-0.874180	101.985015	0.007032	6.5
1985	-0.046640	101.955678	0.001416	6.4
1986	-0.384213	101.926364	0.004562	6.7
1987	-0.962350	101.897072	0.004704	5.8
1988	-0.995969	101.867802	0.007582	6.7
1989	-0.000144	101.838555	0.000012	6.3
1990	-0.000000	101.809330	0.000000	6.2
1991	0.000000	101.780128	0.000000	6.3
1992	-0.000000	101.750948	0.000000	6.1
1993	-0.000004	101.721790	0.000000	5.8
1994	-0.485885	101.692654	0.007607	6.5
1995	-0.447302	101.663541	0.006306	6.6
1996	-0.812560	101.634450	0.006308	7.0
1997	-0.000610	101.605381	0.000111	6.1
1998	-0.645309	101.576335	0.006895	5.7
1999	-0.079319	101.547310	0.000870	5.9
