1:ItNr	2:Metric	3a:Time	3b:StepSize	4:||Gradient||	Time[ms]
0	-0.663421	0.000000	16.775231	0.019472	812.8
1	-0.662600	0.000000	16.775231	0.014116	2.5
2	-0.656551	0.999996	16.012724	0.011632	3.0
3	-0.673206	0.441276	16.429986	0.008256	2.5
4	-0.672489	0.000000	16.775231	0.010205	2.4
5	-0.678125	0.000000	16.775231	0.011268	2.2
6	-0.677012	0.311692	16.529887	0.009777	3.1
7	-0.668784	0.535849	16.357835	0.011936	2.5
8	-0.698133	0.000000	16.775231	0.013085	2.6
9	-0.682259	0.999994	16.012725	0.009127	2.6
10	-0.657068	0.441274	16.429987	0.011804	2.5
11	-0.659721	0.000000	16.775231	0.010910	2.5
12	-0.662022	0.000000	16.775231	0.012161	2.9
13	-0.671241	0.000000	16.775231	0.006222	2.6
14	-0.697621	0.962896	16.039773	0.011959	2.3
15	-0.683757	0.416216	16.449211	0.011357	2.4
16	-0.645855	0.000000	16.775231	0.010969	2.3
17	-0.696486	0.981657	16.026083	0.010489	2.4
18	-0.665024	1.558311	15.616411	0.016670	3.5
19	-0.655075	0.999591	16.013019	0.020868	2.4
20	-0.666672	1.999591	15.316788	0.010102	2.6
21	-0.691463	2.999591	14.678578	0.011021	2.2
22	-0.686425	3.999446	14.091507	0.014986	2.6
23	-0.701683	4.015265	14.082596	0.012028	2.6
24	-0.689132	5.015265	13.541275	0.007800	2.9
25	-0.655676	4.456551	13.838476	0.008284	2.3
26	-0.700101	3.898050	14.148894	0.013578	2.6
27	-0.672404	3.483653	14.388370	0.007672	2.3
28	-0.694018	2.924933	14.724382	0.008361	2.4
29	-0.678548	3.810473	14.198837	0.011760	2.2
30	-0.670796	3.723779	14.248625	0.011667	3.5
31	-0.728608	4.723776	13.694718	0.010653	2.7
32	-0.671074	4.359148	13.891628	0.012957	2.4
33	-0.671694	3.800428	14.204588	0.013190	2.5
34	-0.689621	4.800428	13.654032	0.006077	2.6
35	-0.676048	4.595219	13.763503	0.009554	2.3
36	-0.692693	5.493452	13.296865	0.013360	3.2
37	-0.666686	6.470245	12.824052	0.012054	2.7
38	-0.678285	7.470201	12.373634	0.009254	2.9
39	-0.704741	8.470028	11.953835	0.012848	2.4
40	-0.710864	9.470028	11.561521	0.009808	2.6
41	-0.659788	8.911424	11.777435	0.009031	2.6
42	-0.662499	8.417903	11.975016	0.007957	3.1
43	-0.690587	8.057227	12.123657	0.015629	2.4
44	-0.688781	7.498506	12.361345	0.010788	2.5
45	-0.683902	6.939786	12.608538	0.012328	2.4
46	-0.694347	7.939786	12.172857	0.010748	2.4
47	-0.705048	8.939702	11.766312	0.010495	2.2
48	-0.690826	8.381052	11.990036	0.016068	3.3
49	-0.667804	7.823057	12.222154	0.011616	2.3
50	-0.667579	8.822988	11.812360	0.007714	2.4
51	-0.676962	8.267507	12.036552	0.010621	2.2
52	-0.720904	9.265711	11.639570	0.017245	2.4
53	-0.670061	8.706990	11.858484	0.013504	2.3
54	-0.680061	9.706989	11.472302	0.014215	2.8
55	-0.677993	9.150349	11.684106	0.010853	2.8
56	-0.672381	8.592128	11.904513	0.009401	2.8
57	-0.681775	8.156132	12.082531	0.008035	2.4
58	-0.676871	9.115047	11.697802	0.009350	2.6
59	-0.681009	10.113982	11.322236	0.010654	2.3
60	-0.674159	10.599173	11.148389	0.010085	2.9
61	-0.694981	10.040453	11.349057	0.008363	2.5
62	-0.652332	11.040452	10.994847	0.010330	2.5
63	-0.662455	10.482099	11.189847	0.017033	2.2
64	-0.675200	9.924974	11.391436	0.008845	2.6
65	-0.692641	10.924974	11.034617	0.010322	2.4
66	-0.691891	10.366290	11.231161	0.005467	2.4
67	-0.670892	10.001538	11.363303	0.006527	3.3
68	-0.699104	9.513848	11.544917	0.007011	2.8
69	-0.658708	9.661862	11.489187	0.012260	2.7
70	-0.665362	10.661836	11.126324	0.010559	2.7
71	-0.690327	11.661790	10.785688	0.010123	2.4
72	-0.655690	11.103745	10.973170	0.009086	2.9
73	-0.694809	12.100923	10.642599	0.007212	3.1
74	-0.683047	11.542211	10.825320	0.007516	2.8
75	-0.659914	12.538533	10.503735	0.009704	4.1
76	-0.686092	12.004598	10.673660	0.009495	2.7
77	-0.688732	12.597473	10.485308	0.012307	3.0
78	-0.699785	12.039265	10.662461	0.010131	2.8
79	-0.677338	11.480545	10.845873	0.012446	2.8
80	-0.709998	10.922673	11.035413	0.008242	2.9
81	-0.687490	10.363988	11.231986	0.014499	3.0
82	-0.716295	10.018293	11.357164	0.010101	3.6
83	-0.674422	9.459573	11.565489	0.011770	3.1
84	-0.702402	10.146594	11.310382	0.009949	2.9
85	-0.668478	9.820050	11.430217	0.014965	2.9
86	-0.682751	9.261357	11.641245	0.017187	3.1
87	-0.664038	10.261357	11.268860	0.009588	3.8
88	-0.639336	11.261357	10.919561	0.008923	2.6
89	-0.648594	12.260975	10.591387	0.010556	2.2
90	-0.672729	13.260918	10.282266	0.008253	2.7
91	-0.709096	12.704639	10.451970	0.017603	2.2
92	-0.695828	13.704639	10.150800	0.007661	2.6
93	-0.674030	13.145920	10.316895	0.011235	3.1
94	-0.686689	14.145349	10.023513	0.009925	3.1
95	-0.688625	13.586629	10.185435	0.009877	2.7
96	-0.690014	14.440840	9.939941	0.008735	2.4
97	-0.709446	15.440758	9.667194	0.012998	2.4
98	-0.679804	14.882037	9.817722	0.012450	2.5
99	-0.695546	14.323317	9.973012	0.012605	3.1
100	-0.681592	15.323317	9.698450	0.008792	2.7
101	-0.681888	16.323317	9.438600	0.016660	2.5
102	-0.682903	17.323317	9.192311	0.010664	2.5
103	-0.682073	16.764596	9.328310	0.011609	2.3
104	-0.697125	17.757309	9.089379	0.010245	2.5
105	-0.674862	17.198590	9.222326	0.005957	2.9
106	-0.691366	18.190929	8.988811	0.010275	3.0
107	-0.661887	17.679045	9.107770	0.011274	2.8
108	-0.695624	17.120325	9.241261	0.006827	2.8
109	-0.666491	16.571391	9.376279	0.011616	2.4
110	-0.663771	16.016822	9.516751	0.010595	2.6
111	-0.715570	17.016822	9.266421	0.009478	3.3
112	-0.689123	16.458101	9.404637	0.010880	2.8
113	-0.687834	15.900102	9.546853	0.006210	2.8
114	-0.675961	16.346293	9.432793	0.011678	2.4
115	-0.678185	15.794782	9.574180	0.017988	2.5
116	-0.706225	15.236072	9.721800	0.010193	2.4
117	-0.672773	15.684714	9.602906	0.012976	3.5
118	-0.653164	16.187114	9.473170	0.009734	2.9
119	-0.666245	17.187114	9.225098	0.009155	3.1
120	-0.704803	18.018056	9.028637	0.006974	2.9
121	-0.671568	19.017785	8.803082	0.010384	2.6
122	-0.716802	19.270763	8.747782	0.013921	3.5
123	-0.638619	18.728893	8.867095	0.006727	2.8
124	-0.656742	19.728860	8.649392	0.012828	2.7
125	-0.673327	20.728792	8.442129	0.006234	2.6
126	-0.725285	20.179969	8.554641	0.011133	2.7
127	-0.704962	21.158075	8.356166	0.012544	2.7
128	-0.666356	22.158021	8.162558	0.005899	3.3
129	-0.665236	21.599311	8.269614	0.009550	3.4
130	-0.691245	21.655113	8.258796	0.013027	3.2
131	-0.665637	22.655111	8.069613	0.012085	2.7
132	-0.661246	23.655102	7.888905	0.008302	2.5
133	-0.666782	24.655101	7.716112	0.009711	3.4
134	-0.663259	25.641415	7.552941	0.012071	2.5
135	-0.677896	26.641406	7.394405	0.013222	2.2
136	-0.645245	26.082686	7.482153	0.009761	2.4
137	-0.686395	27.082475	7.326575	0.009896	2.4
138	-0.685299	28.082246	7.177338	0.008280	2.6
139	-0.693434	27.748582	7.226464	0.008757	3.2
140	-0.683641	28.748579	7.081205	0.012205	2.5
141	-0.681234	29.748578	6.941670	0.011296	2.6
142	-0.692377	30.748023	6.807600	0.006781	2.4
143	-0.683945	31.738939	6.679692	0.012187	2.5
144	-0.688707	32.738905	6.555397	0.014854	2.4
145	-0.697124	33.738905	6.435640	0.009232	3.6
146	-0.665363	33.180184	6.502006	0.009980	3.2
147	-0.703180	32.624675	6.569361	0.015926	2.5
148	-0.662315	32.065954	6.638529	0.015085	2.5
149	-0.678308	31.507234	6.709168	0.010246	2.5
150	-0.689881	30.948514	6.781327	0.006045	2.8
151	-0.678381	30.389814	6.855052	0.013977	2.8
152	-0.695931	30.695686	6.814492	0.007074	2.6
153	-0.660194	31.547096	6.704079	0.008870	2.5
154	-0.677483	30.991428	6.775730	0.008624	2.4
155	-0.683381	31.962241	6.651529	0.010572	2.6
156	-0.674906	31.403551	6.722442	0.011649	2.3
157	-0.673713	30.844831	6.794889	0.012407	2.9
158	-0.668592	31.844825	6.666308	0.010504	2.5
159	-0.665164	31.287586	6.737352	0.010137	2.3
160	-0.692801	32.287012	6.610989	0.011846	2.5
161	-0.651033	32.601537	6.572197	0.012336	2.7
162	-0.670192	33.087376	6.513162	0.007437	2.6
163	-0.704200	34.087329	6.394935	0.012937	3.0
164	-0.670345	33.528609	6.460459	0.010746	2.6
165	-0.691273	32.970519	6.527265	0.009862	2.5
166	-0.723494	32.411799	6.595544	0.012097	2.4
167	-0.697978	31.853081	6.665266	0.009635	2.6
168	-0.676058	31.294440	6.736469	0.011716	3.2
169	-0.697463	32.287935	6.610875	0.013681	2.8
170	-0.659027	33.287935	6.489100	0.006455	2.3
171	-0.700486	34.286298	6.371920	0.007410	2.4
172	-0.682652	34.978454	6.293133	0.008764	2.3
173	-0.711555	34.950859	6.296237	0.013692	2.2
174	-0.673111	35.897749	6.191455	0.010782	2.2
175	-0.651264	35.360995	6.250419	0.009623	3.0
176	-0.705244	34.803572	6.312855	0.009206	2.6
177	-0.690037	35.803571	6.201720	0.009151	2.5
178	-0.700463	35.256044	6.262080	0.013561	2.3
179	-0.711153	36.253376	6.152997	0.007784	2.2
180	-0.649847	37.235990	6.049178	0.009504	2.2
181	-0.688667	36.679080	6.107585	0.007605	2.6
182	-0.664685	36.136976	6.165532	0.007043	3.2
183	-0.693162	35.709943	6.211959	0.012006	2.3
184	-0.691738	36.626477	6.113160	0.010420	2.2
185	-0.651992	37.626370	6.008898	0.008033	2.1
186	-0.685191	37.305227	6.041995	0.009292	2.1
187	-0.658686	38.298162	5.940823	0.011206	2.4
188	-0.670254	37.739477	5.997327	0.010961	3.5
189	-0.663309	38.739476	5.896936	0.013024	2.9
190	-0.705835	38.180841	5.952600	0.009661	2.5
191	-0.691686	37.628820	6.008647	0.010308	2.2
192	-0.720989	38.310012	5.939636	0.011008	2.1
193	-0.691328	37.768460	5.994369	0.013697	2.2
194	-0.725667	37.209742	6.051906	0.008642	2.7
195	-0.687615	36.651021	6.110557	0.011321	2.6
196	-0.671757	36.092768	6.170306	0.010861	2.5
197	-0.680290	35.534306	6.231258	0.012183	2.4
198	-0.677502	36.534149	6.122970	0.006935	2.1
199	-0.663723	35.988375	6.181609	0.013690	2.2
200	-0.702297	36.987409	6.075110	0.015576	2.1
201	-0.692159	36.531836	6.123216	0.008208	2.9
202	-0.657444	37.529618	6.018831	0.010454	2.1
203	-0.707265	37.004247	6.073346	0.007765	2.1
204	-0.753076	36.453253	6.131591	0.010830	2.1
205	-0.693583	37.433544	6.028727	0.013774	2.3
206	-0.671543	38.364176	5.934216	0.009995	2.4
207	-0.655904	37.805455	5.990598	0.012744	2.5
208	-0.702952	38.805385	5.890437	0.010214	2.9
209	-0.646478	39.754355	5.798430	0.010959	2.1
210	-0.680712	39.195635	5.852249	0.015437	2.2
211	-0.696287	38.636914	5.907077	0.009419	2.4
212	-0.650087	39.629375	5.810383	0.012412	2.2
213	-0.704723	40.607118	5.718168	0.009715	2.1
214	-0.678744	40.049145	5.770431	0.007449	2.9
215	-0.664295	39.565643	5.816497	0.010453	2.3
216	-0.662653	39.006974	5.870649	0.010909	2.2
217	-0.655486	40.006974	5.774420	0.007955	2.1
218	-0.686716	39.838077	5.790450	0.008921	2.1
219	-0.668508	39.279366	5.844120	0.009486	2.2
220	-0.731196	38.728508	5.898019	0.008820	2.1
221	-0.688002	39.177368	5.854026	0.013608	3.3
222	-0.694672	38.657101	5.905078	0.007659	2.4
223	-0.678051	38.098383	5.960905	0.008978	2.1
224	-0.704842	37.542892	6.017466	0.009656	2.1
225	-0.712689	37.397372	6.032461	0.011024	2.1
226	-0.674428	38.074384	5.963327	0.010926	2.2
227	-0.667333	39.074373	5.864062	0.014901	2.1
228	-0.650725	40.046141	5.770715	0.012624	3.1
229	-0.696657	41.046085	5.677713	0.011320	2.6
230	-0.695909	42.045715	5.587689	0.010596	2.3
231	-0.698488	42.456617	5.551507	0.010119	2.1
232	-0.686447	43.311728	5.477692	0.009180	2.1
233	-0.673757	43.212127	5.486189	0.011451	2.2
234	-0.660813	43.663004	5.447935	0.014029	2.5
235	-0.667090	44.635739	5.367196	0.012531	2.9
236	-0.647963	44.077020	5.413276	0.008877	2.2
237	-0.712226	45.076689	5.331379	0.006356	2.4
238	-0.679115	44.562733	5.373172	0.016670	2.1
239	-0.671550	45.562732	5.292449	0.012685	2.2
240	-0.697858	45.165689	5.324208	0.010086	2.1
241	-0.670202	44.606968	5.369549	0.008163	2.8
242	-0.679453	44.048822	5.415622	0.006145	2.4
243	-0.669509	45.046941	5.333780	0.009228	2.2
244	-0.671776	44.494746	5.378750	0.012389	2.1
245	-0.703889	43.950835	5.423793	0.011893	2.4
246	-0.682167	43.395494	5.470567	0.012491	2.4
247	-0.685377	42.860144	5.516428	0.014869	2.4
248	-0.695681	42.301495	5.565111	0.006799	2.9
249	-0.687591	42.403180	5.556186	0.012598	2.3
