1:ItNr	2:Metric	3:StepSize	4:||Gradient||	Time[ms]
0	-0.084767	627.201626	0.004933	717.5
1	-0.730640	623.504937	0.021172	4.6
2	-0.000000	619.865785	0.000000	4.3
3	-0.783760	616.282728	0.013040	3.7
4	-0.000000	612.754375	0.000000	4.3
5	-0.014227	609.279381	0.001333	4.7
6	-0.946857	605.856447	0.007934	3.9
7	-0.858513	602.484317	0.012229	4.2
8	-0.282541	599.161779	0.001563	4.0
9	0.000000	595.887656	0.000000	4.9
10	-0.844284	592.660813	0.007473	4.9
11	-0.002701	589.480151	0.000466	3.9
12	-0.874424	586.344606	0.019605	4.5
13	-0.755379	583.253145	0.016612	4.2
14	-0.647091	580.204771	0.004917	4.3
15	-0.000000	577.198517	0.000000	4.0
16	-0.854411	574.233444	0.020128	4.9
17	-0.621141	571.308645	0.030052	4.2
18	-0.000003	568.423237	0.000002	4.6
19	-0.769768	565.576365	0.026850	4.7
20	-0.050222	562.767201	0.000868	4.9
21	-0.001924	559.994938	0.000417	4.1
22	-1.089107	557.258797	0.021883	4.1
23	-1.117479	554.558018	0.011013	5.1
24	-0.957655	551.891865	0.008596	4.4
25	-0.807193	549.259621	0.012417	4.2
26	-0.717321	546.660592	0.012388	4.7
27	-0.843988	544.094102	0.004033	5.0
28	-0.044840	541.559494	0.001407	4.2
29	-0.000608	539.056129	0.000127	4.6
30	-0.992320	536.583387	0.016699	5.2
31	-0.488460	534.140663	0.019865	4.8
32	-0.284347	531.727370	0.002254	4.4
33	-1.091616	529.342935	0.012771	4.4
34	-1.088584	526.986802	0.023360	5.4
35	-1.087439	524.658430	0.017723	5.3
36	-0.527980	522.357290	0.017255	4.8
37	-0.671697	520.082868	0.008091	5.3
38	-0.966098	517.834665	0.011784	4.4
39	-0.000000	515.612193	0.000000	4.9
40	-0.938893	513.414976	0.017578	5.4
41	-0.732663	511.242551	0.014565	4.6
42	-1.061310	509.094468	0.028525	4.3
43	-0.969261	506.970285	0.043109	5.2
44	-0.055981	504.869574	0.006726	4.9
45	-1.021098	502.791916	0.004992	5.1
46	-0.065308	500.736903	0.002810	4.6
47	-1.064376	498.704137	0.012961	5.9
48	-0.599096	496.693228	0.008881	4.4
49	-0.701535	494.703798	0.003635	4.9
50	-0.000000	492.735476	0.000000	5.7
51	-0.846359	490.787900	0.008264	4.7
52	-0.723826	488.860718	0.020659	4.9
53	-1.258832	486.953585	0.010988	4.9
54	-0.409493	485.066164	0.011529	5.7
55	-0.687292	483.198126	0.014994	5.2
56	-0.862422	481.349149	0.035405	5.0
57	-0.627051	479.518920	0.009698	4.8
58	-0.300979	477.707132	0.005603	4.5
59	-0.968512	475.913485	0.004695	5.6
60	-0.000014	474.137684	0.000007	5.3
61	-1.106102	472.379445	0.008946	4.5
62	0.000000	470.638485	0.000000	4.6
63	-0.875846	468.914531	0.020007	5.7
64	-1.002160	467.207315	0.035202	4.6
65	-0.556288	465.516573	0.008714	4.7
66	0.000000	463.842050	0.000000	5.4
67	-0.611905	462.183494	0.006531	4.9
68	-1.194873	460.540658	0.033149	4.6
69	-0.000193	458.913303	0.000018	5.1
70	-1.111327	457.301192	0.049506	5.3
71	-0.618840	455.704096	0.043382	4.9
72	-0.733308	454.121787	0.005753	4.8
73	-0.000338	452.554045	0.000089	5.6
74	0.000000	451.000653	0.000000	5.5
75	-0.867013	449.461399	0.020017	4.5
76	0.000000	447.936075	0.000000	5.5
77	-0.351991	446.424477	0.008446	4.8
78	-0.000000	444.926406	0.000000	4.7
79	-0.307944	443.441666	0.003697	5.3
80	-0.884000	441.970065	0.018269	5.0
81	-0.322731	440.511415	0.005143	4.9
82	-0.960190	439.065533	0.005582	5.4
83	-0.000000	437.632238	0.000000	5.2
84	-0.717174	436.211351	0.003390	4.8
85	-0.276453	434.802701	0.006091	5.2
86	-0.314560	433.406117	0.002833	5.4
87	-0.626613	432.021430	0.011992	4.7
88	-0.667381	430.648479	0.007815	4.7
89	0.000000	429.287101	0.000000	6.7
90	-0.843564	427.937140	0.013314	5.3
91	-1.133824	426.598440	0.013753	5.7
92	-0.738490	425.270849	0.005654	4.7
93	-1.087493	423.954220	0.014934	4.7
94	-0.917948	422.648404	0.010930	4.7
95	-0.929420	421.353259	0.015503	5.7
96	-0.588413	420.068643	0.005662	5.8
97	-0.697681	418.794419	0.007794	4.8
98	-0.092902	417.530451	0.001780	5.9
99	0.000000	416.276604	0.000000	4.9
100	-0.953366	415.032748	0.027226	4.7
101	-0.866228	413.798754	0.011658	6.0
102	-0.586308	412.574495	0.015134	4.7
103	-0.910273	411.359849	0.010691	5.0
104	-1.048178	410.154691	0.012226	5.8
105	-1.091189	408.958904	0.011789	4.9
106	-0.696354	407.772368	0.014035	4.7
107	-0.903939	406.594968	0.060234	5.7
108	-0.392743	405.426590	0.013768	4.7
109	-0.886151	404.267122	0.011031	4.7
110	-0.000000	403.116456	0.000000	5.3
111	-0.000000	401.974481	0.000000	5.5
112	-0.465140	400.841093	0.004845	4.7
113	-0.874787	399.716187	0.009869	5.2
114	-1.058664	398.599660	0.032840	5.8
115	-0.625480	397.491411	0.009869	5.6
116	-0.346646	396.391342	0.007921	4.8
117	-0.000000	395.299353	0.000000	5.6
118	-1.043870	394.215350	0.016913	4.8
119	-1.072600	393.139238	0.012622	4.7
120	-0.518555	392.070924	0.007019	5.9
121	-0.000000	391.010316	0.000000	4.8
122	-0.531511	389.957325	0.012142	4.8
123	-0.000000	388.911862	0.000000	5.7
124	-0.860089	387.873839	0.020739	4.7
125	-0.802605	386.843173	0.014711	5.1
126	-0.436807	385.819777	0.010154	5.8
127	-0.667635	384.803569	0.013998	4.7
128	-0.751526	383.794468	0.010199	5.0
129	-0.800449	382.792393	0.011614	5.3
130	-0.126192	381.797264	0.005649	4.8
131	-0.778553	380.809005	0.009249	4.9
132	-0.000000	379.827537	0.000000	5.1
133	-0.864239	378.852786	0.013657	5.5
134	-0.696115	377.884678	0.007864	5.0
135	-0.215963	376.923138	0.003858	5.0
136	-0.453664	375.968095	0.004234	5.3
137	-0.054222	375.019479	0.002558	5.9
138	-0.536153	374.077218	0.005998	4.8
139	-0.780995	373.141244	0.015141	5.7
140	-0.000000	372.211489	0.000000	4.7
141	-0.023582	371.287887	0.001270	4.8
142	-0.178953	370.370370	0.003807	5.9
143	-0.957479	369.458876	0.013919	5.0
144	-0.109837	368.553338	0.002206	4.8
145	-0.606740	367.653696	0.006307	5.6
146	-0.070793	366.759885	0.000371	4.7
147	-0.625433	365.871846	0.007353	5.0
148	-1.014077	364.989518	0.007604	5.2
149	-0.473526	364.112841	0.006893	4.8
150	-0.833113	363.241757	0.014942	4.8
151	-0.985781	362.376208	0.023592	5.1
152	-0.002264	361.516137	0.000156	5.4
153	-0.769907	360.661488	0.007330	4.8
154	-0.975955	359.812206	0.011862	4.7
155	-0.071369	358.968236	0.001099	5.7
156	-0.641032	358.129524	0.005382	5.8
157	-0.581674	357.296018	0.010946	4.9
158	-0.230228	356.467665	0.003921	5.9
159	-0.128294	355.644414	0.005056	4.9
160	-0.147902	354.826213	0.003352	4.7
161	-1.025168	354.013012	0.011669	5.8
162	-0.000421	353.204763	0.000022	5.1
163	-0.000000	352.401415	0.000000	4.8
164	-1.167958	351.602922	0.013396	5.7
165	-0.971415	350.809235	0.021457	4.9
166	-0.185918	350.020308	0.003847	4.7
167	-0.863889	349.236095	0.017321	5.4
168	-0.021578	348.456550	0.000874	4.8
169	-0.999650	347.681627	0.016941	4.8
170	-0.000000	346.911283	0.000000	4.9
171	-1.008694	346.145474	0.019534	5.4
172	-1.020835	345.384157	0.005424	4.8
173	-0.386340	344.627288	0.005524	4.7
174	-0.884233	343.874826	0.021464	5.6
175	-1.097341	343.126729	0.016594	4.8
176	-0.888826	342.382957	0.011655	4.8
177	-1.117895	341.643469	0.038989	5.8
178	-0.533625	340.908224	0.015839	5.9
179	-0.570050	340.177184	0.002951	4.7
180	-0.159128	339.450309	0.003504	5.6
181	-0.212510	338.727561	0.006971	4.7
182	-1.141837	338.008902	0.047170	4.9
183	-0.726846	337.294295	0.002871	5.8
184	-0.964351	336.583703	0.016501	4.8
185	-1.076330	335.877089	0.036213	4.8
186	-0.959091	335.174416	0.010992	5.2
187	-0.073969	334.475651	0.001915	5.1
188	-0.432186	333.780756	0.015362	4.8
189	-0.366590	333.089698	0.022964	4.7
190	-0.958381	332.402443	0.018669	5.9
191	0.000000	331.718955	0.000000	4.6
192	-0.967629	331.039203	0.025262	5.3
193	-0.000000	330.363153	0.000000	5.9
194	-0.243828	329.690771	0.005092	4.8
195	-0.628583	329.022027	0.013800	4.8
196	-0.828819	328.356888	0.015988	6.1
197	-0.000141	327.695322	0.000055	4.8
198	-0.261674	327.037299	0.006588	5.4
199	-0.884617	326.382787	0.009878	5.6
200	-0.525531	325.731758	0.012954	6.1
201	-0.033746	325.084179	0.002312	5.2
202	-0.077852	324.440023	0.002339	5.7
203	-0.000000	323.799258	0.000000	5.1
204	-0.892309	323.161858	0.012705	4.7
205	-0.072643	322.527792	0.000998	6.1
206	-0.483574	321.897034	0.012110	4.8
207	-0.000038	321.269554	0.000009	4.7
208	-1.084714	320.645325	0.024318	5.8
209	-0.592617	320.024320	0.008067	5.0
210	-1.167005	319.406512	0.045885	5.0
211	-1.010262	318.791875	0.016685	5.7
212	-1.076120	318.180381	0.038905	5.2
213	-1.023580	317.572005	0.007240	4.7
214	0.000000	316.966721	0.000000	6.0
215	-0.074271	316.364504	0.001542	5.1
216	-0.000000	315.765329	0.000000	4.8
217	-0.218501	315.169170	0.002781	5.7
218	-0.009709	314.576003	0.000602	6.1
219	-0.001376	313.985804	0.000062	5.3
220	-1.113560	313.398548	0.034316	5.3
221	-0.600463	312.814213	0.011657	5.0
222	-0.430211	312.232773	0.003813	4.8
223	-1.168321	311.654207	0.018846	5.6
224	-0.177851	311.078491	0.006356	5.7
225	-0.000000	310.505602	0.000000	4.8
226	-0.813911	309.935518	0.012660	5.3
227	0.000000	309.368217	0.000000	5.2
228	-1.181904	308.803676	0.031203	5.0
229	-0.607608	308.241874	0.012611	4.9
230	-0.084228	307.682789	0.005709	5.4
231	-0.000103	307.126400	0.000030	4.7
232	-0.062982	306.572687	0.002215	5.4
233	-0.795217	306.021627	0.018747	6.1
234	-0.272247	305.473201	0.004137	5.2
235	-1.026338	304.927388	0.007659	4.6
236	-0.908731	304.384168	0.014739	5.6
237	-0.188597	303.843521	0.003607	6.2
238	-0.597113	303.305427	0.010074	5.1
239	-0.393522	302.769867	0.008207	6.0
240	-0.019775	302.236821	0.000691	5.1
241	-0.989767	301.706270	0.011255	4.7
242	-0.888257	301.178196	0.009871	5.5
243	-0.545014	300.652580	0.008848	4.8
244	-0.377747	300.129402	0.005850	5.0
245	-0.847112	299.608645	0.009305	5.4
246	-0.946806	299.090291	0.013314	5.1
247	-1.209199	298.574321	0.010894	5.3
248	-0.000002	298.060718	0.000001	5.3
249	-0.000000	297.549465	0.000000	4.9
250	-0.064903	297.040543	0.001989	5.2
251	-0.654340	296.533936	0.005157	4.8
252	-0.251370	296.029626	0.004575	5.5
253	-0.774269	295.527597	0.004498	5.2
254	-0.000000	295.027832	0.000000	5.1
255	-0.568881	294.530315	0.008517	6.2
256	-0.797220	294.035028	0.004872	5.3
257	-0.641791	293.541956	0.005228	4.7
258	-1.045468	293.051083	0.005573	6.1
259	-0.995017	292.562393	0.010865	4.8
260	-0.000000	292.075870	0.000000	4.7
261	-1.030357	291.591498	0.009590	5.3
262	-0.735734	291.109263	0.006285	5.3
263	-0.097979	290.629149	0.002832	4.9
264	-0.053899	290.151140	0.002461	5.9
265	-0.657192	289.675222	0.007839	4.8
266	-0.857302	289.201380	0.009543	5.3
267	-0.606960	288.729600	0.008919	5.6
268	-0.074337	288.259866	0.003121	5.2
269	-1.145766	287.792165	0.017669	4.7
270	-0.919908	287.326481	0.013446	5.9
271	-0.726099	286.862802	0.008934	5.2
272	-0.324434	286.401113	0.001937	4.7
273	-0.815367	285.941400	0.008571	5.6
274	-0.825706	285.483649	0.004637	5.3
275	-0.001225	285.027847	0.000161	5.1
276	-1.186861	284.573981	0.024131	5.7
277	-0.805094	284.122037	0.011252	6.3
278	-0.619582	283.672002	0.012752	4.9
279	-0.000000	283.223863	0.000000	5.9
280	-1.129492	282.777607	0.016309	5.0
281	0.000000	282.333221	0.000000	4.8
282	-0.241086	281.890692	0.005055	5.6
283	-0.000000	281.450008	0.000000	5.8
284	-0.667013	281.011157	0.009118	4.8
285	-0.436387	280.574125	0.008538	5.7
286	-0.702175	280.138901	0.011689	4.8
287	-0.582550	279.705473	0.019564	5.2
288	-1.075003	279.273829	0.007640	6.0
289	-0.597974	278.843956	0.006618	4.8
290	-0.242371	278.415844	0.003745	5.2
291	-0.000000	277.989479	0.000000	5.6
292	-0.918381	277.564851	0.008297	4.9
293	-0.949634	277.141949	0.017871	5.2
294	-0.973323	276.720761	0.008633	5.4
295	-1.100620	276.301275	0.018075	5.1
296	-0.000000	275.883480	0.000000	4.7
297	-0.649258	275.467366	0.009441	5.3
298	-1.036146	275.052922	0.014032	6.6
299	-0.979287	274.640136	0.009267	5.1
300	-0.125466	274.228998	0.003796	5.4
301	-1.100974	273.819497	0.014588	5.3
302	-0.586452	273.411623	0.009147	5.2
303	-0.000000	273.005365	0.000000	4.8
304	-0.318221	272.600712	0.008249	5.6
305	-0.000000	272.197655	0.000000	4.7
306	0.000000	271.796184	0.000000	5.0
307	-0.000036	271.396287	0.000013	6.0
308	-0.002339	270.997956	0.000194	4.7
309	-0.000000	270.601180	0.000000	5.2
310	-0.000000	270.205949	0.000000	5.6
311	-0.502921	269.812254	0.010918	4.8
312	-0.605129	269.420085	0.013077	5.5
313	-0.612465	269.029432	0.016422	6.1
314	-0.000000	268.640287	0.000000	4.9
315	-0.848138	268.252638	0.009887	4.7
316	-0.334611	267.866478	0.003805	5.7
317	-0.150521	267.481796	0.003010	5.8
318	-0.926837	267.098584	0.015324	5.1
319	-0.903536	266.716833	0.008802	6.2
320	-0.354614	266.336533	0.007060	4.7
321	-0.000000	265.957676	0.000000	5.1
322	-1.012432	265.580253	0.009489	5.8
323	-0.230203	265.204254	0.003995	5.2
324	-0.845541	264.829672	0.008753	5.0
325	-0.745363	264.456497	0.011615	5.9
326	-1.175493	264.084721	0.025213	4.7
327	-0.539173	263.714335	0.009124	4.7
328	-0.000000	263.345332	0.000000	5.6
329	-0.001374	262.977702	0.000181	5.3
330	-1.165586	262.611438	0.023993	5.3
331	-0.362229	262.246531	0.006275	6.1
332	-0.651399	261.882973	0.011132	4.8
333	-0.601721	261.520756	0.015600	5.1
334	-0.894063	261.159871	0.010604	5.2
335	-0.233150	260.800312	0.003253	5.2
336	-1.214775	260.442070	0.016741	4.9
337	-0.622486	260.085137	0.008071	5.3
338	-0.345532	259.729505	0.009457	5.9
339	-0.093223	259.375167	0.001145	5.8
340	-0.000000	259.022116	0.000000	4.8
341	-0.000000	258.670343	0.000000	6.0
342	-1.111172	258.319841	0.006579	4.7
343	-1.149308	257.970602	0.017611	4.7
344	-1.158433	257.622620	0.018901	6.0
345	-1.115520	257.275887	0.025937	4.9
346	-0.927323	256.930396	0.006964	5.2
347	-1.118373	256.586139	0.048422	5.3
348	0.000000	256.243109	0.000000	5.3
349	-0.852227	255.901300	0.022826	4.8
350	-0.070890	255.560703	0.002895	5.7
351	-0.821887	255.221313	0.051794	4.7
352	-0.703904	254.883122	0.026400	5.1
353	-0.827786	254.546124	0.018409	5.8
354	-0.000496	254.210311	0.000099	4.8
355	-0.683294	253.875677	0.033247	5.3
356	-0.882119	253.542215	0.008839	5.2
357	-0.923666	253.209918	0.011961	5.6
358	-0.000001	252.878781	0.000000	5.9
359	-0.199239	252.548795	0.004461	5.9
360	-0.000188	252.219956	0.000045	5.4
361	-0.048956	251.892255	0.001537	5.0
362	-0.709477	251.565688	0.013309	5.7
363	-0.960293	251.240247	0.023487	5.0
364	-1.113200	250.915926	0.011276	4.7
365	-0.851450	250.592720	0.011788	5.6
366	-0.036862	250.270621	0.000389	5.1
367	-0.654834	249.949624	0.007638	4.9
368	-0.026557	249.629723	0.001378	6.1
369	-0.114646	249.310911	0.004985	5.1
370	-0.945008	248.993182	0.022699	5.1
371	-0.941091	248.676531	0.026942	5.2
372	0.000000	248.360952	0.000000	5.2
373	-0.879460	248.046438	0.008373	5.1
374	-0.000109	247.732984	0.000019	5.1
375	-0.000220	247.420584	0.000073	5.6
376	-1.226732	247.109233	0.019920	4.7
377	-0.883779	246.798924	0.007599	5.2
378	-0.000000	246.489652	0.000000	5.8
379	-0.016875	246.181412	0.001243	5.6
380	-0.000000	245.874197	0.000000	4.7
381	-1.219180	245.568002	0.007540	6.2
382	-0.911605	245.262822	0.014328	5.0
383	-0.009431	244.958652	0.000646	4.8
384	-1.095025	244.655485	0.009005	5.6
385	0.000000	244.353317	0.000000	5.2
386	-0.912030	244.052142	0.007194	5.1
387	-0.262652	243.751955	0.004943	6.0
388	-0.243651	243.452750	0.008031	4.7
389	-0.139800	243.154523	0.002579	4.7
390	-0.817751	242.857268	0.005125	5.5
391	-1.313981	242.560980	0.014069	5.3
392	-0.229335	242.265654	0.007224	4.8
393	-0.177594	241.971285	0.008540	5.4
394	-0.044496	241.677868	0.002647	5.2
395	-0.798759	241.385397	0.009965	4.8
396	-1.114627	241.093869	0.042651	5.4
397	-0.191270	240.803278	0.005188	5.7
398	-0.439811	240.513619	0.007239	5.0
399	-0.726227	240.224887	0.008755	5.3
400	-1.066750	239.937077	0.010365	5.1
401	-1.028919	239.650186	0.014836	4.7
402	-0.769520	239.364207	0.008070	5.5
403	-0.043865	239.079136	0.001278	5.8
404	-1.013885	238.794969	0.033988	4.7
405	-1.157315	238.511701	0.025072	5.0
406	-0.141229	238.229327	0.004219	5.6
407	-0.018514	237.947843	0.000947	4.8
408	-0.000000	237.667244	0.000000	4.7
409	-0.538762	237.387526	0.002278	6.1
410	-0.761950	237.108684	0.007555	4.8
411	-0.611081	236.830714	0.011893	4.7
412	-0.372221	236.553610	0.001857	5.8
413	-0.916016	236.277370	0.011579	5.0
414	-1.071337	236.001989	0.057602	5.3
415	-0.749405	235.727461	0.010602	5.6
416	-0.878108	235.453784	0.016937	5.5
417	-0.772911	235.180952	0.006069	5.2
418	-0.047597	234.908962	0.000983	5.8
419	-0.769058	234.637809	0.004521	5.2
420	-0.529792	234.367488	0.012519	4.9
421	-1.144982	234.097997	0.051118	5.9
422	-0.361550	233.829331	0.003356	5.0
423	0.000000	233.561485	0.000000	5.2
424	-0.769243	233.294456	0.009730	6.0
425	-0.791913	233.028239	0.029284	4.7
426	-0.010749	232.762831	0.001247	4.9
427	-1.046165	232.498228	0.027325	5.3
428	-0.574544	232.234425	0.005424	4.8
429	-1.092511	231.971419	0.021485	4.8
430	-0.829263	231.709205	0.027518	4.8
431	-0.141224	231.447781	0.003258	6.1
432	-0.884049	231.187141	0.004133	4.8
433	-0.274730	230.927283	0.004053	4.7
434	-1.259554	230.668202	0.020409	5.8
435	-0.740164	230.409895	0.006551	5.2
436	-1.019552	230.152358	0.008659	4.9
437	-0.026621	229.895587	0.002185	5.9
438	-0.903911	229.639578	0.014664	5.8
439	-0.393518	229.384329	0.009164	4.8
440	-0.057043	229.129834	0.002111	5.7
441	-0.008364	228.876091	0.000865	4.9
442	-0.025907	228.623096	0.000766	5.2
443	-0.348022	228.370846	0.003833	5.7
444	-0.671545	228.119336	0.009180	4.7
445	-0.930121	227.868563	0.010254	4.7
446	-1.189581	227.618525	0.020907	5.9
447	-0.000480	227.369216	0.000092	5.3
448	-0.202345	227.120635	0.003309	5.2
449	-0.000000	226.872777	0.000000	5.5
450	-0.001688	226.625638	0.000300	5.5
451	-1.223486	226.379217	0.050582	5.2
452	-0.437719	226.133509	0.007141	5.4
453	0.000000	225.888510	0.000000	4.9
454	-0.252541	225.644218	0.006613	4.7
455	-0.816195	225.400630	0.012351	5.4
456	-0.000000	225.157741	0.000000	6.0
457	-1.039585	224.915549	0.044810	5.3
458	-1.078147	224.674051	0.013503	5.2
459	-0.000000	224.433242	0.000000	5.0
460	-0.127231	224.193121	0.001048	5.2
461	-0.973496	223.953684	0.022476	5.6
462	-0.937996	223.714927	0.007374	6.0
463	-0.334099	223.476848	0.003211	5.7
464	-0.000008	223.239444	0.000002	5.3
465	-1.243330	223.002710	0.006650	5.4
466	-0.000000	222.766645	0.000000	4.9
467	-0.126138	222.531245	0.004273	5.1
468	-0.759689	222.296508	0.035997	5.4
469	-1.169090	222.062429	0.034414	4.7
470	-0.527826	221.829007	0.010445	5.2
471	-0.629844	221.596238	0.009027	5.4
472	-1.001158	221.364119	0.008540	4.9
473	-0.775459	221.132647	0.013718	5.2
474	-0.877349	220.901820	0.006651	6.1
475	-1.081278	220.671634	0.013176	4.8
476	-1.142362	220.442086	0.007499	5.2
477	-0.000000	220.213174	0.000000	5.7
478	-0.110237	219.984895	0.001943	5.6
479	-0.156968	219.757246	0.004424	5.2
480	-0.794884	219.530224	0.015418	5.7
481	-0.000000	219.303826	0.000000	5.1
482	-0.000001	219.078050	0.000000	4.7
483	-0.000051	218.852893	0.000016	5.8
484	-0.568962	218.628352	0.002954	5.7
485	-0.825008	218.404424	0.021051	4.7
486	-0.000000	218.181106	0.000000	5.6
487	-0.790738	217.958397	0.012416	4.8
488	-0.898523	217.736292	0.010768	5.2
489	-0.000000	217.514790	0.000000	5.5
490	0.000000	217.293888	0.000000	5.2
491	-0.382236	217.073584	0.004521	5.2
492	-0.062262	216.853873	0.001178	5.9
493	-1.056072	216.634755	0.014789	4.8
494	0.000000	216.416227	0.000000	5.0
495	-1.152222	216.198285	0.012255	5.8
496	-0.608093	215.980927	0.015188	6.2
497	-1.046637	215.764151	0.009941	4.8
498	-0.383269	215.547955	0.005756	5.5
499	-1.076646	215.332335	0.017333	5.4
500	-0.255314	215.117289	0.006660	4.7
501	-0.245754	214.902815	0.003767	5.6
502	-0.000001	214.688911	0.000000	4.8
503	-1.010800	214.475573	0.012591	5.1
504	-0.538737	214.262800	0.011271	5.0
505	-0.881480	214.050588	0.018824	5.7
506	-0.442052	213.838936	0.007864	4.8
507	-0.951654	213.627842	0.008017	4.8
508	-0.020817	213.417302	0.001127	6.1
509	-0.699380	213.207314	0.013817	4.9
510	-0.960412	212.997877	0.013343	4.8
511	-0.000004	212.788987	0.000001	5.8
512	-0.538723	212.580642	0.010188	5.2
513	-1.176668	212.372841	0.034244	5.0
514	-0.000000	212.165581	0.000000	6.2
515	-0.877489	211.958859	0.012147	6.0
516	-0.535804	211.752673	0.007956	4.9
517	-1.168143	211.547021	0.008842	6.0
518	-0.821630	211.341902	0.024809	5.5
519	-0.656836	211.137311	0.016599	5.3
520	-0.173028	210.933248	0.001857	5.7
521	-0.046045	210.729710	0.002275	5.4
522	-1.018818	210.526695	0.010962	5.0
523	-0.833900	210.324200	0.015987	6.1
524	-0.844167	210.122224	0.015213	5.6
525	-0.031182	209.920765	0.001590	5.0
526	-0.000000	209.719820	0.000000	5.5
527	-0.660579	209.519387	0.014657	5.0
528	-1.055818	209.319463	0.011000	5.5
529	-0.371016	209.120048	0.004611	6.2
530	-0.988391	208.921139	0.006492	4.7
531	-0.001415	208.722733	0.000158	4.7
532	-0.239732	208.524829	0.004078	5.7
533	-0.622335	208.327425	0.002971	4.7
534	-0.613002	208.130518	0.011564	5.7
535	-0.122637	207.934107	0.001600	5.9
536	-0.907974	207.738189	0.005233	6.0
537	-0.000000	207.542762	0.000000	4.8
538	-0.773681	207.347825	0.008712	5.2
539	-1.067224	207.153376	0.010543	4.7
540	-0.208900	206.959412	0.003601	4.8
541	-0.641091	206.765932	0.018873	6.2
542	-0.000003	206.572933	0.000001	4.7
543	-0.202372	206.380414	0.003054	5.2
544	0.000000	206.188373	0.000000	5.5
545	-0.193224	205.996807	0.002057	4.8
546	-0.687474	205.805716	0.019977	5.2
547	-1.218829	205.615096	0.012676	6.1
548	-1.175517	205.424946	0.009526	4.8
549	-0.236991	205.235265	0.001833	4.9
550	-0.683186	205.046050	0.026768	5.5
551	-0.989496	204.857299	0.024179	5.2
552	-0.650934	204.669011	0.005438	4.7
553	-0.999493	204.481184	0.008720	5.5
554	-0.823820	204.293816	0.009688	6.0
555	-0.610453	204.106905	0.011233	5.0
556	-0.701853	203.920449	0.008291	5.2
557	-0.835578	203.734447	0.008332	5.4
558	-1.146904	203.548896	0.019670	4.7
559	-1.009670	203.363795	0.018072	5.5
560	-0.156997	203.179143	0.003634	5.5
561	-1.077733	202.994937	0.016848	5.0
562	-0.254860	202.811176	0.005590	4.8
563	-0.987447	202.627857	0.012798	5.3
564	-0.000974	202.444980	0.000242	5.2
565	-1.135206	202.262543	0.017676	4.8
566	-0.570011	202.080543	0.013664	6.2
567	-1.041766	201.898979	0.008373	4.8
568	-0.000380	201.717849	0.000107	4.7
569	-0.114989	201.537153	0.001405	6.0
570	-0.530071	201.356887	0.007771	4.8
571	-0.011524	201.177050	0.001155	4.9
572	-0.945591	200.997642	0.014091	5.5
573	-0.000000	200.818659	0.000000	5.6
574	-1.230813	200.640100	0.018278	5.9
575	-0.629782	200.461965	0.018237	5.4
576	-0.843745	200.284250	0.012479	5.3
577	0.000000	200.106955	0.000000	4.7
578	-1.305098	199.930078	0.031812	5.6
579	-0.000000	199.753617	0.000000	5.2
580	-0.652212	199.577571	0.005301	4.8
581	-0.000000	199.401938	0.000000	5.6
582	-0.000000	199.226717	0.000000	4.9
583	-0.985329	199.051905	0.015791	4.8
584	-0.896242	198.877502	0.004354	5.7
585	-1.041108	198.703506	0.012021	5.5
586	-0.898706	198.529916	0.009924	5.2
587	-0.000012	198.356729	0.000003	4.7
588	-0.596461	198.183944	0.013412	5.5
589	-0.593526	198.011560	0.016098	5.1
590	-1.030747	197.839576	0.007285	4.7
591	-0.000000	197.667989	0.000000	6.2
592	-0.317450	197.496798	0.008593	4.7
593	-0.000706	197.326002	0.000041	5.2
594	-1.180027	197.155600	0.015739	6.0
595	-0.000000	196.985589	0.000000	5.7
596	-0.013164	196.815969	0.001081	4.7
597	-0.549358	196.646738	0.003023	5.9
598	-0.580462	196.477894	0.004480	5.4
599	-0.000612	196.309436	0.000024	4.7
600	-1.004151	196.141363	0.012703	6.0
601	-1.140701	195.973673	0.011677	4.7
602	-0.221147	195.806365	0.004161	4.7
603	-0.478162	195.639437	0.003990	6.3
604	-0.979237	195.472888	0.006930	4.7
605	-0.754961	195.306717	0.014852	4.7
606	-0.653168	195.140922	0.010161	5.6
607	-0.531168	194.975501	0.008234	5.2
608	-0.899252	194.810454	0.008635	5.1
609	-0.000000	194.645779	0.000000	6.1
610	-0.767783	194.481475	0.006797	4.8
611	-0.479281	194.317540	0.003189	4.7
612	-0.000002	194.153973	0.000000	5.2
613	-1.014217	193.990773	0.014971	6.1
614	-0.913052	193.827938	0.013464	5.0
615	-1.049084	193.665467	0.015956	5.1
616	-0.048798	193.503358	0.002683	5.1
617	-0.628269	193.341611	0.018810	5.3
618	-0.000000	193.180224	0.000000	5.0
619	-0.961934	193.019196	0.012338	5.7
620	-0.567200	192.858525	0.004638	4.7
621	-0.920743	192.698210	0.021347	5.0
622	-1.188050	192.538251	0.013273	6.0
623	-1.179993	192.378644	0.039744	4.7
624	-1.043401	192.219391	0.010741	4.8
625	-0.493521	192.060488	0.003897	6.3
626	-0.804990	191.901935	0.010930	5.0
627	-0.000000	191.743730	0.000000	5.0
628	-0.853674	191.585873	0.010454	6.4
629	-0.000000	191.428362	0.000000	4.9
630	-0.255434	191.271196	0.003094	4.9
631	-0.000000	191.114374	0.000000	6.1
632	-0.832441	190.957893	0.015662	4.9
633	-1.236361	190.801755	0.029104	5.5
634	-1.075052	190.645956	0.013465	5.9
635	-0.562057	190.490495	0.009265	6.1
636	-1.059784	190.335373	0.015462	5.2
637	-1.054244	190.180587	0.009815	6.6
638	-0.000144	190.026136	0.000025	5.3
639	-0.167157	189.872019	0.004842	4.8
640	-0.992326	189.718235	0.019195	6.6
641	-1.022294	189.564782	0.010617	5.2
642	-0.141712	189.411661	0.004090	4.8
643	-0.811391	189.258868	0.009748	6.0
644	-1.076113	189.106404	0.034824	5.2
645	-0.886425	188.954267	0.022112	4.7
646	0.000000	188.802456	0.000000	6.1
647	-1.302374	188.650969	0.027176	5.3
648	-0.633404	188.499807	0.008573	5.1
649	-0.869076	188.348967	0.008428	5.4
650	-0.000000	188.198448	0.000000	5.1
651	-1.030986	188.048250	0.012240	4.7
652	-1.309162	187.898371	0.015205	5.8
653	-0.000000	187.748810	0.000000	5.7
654	-0.770885	187.599566	0.010868	5.3
655	-1.079529	187.450638	0.008642	6.1
656	-0.278234	187.302025	0.005900	4.7
657	-0.000000	187.153725	0.000000	4.9
658	-0.001088	187.005739	0.000186	6.0
659	-0.809644	186.858064	0.012765	4.7
660	-1.095358	186.710699	0.011631	5.2
661	-1.079220	186.563645	0.012866	5.9
662	-0.829862	186.416898	0.007475	5.3
663	-0.000033	186.270459	0.000002	4.7
664	0.000000	186.124326	0.000000	6.3
665	-0.823008	185.978499	0.005303	4.7
666	-1.095978	185.832976	0.011865	4.8
667	-0.527297	185.687756	0.005160	5.4
668	-1.244222	185.542838	0.010216	5.2
669	-0.934920	185.398222	0.009171	5.4
670	-0.937677	185.253906	0.011658	4.9
671	-0.953078	185.109889	0.009607	5.9
672	-1.066149	184.966170	0.013204	5.9
673	-0.000000	184.822748	0.000000	5.3
674	-0.724558	184.679623	0.012772	5.3
675	-0.243783	184.536792	0.007542	4.7
676	-0.000000	184.394256	0.000000	5.6
677	-0.028533	184.252013	0.001055	5.2
678	-0.962663	184.110062	0.024633	5.2
679	-0.759759	183.968403	0.013646	5.0
680	-1.010688	183.827034	0.007517	5.4
681	-1.075364	183.685954	0.018755	5.4
682	-0.187467	183.545163	0.001628	5.2
683	-0.431905	183.404658	0.010696	5.6
684	-0.990610	183.264441	0.005434	4.8
685	-0.897459	183.124509	0.010142	5.1
686	-1.137961	182.984861	0.008936	5.0
687	-0.000469	182.845497	0.000009	5.2
688	-1.058311	182.706416	0.018156	5.1
689	-0.686717	182.567616	0.032078	5.8
690	-0.678475	182.429098	0.007626	5.6
691	-0.823521	182.290859	0.006283	5.1
692	-1.035257	182.152899	0.013034	6.2
693	-0.000000	182.015217	0.000000	5.4
694	-0.172683	181.877813	0.005872	4.7
695	-0.000105	181.740684	0.000040	5.8
696	0.000000	181.603832	0.000000	4.7
697	-0.662738	181.467253	0.008018	4.7
698	0.000000	181.330948	0.000000	5.7
699	-0.639501	181.194916	0.004168	5.3
700	-0.000000	181.059155	0.000000	4.8
701	-0.356494	180.923666	0.003446	5.5
702	-0.000000	180.788446	0.000000	5.5
703	-0.948806	180.653496	0.018731	5.2
704	-0.746039	180.518814	0.015313	5.2
705	-1.060617	180.384399	0.010320	4.8
706	-1.216399	180.250251	0.033006	5.1
707	-0.000000	180.116369	0.000000	5.2
708	0.000000	179.982752	0.000000	5.5
709	-1.062968	179.849398	0.007018	5.0
710	-0.076064	179.716308	0.002114	4.8
711	-0.235654	179.583480	0.005171	5.7
712	-0.876632	179.450913	0.009437	5.8
713	-0.312168	179.318607	0.002652	5.3
714	-0.000000	179.186561	0.000000	5.7
715	-1.021950	179.054774	0.012800	5.0
716	-1.035402	178.923245	0.008599	4.8
717	-0.000327	178.791973	0.000065	5.7
718	-0.070595	178.660958	0.002888	4.8
719	-1.109179	178.530199	0.010825	5.4
720	-0.758529	178.399694	0.025314	6.0
721	-0.980622	178.269444	0.012382	4.9
722	-1.034462	178.139447	0.009768	5.0
723	-0.094090	178.009702	0.003749	5.1
724	-0.901390	177.880209	0.014936	4.7
725	-0.834034	177.750967	0.005233	5.2
726	-0.496147	177.621975	0.007344	5.8
727	-0.865395	177.493232	0.010835	5.1
728	-1.001405	177.364738	0.012302	4.8
729	-0.636531	177.236492	0.004486	5.0
730	-1.178379	177.108492	0.020027	6.4
731	-0.019976	176.980739	0.000845	5.7
732	-0.698944	176.853231	0.005746	5.4
733	-0.000000	176.725968	0.000000	5.2
734	-0.615636	176.598949	0.014989	4.7
735	-1.002087	176.472173	0.009666	5.4
736	-1.181717	176.345639	0.006881	5.7
737	0.000000	176.219348	0.000000	4.7
738	-0.000527	176.093296	0.000088	5.3
739	-0.000000	175.967486	0.000000	5.5
740	-1.165695	175.841914	0.008570	4.9
741	-0.281047	175.716581	0.003545	5.5
742	-1.155456	175.591486	0.012133	5.3
743	-0.904227	175.466629	0.014048	4.8
744	-1.191654	175.342008	0.009995	4.8
745	-0.000331	175.217622	0.000098	6.1
746	-0.000166	175.093472	0.000042	4.8
747	-0.929444	174.969556	0.010735	4.8
748	-1.248738	174.845873	0.013412	6.1
749	-0.667985	174.722423	0.008562	5.0
750	-1.136921	174.599206	0.012430	5.1
751	-1.047618	174.476220	0.009803	5.6
752	-0.376720	174.353464	0.007777	5.8
753	-0.851449	174.230939	0.013561	5.1
754	-0.691348	174.108643	0.007034	5.5
755	-0.475241	173.986576	0.008009	4.8
756	-0.005964	173.864737	0.000203	5.7
757	-0.623446	173.743124	0.014366	6.0
758	-0.000450	173.621739	0.000060	4.9
759	-0.132662	173.500579	0.003457	5.1
760	-0.001446	173.379645	0.000385	5.0
761	-0.799596	173.258935	0.019641	4.8
762	-0.688407	173.138449	0.008986	5.1
763	-0.469142	173.018186	0.004596	5.6
764	-1.083164	172.898146	0.009272	5.2
765	-0.001237	172.778327	0.000354	4.7
766	-0.004060	172.658730	0.000555	5.3
767	-0.962137	172.539353	0.012259	5.8
768	-0.273851	172.420196	0.006640	5.2
769	-0.839487	172.301258	0.006459	5.0
770	-0.512132	172.182539	0.014541	5.7
771	-0.901955	172.064037	0.012986	5.5
772	-1.076677	171.945753	0.009656	5.4
773	-1.026626	171.827686	0.008005	5.3
774	-0.675526	171.709834	0.010176	5.2
775	-0.867710	171.592198	0.005680	5.4
776	-0.877350	171.474776	0.017374	5.4
777	-0.884132	171.357568	0.013903	5.2
778	-0.653812	171.240574	0.005755	5.0
779	-0.000000	171.123793	0.000000	4.8
780	-0.231003	171.007223	0.004121	5.5
781	-1.025959	170.890865	0.005898	4.8
782	-0.711893	170.774718	0.011115	5.8
783	-0.174363	170.658782	0.003927	4.8
784	-0.393588	170.543055	0.006957	5.3
785	-1.187988	170.427537	0.010115	5.7
786	-0.517649	170.312227	0.012156	5.2
787	-1.348644	170.197125	0.014351	4.8
788	-0.780091	170.082231	0.004180	5.7
789	-0.007432	169.967543	0.000613	5.0
790	-0.351255	169.853061	0.004927	4.7
791	-1.172962	169.738784	0.010413	5.1
792	-0.000000	169.624713	0.000000	6.2
793	-0.130929	169.510845	0.003622	5.8
794	-1.205579	169.397181	0.007543	5.4
795	-0.411174	169.283720	0.005844	4.8
796	-0.902436	169.170462	0.017280	4.7
797	-0.069399	169.057405	0.002001	5.4
798	-0.292926	168.944549	0.006083	4.7
799	-0.820655	168.831895	0.010404	4.8
800	-0.874154	168.719440	0.008866	5.6
801	-1.092112	168.607185	0.012311	5.4
802	-0.443498	168.495129	0.006381	5.1
803	-0.519348	168.383271	0.010587	4.9
804	-0.000000	168.271611	0.000000	5.9
805	-0.687484	168.160148	0.005891	4.9
806	-0.129464	168.048882	0.006602	5.4
807	-0.925825	167.937812	0.007439	5.9
808	-0.038173	167.826938	0.001981	5.5
809	-0.827355	167.716258	0.016828	5.3
810	0.000000	167.605773	0.000000	6.0
811	-1.098006	167.495482	0.010466	6.1
812	-0.467686	167.385384	0.008128	5.5
813	-0.777558	167.275479	0.006183	5.4
814	-0.695883	167.165766	0.008187	5.0
815	-0.000000	167.056245	0.000000	5.6
816	-0.245872	166.946915	0.004591	5.0
817	-0.000000	166.837776	0.000000	5.5
818	-0.002487	166.728826	0.000176	5.3
819	-0.780949	166.620067	0.015623	5.4
820	-1.078628	166.511496	0.013336	5.6
821	-0.000000	166.403113	0.000000	5.3
822	0.000000	166.294919	0.000000	5.2
823	-0.606442	166.186912	0.010613	5.1
824	-1.219328	166.079091	0.013055	5.3
825	-0.675135	165.971458	0.008427	5.5
826	-0.740323	165.864009	0.012801	4.8
827	-0.740940	165.756747	0.006217	5.2
828	-0.949601	165.649669	0.012934	5.9
829	-0.944875	165.542775	0.008812	5.4
830	-0.000189	165.436065	0.000058	5.0
831	-0.965686	165.329538	0.006858	6.9
832	-1.060516	165.223194	0.010730	6.1
833	-1.149805	165.117032	0.009177	5.7
834	-0.818494	165.011052	0.011982	5.0
835	-0.004792	164.905253	0.001167	5.2
836	-0.697710	164.799635	0.013192	5.2
837	-0.675740	164.694197	0.007488	4.9
838	-0.000813	164.588939	0.000158	4.8
839	-0.649039	164.483859	0.011836	5.5
840	-0.771377	164.378959	0.005684	5.8
841	-1.105098	164.274237	0.010161	4.8
842	-0.078479	164.169692	0.001846	5.2
843	-0.920101	164.065325	0.005356	5.9
844	-0.000000	163.961135	0.000000	4.8
845	-0.878090	163.857120	0.016176	5.0
846	-1.367900	163.753282	0.037456	5.6
847	-1.151302	163.649619	0.007049	4.8
848	-0.182403	163.546130	0.001402	4.7
849	-1.181039	163.442816	0.031670	5.4
850	-0.006851	163.339676	0.000492	6.0
851	-0.820937	163.236709	0.006974	5.6
852	-0.945110	163.133915	0.013003	5.9
853	-0.134334	163.031294	0.002481	5.4
854	-1.052351	162.928844	0.008745	5.0
855	-0.646046	162.826566	0.008759	5.7
856	-0.661464	162.724459	0.012656	5.3
857	-0.792030	162.622523	0.010771	4.7
858	-0.830678	162.520757	0.010341	5.5
859	-0.626881	162.419160	0.002947	4.8
860	-1.204111	162.317733	0.024718	4.8
861	-1.087928	162.216474	0.039076	6.1
862	-0.742879	162.115383	0.008065	5.1
863	-0.918787	162.014461	0.008838	5.3
864	-0.946479	161.913705	0.016160	6.1
865	-0.946656	161.813117	0.015237	4.8
866	-0.000013	161.712695	0.000002	4.7
867	-0.610657	161.612439	0.003830	5.1
868	-0.610627	161.512349	0.006452	6.3
869	-0.927179	161.412424	0.009845	5.0
870	-1.253474	161.312663	0.015722	5.5
871	-0.396811	161.213067	0.005001	4.8
872	-1.150473	161.113635	0.013910	4.7
873	-0.000000	161.014366	0.000000	5.7
874	-1.258361	160.915260	0.030464	5.5
875	-0.000000	160.816316	0.000000	4.7
876	-0.000000	160.717535	0.000000	5.1
877	-1.329273	160.618915	0.023991	5.6
878	-0.782651	160.520456	0.010596	4.8
879	-0.420914	160.422158	0.005381	4.8
880	-0.793143	160.324021	0.006403	5.8
881	-1.043191	160.226043	0.012552	4.8
882	-1.011426	160.128225	0.013486	5.3
883	-1.086501	160.030566	0.016746	5.8
884	-0.000000	159.933066	0.000000	4.7
885	-0.996338	159.835723	0.010935	5.1
886	-0.857286	159.738539	0.007172	5.8
887	-0.769178	159.641512	0.016329	4.8
888	-0.959435	159.544642	0.026690	5.4
889	-0.012410	159.447929	0.001474	5.4
890	-0.578338	159.351372	0.006084	5.7
891	-0.022071	159.254971	0.000822	5.4
892	-0.573083	159.158725	0.008134	5.7
893	-0.738358	159.062634	0.008434	5.2
894	-0.548038	158.966697	0.015620	4.7
895	-0.870702	158.870915	0.004505	5.6
896	-0.785801	158.775286	0.012297	5.1
897	-0.000000	158.679811	0.000000	5.0
898	-1.095505	158.584489	0.013289	5.5
899	-0.565781	158.489319	0.014290	5.4
900	-0.000008	158.394302	0.000002	5.3
901	-0.966692	158.299436	0.016186	5.2
902	-0.274126	158.204721	0.008595	4.8
903	-0.385932	158.110158	0.003196	5.3
904	0.000000	158.015745	0.000000	4.7
905	-0.652303	157.921482	0.009400	5.8
906	-0.939211	157.827369	0.010825	4.8
907	-0.623182	157.733406	0.008618	4.7
908	-1.139620	157.639591	0.012972	5.5
909	-0.798407	157.545925	0.046382	5.1
910	-0.000000	157.452408	0.000000	5.0
911	-0.995732	157.359038	0.009750	5.6
912	-0.000000	157.265816	0.000000	5.9
913	-0.942159	157.172741	0.021265	5.1
914	-0.567765	157.079813	0.011428	5.7
915	-0.338691	156.987031	0.006623	5.1
916	-0.694148	156.894395	0.011605	5.5
917	-0.187205	156.801904	0.002305	5.6
918	-1.184797	156.709559	0.021921	5.0
919	-1.241454	156.617359	0.012833	4.7
920	-0.224361	156.525304	0.006261	5.2
921	-0.681072	156.433392	0.007058	4.8
922	-0.465314	156.341624	0.007814	5.5
923	-1.035965	156.250000	0.011040	5.6
924	-1.085134	156.158519	0.005468	5.3
925	-0.000000	156.067180	0.000000	4.7
926	-1.196111	155.975984	0.018955	5.4
927	-0.028853	155.884930	0.001585	5.0
928	-1.172620	155.794017	0.022587	5.1
929	-0.690225	155.703246	0.015234	5.4
930	-0.545689	155.612615	0.005576	5.9
931	-0.455374	155.522125	0.009624	5.5
932	-0.860744	155.431775	0.014762	5.4
933	-0.409034	155.341565	0.003674	5.5
934	-1.105368	155.251495	0.011604	5.3
935	-1.105427	155.161563	0.020713	5.0
936	-0.940015	155.071771	0.004669	5.5
937	-0.755444	154.982117	0.008187	5.1
938	-0.888931	154.892601	0.011133	4.7
939	-0.370489	154.803222	0.003676	5.3
940	-0.712428	154.713981	0.005356	5.3
941	-0.466804	154.624878	0.004516	4.8
942	0.000000	154.535910	0.000000	5.8
943	-0.825234	154.447080	0.017106	4.7
944	-0.000000	154.358385	0.000000	4.8
945	-0.849152	154.269826	0.010184	5.9
946	-0.857888	154.181402	0.004705	5.3
947	-0.974819	154.093114	0.006158	4.8
948	-0.773451	154.004960	0.013910	5.7
949	-1.127525	153.916940	0.017348	4.9
950	-0.917024	153.829054	0.006790	5.3
951	-1.061372	153.741303	0.008455	5.2
952	-0.396234	153.653684	0.007207	5.7
953	-1.149211	153.566198	0.010621	5.5
954	-0.137693	153.478846	0.004167	5.6
955	-0.892037	153.391625	0.003716	5.2
956	-1.046847	153.304537	0.018637	5.2
957	-1.107254	153.217580	0.020879	5.6
958	-0.011530	153.130755	0.000823	4.7
959	-0.449076	153.044061	0.003209	4.7
960	-1.318685	152.957498	0.015074	6.0
961	-0.667546	152.871065	0.003623	4.8
962	-0.088103	152.784762	0.001654	5.0
963	-0.800554	152.698589	0.009314	4.7
964	-0.969545	152.612545	0.015034	5.5
965	-0.910279	152.526631	0.008516	4.8
966	-0.000000	152.440845	0.000000	4.8
967	0.000000	152.355188	0.000000	5.8
968	-1.224730	152.269660	0.016450	5.4
969	-0.868487	152.184259	0.017671	4.7
970	-1.021173	152.098986	0.008859	5.7
971	-0.756780	152.013840	0.008943	5.6
972	-1.027733	151.928821	0.034418	5.1
973	-1.233959	151.843928	0.013989	5.9
974	-0.000000	151.759163	0.000000	4.7
975	-0.314330	151.674523	0.004599	5.0
976	-1.023488	151.590009	0.011775	6.2
977	-0.996781	151.505620	0.030663	5.1
978	-0.838104	151.421357	0.005846	5.3
979	-1.048925	151.337218	0.015144	5.5
980	-0.000001	151.253204	0.000000	5.0
981	-0.992674	151.169314	0.007017	4.8
982	-0.814184	151.085549	0.011044	5.7
983	-0.544443	151.001907	0.009045	5.9
984	-0.000000	150.918388	0.000000	5.6
985	-0.956398	150.834992	0.013846	5.8
986	-0.000000	150.751719	0.000000	5.0
987	-0.450649	150.668569	0.006567	4.9
988	-0.045906	150.585541	0.002077	5.3
989	-0.157207	150.502634	0.003447	6.3
990	-0.897715	150.419849	0.012244	5.6
991	-0.000075	150.337186	0.000026	6.0
992	-0.805616	150.254644	0.009617	5.4
993	-0.168393	150.172222	0.001670	5.0
994	-1.243292	150.089921	0.012934	5.8
995	-1.264308	150.007740	0.024416	4.9
996	-0.933570	149.925679	0.030991	4.7
997	-1.167551	149.843737	0.017750	5.5
998	-0.008564	149.761915	0.000582	4.6
999	-0.637126	149.680212	0.004210	5.3
1000	-1.178313	149.598627	0.025573	5.4
1001	-1.271691	149.517161	0.013663	5.1
1002	-0.977580	149.435814	0.024945	4.7
1003	-0.846910	149.354584	0.010342	4.8
1004	-1.038250	149.273472	0.011070	5.8
1005	-0.000000	149.192477	0.000000	4.7
1006	-1.076124	149.111599	0.015011	5.7
1007	-0.000000	149.030838	0.000000	5.9
1008	-0.970605	148.950194	0.008001	5.4
1009	-1.130048	148.869666	0.010560	4.8
1010	0.000000	148.789253	0.000000	5.9
1011	-0.660227	148.708957	0.006451	4.7
1012	-0.706508	148.628776	0.009464	4.8
1013	-0.891013	148.548710	0.006693	6.2
1014	-0.837658	148.468759	0.017712	5.2
1015	-0.000000	148.388923	0.000000	4.8
1016	-0.670843	148.309201	0.022387	6.5
1017	-0.802612	148.229594	0.008101	5.3
1018	-0.584870	148.150100	0.004694	5.4
1019	-1.277241	148.070719	0.030397	5.3
1020	-0.736743	147.991452	0.010461	5.3
1021	-1.062195	147.912298	0.011938	4.9
1022	-1.025067	147.833257	0.013685	5.8
1023	-0.000000	147.754329	0.000000	4.8
1024	-0.994842	147.675512	0.004599	5.1
1025	-0.000000	147.596808	0.000000	5.4
1026	-0.088558	147.518216	0.003105	4.7
1027	-0.578596	147.439735	0.006141	4.8
1028	-0.765587	147.361365	0.010972	6.2
1029	-0.870874	147.283106	0.032201	5.9
1030	-0.730723	147.204958	0.020969	5.2
1031	-0.888691	147.126920	0.011918	5.7
1032	-1.171024	147.048993	0.015676	4.7
1033	-0.902931	146.971175	0.013956	4.7
1034	-0.881183	146.893468	0.006935	5.6
1035	-1.066388	146.815869	0.016323	5.4
1036	-0.661149	146.738380	0.010241	5.2
1037	-1.035988	146.661000	0.019934	5.5
1038	-0.000017	146.583729	0.000002	5.7
1039	-0.000000	146.506566	0.000000	4.7
1040	-1.089229	146.429511	0.008949	5.6
1041	-0.262494	146.352565	0.003543	5.2
1042	-0.579293	146.275726	0.007099	4.8
1043	-0.573720	146.198994	0.007819	5.5
1044	-0.000000	146.122370	0.000000	5.3
1045	-1.285642	146.045853	0.010867	5.1
1046	-0.594152	145.969442	0.011188	5.4
1047	-0.979621	145.893139	0.012578	5.8
1048	0.000000	145.816941	0.000000	5.7
1049	-0.000000	145.740849	0.000000	5.0
1050	-0.049013	145.664863	0.001402	5.4
1051	-0.591739	145.588983	0.007811	4.8
1052	-0.885900	145.513208	0.004607	5.7
1053	-0.000001	145.437538	0.000000	5.4
1054	0.000000	145.361973	0.000000	5.1
1055	-1.180860	145.286513	0.011732	5.0
1056	-1.266047	145.211157	0.033618	5.7
1057	-0.957679	145.135905	0.011936	5.3
1058	-0.794891	145.060757	0.013804	4.8
1059	-0.052188	144.985712	0.002034	5.9
1060	-1.083218	144.910771	0.009796	4.8
1061	-0.988661	144.835934	0.010691	4.8
1062	-0.966493	144.761199	0.006708	5.8
1063	-1.036406	144.686567	0.008096	4.8
1064	-0.413442	144.612037	0.002836	4.8
1065	-0.285457	144.537610	0.001859	6.4
1066	-0.036836	144.463285	0.001575	4.7
1067	-0.000000	144.389062	0.000000	4.8
1068	-0.671641	144.314940	0.003728	5.6
1069	-0.174692	144.240920	0.002119	5.8
1070	-0.547994	144.167001	0.011000	5.7
1071	-0.880256	144.093182	0.005376	5.8
1072	-0.000000	144.019465	0.000000	4.7
1073	-0.922178	143.945848	0.012009	4.8
1074	-0.377133	143.872331	0.007844	5.9
1075	-0.059200	143.798914	0.002063	5.5
1076	-0.003205	143.725597	0.000223	4.7
1077	-1.182333	143.652380	0.018905	5.5
1078	-1.111494	143.579262	0.015384	5.3
1079	-0.672533	143.506243	0.016711	5.4
1080	-0.040512	143.433323	0.002201	5.3
1081	-0.789404	143.360502	0.009756	4.8
1082	-1.142156	143.287780	0.012876	5.1
1083	-1.206502	143.215155	0.011512	5.3
1084	-1.095595	143.142629	0.014269	5.7
1085	-1.365723	143.070201	0.013745	4.9
1086	-0.008563	142.997870	0.000201	4.7
1087	-0.653058	142.925637	0.009972	6.0
1088	-0.066813	142.853501	0.002265	4.7
1089	-1.130289	142.781462	0.010530	4.7
1090	-1.115334	142.709519	0.012623	5.8
1091	-0.000000	142.637674	0.000000	5.6
1092	-0.782320	142.565924	0.019066	4.7
1093	-0.701598	142.494271	0.007408	5.7
1094	-0.910812	142.422714	0.010044	5.2
1095	-1.200145	142.351252	0.008845	4.7
1096	-1.239013	142.279886	0.021357	6.0
1097	-1.056837	142.208616	0.009769	4.8
1098	-0.865257	142.137440	0.006321	4.7
1099	-0.407248	142.066360	0.011508	5.4
1100	-0.000000	141.995374	0.000000	5.5
1101	-0.874038	141.924483	0.016617	4.9
1102	-1.116257	141.853685	0.007707	5.7
1103	-0.000000	141.782983	0.000000	5.1
1104	-0.948853	141.712373	0.003248	4.8
1105	-0.046904	141.641858	0.001695	6.2
1106	-1.258159	141.571436	0.007734	5.0
1107	-0.461377	141.501108	0.009438	4.7
1108	-0.735837	141.430872	0.010905	5.4
1109	-1.243262	141.360730	0.032923	5.8
1110	-1.216772	141.290680	0.009194	5.1
1111	-0.726045	141.220722	0.015261	5.5
1112	-0.000000	141.150857	0.000000	5.1
1113	-1.073838	141.081084	0.007835	5.2
1114	-0.603436	141.011403	0.005883	5.5
1115	-0.726573	140.941813	0.007045	5.4
1116	-0.066756	140.872315	0.003579	4.8
1117	-0.450746	140.802909	0.005092	5.0
1118	-0.171414	140.733593	0.003231	5.3
1119	-1.238994	140.664369	0.047475	4.9
1120	-0.032749	140.595235	0.000994	4.8
1121	-1.034335	140.526192	0.010266	6.2
1122	-0.806509	140.457239	0.006760	4.9
1123	-0.945269	140.388376	0.008933	4.7
1124	-0.954313	140.319603	0.014731	5.9
1125	-0.790453	140.250920	0.011527	4.7
1126	-0.005149	140.182326	0.000501	4.8
1127	-1.086031	140.113822	0.004919	6.1
1128	-0.845516	140.045407	0.010622	4.8
1129	-0.910538	139.977081	0.013692	5.2
1130	-0.000035	139.908844	0.000005	5.4
1131	-1.227741	139.840696	0.013356	5.9
1132	-0.000000	139.772635	0.000000	5.1
1133	-0.000000	139.704664	0.000000	5.2
1134	-1.152387	139.636780	0.019533	5.1
1135	-0.000000	139.568984	0.000000	4.7
1136	-1.140949	139.501276	0.013201	4.9
1137	-1.209417	139.433655	0.013270	5.4
1138	-0.850794	139.366122	0.008500	5.6
1139	-0.926123	139.298676	0.012076	4.7
1140	-0.932835	139.231317	0.045571	5.9
1141	-0.000000	139.164045	0.000000	5.0
1142	0.000000	139.096859	0.000000	5.4
1143	-0.053213	139.029760	0.003025	5.8
1144	-1.058022	138.962747	0.011833	5.5
1145	-1.347169	138.895820	0.041814	5.4
1146	-0.870844	138.828978	0.013790	5.7
1147	0.000000	138.762223	0.000000	5.5
1148	0.000000	138.695553	0.000000	4.5
1149	0.000000	138.628969	0.000000	6.1
1150	-0.010270	138.562469	0.002053	5.0
1151	-0.089138	138.496055	0.005037	5.2
1152	-0.058491	138.429725	0.000709	5.7
1153	-0.180590	138.363481	0.005131	6.2
1154	-1.060873	138.297320	0.015663	5.2
1155	-0.000004	138.231244	0.000001	5.6
1156	-0.281305	138.165252	0.004526	5.4
1157	-0.832650	138.099344	0.027019	5.4
1158	-0.134107	138.033520	0.006909	5.5
1159	-0.905842	137.967779	0.007293	5.2
1160	-0.431166	137.902122	0.003815	4.8
1161	-0.000000	137.836548	0.000000	5.5
1162	-0.906869	137.771057	0.020486	5.0
1163	-0.845865	137.705649	0.017705	4.9
1164	-0.863641	137.640324	0.011590	6.1
1165	-1.016030	137.575081	0.014441	5.3
1166	-0.000000	137.509921	0.000000	4.7
1167	-0.631732	137.444842	0.021348	5.8
1168	-0.815748	137.379846	0.010637	4.9
1169	-0.782524	137.314932	0.005494	4.7
1170	-0.000000	137.250100	0.000000	5.1
1171	-0.000000	137.185349	0.000000	5.8
1172	-0.079770	137.120680	0.001666	5.5
1173	-0.622063	137.056092	0.010002	5.4
1174	-1.190251	136.991585	0.043056	5.6
1175	-0.970317	136.927158	0.011871	4.8
1176	-0.827885	136.862813	0.016480	5.6
1177	-0.040655	136.798548	0.003186	5.0
1178	-0.323769	136.734363	0.003713	4.7
1179	-0.830866	136.670259	0.010073	5.1
1180	-0.244535	136.606235	0.003279	5.4
1181	-0.965308	136.542291	0.007571	4.8
1182	-0.088094	136.478426	0.002503	5.5
1183	0.000000	136.414641	0.000000	5.3
1184	-1.016382	136.350936	0.008025	4.9
1185	-0.000000	136.287310	0.000000	4.7
1186	-1.275613	136.223763	0.017572	5.4
1187	-1.249160	136.160295	0.007177	4.8
1188	-0.675396	136.096905	0.014184	5.3
1189	-0.000000	136.033594	0.000000	5.9
1190	-0.911037	135.970362	0.015636	5.4
1191	-0.694532	135.907208	0.014479	4.7
1192	-0.796923	135.844133	0.009127	5.5
1193	-0.021715	135.781135	0.001800	5.8
1194	-1.078145	135.718215	0.010166	4.9
1195	-0.000070	135.655373	0.000028	5.8
1196	-0.206904	135.592608	0.005411	5.2
1197	-0.150240	135.529921	0.004255	5.2
1198	0.000000	135.467311	0.000000	5.6
1199	-0.717231	135.404778	0.012476	4.7
1200	-0.537864	135.342322	0.005270	4.7
1201	-0.501770	135.279942	0.005539	5.9
1202	-0.617249	135.217640	0.011740	5.4
1203	-1.258361	135.155413	0.020853	4.8
1204	-1.049906	135.093263	0.007648	5.9
1205	-1.215066	135.031190	0.012130	5.7
1206	-0.693049	134.969192	0.012079	5.5
1207	-0.018695	134.907270	0.001786	5.7
1208	-1.053732	134.845424	0.009647	4.9
1209	-0.787368	134.783653	0.011138	5.6
1210	-0.851516	134.721958	0.007795	5.4
1211	-1.136482	134.660338	0.008751	5.7
1212	-0.001773	134.598793	0.000197	5.8
1213	-0.796138	134.537323	0.008088	5.7
1214	-0.652057	134.475927	0.006683	5.0
1215	-0.976914	134.414607	0.008280	4.9
1216	-0.000629	134.353361	0.000140	5.7
1217	-0.576609	134.292189	0.013669	4.9
1218	-1.235193	134.231092	0.008742	4.7
1219	-0.552936	134.170068	0.007792	5.4
1220	-1.072688	134.109119	0.013779	5.5
1221	-1.292985	134.048243	0.007300	4.8
1222	-1.026423	133.987441	0.004831	5.7
1223	-0.557991	133.926713	0.006195	5.7
1224	-0.623198	133.866057	0.004259	5.1
1225	-1.077928	133.805475	0.007264	5.0
1226	-0.352415	133.744966	0.004775	5.7
1227	-1.252613	133.684530	0.030753	4.7
1228	-0.867789	133.624167	0.007850	4.9
1229	-1.258422	133.563877	0.010889	6.0
1230	-0.000000	133.503658	0.000000	5.5
1231	-1.070221	133.443513	0.012940	5.0
1232	-0.799318	133.383439	0.005326	5.6
1233	-0.891602	133.323437	0.012368	4.7
1234	-0.457425	133.263508	0.007776	5.4
1235	-1.000799	133.203650	0.009474	5.7
1236	0.000000	133.143864	0.000000	5.2
1237	-0.000000	133.084149	0.000000	4.9
1238	-1.293563	133.024506	0.021133	5.8
1239	-0.258718	132.964934	0.007284	4.7
1240	-0.000163	132.905433	0.000028	5.0
1241	-0.137883	132.846003	0.004391	6.0
1242	-1.291518	132.786643	0.020218	4.8
1243	-0.000000	132.727355	0.000000	5.3
1244	-0.663589	132.668137	0.009970	5.5
1245	-0.816219	132.608989	0.009169	4.9
1246	-1.176880	132.549912	0.010106	4.8
1247	-1.118910	132.490904	0.011241	5.8
1248	0.000000	132.431967	0.000000	5.0
1249	-1.159760	132.373100	0.010568	4.7
1250	0.000000	132.314302	0.000000	5.4
1251	-1.136039	132.255574	0.008596	6.1
1252	-0.865877	132.196916	0.019561	5.1
1253	-0.054526	132.138326	0.001178	5.6
1254	-0.000000	132.079806	0.000000	5.0
1255	-0.247961	132.021355	0.007870	4.7
1256	-0.900872	131.962973	0.008967	5.0
1257	-0.458490	131.904660	0.005542	5.5
1258	-1.073201	131.846415	0.014018	5.3
1259	-0.035176	131.788239	0.000631	4.7
1260	-0.857042	131.730131	0.008930	5.9
1261	-0.068793	131.672092	0.003229	4.8
1262	-0.171437	131.614121	0.002337	5.3
1263	-0.834216	131.556217	0.007699	5.8
1264	-0.000000	131.498382	0.000000	4.8
1265	-0.764389	131.440614	0.011420	5.4
1266	-0.000002	131.382914	0.000001	5.5
1267	-0.956963	131.325282	0.005564	4.8
1268	-0.676526	131.267717	0.016054	4.8
1269	-1.092800	131.210219	0.037395	6.0
1270	-0.850594	131.152788	0.006468	4.9
1271	-1.276532	131.095424	0.027434	4.7
1272	-0.003211	131.038127	0.000404	5.8
1273	-0.856850	130.980897	0.007601	5.8
1274	-0.033346	130.923733	0.001531	5.0
1275	-0.977669	130.866636	0.006273	6.1
1276	-0.805865	130.809605	0.013022	4.7
1277	-0.738741	130.752641	0.007412	5.2
1278	-0.911532	130.695742	0.030600	5.7
1279	-1.218763	130.638910	0.024839	4.8
1280	-0.512143	130.582143	0.008000	4.9
1281	-1.056983	130.525442	0.025277	5.7
1282	-0.996087	130.468807	0.008227	5.0
1283	-0.605667	130.412237	0.006544	5.0
1284	-0.624323	130.355733	0.005368	5.3
1285	-0.158267	130.299294	0.004199	5.1
1286	-0.911062	130.242920	0.010122	4.7
1287	-0.547462	130.186611	0.008915	5.5
1288	-1.077389	130.130366	0.009651	5.4
1289	-0.734520	130.074187	0.016039	4.7
1290	-0.993703	130.018072	0.003807	5.2
1291	-0.142513	129.962022	0.003729	5.8
1292	-0.135272	129.906036	0.004447	5.6
1293	-0.000000	129.850114	0.000000	4.9
1294	-1.053052	129.794257	0.009220	5.7
1295	-1.003890	129.738463	0.008893	5.4
1296	-1.061044	129.682734	0.013024	4.7
1297	-0.102094	129.627068	0.002588	5.9
1298	-0.893359	129.571466	0.011767	4.8
1299	-0.832340	129.515927	0.017081	5.3
1300	-0.014932	129.460452	0.000202	5.9
1301	-0.437451	129.405040	0.007677	4.8
1302	-0.743892	129.349692	0.012715	4.7
1303	-0.410881	129.294406	0.005531	5.9
1304	-0.316633	129.239183	0.006064	4.8
1305	-0.433343	129.184024	0.003175	5.1
1306	-0.035211	129.128927	0.001757	5.8
1307	-0.286806	129.073892	0.008204	5.2
1308	-1.086356	129.018921	0.013680	4.7
1309	-0.850260	128.964011	0.002546	5.8
1310	-1.267614	128.909164	0.029468	4.7
1311	-0.902044	128.854379	0.010738	5.2
1312	-1.231874	128.799656	0.021639	5.6
1313	-1.152043	128.744995	0.018176	5.8
1314	-1.274989	128.690396	0.032378	4.8
1315	-0.846817	128.635858	0.011313	5.3
1316	-1.055494	128.581382	0.006197	5.1
1317	-0.537162	128.526968	0.004992	5.1
1318	-0.383327	128.472615	0.005534	5.1
1319	-0.997785	128.418323	0.004868	5.5
1320	-0.000443	128.364092	0.000046	4.8
1321	-1.262871	128.309922	0.037040	4.7
1322	0.000000	128.255814	0.000000	5.2
1323	-0.917432	128.201766	0.024079	4.8
1324	-0.316281	128.147778	0.008370	5.2
1325	-0.396142	128.093852	0.005150	6.2
1326	-1.204517	128.039985	0.027846	5.1
1327	-0.730441	127.986180	0.008101	4.8
1328	-0.077718	127.932434	0.004301	5.7
1329	-0.150846	127.878749	0.003372	5.1
1330	-0.273537	127.825123	0.001734	4.6
1331	-0.383078	127.771558	0.006846	5.8
1332	-0.851076	127.718052	0.007409	4.8
1333	0.000000	127.664606	0.000000	4.7
1334	-1.036726	127.611220	0.009263	5.8
1335	-0.000000	127.557893	0.000000	5.9
1336	-0.000000	127.504625	0.000000	5.2
1337	-0.000000	127.451417	0.000000	5.9
1338	-0.088360	127.398268	0.002974	4.8
1339	-0.794578	127.345178	0.012295	4.7
1340	-0.114448	127.292147	0.001045	5.3
1341	-0.057430	127.239175	0.001116	5.6
1342	-1.372746	127.186261	0.014447	5.3
1343	-0.133052	127.133407	0.002832	5.9
1344	-0.999607	127.080610	0.016410	5.2
1345	-0.776112	127.027872	0.014664	5.1
1346	-0.637609	126.975193	0.007474	6.2
1347	-0.245829	126.922572	0.003232	6.0
1348	-0.812648	126.870008	0.004743	5.4
1349	-0.000000	126.817503	0.000000	7.8
1350	-0.000000	126.765056	0.000000	6.1
1351	-1.003363	126.712667	0.009268	6.3
1352	-0.589155	126.660335	0.007219	6.0
1353	-0.631654	126.608061	0.007560	5.5
1354	-0.916914	126.555844	0.005025	6.3
1355	-0.473232	126.503685	0.006237	6.4
1356	-0.254261	126.451583	0.003432	6.2
1357	-1.266942	126.399538	0.025862	6.9
1358	-0.956530	126.347550	0.009458	6.5
1359	-0.732104	126.295619	0.004180	5.5
1360	-0.936998	126.243745	0.005896	6.4
1361	-0.214460	126.191928	0.003269	5.8
1362	-0.503769	126.140168	0.004492	5.8
1363	-0.019192	126.088464	0.000822	4.8
1364	-0.010054	126.036817	0.000508	4.9
1365	-0.828081	125.985226	0.011901	7.0
1366	-1.123788	125.933691	0.012381	5.0
1367	-0.897954	125.882212	0.006378	4.9
1368	-1.159863	125.830790	0.011955	6.1
1369	-0.332535	125.779423	0.007714	4.9
1370	0.000000	125.728113	0.000000	4.7
1371	-0.205139	125.676858	0.004026	5.6
1372	-1.098184	125.625659	0.013438	6.9
1373	-1.170153	125.574515	0.013766	5.4
1374	-1.103873	125.523427	0.012839	5.6
1375	-0.120153	125.472394	0.002135	5.7
1376	0.000000	125.421417	0.000000	4.7
1377	-1.115354	125.370495	0.017828	5.7
1378	-1.007819	125.319628	0.015031	5.1
1379	-0.000000	125.268815	0.000000	5.0
1380	-1.285693	125.218058	0.009365	6.5
1381	-0.715799	125.167356	0.014284	5.4
1382	-1.171002	125.116708	0.027036	4.7
1383	-0.950036	125.066115	0.013692	6.6
1384	-1.154934	125.015576	0.011415	6.3
1385	-0.020247	124.965092	0.001370	6.1
1386	-0.538641	124.914662	0.005946	6.0
1387	-0.764564	124.864287	0.009011	5.7
1388	-0.887456	124.813965	0.006027	6.0
1389	-0.763333	124.763698	0.004199	5.8
1390	-0.008162	124.713485	0.000233	5.5
1391	-0.732683	124.663325	0.003701	6.1
1392	-1.039757	124.613219	0.013439	5.9
1393	-1.178185	124.563167	0.022410	5.0
1394	-0.377040	124.513168	0.006063	6.2
1395	-0.333804	124.463223	0.006432	5.1
1396	-0.973297	124.413332	0.014747	4.7
1397	-0.000000	124.363493	0.000000	6.2
1398	-0.700138	124.313708	0.011989	5.1
1399	-0.216162	124.263976	0.005113	4.9
1400	-1.036139	124.214297	0.020362	5.9
1401	-0.722584	124.164671	0.003082	5.3
1402	-0.094390	124.115097	0.001201	5.0
1403	-0.977239	124.065577	0.015838	6.1
1404	-1.137096	124.016109	0.013905	5.2
1405	-0.660644	123.966693	0.015142	5.3
1406	-0.000000	123.917330	0.000000	5.5
1407	-0.851889	123.868020	0.008205	5.2
1408	-0.400502	123.818762	0.006198	4.7
1409	-0.221288	123.769556	0.002593	5.1
1410	-0.713154	123.720402	0.015109	6.3
1411	-0.000532	123.671300	0.000170	5.7
1412	-1.273553	123.622250	0.008923	5.3
1413	-1.192197	123.573252	0.010406	5.0
1414	-0.000000	123.524305	0.000000	4.7
1415	-0.960179	123.475411	0.008155	5.5
1416	-0.000000	123.426568	0.000000	5.5
1417	-0.725947	123.377776	0.011590	4.7
1418	-1.397518	123.329036	0.021127	4.7
1419	-1.200685	123.280347	0.007119	6.6
1420	-0.016836	123.231709	0.001460	5.7
1421	-1.331120	123.183122	0.046354	6.1
1422	-1.226915	123.134587	0.046716	5.7
1423	-0.000000	123.086102	0.000000	5.7
1424	-0.871324	123.037669	0.013766	6.9
1425	-0.849883	122.989286	0.004556	5.8
1426	-0.202052	122.940954	0.005392	5.7
1427	-0.583433	122.892672	0.008255	6.5
1428	-0.573226	122.844441	0.006450	6.2
1429	0.000000	122.796261	0.000000	6.3
1430	-0.000000	122.748130	0.000000	6.7
1431	-0.844626	122.700050	0.009666	6.0
1432	0.000000	122.652021	0.000000	6.9
1433	-0.452128	122.604041	0.007250	5.9
1434	-1.223924	122.556111	0.012468	6.2
1435	-0.995753	122.508232	0.009174	7.0
1436	-1.187373	122.460402	0.007630	5.9
1437	-1.212936	122.412622	0.016703	5.4
1438	-0.938352	122.364891	0.006128	5.1
1439	0.000000	122.317210	0.000000	4.9
1440	-1.105096	122.269579	0.054544	6.3
1441	-0.620473	122.221997	0.008367	5.0
1442	-0.000000	122.174465	0.000000	5.4
1443	-1.002328	122.126981	0.009798	6.2
1444	-0.877955	122.079547	0.021149	4.9
1445	-1.145457	122.032162	0.023710	5.1
1446	-0.000000	121.984826	0.000000	5.8
1447	-0.000000	121.937539	0.000000	5.3
1448	-1.055268	121.890301	0.013711	5.2
1449	-0.000018	121.843112	0.000004	6.1
1450	0.000000	121.795971	0.000000	4.7
1451	-0.994955	121.748879	0.007849	5.2
1452	0.000000	121.701835	0.000000	5.9
1453	-0.566740	121.654840	0.007925	5.2
1454	-0.908980	121.607893	0.009214	4.8
1455	-0.553842	121.560994	0.009067	5.3
1456	-0.983762	121.514144	0.019250	5.0
1457	-0.246482	121.467342	0.004314	5.3
1458	-0.502384	121.420588	0.008347	5.4
1459	-0.422418	121.373882	0.005336	5.6
1460	0.000000	121.327223	0.000000	4.9
1461	-1.074660	121.280613	0.013572	5.0
1462	-0.385492	121.234050	0.007471	5.7
1463	0.000000	121.187535	0.000000	4.7
1464	-1.032698	121.141067	0.011322	5.7
1465	-0.073553	121.094647	0.002456	5.8
1466	-0.319900	121.048274	0.002862	5.6
1467	-0.919233	121.001949	0.005047	5.2
1468	-0.934073	120.955671	0.010208	6.1
1469	-0.976337	120.909440	0.004257	5.6
1470	-0.952469	120.863256	0.012608	5.3
1471	-0.854392	120.817119	0.004814	5.1
1472	-1.103462	120.771029	0.011642	5.6
1473	-1.105214	120.724986	0.005520	5.2
1474	-1.135355	120.678990	0.012640	5.8
1475	-1.246510	120.633040	0.013934	5.0
1476	-0.874091	120.587137	0.012387	4.9
1477	-1.095270	120.541281	0.013932	6.0
1478	-0.377531	120.495471	0.006956	4.7
1479	-0.032094	120.449707	0.000632	5.2
1480	-0.695800	120.403990	0.012759	5.5
1481	-0.799637	120.358319	0.012092	4.7
1482	-1.065374	120.312694	0.010407	5.1
1483	-0.297559	120.267115	0.001980	6.2
1484	-0.806922	120.221582	0.014686	4.7
1485	-1.111720	120.176096	0.004963	4.7
1486	-0.426935	120.130655	0.005405	6.3
1487	-0.853222	120.085260	0.011298	5.6
1488	-1.268764	120.039910	0.018580	4.7
1489	-0.008709	119.994606	0.000472	5.9
1490	-0.887348	119.949348	0.020055	5.2
1491	-1.069203	119.904135	0.009459	5.4
1492	-1.161646	119.858968	0.018523	5.6
1493	-0.981952	119.813846	0.009737	4.7
1494	-0.740624	119.768769	0.013946	4.7
1495	-0.757799	119.723738	0.007228	5.8
1496	-0.184769	119.678752	0.002629	5.0
1497	-0.003053	119.633810	0.000432	5.6
1498	-0.026413	119.588914	0.001228	6.0
1499	-0.495408	119.544062	0.006341	5.1
1500	-0.319482	119.499256	0.004863	5.3
1501	-1.303837	119.454494	0.042608	5.9
1502	-1.152405	119.409777	0.012143	5.4
1503	-0.491336	119.365104	0.004185	4.9
1504	-0.696863	119.320476	0.009874	5.3
1505	-0.000000	119.275893	0.000000	5.5
1506	-0.000000	119.231353	0.000000	5.7
1507	-0.520230	119.186859	0.006714	5.8
1508	0.000000	119.142408	0.000000	5.4
1509	-1.106074	119.098002	0.006330	4.8
1510	-1.179538	119.053639	0.009773	5.3
1511	-0.000000	119.009321	0.000000	4.8
1512	-0.743053	118.965047	0.008083	4.8
1513	-0.934225	118.920816	0.021682	5.4
1514	-0.000000	118.876630	0.000000	5.3
1515	-0.000000	118.832487	0.000000	5.1
1516	-0.012919	118.788388	0.000861	5.0
1517	-1.192907	118.744332	0.021108	5.6
1518	-0.616938	118.700320	0.008552	4.7
1519	-0.000000	118.656352	0.000000	4.7
1520	-0.534173	118.612427	0.006011	5.9
1521	-1.099913	118.568545	0.018829	5.5
1522	-1.168135	118.524706	0.008075	4.7
1523	-0.631997	118.480911	0.007149	6.0
1524	0.000000	118.437159	0.000000	4.7
1525	-0.000000	118.393450	0.000000	4.7
1526	-0.654792	118.349784	0.015685	5.6
1527	-0.803270	118.306160	0.006169	6.0
1528	-0.501412	118.262580	0.010836	5.1
1529	-1.061512	118.219042	0.010917	5.4
1530	-1.005881	118.175548	0.010743	5.0
1531	-1.027785	118.132095	0.014379	4.8
1532	-0.000000	118.088686	0.000000	5.6
1533	-0.036948	118.045319	0.002105	4.9
1534	-0.691701	118.001994	0.008525	4.8
1535	-1.208028	117.958712	0.009230	5.8
1536	-0.643420	117.915472	0.004683	5.2
1537	-0.822432	117.872274	0.003720	4.8
1538	-0.000000	117.829118	0.000000	5.3
1539	-0.000000	117.786005	0.000000	5.2
1540	-1.060632	117.742933	0.007429	4.9
1541	-0.000000	117.699904	0.000000	5.0
1542	-0.000002	117.656916	0.000001	5.5
1543	-0.750837	117.613971	0.008905	5.2
1544	-0.727178	117.571067	0.013304	4.8
1545	-0.727679	117.528205	0.008779	5.9
1546	-0.235336	117.485384	0.004511	5.1
1547	-0.638740	117.442605	0.004932	4.8
1548	-0.032445	117.399867	0.001405	5.6
1549	0.000000	117.357171	0.000000	6.0
1550	-1.079000	117.314517	0.007834	4.9
1551	-1.170637	117.271903	0.006969	5.9
1552	-1.154830	117.229331	0.011743	5.2
1553	-0.054133	117.186800	0.001082	4.7
1554	-0.000001	117.144311	0.000000	5.8
1555	-1.022563	117.101862	0.008932	5.3
1556	-0.802636	117.059454	0.020468	4.9
1557	-0.455531	117.017087	0.007277	5.8
1558	-0.748340	116.974762	0.010881	5.1
1559	-1.117477	116.932476	0.007103	4.9
1560	-0.517176	116.890232	0.008199	5.5
1561	-1.065426	116.848028	0.009057	4.8
1562	-0.971886	116.805865	0.007842	4.7
1563	-0.476962	116.763743	0.008234	6.3
1564	-1.168324	116.721661	0.023426	5.5
1565	-0.800594	116.679619	0.012788	4.7
1566	-0.000009	116.637618	0.000002	5.5
1567	-1.031706	116.595657	0.016231	6.4
1568	-0.949244	116.553736	0.006439	6.3
1569	-1.101912	116.511855	0.012281	5.8
1570	-1.159978	116.470015	0.008682	4.7
1571	-0.000000	116.428214	0.000000	5.6
1572	-1.261193	116.386454	0.016338	5.6
1573	-0.078402	116.344733	0.001040	4.7
1574	-1.204788	116.303052	0.011048	5.0
1575	-0.184166	116.261412	0.002547	5.7
1576	-0.000000	116.219810	0.000000	4.7
1577	-0.213053	116.178249	0.004330	5.2
1578	-1.279615	116.136727	0.007364	5.7
1579	-0.132969	116.095245	0.002813	4.9
1580	-0.822259	116.053802	0.006100	5.0
1581	-1.046455	116.012398	0.014812	5.9
1582	-1.147366	115.971034	0.009520	4.7
1583	-0.863512	115.929710	0.009647	4.7
1584	-1.137580	115.888424	0.007817	6.1
1585	-0.755623	115.847178	0.011960	5.5
1586	-0.240284	115.805970	0.006806	5.1
1587	-0.803338	115.764802	0.009386	6.0
1588	-0.498435	115.723673	0.007346	6.0
1589	-0.694957	115.682583	0.006963	6.1
1590	-0.867463	115.641532	0.007322	6.5
1591	-0.001068	115.600519	0.000237	5.2
1592	-0.778768	115.559546	0.003472	6.3
1593	-0.000000	115.518610	0.000000	6.7
1594	-0.576883	115.477714	0.012198	5.1
1595	-0.695789	115.436856	0.006439	6.0
1596	-0.000000	115.396037	0.000000	6.0
1597	-1.035475	115.355256	0.028108	5.8
1598	-0.034025	115.314514	0.001965	6.4
1599	-0.084600	115.273810	0.002756	5.2
1600	-1.056505	115.233144	0.020518	6.1
1601	-0.632684	115.192517	0.008174	6.7
1602	-0.872753	115.151927	0.005257	6.0
1603	-0.557220	115.111376	0.004767	5.9
1604	-0.711979	115.070863	0.008704	6.6
1605	-0.674872	115.030388	0.003510	5.7
1606	-0.852732	114.989951	0.011081	5.6
1607	-0.000005	114.949551	0.000002	6.4
1608	-0.000709	114.909190	0.000188	5.2
1609	-0.747875	114.868866	0.002978	6.3
1610	-0.000000	114.828580	0.000000	5.9
1611	-0.576441	114.788332	0.006607	5.5
1612	-0.040972	114.748121	0.002689	6.2
1613	-0.238177	114.707948	0.002787	5.5
1614	-0.001022	114.667812	0.000047	7.1
1615	-0.843331	114.627714	0.039956	5.4
1616	-1.186343	114.587653	0.027311	5.3
1617	-0.823915	114.547629	0.008262	6.4
1618	-0.950761	114.507643	0.012434	4.8
1619	-1.000960	114.467693	0.037233	5.3
1620	-0.373849	114.427781	0.007145	6.1
1621	-0.592551	114.387907	0.005571	5.6
1622	-0.972493	114.348069	0.010425	5.4
1623	-0.769906	114.308268	0.009919	6.2
1624	-1.146956	114.268504	0.010455	5.7
1625	-0.826516	114.228777	0.007558	5.3
1626	-0.749067	114.189086	0.004531	6.2
1627	-0.293361	114.149433	0.003730	4.9
1628	-0.000000	114.109816	0.000000	5.2
1629	-0.001662	114.070235	0.000239	6.6
1630	-0.510700	114.030692	0.009368	4.9
1631	-1.031809	113.991185	0.007641	5.6
1632	-0.867084	113.951714	0.011036	6.3
1633	-1.276675	113.912280	0.010102	4.7
1634	-0.000000	113.872882	0.000000	5.7
1635	-0.976021	113.833521	0.012084	5.8
1636	-0.904106	113.794195	0.007387	5.1
1637	-0.000000	113.754906	0.000000	5.4
1638	-0.596154	113.715653	0.012033	5.9
1639	-1.018286	113.676437	0.012761	6.0
1640	-0.000000	113.637256	0.000000	6.5
1641	-0.000036	113.598111	0.000010	4.9
1642	-0.000000	113.559002	0.000000	6.0
1643	-1.310000	113.519929	0.033563	6.3
1644	-0.522108	113.480892	0.006205	6.2
1645	-0.000000	113.441891	0.000000	5.5
1646	-0.994611	113.402925	0.006468	6.5
1647	-0.849752	113.363995	0.009099	6.1
1648	-1.025763	113.325101	0.008366	6.3
1649	-0.659710	113.286242	0.006840	5.6
1650	-0.000000	113.247419	0.000000	5.9
1651	-0.200884	113.208631	0.003081	6.4
1652	-0.966581	113.169879	0.007083	5.9
1653	-0.003379	113.131162	0.000198	5.2
1654	-0.230731	113.092480	0.004051	6.1
1655	-0.000000	113.053833	0.000000	5.4
1656	-0.833785	113.015222	0.013796	5.4
1657	-0.992490	112.976646	0.005070	6.0
1658	-1.079614	112.938105	0.006117	4.7
1659	-0.545862	112.899599	0.005621	5.3
1660	-0.334039	112.861128	0.006444	6.0
1661	-1.048066	112.822692	0.006604	5.6
1662	-0.726538	112.784291	0.006181	5.0
1663	0.000000	112.745924	0.000000	5.8
1664	-0.743446	112.707593	0.005540	4.7
1665	-0.082251	112.669296	0.001359	4.8
1666	-0.754548	112.631034	0.009670	5.8
1667	-0.000000	112.592806	0.000000	4.7
1668	0.000000	112.554613	0.000000	4.7
1669	-0.914836	112.516455	0.013036	5.7
1670	-0.609663	112.478331	0.008998	5.3
1671	-0.000004	112.440241	0.000001	4.8
1672	-0.678004	112.402186	0.014938	6.0
1673	-0.000010	112.364165	0.000004	4.7
1674	-0.000133	112.326179	0.000025	4.7
1675	-1.097759	112.288227	0.009820	4.8
1676	-0.814170	112.250309	0.009586	6.2
1677	-1.107037	112.212425	0.014954	5.0
1678	-0.763069	112.174575	0.010511	4.7
1679	-0.000013	112.136759	0.000002	6.0
1680	-0.845785	112.098977	0.004130	4.7
1681	-0.049591	112.061229	0.002590	4.7
1682	-1.154423	112.023515	0.012628	6.3
1683	-0.885526	111.985834	0.007046	5.4
1684	-0.786259	111.948188	0.010002	5.2
1685	-0.844808	111.910575	0.008190	6.1
1686	0.000000	111.872996	0.000000	4.7
1687	-0.032337	111.835450	0.001674	4.7
1688	-0.577725	111.797939	0.005737	6.1
1689	-0.000000	111.760460	0.000000	4.5
1690	-1.298512	111.723015	0.011505	4.7
1691	-0.000000	111.685604	0.000000	6.1
1692	-0.302152	111.648226	0.006621	5.1
1693	-1.156167	111.610881	0.008812	5.0
1694	0.000000	111.573570	0.000000	5.5
1695	-1.087540	111.536292	0.015991	4.8
1696	0.000000	111.499047	0.000000	5.3
1697	-0.000000	111.461835	0.000000	5.6
1698	-0.000000	111.424656	0.000000	5.2
1699	0.000000	111.387510	0.000000	4.7
1700	0.000000	111.350398	0.000000	5.7
1701	-1.051319	111.313318	0.011453	5.3
1702	-0.350418	111.276271	0.005722	4.8
1703	-0.005516	111.239257	0.000683	5.0
1704	-0.505006	111.202276	0.010678	5.8
1705	-0.944223	111.165328	0.005574	5.7
1706	-0.734467	111.128412	0.003581	6.1
1707	-1.198576	111.091529	0.018251	5.0
1708	-0.070644	111.054679	0.004410	4.9
1709	-0.000000	111.017861	0.000000	4.8
1710	-0.357721	110.981076	0.004515	5.4
1711	-0.148825	110.944323	0.003161	5.3
1712	-1.013796	110.907603	0.011916	5.1
1713	-0.000000	110.870915	0.000000	5.8
1714	-1.347827	110.834259	0.007376	4.7
1715	-0.450995	110.797636	0.007452	5.0
1716	-0.939541	110.761045	0.010019	5.8
1717	-0.069975	110.724486	0.001289	5.4
1718	-1.214856	110.687959	0.022128	4.9
1719	-0.783368	110.651465	0.007642	5.6
1720	-1.083899	110.615002	0.007476	5.2
1721	-0.960008	110.578572	0.012582	4.8
1722	-0.000000	110.542173	0.000000	6.0
1723	-0.819847	110.505807	0.010643	4.8
1724	-0.007996	110.469472	0.001023	5.0
1725	-0.902377	110.433169	0.031191	5.9
1726	-0.850844	110.396898	0.012770	5.8
1727	0.000000	110.360659	0.000000	5.0
1728	-0.000000	110.324451	0.000000	5.6
1729	-1.118425	110.288276	0.032663	4.8
1730	-0.682664	110.252131	0.011429	5.2
1731	-0.567684	110.216019	0.009258	6.1
1732	-0.806625	110.179937	0.007016	4.8
1733	-0.962687	110.143888	0.013544	5.3
1734	-0.438908	110.107869	0.008276	6.3
1735	-1.082414	110.071882	0.014330	5.0
1736	-0.872125	110.035927	0.010042	5.3
1737	-1.021856	110.000003	0.008925	5.6
1738	-0.964869	109.964110	0.014939	4.7
1739	-0.991483	109.928248	0.013931	4.8
1740	-0.570421	109.892417	0.010336	5.6
1741	-0.833225	109.856618	0.008545	6.2
1742	-0.622668	109.820850	0.004063	5.0
1743	0.000000	109.785112	0.000000	5.8
1744	-0.643932	109.749406	0.009557	5.9
1745	-1.049506	109.713730	0.013244	4.8
1746	-0.754882	109.678086	0.007562	6.2
1747	-0.443865	109.642472	0.004320	4.8
1748	-0.754588	109.606890	0.004574	4.8
1749	-0.000000	109.571337	0.000000	5.6
1750	-0.632333	109.535816	0.013363	4.8
1751	-0.704126	109.500326	0.005482	4.8
1752	-0.618489	109.464866	0.004032	5.7
1753	-1.175108	109.429436	0.016095	5.3
1754	-0.120263	109.394038	0.004610	5.1
1755	-0.918931	109.358669	0.007448	5.2
1756	-0.029242	109.323331	0.002013	4.9
1757	-0.321200	109.288024	0.004626	4.8
1758	-0.952773	109.252747	0.011033	5.4
1759	-1.037721	109.217501	0.014773	5.3
1760	-0.000000	109.182284	0.000000	4.7
1761	-0.702078	109.147098	0.007566	5.2
1762	-0.890188	109.111942	0.011075	6.9
1763	-1.167878	109.076817	0.019380	5.2
1764	-0.536805	109.041721	0.003843	5.5
1765	-0.000000	109.006656	0.000000	5.3
1766	-1.239710	108.971620	0.011956	5.2
1767	-0.659784	108.936615	0.007195	5.7
1768	-0.709135	108.901640	0.009576	5.5
1769	-0.000050	108.866694	0.000017	4.7
1770	-0.421470	108.831779	0.006599	5.7
1771	-1.115119	108.796893	0.009406	5.7
1772	0.000000	108.762037	0.000000	5.4
1773	-1.087290	108.727211	0.006410	5.2
1774	-1.079904	108.692415	0.011571	5.6
1775	0.000000	108.657648	0.000000	5.0
1776	-0.887649	108.622911	0.006545	5.0
1777	-0.017550	108.588203	0.000806	6.1
1778	-0.976648	108.553525	0.005246	5.0
1779	-0.000000	108.518877	0.000000	5.7
1780	-0.142308	108.484258	0.003199	5.8
1781	-0.775755	108.449668	0.007157	4.7
1782	-0.941478	108.415108	0.007698	5.3
1783	-0.591773	108.380578	0.005070	5.8
1784	-0.916737	108.346076	0.008050	5.5
1785	-1.037379	108.311604	0.006674	4.8
1786	-0.114251	108.277161	0.001974	5.8
1787	-1.039709	108.242747	0.011451	5.2
1788	-0.680643	108.208363	0.012674	5.0
1789	-0.790213	108.174007	0.008377	5.9
1790	-1.217418	108.139681	0.008300	5.0
1791	-0.883375	108.105383	0.009437	4.7
1792	-1.045622	108.071115	0.009307	5.9
1793	-0.987921	108.036875	0.007595	4.7
1794	-0.730280	108.002665	0.012536	5.2
1795	-0.113511	107.968483	0.004925	5.9
1796	-0.633756	107.934330	0.009004	4.8
1797	-0.967917	107.900206	0.021715	5.0
1798	-0.907698	107.866111	0.010573	6.0
1799	-0.899764	107.832044	0.017094	4.7
1800	-1.126274	107.798007	0.013367	4.9
1801	-0.908251	107.763997	0.011340	5.4
1802	0.000000	107.730017	0.000000	5.7
1803	-0.908519	107.696065	0.014905	5.3
1804	-0.824007	107.662141	0.010314	5.8
1805	-0.730614	107.628246	0.004133	5.0
1806	-0.882691	107.594379	0.012213	5.1
1807	-1.301117	107.560541	0.022462	5.8
1808	-0.699960	107.526731	0.006664	5.2
1809	-0.396611	107.492949	0.004207	4.7
1810	-0.000000	107.459196	0.000000	5.9
1811	-1.011006	107.425471	0.008722	5.2
1812	-0.127453	107.391774	0.004488	4.7
1813	-0.001110	107.358106	0.000151	5.2
1814	-0.477855	107.324465	0.006686	5.9
1815	-0.003366	107.290853	0.000636	4.8
1816	-1.065586	107.257268	0.013963	5.2
1817	-1.228904	107.223712	0.014243	5.5
1818	-1.208593	107.190184	0.018577	4.8
1819	-0.795174	107.156683	0.009620	5.4
1820	-1.264221	107.123211	0.023596	6.0
1821	-0.000000	107.089766	0.000000	4.7
1822	-0.000000	107.056349	0.000000	4.7
1823	-1.124729	107.022960	0.011764	6.1
1824	-0.303538	106.989599	0.008056	5.9
1825	-0.208757	106.956265	0.002928	4.8
1826	-0.615541	106.922960	0.004309	6.1
1827	-0.494951	106.889681	0.006904	4.7
1828	-0.023721	106.856431	0.001648	5.1
1829	-0.173141	106.823208	0.002667	5.8
1830	-1.020117	106.790012	0.009211	4.9
1831	-1.229523	106.756844	0.013665	4.8
1832	0.000000	106.723703	0.000000	5.8
1833	-0.000490	106.690590	0.000026	4.8
1834	-0.017792	106.657505	0.001054	5.0
1835	-1.007270	106.624446	0.009523	6.1
1836	-0.015372	106.591415	0.001609	4.8
1837	-0.904164	106.558411	0.015751	4.8
1838	-0.845132	106.525435	0.017491	6.6
1839	-0.961278	106.492485	0.009038	6.4
1840	-0.675062	106.459563	0.006719	5.0
1841	-0.038598	106.426668	0.002675	5.9
1842	-0.785651	106.393800	0.005972	5.7
1843	-1.020352	106.360959	0.011202	5.3
1844	-1.012822	106.328145	0.008955	5.8
1845	-0.000000	106.295358	0.000000	4.5
1846	-0.772760	106.262598	0.007867	4.9
1847	-0.129741	106.229865	0.004757	5.8
1848	-0.764655	106.197158	0.007627	4.7
1849	-0.428734	106.164479	0.007388	5.4
1850	-0.903186	106.131826	0.019354	6.0
1851	-0.559211	106.099201	0.009684	5.0
1852	-0.110347	106.066602	0.001970	4.8
1853	-0.046403	106.034029	0.001996	6.0
1854	-0.980119	106.001483	0.007239	4.7
1855	-0.000000	105.968964	0.000000	4.7
1856	-1.063933	105.936472	0.009059	5.7
1857	-0.170644	105.904006	0.003460	4.9
1858	-0.998546	105.871566	0.010306	4.7
1859	-0.000000	105.839153	0.000000	5.4
1860	-0.941426	105.806767	0.007364	5.4
1861	-0.000523	105.774407	0.000075	4.7
1862	-0.794591	105.742073	0.009723	5.2
1863	-0.989818	105.709766	0.017098	6.3
1864	-1.034657	105.677485	0.018539	5.2
1865	-0.956211	105.645230	0.025561	4.9
1866	-0.008233	105.613001	0.000364	5.6
1867	-0.000000	105.580799	0.000000	5.3
1868	-0.377758	105.548623	0.005985	5.0
1869	-0.583817	105.516473	0.005861	5.7
1870	-0.491652	105.484349	0.008974	4.8
1871	-0.164297	105.452251	0.002428	5.2
1872	-0.955895	105.420179	0.010396	5.9
1873	-0.000009	105.388133	0.000004	4.9
1874	-0.000011	105.356113	0.000005	4.8
1875	-1.042603	105.324119	0.003851	6.3
1876	0.000000	105.292151	0.000000	4.9
1877	-1.053182	105.260209	0.018566	5.1
1878	-0.000000	105.228293	0.000000	5.7
1879	-0.656029	105.196402	0.008720	4.9
1880	-0.000000	105.164537	0.000000	5.1
1881	-0.671123	105.132698	0.009340	5.5
1882	-0.032287	105.100885	0.000780	5.7
1883	-0.970003	105.069097	0.010852	5.1
1884	-0.000000	105.037335	0.000000	6.0
1885	-0.576124	105.005598	0.005786	4.7
1886	-0.000000	104.973887	0.000000	5.2
1887	-0.663511	104.942202	0.007434	6.1
1888	-0.000120	104.910542	0.000021	4.7
1889	-1.064306	104.878907	0.007029	5.3
1890	-0.859051	104.847298	0.009694	5.9
1891	-1.058783	104.815715	0.014583	4.7
1892	-0.000000	104.784156	0.000000	4.5
1893	-0.941485	104.752623	0.010143	6.1
1894	-0.000000	104.721116	0.000000	5.2
1895	-1.113572	104.689633	0.010671	4.8
1896	-0.003888	104.658176	0.000066	5.4
1897	-0.657461	104.626744	0.008927	5.4
1898	-0.000000	104.595337	0.000000	5.1
1899	-0.713145	104.563955	0.007499	5.5
1900	-0.000000	104.532599	0.000000	6.1
1901	-0.544910	104.501267	0.005092	5.1
1902	-1.292392	104.469960	0.006891	4.9
1903	-0.953105	104.438679	0.009584	5.8
1904	-0.900359	104.407422	0.005324	4.9
1905	-0.609124	104.376191	0.015749	4.8
1906	-0.000000	104.344984	0.000000	5.3
1907	-1.109560	104.313802	0.012095	5.3
1908	-0.821764	104.282645	0.006884	4.8
1909	-0.925698	104.251513	0.002707	5.7
1910	-0.404081	104.220405	0.002699	5.3
1911	-0.576722	104.189323	0.007109	4.8
1912	-0.000000	104.158265	0.000000	5.6
1913	-0.994379	104.127231	0.012204	5.6
1914	-0.000000	104.096222	0.000000	5.0
1915	-1.213953	104.065238	0.018397	5.7
1916	-0.443025	104.034279	0.008469	5.1
1917	-0.924608	104.003344	0.004622	4.7
1918	-0.782355	103.972433	0.010811	6.5
1919	-0.109962	103.941547	0.002937	6.1
1920	-0.620819	103.910686	0.010733	5.8
1921	-1.118676	103.879849	0.008590	6.5
1922	-0.894651	103.849036	0.010142	6.3
1923	-0.000000	103.818248	0.000000	6.1
1924	-0.445275	103.787484	0.007256	5.2
1925	-0.082086	103.756744	0.002378	5.1
1926	-0.000000	103.726029	0.000000	7.0
1927	-0.935357	103.695338	0.007607	5.7
1928	-1.015441	103.664671	0.006606	6.3
1929	-1.225702	103.634028	0.016413	5.9
1930	-0.000000	103.603409	0.000000	5.3
1931	-0.938189	103.572814	0.006932	5.7
1932	-0.739689	103.542244	0.009134	7.8
1933	-0.000000	103.511698	0.000000	6.2
1934	-1.143975	103.481175	0.011565	7.1
1935	-0.000000	103.450677	0.000000	5.3
1936	-0.021563	103.420202	0.000555	4.9
1937	-1.014636	103.389752	0.010082	6.0
1938	-0.000004	103.359325	0.000001	6.1
1939	-0.000000	103.328922	0.000000	5.8
1940	-0.484980	103.298543	0.008134	5.8
1941	-0.661757	103.268188	0.008616	4.8
1942	-0.573679	103.237857	0.010171	4.8
1943	-0.000000	103.207549	0.000000	6.9
1944	-0.000000	103.177265	0.000000	4.9
1945	-0.483100	103.147005	0.007352	4.8
1946	-0.162180	103.116768	0.003914	5.5
1947	-0.809302	103.086556	0.007010	5.6
1948	-0.617729	103.056366	0.005447	4.7
1949	-0.598253	103.026200	0.005414	5.9
1950	0.000000	102.996058	0.000000	5.1
1951	-0.070685	102.965939	0.001295	5.1
1952	-1.132647	102.935844	0.007067	5.9
1953	-0.000000	102.905772	0.000000	4.7
1954	-0.712724	102.875724	0.007173	4.7
1955	-0.905268	102.845699	0.005189	5.9
1956	-0.364298	102.815697	0.005141	5.1
1957	-0.794976	102.785719	0.016097	4.7
1958	-0.312991	102.755764	0.004951	5.8
1959	-0.680330	102.725832	0.010650	5.5
1960	-0.807931	102.695924	0.005207	5.0
1961	-0.981762	102.666038	0.004333	5.4
1962	-1.125608	102.636176	0.019146	5.6
1963	-1.231945	102.606337	0.014816	4.8
1964	-0.211797	102.576521	0.003704	6.0
1965	-0.400512	102.546728	0.009051	4.7
1966	-0.734494	102.516959	0.009729	4.8
1967	-1.119779	102.487212	0.013477	5.6
1968	-1.042132	102.457488	0.006038	5.4
1969	-1.116551	102.427788	0.007684	4.7
1970	-0.798240	102.398110	0.007742	4.8
1971	-1.393819	102.368455	0.028988	5.7
1972	-0.740813	102.338823	0.012122	4.8
1973	-1.203739	102.309214	0.007832	5.4
1974	-0.151022	102.279628	0.006942	5.7
1975	-0.000000	102.250064	0.000000	5.3
1976	-0.994225	102.220524	0.009048	4.9
1977	-0.506438	102.191006	0.006827	5.7
1978	-0.428500	102.161511	0.005898	5.8
1979	-1.099646	102.132038	0.006146	5.0
1980	-1.326477	102.102588	0.016667	5.9
1981	-0.000000	102.073161	0.000000	4.7
1982	0.000000	102.043757	0.000000	4.8
1983	-0.830584	102.014375	0.016642	6.2
1984	-1.204204	101.985015	0.018568	5.3
1985	-1.014726	101.955678	0.007338	4.7
1986	-0.000000	101.926364	0.000000	5.7
1987	-1.277187	101.897072	0.013347	4.9
1988	-0.960917	101.867802	0.015460	4.7
1989	-0.349136	101.838555	0.005617	6.2
1990	-0.967101	101.809330	0.004419	4.7
1991	-1.022569	101.780128	0.013471	4.7
1992	0.000000	101.750948	0.000000	6.1
1993	-0.982087	101.721790	0.009128	4.9
1994	-1.300543	101.692654	0.018488	5.3
1995	-0.832126	101.663541	0.007158	5.4
1996	-0.433383	101.634450	0.004668	5.9
1997	-0.641047	101.605381	0.011967	5.4
1998	-0.006244	101.576335	0.000470	5.8
1999	-0.311511	101.547310	0.002887	4.7
