1:ItNr	2:Metric	3:StepSize	4:||Gradient||	Time[ms]
0	-0.764041	627.201626	0.017706	730.9
1	-1.075834	623.504937	0.014688	4.4
2	-1.178075	619.865785	0.030052	5.0
3	-0.694947	616.282728	0.052052	4.3
4	-0.000000	612.754375	0.000000	4.2
5	-0.361091	609.279381	0.007430	5.1
6	-0.672733	605.856447	0.019809	4.2
7	-0.000000	602.484317	0.000000	4.2
8	-0.000000	599.161779	0.000000	4.9
9	-0.644175	595.887656	0.021905	4.9
10	-0.000000	592.660813	0.000000	4.5
11	-0.551331	589.480151	0.008120	4.1
12	-0.860938	586.344606	0.012384	5.2
13	-0.236625	583.253145	0.002607	4.8
14	-0.000000	580.204771	0.000000	4.5
15	-0.683467	577.198517	0.016104	12.5
16	-0.861329	574.233444	0.028031	7.5
17	-0.892853	571.308645	0.024586	5.7
18	-0.982230	568.423237	0.018564	5.7
19	-0.319315	565.576365	0.016973	5.2
20	-0.000000	562.767201	0.000000	5.1
21	-0.767543	559.994938	0.010880	4.8
22	-0.607829	557.258797	0.012246	5.1
23	-0.041571	554.558018	0.000631	4.9
24	-1.031786	551.891865	0.020393	4.9
25	-0.917806	549.259621	0.015270	4.4
26	-0.591788	546.660592	0.019412	5.3
27	-0.664206	544.094102	0.013737	4.6
28	-0.565244	541.559494	0.008754	4.4
29	-0.384857	539.056129	0.010768	5.8
30	-0.000000	536.583387	0.000000	4.8
31	-0.669716	534.140663	0.021313	4.9
32	-0.000000	531.727370	0.000000	4.9
33	-0.125987	529.342935	0.002345	5.1
34	-0.990437	526.986802	0.016446	5.0
35	-0.218803	524.658430	0.003830	5.0
36	-0.202995	522.357290	0.003943	5.6
37	-0.000000	520.082868	0.000000	4.8
38	-0.011364	517.834665	0.000426	4.7
39	-0.864990	515.612193	0.025822	6.0
40	-0.757544	513.414976	0.014118	5.7
41	-0.338358	511.242551	0.004168	4.6
42	-0.988182	509.094468	0.020789	6.1
43	-0.896461	506.970285	0.028106	4.6
44	-0.000000	504.869574	0.000000	4.9
45	-0.438802	502.791916	0.016019	5.5
46	-0.283444	500.736903	0.003689	4.6
47	-1.013671	498.704137	0.027025	4.9
48	-0.147078	496.693228	0.004510	6.3
49	-0.000000	494.703798	0.000000	5.8
50	-0.000000	492.735476	0.000000	5.3
51	-0.000000	490.787900	0.000000	6.0
52	-0.532170	488.860718	0.026131	4.8
53	-0.313997	486.953585	0.010861	4.9
54	-0.926703	485.066164	0.018995	6.0
55	-0.216305	483.198126	0.002841	6.6
56	-0.911430	481.349149	0.008779	6.0
57	-0.355238	479.518920	0.012188	6.7
58	-0.817315	477.707132	0.020136	6.2
59	-0.503266	475.913485	0.007249	5.1
60	-0.950670	474.137684	0.024182	6.1
61	-0.516766	472.379445	0.017528	5.1
62	-0.000000	470.638485	0.000000	5.1
63	-0.254248	468.914531	0.008975	5.7
64	-0.709612	467.207315	0.008610	5.0
65	-1.080666	465.516573	0.026958	4.8
66	-0.000000	463.842050	0.000000	5.8
67	-0.890985	462.183494	0.009893	5.0
68	-0.664756	460.540658	0.022618	4.8
69	-0.681877	458.913303	0.014829	5.7
70	-0.492692	457.301192	0.009245	5.0
71	-0.286015	455.704096	0.005453	5.1
72	-0.000000	454.121787	0.000000	6.1
73	-0.978907	452.554045	0.030145	5.3
74	-0.636474	451.000653	0.014554	5.0
75	-0.772165	449.461399	0.013192	6.1
76	-0.000000	447.936075	0.000000	5.0
77	-0.692559	446.424477	0.019180	5.0
78	-0.009543	444.926406	0.001363	6.1
79	-0.736194	443.441666	0.009030	5.0
80	-0.858576	441.970065	0.008934	4.9
81	-0.635316	440.511415	0.017102	6.2
82	-0.708291	439.065533	0.035321	6.0
83	-0.656772	437.632238	0.010617	5.0
84	-0.507291	436.211351	0.007148	6.0
85	-0.000000	434.802701	0.000000	5.0
86	-0.735335	433.406117	0.012816	5.0
87	-0.093187	432.021430	0.001012	6.1
88	-0.000077	430.648479	0.000059	5.0
89	-0.000000	429.287101	0.000000	5.1
90	-0.887288	427.937140	0.028016	6.0
91	-0.179220	426.598440	0.000794	5.1
92	-0.506462	425.270849	0.025184	5.1
93	-0.090518	423.954220	0.002582	6.2
94	-0.658905	422.648404	0.007031	5.0
95	-0.070900	421.353259	0.001662	5.2
96	-0.053592	420.068643	0.002089	6.0
97	-0.029628	418.794419	0.000810	5.0
98	-0.000000	417.530451	0.000000	5.0
99	-0.795772	416.276604	0.010317	6.0
100	-0.900620	415.032748	0.013911	5.2
101	-0.905042	413.798754	0.019418	5.0
102	-0.000000	412.574495	0.000000	6.2
103	-0.670854	411.359849	0.010048	5.6
104	-0.956684	410.154691	0.039621	5.2
105	-0.597131	408.958904	0.013310	6.0
106	-0.559984	407.772368	0.007465	5.0
107	-0.816560	406.594968	0.008666	5.2
108	-0.935462	405.426590	0.014732	5.9
109	-0.000008	404.267122	0.000000	5.2
110	-0.535749	403.116456	0.006747	5.1
111	-1.084596	401.974481	0.014608	6.1
112	-0.000000	400.841093	0.000000	5.3
113	-0.936737	399.716187	0.019765	5.0
114	-0.069649	398.599660	0.002350	5.9
115	-0.000000	397.491411	0.000000	5.0
116	-0.000000	396.391342	0.000000	5.3
117	-0.251314	395.299353	0.002293	5.9
118	-0.758178	394.215350	0.017776	5.4
119	-0.132206	393.139238	0.004000	5.1
120	-0.827977	392.070924	0.016255	6.8
121	-0.770597	391.010316	0.006743	5.9
122	-0.000162	389.957325	0.000054	5.2
123	-0.944251	388.911862	0.027487	5.6
124	-0.588217	387.873839	0.006995	5.3
125	-0.919195	386.843173	0.006483	5.4
126	-0.000001	385.819777	0.000001	5.7
127	-0.895247	384.803569	0.015644	5.1
128	-0.801052	383.794468	0.017291	5.0
129	-0.780686	382.792393	0.007295	5.8
130	-1.009195	381.797264	0.037485	5.0
131	-0.255383	380.809005	0.006557	5.4
132	-0.887083	379.827537	0.017185	5.8
133	-0.009913	378.852786	0.000733	4.9
134	-0.926875	377.884678	0.035641	5.1
135	-0.567283	376.923138	0.009499	6.0
136	-0.850730	375.968095	0.009660	5.0
137	-0.593054	375.019479	0.008558	5.2
138	-0.763123	374.077218	0.016694	6.2
139	-0.675641	373.141244	0.025825	5.9
140	-0.101238	372.211489	0.003418	5.0
141	-0.922187	371.287887	0.020900	5.8
142	-0.551858	370.370370	0.019030	5.0
143	-0.358305	369.458876	0.002961	5.0
144	-0.000000	368.553338	0.000000	6.2
145	-1.000708	367.653696	0.023133	5.0
146	-0.949549	366.759885	0.011642	4.9
147	-0.585335	365.871846	0.011351	6.2
148	-0.000691	364.989518	0.000034	4.9
149	-0.472880	364.112841	0.034227	5.2
150	-0.000000	363.241757	0.000000	6.0
151	-0.422222	362.376208	0.011224	5.0
152	-0.019446	361.516137	0.001977	5.2
153	-0.559069	360.661488	0.009078	6.0
154	-0.629934	359.812206	0.009928	5.0
155	-0.105415	358.968236	0.001424	5.0
156	-0.487923	358.129524	0.011656	7.2
157	-0.488919	357.296018	0.005279	5.9
158	-0.000000	356.467665	0.000000	5.6
159	-0.745018	355.644414	0.006500	6.2
160	-0.934280	354.826213	0.008627	5.6
161	-1.057165	354.013012	0.028602	6.1
162	-0.000000	353.204763	0.000000	5.0
163	-0.677717	352.401415	0.006178	5.0
164	-0.000000	351.602922	0.000000	6.1
165	-0.000000	350.809235	0.000000	5.3
166	-0.460211	350.020308	0.010534	5.0
167	-0.949219	349.236095	0.007876	5.9
168	-0.709337	348.456550	0.013375	5.1
169	-0.000000	347.681627	0.000000	5.0
170	-0.791681	346.911283	0.022717	5.8
171	-0.775375	346.145474	0.010647	5.1
172	-0.324867	345.384157	0.004742	5.0
173	-0.956717	344.627288	0.038654	5.9
174	-0.975036	343.874826	0.019288	5.6
175	-0.004164	343.126729	0.000081	5.0
176	-0.927481	342.382957	0.012820	6.3
177	-0.000000	341.643469	0.000000	5.9
178	-0.162267	340.908224	0.003833	5.2
179	-0.550356	340.177184	0.008619	6.6
180	-0.700752	339.450309	0.017121	6.2
181	-0.000000	338.727561	0.000000	5.2
182	-0.076214	338.008902	0.001932	6.7
183	-0.886880	337.294295	0.011461	5.7
184	-0.543176	336.583703	0.006688	5.5
185	-0.878998	335.877089	0.022260	5.9
186	-0.268830	335.174416	0.005499	5.8
187	-1.061193	334.475651	0.016272	5.9
188	-0.754730	333.780756	0.007201	5.2
189	-0.000080	333.089698	0.000032	5.2
190	-0.000000	332.402443	0.000000	7.0
191	-0.804089	331.718955	0.010992	5.6
192	-0.662313	331.039203	0.007330	4.9
193	-0.770776	330.363153	0.006963	5.9
194	-0.367209	329.690771	0.002960	5.0
195	-0.000000	329.022027	0.000000	5.4
196	-0.978241	328.356888	0.040617	5.7
197	-0.000000	327.695322	0.000000	6.0
198	-0.571655	327.037299	0.010500	5.7
199	-0.000000	326.382787	0.000000	5.9
200	-0.318948	325.731758	0.006874	5.0
201	-0.000000	325.084179	0.000000	5.1
202	-1.024432	324.440023	0.035338	5.9
203	-0.909473	323.799258	0.032002	5.4
204	-0.984421	323.161858	0.014883	5.0
205	-0.000698	322.527792	0.000043	6.6
206	-0.537050	321.897034	0.007835	5.0
207	-0.019924	321.269554	0.000934	5.1
208	-0.422368	320.645325	0.002907	6.4
209	-0.060076	320.024320	0.001724	5.0
210	-0.393916	319.406512	0.006847	5.0
211	-0.782500	318.791875	0.008568	6.0
212	-0.922757	318.180381	0.018759	5.0
213	-0.000000	317.572005	0.000000	4.9
214	-0.644400	316.966721	0.008406	6.3
215	-0.000000	316.364504	0.000000	5.3
216	-0.000000	315.765329	0.000000	4.9
217	-0.000000	315.169170	0.000000	6.0
218	-1.077750	314.576003	0.022999	6.1
219	-1.010826	313.985804	0.037265	5.4
220	-0.910953	313.398548	0.014558	6.0
221	-0.000000	312.814213	0.000000	5.0
222	-0.602031	312.232773	0.006221	5.8
223	-0.965587	311.654207	0.010581	5.7
224	-0.529102	311.078491	0.014795	4.9
225	-0.000000	310.505602	0.000000	5.0
226	-0.000000	309.935518	0.000000	6.1
227	-0.856368	309.368217	0.007331	5.5
228	-0.951302	308.803676	0.012002	5.9
229	-0.000000	308.241874	0.000000	5.6
230	-0.502386	307.682789	0.008177	5.5
231	-0.141860	307.126400	0.005425	5.3
232	-0.000000	306.572687	0.000000	5.5
233	-0.000000	306.021627	0.000000	5.5
234	-0.391766	305.473201	0.011102	5.4
235	-0.615939	304.927388	0.009546	6.5
236	-0.528274	304.384168	0.008064	5.4
237	-0.000000	303.843521	0.000000	5.9
238	-0.719997	303.305427	0.014761	5.7
239	-0.870056	302.769867	0.008628	5.2
240	-0.844604	302.236821	0.017821	5.9
241	-0.000000	301.706270	0.000000	5.2
242	-1.008622	301.178196	0.007494	5.0
243	-0.000000	300.652580	0.000000	6.0
244	-0.619044	300.129402	0.012171	5.5
245	-0.862649	299.608645	0.009911	5.1
246	-0.140874	299.090291	0.001922	6.0
247	-0.677578	298.574321	0.020162	5.5
248	-0.904750	298.060718	0.012147	5.1
249	-1.035801	297.549465	0.021196	6.0
250	-0.677203	297.040543	0.008779	5.0
251	-0.668736	296.533936	0.015166	5.5
252	-0.000000	296.029626	0.000000	5.9
253	-0.686892	295.527597	0.005976	6.2
254	-0.507572	295.027832	0.007341	5.4
255	-0.053400	294.530315	0.002653	6.2
256	-0.316457	294.035028	0.007606	5.2
257	-0.865875	293.541956	0.010528	6.5
258	-0.000000	293.051083	0.000000	6.3
259	-0.482160	292.562393	0.006462	5.2
260	-0.000000	292.075870	0.000000	6.1
261	-0.998463	291.591498	0.014146	5.5
262	-0.000000	291.109263	0.000000	5.7
263	-1.080950	290.629149	0.021166	6.2
264	-0.000176	290.151140	0.000098	5.4
265	-0.605743	289.675222	0.009574	5.8
266	-0.110458	289.201380	0.005059	6.2
267	-0.000000	288.729600	0.000000	5.0
268	-0.000000	288.259866	0.000000	5.6
269	-0.882630	287.792165	0.010261	6.2
270	-0.000000	287.326481	0.000000	5.5
271	-0.871269	286.862802	0.013297	5.0
272	-0.001683	286.401113	0.000282	6.0
273	-0.138580	285.941400	0.003537	5.7
274	-0.000000	285.483649	0.000000	5.5
275	-0.680751	285.027847	0.018928	6.0
276	-0.766247	284.573981	0.010322	5.0
277	-0.602666	284.122037	0.007058	5.4
278	-0.960259	283.672002	0.008847	6.1
279	-0.299262	283.223863	0.004056	5.0
280	-0.903578	282.777607	0.016587	5.0
281	-0.000000	282.333221	0.000000	6.4
282	-0.768040	281.890692	0.007611	4.9
283	-0.625773	281.450008	0.006872	5.4
284	-0.941814	281.011157	0.010193	5.7
285	-0.873061	280.574125	0.020785	5.0
286	-0.791886	280.138901	0.005952	5.2
287	-0.238121	279.705473	0.006369	6.2
288	-0.471842	279.273829	0.006447	5.4
289	-0.000000	278.843956	0.000000	5.2
290	-0.810908	278.415844	0.011649	6.1
291	-0.173148	277.989479	0.006885	6.0
292	-0.226854	277.564851	0.004035	5.8
293	-0.255608	277.141949	0.002550	5.3
294	-1.098826	276.720761	0.029369	5.0
295	-0.896985	276.301275	0.022748	6.4
296	-1.172087	275.883480	0.030397	5.2
297	-0.031432	275.467366	0.000922	5.0
298	-0.000000	275.052922	0.000000	5.5
299	-0.269676	274.640136	0.002416	5.6
300	-0.836298	274.228998	0.036031	5.1
301	-0.432185	273.819497	0.011855	6.2
302	-0.000000	273.411623	0.000000	5.1
303	-0.571437	273.005365	0.012933	5.0
304	-0.512484	272.600712	0.009325	5.9
305	-0.000000	272.197655	0.000000	5.3
306	-0.008561	271.796184	0.000787	5.0
307	-0.367564	271.396287	0.007136	6.3
308	-0.517803	270.997956	0.005861	5.6
309	-0.689999	270.601180	0.035639	4.9
310	-0.000037	270.205949	0.000019	5.7
311	-0.680284	269.812254	0.011059	6.1
312	-0.812275	269.420085	0.005946	5.6
313	-0.999184	269.029432	0.006806	6.1
314	-0.457936	268.640287	0.004916	5.2
315	-0.881581	268.252638	0.016994	5.3
316	-0.000000	267.866478	0.000000	6.1
317	-0.173228	267.481796	0.003483	5.3
318	-0.000207	267.098584	0.000007	5.2
319	-0.000000	266.716833	0.000000	5.8
320	-0.585215	266.336533	0.006831	5.2
321	-0.793684	265.957676	0.012264	5.7
322	-0.000000	265.580253	0.000000	6.4
323	-0.763033	265.204254	0.009333	5.2
324	-0.262056	264.829672	0.007298	5.8
325	-1.039001	264.456497	0.012863	6.9
326	-0.371907	264.084721	0.002703	5.2
327	-0.235304	263.714335	0.002281	5.5
328	-0.738982	263.345332	0.008322	7.9
329	-0.584462	262.977702	0.009149	5.5
330	-0.557304	262.611438	0.005497	6.6
331	-0.579384	262.246531	0.006902	5.5
332	-0.652210	261.882973	0.007685	5.1
333	-1.096229	261.520756	0.010385	6.4
334	-0.792724	261.159871	0.007945	5.7
335	-0.751200	260.800312	0.029524	5.2
336	-0.000000	260.442070	0.000000	6.3
337	-0.411909	260.085137	0.007812	4.9
338	-1.048030	259.729505	0.029498	4.9
339	-0.000000	259.375167	0.000000	6.0
340	-0.292159	259.022116	0.005149	5.9
341	-0.794482	258.670343	0.006627	4.9
342	-0.027088	258.319841	0.001769	6.1
343	-0.686363	257.970602	0.018922	5.0
344	-1.003660	257.622620	0.046085	5.3
345	-0.026372	257.275887	0.001976	5.9
346	-1.090855	256.930396	0.034411	5.5
347	-0.313971	256.586139	0.007477	6.5
348	-0.988159	256.243109	0.013143	7.0
349	-0.281904	255.901300	0.006146	5.7
350	-0.654904	255.560703	0.020079	6.3
351	-0.595642	255.221313	0.005547	5.4
352	-0.611601	254.883122	0.007719	5.3
353	-0.636906	254.546124	0.006917	5.9
354	-0.644013	254.210311	0.012758	5.0
355	-0.626482	253.875677	0.006640	5.5
356	-0.106938	253.542215	0.002014	6.1
357	-0.840985	253.209918	0.015647	5.1
358	-0.000584	252.878781	0.000190	5.2
359	-0.686057	252.548795	0.021143	6.2
360	-0.423328	252.219956	0.006902	5.6
361	-0.715126	251.892255	0.014483	5.0
362	-0.647243	251.565688	0.006739	6.2
363	-0.000000	251.240247	0.000000	5.1
364	-0.061548	250.915926	0.001433	5.1
365	-0.000084	250.592720	0.000004	6.0
366	-0.943201	250.270621	0.010064	5.8
367	-0.571523	249.949624	0.005052	5.0
368	-0.729567	249.629723	0.009047	6.8
369	-0.000032	249.310911	0.000013	5.2
370	-0.000000	248.993182	0.000000	4.9
371	-1.139993	248.676531	0.025916	6.1
372	-0.924564	248.360952	0.010061	5.2
373	-0.000000	248.046438	0.000000	6.3
374	-0.000000	247.732984	0.000000	5.4
375	-0.996976	247.420584	0.024167	5.8
376	-0.630261	247.109233	0.006414	6.3
377	-0.025497	246.798924	0.001149	5.1
378	-0.000000	246.489652	0.000000	5.2
379	-0.000000	246.181412	0.000000	6.3
380	-0.000000	245.874197	0.000000	5.5
381	-0.205181	245.568002	0.004942	5.4
382	-0.000253	245.262822	0.000074	6.2
383	-0.692163	244.958652	0.007091	5.5
384	-0.244170	244.655485	0.007688	5.3
385	-0.213466	244.353317	0.005016	6.2
386	-0.009710	244.052142	0.000106	6.2
387	-0.189437	243.751955	0.005077	5.9
388	-0.544250	243.452750	0.006799	5.7
389	-0.479285	243.154523	0.005284	5.5
390	-1.006978	242.857268	0.016365	5.4
391	-1.177946	242.560980	0.019338	5.6
392	-0.506063	242.265654	0.003472	5.0
393	-0.000000	241.971285	0.000000	4.9
394	-0.984469	241.677868	0.012016	6.1
395	-0.741012	241.385397	0.007206	5.1
396	-0.500644	241.093869	0.004734	5.2
397	-0.968191	240.803278	0.013519	5.7
398	-0.000957	240.513619	0.000096	5.2
399	-0.399753	240.224887	0.004727	5.0
400	-0.000000	239.937077	0.000000	6.1
401	-0.506199	239.650186	0.012362	5.2
402	-0.000000	239.364207	0.000000	5.4
403	-0.940601	239.079136	0.005106	5.7
404	-0.796873	238.794969	0.014174	5.0
405	-0.000000	238.511701	0.000000	5.0
406	-1.026041	238.229327	0.008407	6.1
407	-1.031568	237.947843	0.006874	6.1
408	-1.099424	237.667244	0.012138	5.1
409	-0.011290	237.387526	0.000637	6.1
410	-0.000000	237.108684	0.000000	5.2
411	-0.792515	236.830714	0.004803	6.1
412	-0.164638	236.553610	0.001436	5.1
413	-0.000000	236.277370	0.000000	5.1
414	-0.000000	236.001989	0.000000	6.0
415	-0.000000	235.727461	0.000000	5.3
416	-0.573380	235.453784	0.010033	5.2
417	-0.584217	235.180952	0.005798	5.6
418	-0.341606	234.908962	0.005986	5.5
419	-0.580968	234.637809	0.005753	5.2
420	-0.188332	234.367488	0.005865	6.6
421	-0.000000	234.097997	0.000000	5.4
422	-0.691673	233.829331	0.008172	5.7
423	-1.020812	233.561485	0.009609	6.0
424	-0.094255	233.294456	0.001869	6.4
425	-0.212515	233.028239	0.003167	5.3
426	-0.557072	232.762831	0.008063	6.2
427	-0.833943	232.498228	0.009327	6.2
428	-0.149105	232.234425	0.004048	5.2
429	-0.530822	231.971419	0.008100	5.9
430	-0.707562	231.709205	0.013292	5.2
431	-0.736787	231.447781	0.006771	5.9
432	-1.016882	231.187141	0.045246	6.4
433	-0.865459	230.927283	0.023147	5.8
434	-0.000000	230.668202	0.000000	7.9
435	-0.000000	230.409895	0.000000	6.5
436	-0.000000	230.152358	0.000000	7.4
437	-0.000000	229.895587	0.000000	6.1
438	-0.073308	229.639578	0.003246	6.5
439	-0.610719	229.384329	0.005953	7.6
440	-0.815401	229.129834	0.002686	7.2
441	-0.896492	228.876091	0.021780	7.4
442	-1.123446	228.623096	0.013323	5.7
443	-1.084231	228.370846	0.018731	6.0
444	-0.361861	228.119336	0.002837	6.9
445	-0.000000	227.868563	0.000000	5.9
446	-0.024668	227.618525	0.001172	6.4
447	-0.948534	227.369216	0.012561	6.1
448	-0.889501	227.120635	0.009314	6.2
449	-1.153238	226.872777	0.035781	6.9
450	-0.212859	226.625638	0.001950	5.9
451	-0.263907	226.379217	0.005453	5.9
452	-0.320641	226.133509	0.010703	5.5
453	-0.650590	225.888510	0.014432	5.1
454	-1.136079	225.644218	0.061886	5.5
455	-0.000000	225.400630	0.000000	5.7
456	-0.948553	225.157741	0.012700	5.1
457	-0.766146	224.915549	0.007585	5.3
458	-0.000000	224.674051	0.000000	6.5
459	-0.000000	224.433242	0.000000	6.1
460	-0.028557	224.193121	0.000774	6.3
461	-0.000000	223.953684	0.000000	5.0
462	-0.623064	223.714927	0.006876	6.1
463	-0.008661	223.476848	0.000483	6.5
464	-0.148190	223.239444	0.002602	5.8
465	-0.649719	223.002710	0.017728	6.2
466	-0.171409	222.766645	0.007007	6.0
467	-0.369972	222.531245	0.003170	5.1
468	-0.594091	222.296508	0.008000	5.6
469	-0.959674	222.062429	0.013127	6.3
470	-0.000000	221.829007	0.000000	5.3
471	-0.295148	221.596238	0.002952	6.2
472	-0.984983	221.364119	0.006554	32.5
473	-0.170951	221.132647	0.003681	10.7
474	-0.253262	220.901820	0.004345	7.5
475	-0.990037	220.671634	0.021461	5.9
476	-0.970558	220.442086	0.018211	6.2
477	-0.240179	220.213174	0.003944	11.2
478	-0.148727	219.984895	0.002429	6.2
479	-0.710110	219.757246	0.005278	5.6
480	-0.274760	219.530224	0.003982	5.7
481	-0.356070	219.303826	0.008094	5.9
482	-0.377890	219.078050	0.003571	5.4
483	-0.000000	218.852893	0.000000	5.2
484	-1.014953	218.628352	0.009567	5.6
485	-1.124720	218.404424	0.014939	6.4
486	-0.064667	218.181106	0.001398	5.1
487	-0.676097	217.958397	0.006840	6.6
488	-0.000000	217.736292	0.000000	5.0
489	-0.000024	217.514790	0.000013	5.0
490	-0.000000	217.293888	0.000000	6.2
491	-0.000000	217.073584	0.000000	5.0
492	-0.012567	216.853873	0.000780	5.0
493	-0.437983	216.634755	0.007916	7.2
494	-0.876988	216.416227	0.010195	5.8
495	-0.594161	216.198285	0.003537	5.7
496	-0.000000	215.980927	0.000000	6.4
497	-0.059938	215.764151	0.002845	5.2
498	-0.549963	215.547955	0.006194	5.2
499	-0.785028	215.332335	0.007239	6.7
500	-0.000000	215.117289	0.000000	5.6
501	-0.000000	214.902815	0.000000	5.9
502	-0.967661	214.688911	0.009683	6.3
503	-0.983858	214.475573	0.033470	5.4
504	-0.638507	214.262800	0.007591	6.2
505	-0.684212	214.050588	0.006089	5.7
506	-0.303388	213.838936	0.002301	5.8
507	-0.402085	213.627842	0.005912	6.1
508	-0.066211	213.417302	0.000816	5.2
509	-0.000000	213.207314	0.000000	5.6
510	-0.041222	212.997877	0.002607	6.0
511	-0.974359	212.788987	0.007670	5.0
512	-0.040451	212.580642	0.000267	5.5
513	-0.000000	212.372841	0.000000	6.8
514	-0.553701	212.165581	0.007133	5.3
515	-0.323138	211.958859	0.004380	5.2
516	-0.000220	211.752673	0.000014	6.0
517	-1.180574	211.547021	0.025276	5.0
518	-0.545431	211.341902	0.007905	5.0
519	-1.139403	211.137311	0.017307	6.4
520	-1.005439	210.933248	0.014056	5.0
521	-0.761309	210.729710	0.010244	5.0
522	-0.439575	210.526695	0.003567	6.4
523	-1.027924	210.324200	0.006019	6.4
524	-0.000000	210.122224	0.000000	5.6
525	-0.000000	209.920765	0.000000	5.3
526	-0.000000	209.719820	0.000000	5.4
527	-0.428485	209.519387	0.006219	6.2
528	-0.835773	209.319463	0.008604	5.0
529	-0.988555	209.120048	0.015821	5.0
530	-0.655446	208.921139	0.020765	6.2
531	-0.708605	208.722733	0.014405	5.4
532	-1.091665	208.524829	0.011500	5.1
533	-1.135885	208.327425	0.011860	6.1
534	-0.000000	208.130518	0.000000	5.0
535	-1.145392	207.934107	0.014658	5.0
536	-0.856896	207.738189	0.011051	6.6
537	-0.923852	207.542762	0.028764	5.0
538	-0.849974	207.347825	0.007543	5.1
539	-0.626180	207.153376	0.011042	6.1
540	-0.001612	206.959412	0.000196	4.9
541	-0.505593	206.765932	0.004501	5.5
542	-0.600165	206.572933	0.007957	5.7
543	-1.056058	206.380414	0.006690	5.9
544	-0.417279	206.188373	0.010059	5.3
545	-0.010840	205.996807	0.000437	6.3
546	-0.006149	205.805716	0.000969	4.9
547	-0.690430	205.615096	0.024856	5.0
548	-1.092673	205.424946	0.018147	6.7
549	-0.037182	205.235265	0.000918	5.3
550	-0.906657	205.046050	0.009840	4.9
551	-0.585295	204.857299	0.003300	6.2
552	-0.958984	204.669011	0.008851	5.2
553	-0.401165	204.481184	0.006313	5.4
554	-0.000000	204.293816	0.000000	6.4
555	-0.854035	204.106905	0.008935	5.3
556	-0.610122	203.920449	0.006436	5.8
557	-0.809106	203.734447	0.009848	5.9
558	-1.217034	203.548896	0.032477	5.2
559	-0.790422	203.363795	0.007034	5.7
560	-0.381479	203.179143	0.002703	5.8
561	-0.120973	202.994937	0.005204	5.8
562	-1.011352	202.811176	0.009535	5.7
563	-0.000000	202.627857	0.000000	6.3
564	-0.433334	202.444980	0.010911	5.6
565	-0.525482	202.262543	0.010184	6.5
566	-0.000000	202.080543	0.000000	5.2
567	-0.939180	201.898979	0.024094	5.4
568	-0.650738	201.717849	0.004582	5.9
569	-0.962269	201.537153	0.021135	5.0
570	-0.525676	201.356887	0.006785	5.5
571	-0.692783	201.177050	0.010299	6.0
572	-0.235006	200.997642	0.005789	5.4
573	-0.128068	200.818659	0.001387	5.0
574	-0.667597	200.640100	0.006116	5.9
575	-0.000000	200.461965	0.000000	4.7
576	-0.621341	200.284250	0.013790	5.3
577	-0.735053	200.106955	0.007596	6.2
578	-0.556251	199.930078	0.006312	5.0
579	-0.615061	199.753617	0.006083	4.9
580	-0.704317	199.577571	0.005752	6.3
581	-0.708635	199.401938	0.007301	5.9
582	-0.544164	199.226717	0.005748	5.0
583	-0.539408	199.051905	0.014547	6.1
584	-0.859543	198.877502	0.008052	5.0
585	-0.390458	198.703506	0.007858	5.6
586	-0.547624	198.529916	0.005401	6.4
587	-0.017141	198.356729	0.000767	5.0
588	-1.116768	198.183944	0.012801	5.4
589	-0.000000	198.011560	0.000000	6.1
590	-0.000000	197.839576	0.000000	5.2
591	-0.559031	197.667989	0.009207	5.4
592	-1.113763	197.496798	0.022077	6.3
593	-0.000000	197.326002	0.000000	5.4
594	-1.034951	197.155600	0.014130	5.0
595	-0.377156	196.985589	0.004316	6.0
596	-1.208122	196.815969	0.031726	5.0
597	-0.000000	196.646738	0.000000	5.3
598	-0.000000	196.477894	0.000000	5.9
599	-0.554734	196.309436	0.005898	5.0
600	-0.000000	196.141363	0.000000	5.0
601	-0.000000	195.973673	0.000000	6.4
602	-0.000321	195.806365	0.000106	5.6
603	-0.000000	195.639437	0.000000	5.5
604	-0.660813	195.472888	0.019167	5.8
605	-0.002144	195.306717	0.000141	5.0
606	-0.148717	195.140922	0.004220	6.1
607	-0.996176	194.975501	0.032517	5.5
608	-0.000000	194.810454	0.000000	5.0
609	-0.966706	194.645779	0.011594	6.2
610	-0.000662	194.481475	0.000150	5.2
611	-0.002870	194.317540	0.000551	5.2
612	-1.165594	194.153973	0.012579	5.4
613	-0.583643	193.990773	0.006125	5.3
614	-0.695401	193.827938	0.005824	5.0
615	-0.001580	193.665467	0.000542	5.6
616	-0.626764	193.503358	0.007121	5.9
617	-1.014421	193.341611	0.013003	5.5
618	-0.000000	193.180224	0.000000	5.5
619	-0.000031	193.019196	0.000001	5.2
620	-0.790495	192.858525	0.005905	5.0
621	-1.039689	192.698210	0.010180	5.9
622	-0.000000	192.538251	0.000000	6.4
623	-0.974904	192.378644	0.012408	5.3
624	-0.126159	192.219391	0.002956	6.0
625	-0.841256	192.060488	0.012725	5.2
626	-0.688962	191.901935	0.021188	5.0
627	-0.583897	191.743730	0.005344	5.9
628	-0.472406	191.585873	0.009134	5.3
629	-0.816448	191.428362	0.020360	5.2
630	-0.122759	191.271196	0.003461	6.2
631	-1.148463	191.114374	0.029278	5.6
632	-0.000164	190.957893	0.000047	5.2
633	-0.666160	190.801755	0.007898	6.3
634	-1.149307	190.645956	0.020260	5.8
635	-0.857611	190.490495	0.007511	5.4
636	-0.869880	190.335373	0.005982	6.3
637	-0.000000	190.180587	0.000000	5.1
638	-1.010950	190.026136	0.022486	5.2
639	-0.661759	189.872019	0.012007	6.4
640	-0.660194	189.718235	0.005894	6.5
641	-0.889729	189.564782	0.017529	5.6
642	-0.663560	189.411661	0.004603	5.9
643	-1.181183	189.258868	0.022110	5.2
644	-0.793698	189.106404	0.004213	5.9
645	-1.109415	188.954267	0.019036	5.5
646	-0.088625	188.802456	0.002839	5.1
647	-0.561484	188.650969	0.009582	5.4
648	-1.098902	188.499807	0.009653	5.4
649	-0.788706	188.348967	0.007295	5.0
650	-0.401951	188.198448	0.005130	5.3
651	-0.061346	188.048250	0.002240	6.0
652	-1.093903	187.898371	0.017112	5.0
653	-0.000002	187.748810	0.000000	5.2
654	-1.022236	187.599566	0.009738	5.5
655	-0.586201	187.450638	0.008170	4.9
656	-0.778708	187.302025	0.009989	5.0
657	-0.807820	187.153725	0.013074	6.7
658	-0.358565	187.005739	0.003337	6.2
659	-0.020078	186.858064	0.001310	7.2
660	-0.389946	186.710699	0.007556	5.2
661	-0.000710	186.563645	0.000176	4.9
662	-0.000000	186.416898	0.000000	6.4
663	-0.351411	186.270459	0.005024	4.9
664	-0.650188	186.124326	0.008515	5.0
665	-0.036837	185.978499	0.001591	6.4
666	-0.860019	185.832976	0.009427	5.0
667	-0.778893	185.687756	0.009666	5.1
668	-0.942651	185.542838	0.035399	6.9
669	-0.000031	185.398222	0.000021	6.1
670	-0.976477	185.253906	0.014893	6.6
671	-0.509316	185.109889	0.006229	6.0
672	-0.365898	184.966170	0.004629	4.9
673	-0.850117	184.822748	0.013893	6.0
674	-0.000000	184.679623	0.000000	5.5
675	-0.000003	184.536792	0.000000	5.0
676	-0.990481	184.394256	0.011773	5.2
677	-0.792007	184.252013	0.010502	6.3
678	-0.921930	184.110062	0.011451	5.6
679	-0.000000	183.968403	0.000000	6.1
680	-0.000000	183.827034	0.000000	5.1
681	-0.812719	183.685954	0.003878	5.0
682	-0.000000	183.545163	0.000000	5.6
683	-0.757582	183.404658	0.010947	5.8
684	-0.289787	183.264441	0.003810	5.3
685	-0.000000	183.124509	0.000000	6.2
686	-0.513746	182.984861	0.006131	5.0
687	-0.864045	182.845497	0.009562	4.9
688	-0.577079	182.706416	0.007728	7.0
689	-0.298756	182.567616	0.006727	5.4
690	-0.000000	182.429098	0.000000	5.2
691	-0.000004	182.290859	0.000002	6.6
692	-0.615064	182.152899	0.004501	5.2
693	-0.833222	182.015217	0.010264	5.5
694	-0.763702	181.877813	0.007391	6.5
695	-0.978919	181.740684	0.007252	6.1
696	-0.972998	181.603832	0.018039	5.4
697	-0.262670	181.467253	0.002188	6.5
698	-0.666166	181.330948	0.006902	5.4
699	-0.465358	181.194916	0.003272	5.9
700	-0.000000	181.059155	0.000000	5.3
701	-0.000000	180.923666	0.000000	4.8
702	-0.342740	180.788446	0.011227	6.1
703	-0.057377	180.653496	0.002061	5.9
704	-1.119298	180.518814	0.014357	5.4
705	-0.878568	180.384399	0.007523	5.9
706	-0.996702	180.250251	0.010416	5.0
707	-0.123743	180.116369	0.002215	4.9
708	-0.000000	179.982752	0.000000	6.8
709	-0.861311	179.849398	0.008563	5.5
710	-0.000000	179.716308	0.000000	4.9
711	-0.000000	179.583480	0.000000	6.1
712	-0.000000	179.450913	0.000000	5.0
713	-1.088669	179.318607	0.018296	5.6
714	-0.246242	179.186561	0.003248	5.9
715	-0.000011	179.054774	0.000004	6.2
716	-1.093539	178.923245	0.018217	5.4
717	-0.545987	178.791973	0.005890	6.1
718	-0.000000	178.660958	0.000000	5.3
719	-0.542820	178.530199	0.003477	5.2
720	-0.715669	178.399694	0.011368	6.0
721	-1.087009	178.269444	0.028618	5.0
722	-0.895907	178.139447	0.008674	5.4
723	-0.000000	178.009702	0.000000	6.1
724	-1.046121	177.880209	0.011893	5.4
725	-0.477509	177.750967	0.005926	5.0
726	-0.709027	177.621975	0.006422	6.1
727	-0.000000	177.493232	0.000000	4.9
728	-0.762743	177.364738	0.012509	5.0
729	-0.783860	177.236492	0.009022	6.0
730	-0.955609	177.108492	0.009129	5.7
731	-0.389670	176.980739	0.007693	5.0
732	-0.516514	176.853231	0.004767	6.1
733	-0.949613	176.725968	0.010562	5.7
734	-0.446289	176.598949	0.002982	6.0
735	-0.504278	176.472173	0.005497	5.4
736	-0.547024	176.345639	0.006971	5.0
737	-1.150670	176.219348	0.013650	5.4
738	-0.594240	176.093296	0.003390	6.0
739	-0.380415	175.967486	0.005480	5.0
740	-0.420360	175.841914	0.010636	6.2
741	-0.833796	175.716581	0.007580	5.2
742	-0.389985	175.591486	0.009089	5.0
743	-0.589828	175.466629	0.011930	6.1
744	-0.000000	175.342008	0.000000	5.8
745	-0.000000	175.217622	0.000000	5.0
746	-0.001626	175.093472	0.000243	5.7
747	-0.750223	174.969556	0.009027	5.4
748	-1.241031	174.845873	0.038922	5.4
749	-0.499817	174.722423	0.005692	6.0
750	-0.286979	174.599206	0.004023	5.2
751	-0.000000	174.476220	0.000000	4.8
752	-1.116019	174.353464	0.040541	5.9
753	-0.279156	174.230939	0.004457	5.7
754	-0.668571	174.108643	0.014112	5.8
755	-0.160382	173.986576	0.003291	6.3
756	-1.018134	173.864737	0.005319	5.1
757	-0.802641	173.743124	0.018505	5.1
758	-0.743651	173.621739	0.005057	5.9
759	-0.000011	173.500579	0.000002	5.0
760	-0.601159	173.379645	0.005956	5.2
761	-0.747136	173.258935	0.007053	6.6
762	-1.139883	173.138449	0.020509	5.0
763	-0.000000	173.018186	0.000000	5.4
764	-0.907146	172.898146	0.014120	6.0
765	-0.762349	172.778327	0.011634	5.2
766	-0.002685	172.658730	0.000560	5.6
767	-0.794734	172.539353	0.006676	6.4
768	-1.133561	172.420196	0.012374	5.2
769	-0.330082	172.301258	0.002458	5.6
770	-0.037718	172.182539	0.001180	6.1
771	-0.274605	172.064037	0.003646	5.4
772	-0.986280	171.945753	0.015042	5.3
773	-0.078682	171.827686	0.000639	6.6
774	-1.222948	171.709834	0.039749	6.2
775	-0.137725	171.592198	0.002693	6.8
776	-0.904730	171.474776	0.006804	5.2
777	-0.938952	171.357568	0.006812	5.2
778	-1.014875	171.240574	0.009361	6.6
779	-0.000000	171.123793	0.000000	4.9
780	-0.033435	171.007223	0.002055	5.5
781	-0.800549	170.890865	0.007238	6.1
782	-0.584978	170.774718	0.006491	5.1
783	-0.339520	170.658782	0.007548	5.0
784	-0.000000	170.543055	0.000000	5.8
785	-1.006302	170.427537	0.007081	5.0
786	-0.000000	170.312227	0.000000	5.7
787	-0.000000	170.197125	0.000000	6.2
788	-0.909224	170.082231	0.011202	5.1
789	-0.000000	169.967543	0.000000	5.7
790	-1.143585	169.853061	0.011928	6.2
791	-0.055315	169.738784	0.001349	5.6
792	-0.266288	169.624713	0.004664	5.0
793	-0.000000	169.510845	0.000000	6.0
794	-0.831173	169.397181	0.004275	5.4
795	-1.030073	169.283720	0.007168	5.1
796	-0.586887	169.170462	0.006333	6.3
797	-0.603642	169.057405	0.004910	5.0
798	-1.069477	168.944549	0.011580	5.0
799	-0.000000	168.831895	0.000000	6.3
800	-0.484809	168.719440	0.003642	4.9
801	-0.909938	168.607185	0.017339	5.4
802	-0.600620	168.495129	0.006916	6.4
803	-1.015072	168.383271	0.008140	5.0
804	-0.806900	168.271611	0.017905	5.0
805	-0.934975	168.160148	0.006732	6.1
806	-0.000000	168.048882	0.000000	5.4
807	-0.000000	167.937812	0.000000	5.6
808	-1.057526	167.826938	0.006871	6.6
809	-0.715404	167.716258	0.011449	5.2
810	-0.000000	167.605773	0.000000	5.8
811	-1.200210	167.495482	0.011392	8.0
812	-1.034479	167.385384	0.014980	5.5
813	-0.000000	167.275479	0.000000	6.6
814	-0.382373	167.165766	0.005101	5.9
815	-0.822385	167.056245	0.011064	5.4
816	-0.419674	166.946915	0.008757	6.3
817	-0.000000	166.837776	0.000000	5.6
818	-0.000000	166.728826	0.000000	7.0
819	-0.443914	166.620067	0.009923	5.5
820	-0.129121	166.511496	0.002847	5.0
821	-0.000000	166.403113	0.000000	6.6
822	-0.359572	166.294919	0.003798	5.1
823	-0.848074	166.186912	0.005929	5.0
824	-1.056836	166.079091	0.039778	6.1
825	-0.333795	165.971458	0.007723	5.8
826	-0.515560	165.864009	0.005582	5.2
827	-0.673588	165.756747	0.009416	6.6
828	-0.519849	165.649669	0.005787	6.1
829	-0.776777	165.542775	0.007590	5.7
830	-0.813834	165.436065	0.008844	6.0
831	-0.666031	165.329538	0.004696	5.8
832	-0.922000	165.223194	0.012453	6.2
833	-0.131644	165.117032	0.001951	5.4
834	-1.197322	165.011052	0.025991	5.1
835	-0.652525	164.905253	0.004767	6.4
836	-1.018115	164.799635	0.008674	5.3
837	-0.118239	164.694197	0.004790	5.5
838	-0.805781	164.588939	0.009289	6.5
839	-0.131242	164.483859	0.008681	5.4
840	-0.000000	164.378959	0.000000	5.1
841	-0.000000	164.274237	0.000000	7.0
842	-0.398231	164.169692	0.011715	6.0
843	-0.615093	164.065325	0.009081	5.2
844	-1.094776	163.961135	0.027216	6.0
845	-0.000003	163.857120	0.000001	5.0
846	-0.656018	163.753282	0.004235	5.3
847	-0.473543	163.649619	0.006346	6.3
848	-0.035904	163.546130	0.003865	6.2
849	-0.153502	163.442816	0.003825	5.8
850	-0.000000	163.339676	0.000000	5.6
851	-1.201946	163.236709	0.021919	5.0
852	-0.000000	163.133915	0.000000	5.9
853	-0.000000	163.031294	0.000000	5.0
854	-0.000000	162.928844	0.000000	5.5
855	-0.013159	162.826566	0.000837	5.9
856	-1.184521	162.724459	0.024519	5.1
857	-0.515610	162.622523	0.012308	5.1
858	-0.667816	162.520757	0.004134	6.2
859	-0.000000	162.419160	0.000000	5.3
860	-0.998592	162.317733	0.011844	5.3
861	-0.001298	162.216474	0.000143	6.2
862	-0.607206	162.115383	0.006122	5.5
863	-0.597035	162.014461	0.006739	5.0
864	-0.000061	161.913705	0.000002	5.9
865	-0.821542	161.813117	0.035984	6.6
866	-0.000000	161.712695	0.000000	5.0
867	-0.975298	161.612439	0.004666	5.9
868	-1.129028	161.512349	0.016800	5.2
869	-0.000000	161.412424	0.000000	5.6
870	-0.171326	161.312663	0.002873	5.8
871	-0.000000	161.213067	0.000000	5.0
872	-0.000000	161.113635	0.000000	5.3
873	-0.010658	161.014366	0.000664	6.1
874	-0.000000	160.915260	0.000000	5.0
875	-0.349660	160.816316	0.012027	5.0
876	-0.941251	160.717535	0.006809	6.1
877	-0.671525	160.618915	0.006814	5.0
878	-0.002191	160.520456	0.000246	5.0
879	-1.111707	160.422158	0.019316	6.3
880	-0.000000	160.324021	0.000000	5.8
881	-0.001768	160.226043	0.000106	5.5
882	-0.000000	160.128225	0.000000	5.9
883	-0.552592	160.030566	0.005783	5.7
884	-0.000000	159.933066	0.000000	4.9
885	-0.000007	159.835723	0.000001	5.9
886	-0.986946	159.738539	0.008439	5.0
887	-0.112381	159.641512	0.002946	5.6
888	-0.834637	159.544642	0.012524	6.0
889	-0.611938	159.447929	0.007864	5.3
890	-1.114014	159.351372	0.038590	5.0
891	-0.284646	159.254971	0.003679	5.8
892	-0.000000	159.158725	0.000000	5.0
893	-0.411622	159.062634	0.006810	5.0
894	-1.024111	158.966697	0.006471	6.5
895	-0.764112	158.870915	0.010884	5.1
896	-0.881057	158.775286	0.004552	5.4
897	-0.857068	158.679811	0.007594	6.1
898	-0.726607	158.584489	0.005599	5.2
899	-0.355238	158.489319	0.006566	5.1
900	-0.000000	158.394302	0.000000	6.2
901	-0.764004	158.299436	0.007038	5.8
902	-0.730334	158.204721	0.007092	5.8
903	-0.000000	158.110158	0.000000	6.4
904	-0.000000	158.015745	0.000000	5.3
905	-0.828983	157.921482	0.008768	6.1
906	-0.000000	157.827369	0.000000	5.3
907	-0.000000	157.733406	0.000000	5.2
908	-0.200553	157.639591	0.001806	7.1
909	-0.892017	157.545925	0.012831	5.4
910	-0.151737	157.452408	0.002003	5.1
911	-1.069571	157.359038	0.006917	6.1
912	-0.565201	157.265816	0.004885	4.9
913	-1.320755	157.172741	0.018611	5.0
914	-1.001504	157.079813	0.035558	6.2
915	-0.595384	156.987031	0.008410	5.2
916	-0.000114	156.894395	0.000066	5.0
917	-1.071693	156.801904	0.005202	6.3
918	-1.130904	156.709559	0.052510	5.0
919	-0.302261	156.617359	0.003341	5.6
920	-0.662524	156.525304	0.006577	6.2
921	-0.827010	156.433392	0.008002	5.0
922	-1.036485	156.341624	0.043743	5.2
923	-0.991930	156.250000	0.010594	6.0
924	-1.177405	156.158519	0.016254	6.2
925	-0.800651	156.067180	0.009982	5.0
926	-1.088443	155.975984	0.008801	6.1
927	-0.986205	155.884930	0.008469	4.9
928	-0.541600	155.794017	0.001988	5.0
929	-0.912548	155.703246	0.013177	6.7
930	-0.593133	155.612615	0.004625	5.0
931	-0.437550	155.522125	0.003215	5.1
932	-0.000000	155.431775	0.000000	5.8
933	-0.971703	155.341565	0.047770	4.9
934	-0.864353	155.251495	0.009722	5.0
935	-0.722689	155.161563	0.009915	6.4
936	-0.000000	155.071771	0.000000	5.0
937	-0.030731	154.982117	0.000275	5.3
938	-0.000001	154.892601	0.000001	6.0
939	-0.710303	154.803222	0.008053	5.1
940	-0.000000	154.713981	0.000000	5.4
941	-0.330948	154.624878	0.006694	6.1
942	-0.837271	154.535910	0.009158	5.8
943	-0.626637	154.447080	0.006389	5.5
944	-1.228152	154.358385	0.014232	6.0
945	-0.006626	154.269826	0.000438	5.0
946	-0.000000	154.181402	0.000000	4.9
947	-0.556980	154.093114	0.005594	5.7
948	-0.964768	154.004960	0.007904	5.6
949	-1.097134	153.916940	0.021740	5.7
950	-0.009860	153.829054	0.000108	5.5
951	-0.954997	153.741303	0.010209	5.0
952	-0.949520	153.653684	0.006981	5.4
953	-0.868889	153.566198	0.008888	5.6
954	-0.044762	153.478846	0.002430	5.3
955	-0.036866	153.391625	0.000983	5.6
956	-0.927799	153.304537	0.008473	5.6
957	-1.062909	153.217580	0.011996	5.1
958	-0.801603	153.130755	0.017937	6.5
959	-0.248622	153.044061	0.004541	5.0
960	-0.003481	152.957498	0.000342	5.2
961	-0.765248	152.871065	0.006663	5.5
962	-1.119961	152.784762	0.008765	6.0
963	-0.736615	152.698589	0.006294	5.9
964	-1.137628	152.612545	0.037310	6.0
965	-0.050252	152.526631	0.001435	5.2
966	-0.685349	152.440845	0.018331	5.1
967	-0.556194	152.355188	0.024972	6.0
968	-0.445908	152.269660	0.011316	5.9
969	-1.099339	152.184259	0.014337	5.2
970	-0.406350	152.098986	0.004477	6.4
971	-0.818026	152.013840	0.006117	5.3
972	-0.000000	151.928821	0.000000	5.6
973	-0.842492	151.843928	0.003583	6.6
974	-1.044726	151.759163	0.016135	5.2
975	-0.584403	151.674523	0.005021	5.2
976	-0.908808	151.590009	0.010185	6.1
977	-1.089611	151.505620	0.008158	5.2
978	-0.743262	151.421357	0.009015	5.9
979	-0.000000	151.337218	0.000000	7.2
980	-0.725176	151.253204	0.011063	5.7
981	-0.714035	151.169314	0.005659	6.6
982	-0.361295	151.085549	0.007157	5.2
983	-1.198828	151.001907	0.024572	5.2
984	-0.977056	150.918388	0.005918	6.3
985	-0.431167	150.834992	0.004993	5.2
986	-0.001392	150.751719	0.000306	5.3
987	-0.633400	150.668569	0.004783	6.2
988	-1.082096	150.585541	0.022006	5.0
989	-0.810618	150.502634	0.011918	5.0
990	-0.665445	150.419849	0.006015	6.0
991	-0.709343	150.337186	0.003876	5.0
992	-0.094685	150.254644	0.003295	5.0
993	-0.474224	150.172222	0.005327	6.3
994	-1.004474	150.089921	0.006265	5.0
995	-0.006907	150.007740	0.000573	5.0
996	-1.085228	149.925679	0.017712	6.2
997	-0.000000	149.843737	0.000000	6.2
998	-1.034566	149.761915	0.023392	5.0
999	-0.744409	149.680212	0.005279	6.3
1000	-1.128360	149.598627	0.007033	5.0
1001	-0.002516	149.517161	0.000123	4.9
1002	-0.434609	149.435814	0.007620	6.0
1003	-0.847883	149.354584	0.007278	5.1
1004	-0.863659	149.273472	0.010741	4.9
1005	-0.756242	149.192477	0.006314	6.2
1006	-1.114715	149.111599	0.014100	5.1
1007	-0.000000	149.030838	0.000000	4.9
1008	-0.699436	148.950194	0.004074	6.6
1009	-0.000000	148.869666	0.000000	5.0
1010	-0.761715	148.789253	0.007175	4.9
1011	-0.878925	148.708957	0.010463	5.9
1012	-0.577433	148.628776	0.004393	5.9
1013	-0.312592	148.548710	0.008240	4.9
1014	-0.000000	148.468759	0.000000	6.3
1015	-0.000000	148.388923	0.000000	5.1
1016	-1.072540	148.309201	0.007400	5.5
1017	-0.751766	148.229594	0.007026	6.8
1018	-0.700383	148.150100	0.004498	6.6
1019	-0.405419	148.070719	0.007315	7.0
1020	-0.781979	147.991452	0.004655	5.5
1021	-1.230469	147.912298	0.012893	5.9
1022	-0.000000	147.833257	0.000000	7.0
1023	-0.749157	147.754329	0.007521	5.2
1024	-1.063603	147.675512	0.009427	5.0
1025	-0.911893	147.596808	0.009668	6.0
1026	-0.107059	147.518216	0.002710	4.9
1027	-0.495423	147.439735	0.008823	5.0
1028	-0.000000	147.361365	0.000000	6.5
1029	-0.735632	147.283106	0.011979	5.2
1030	-0.792836	147.204958	0.006079	5.7
1031	-0.380697	147.126920	0.005121	6.0
1032	-0.241545	147.048993	0.003878	5.2
1033	-0.947572	146.971175	0.006266	5.9
1034	-0.545831	146.893468	0.010694	6.4
1035	-0.935508	146.815869	0.009344	5.2
1036	-1.190904	146.738380	0.030740	6.2
1037	-1.061878	146.661000	0.009667	7.0
1038	-0.975083	146.583729	0.008640	5.4
1039	-0.860905	146.506566	0.006838	6.7
1040	-0.000000	146.429511	0.000000	5.5
1041	-0.222211	146.352565	0.006121	5.2
1042	-0.409948	146.275726	0.005132	6.4
1043	-0.000000	146.198994	0.000000	5.0
1044	-0.000000	146.122370	0.000000	5.4
1045	-0.847962	146.045853	0.007072	5.6
1046	-0.006522	145.969442	0.001003	5.0
1047	-0.000131	145.893139	0.000009	5.9
1048	-0.000652	145.816941	0.000144	5.6
1049	-0.581496	145.740849	0.006875	5.1
1050	-0.348256	145.664863	0.007819	5.0
1051	-0.884663	145.588983	0.011373	5.9
1052	-0.829508	145.513208	0.012848	5.0
1053	-0.764469	145.437538	0.012105	5.5
1054	-0.628618	145.361973	0.005767	6.5
1055	-0.000000	145.286513	0.000000	5.5
1056	-0.000000	145.211157	0.000000	5.5
1057	-0.000000	145.135905	0.000000	5.7
1058	-0.806579	145.060757	0.015933	5.0
1059	-0.000000	144.985712	0.000000	6.2
1060	-0.842689	144.910771	0.008383	5.2
1061	-0.604225	144.835934	0.010328	4.9
1062	-0.378850	144.761199	0.005498	6.2
1063	-0.000000	144.686567	0.000000	5.5
1064	-0.000000	144.612037	0.000000	5.3
1065	-0.000000	144.537610	0.000000	6.3
1066	-0.615809	144.463285	0.004628	5.1
1067	-0.850058	144.389062	0.009328	4.9
1068	-0.726560	144.314940	0.004962	6.0
1069	-0.298865	144.240920	0.003524	5.6
1070	-0.893617	144.167001	0.022696	5.0
1071	-0.791796	144.093182	0.006883	6.0
1072	-0.672545	144.019465	0.005874	5.3
1073	-0.846957	143.945848	0.023888	5.1
1074	-0.997056	143.872331	0.009234	6.0
1075	-0.704943	143.798914	0.012427	6.3
1076	-0.280536	143.725597	0.004127	5.0
1077	-1.045837	143.652380	0.012601	6.4
1078	-1.149408	143.579262	0.012638	5.0
1079	-1.066683	143.506243	0.011256	4.9
1080	-1.185382	143.433323	0.026068	6.4
1081	-0.836004	143.360502	0.006066	5.1
1082	-0.926499	143.287780	0.008879	5.1
1083	-0.524439	143.215155	0.005502	6.3
1084	-0.296319	143.142629	0.006272	5.0
1085	-0.788471	143.070201	0.024192	5.0
1086	-0.000000	142.997870	0.000000	6.5
1087	-0.587181	142.925637	0.004651	5.2
1088	-0.981698	142.853501	0.006076	4.9
1089	-0.540213	142.781462	0.005767	6.0
1090	-0.182215	142.709519	0.004917	5.1
1091	-0.477399	142.637674	0.005347	5.0
1092	-0.806577	142.565924	0.011655	6.7
1093	-0.881952	142.494271	0.010743	5.9
1094	-0.768727	142.422714	0.008327	5.4
1095	-0.406231	142.351252	0.002981	7.1
1096	-0.860361	142.279886	0.008500	6.0
1097	-0.722654	142.208616	0.013972	6.2
1098	-0.000000	142.137440	0.000000	5.2
1099	-0.084067	142.066360	0.003405	5.8
1100	-0.877507	141.995374	0.012400	6.1
1101	-0.000000	141.924483	0.000000	5.2
1102	-0.927485	141.853685	0.012630	5.6
1103	-1.033291	141.782983	0.008767	6.4
1104	-0.219335	141.712373	0.001995	5.2
1105	-0.272244	141.641858	0.002349	5.8
1106	-1.094106	141.571436	0.012798	6.0
1107	-0.503466	141.501108	0.005609	5.2
1108	-1.051518	141.430872	0.016948	6.0
1109	-0.307605	141.360730	0.003152	5.9
1110	-0.000000	141.290680	0.000000	5.2
1111	-0.618847	141.220722	0.008106	6.0
1112	-0.810678	141.150857	0.008001	6.2
1113	-0.505806	141.081084	0.004879	5.3
1114	-0.266862	141.011403	0.004583	6.3
1115	-0.000000	140.941813	0.000000	5.1
1116	-0.139399	140.872315	0.003402	5.4
1117	-0.000000	140.802909	0.000000	5.9
1118	-0.033937	140.733593	0.001412	5.3
1119	-0.000000	140.664369	0.000000	4.9
1120	-0.000000	140.595235	0.000000	5.9
1121	-0.000000	140.526192	0.000000	5.1
1122	-1.185215	140.457239	0.018281	5.6
1123	-0.566238	140.388376	0.014867	6.0
1124	-0.000000	140.319603	0.000000	5.0
1125	-0.709772	140.250920	0.005264	5.3
1126	-1.175959	140.182326	0.024823	5.8
1127	-0.147133	140.113822	0.003665	5.4
1128	-0.102659	140.045407	0.003494	5.0
1129	-0.203672	139.977081	0.003050	6.1
1130	-0.000000	139.908844	0.000000	5.4
1131	-0.017230	139.840696	0.001885	4.9
1132	-0.100284	139.772635	0.004508	6.0
1133	-0.068552	139.704664	0.003071	6.1
1134	-1.115756	139.636780	0.008727	5.0
1135	-0.205638	139.568984	0.006717	6.0
1136	-0.000000	139.501276	0.000000	4.9
1137	-0.000000	139.433655	0.000000	5.0
1138	-0.050979	139.366122	0.002635	6.7
1139	-0.000000	139.298676	0.000000	5.0
1140	-0.650280	139.231317	0.006145	5.1
1141	-0.244646	139.164045	0.005381	6.1
1142	-0.486349	139.096859	0.007507	5.0
1143	-0.481888	139.029760	0.004318	5.0
1144	-1.077139	138.962747	0.011848	5.9
1145	-0.747936	138.895820	0.008184	5.6
1146	-0.000000	138.828978	0.000000	5.0
1147	-1.039988	138.762223	0.015098	6.3
1148	-1.119029	138.695553	0.010140	5.7
1149	-0.846250	138.628969	0.007027	5.0
1150	-0.000457	138.562469	0.000015	6.0
1151	-0.000000	138.496055	0.000000	6.2
1152	-0.005781	138.429725	0.000286	5.0
1153	-1.177491	138.363481	0.018097	6.1
1154	-0.062303	138.297320	0.002150	5.0
1155	-0.357796	138.231244	0.002584	5.4
1156	-0.826599	138.165252	0.011533	6.1
1157	-0.000055	138.099344	0.000020	5.0
1158	-0.351574	138.033520	0.006021	5.3
1159	-0.443201	137.967779	0.005986	5.8
1160	-0.000000	137.902122	0.000000	5.5
1161	-0.723632	137.836548	0.006719	5.6
1162	-0.205987	137.771057	0.003157	5.6
1163	-0.609498	137.705649	0.007026	5.3
1164	-0.934983	137.640324	0.009508	5.0
1165	-0.966623	137.575081	0.008304	5.9
1166	-0.933021	137.509921	0.012729	5.4
1167	-0.471685	137.444842	0.004934	5.6
1168	-0.804991	137.379846	0.008002	5.5
1169	-0.039791	137.314932	0.002417	4.9
1170	-0.000000	137.250100	0.000000	5.1
1171	-1.281532	137.185349	0.006347	7.0
1172	-1.008168	137.120680	0.005861	5.8
1173	-0.000000	137.056092	0.000000	6.2
1174	-0.907844	136.991585	0.010520	5.7
1175	-0.872821	136.927158	0.008529	5.4
1176	-1.034427	136.862813	0.018243	6.0
1177	-0.627967	136.798548	0.007018	5.2
1178	-0.916491	136.734363	0.006690	5.3
1179	-0.717827	136.670259	0.009807	6.8
1180	-0.576000	136.606235	0.016855	5.1
1181	-0.000000	136.542291	0.000000	5.7
1182	-1.096638	136.478426	0.027001	6.4
1183	-0.220832	136.414641	0.003456	6.1
1184	-0.538579	136.350936	0.009852	7.4
1185	-0.091371	136.287310	0.002376	6.3
1186	-0.005081	136.223763	0.000316	6.3
1187	-0.357956	136.160295	0.002151	8.1
1188	-0.815010	136.096905	0.007528	7.0
1189	-0.038126	136.033594	0.001851	7.5
1190	-0.297812	135.970362	0.003374	5.4
1191	-0.511213	135.907208	0.004073	7.0
1192	-0.361154	135.844133	0.003602	6.1
1193	-0.891461	135.781135	0.005390	6.1
1194	-0.000000	135.718215	0.000000	7.0
1195	-0.340020	135.655373	0.003213	6.9
1196	-0.715690	135.592608	0.007379	7.8
1197	-0.000000	135.529921	0.000000	6.4
1198	-0.021570	135.467311	0.001101	6.9
1199	-0.940965	135.404778	0.005627	7.2
1200	-0.842830	135.342322	0.006400	6.3
1201	-0.708001	135.279942	0.007283	6.8
1202	-0.017093	135.217640	0.000970	7.0
1203	-0.129159	135.155413	0.002377	7.4
1204	-0.687568	135.093263	0.005058	7.0
1205	-0.265904	135.031190	0.004345	7.5
1206	-0.365626	134.969192	0.006488	7.8
1207	-0.680614	134.907270	0.010783	6.7
1208	-0.227569	134.845424	0.005453	9.7
1209	-0.711629	134.783653	0.004057	8.4
1210	-0.000000	134.721958	0.000000	7.9
1211	-0.000000	134.660338	0.000000	7.0
1212	-0.638398	134.598793	0.005632	6.3
1213	-0.592791	134.537323	0.007109	7.8
1214	-0.899691	134.475927	0.005975	8.1
1215	-0.272678	134.414607	0.005609	6.4
1216	-0.000000	134.353361	0.000000	7.2
1217	-0.999139	134.292189	0.006664	6.8
1218	-0.828101	134.231092	0.014476	7.6
1219	-0.637613	134.170068	0.006147	8.5
1220	-0.000000	134.109119	0.000000	8.4
1221	-0.664417	134.048243	0.005788	8.0
1222	-0.000000	133.987441	0.000000	8.0
1223	-0.661944	133.926713	0.006591	7.5
1224	-0.779124	133.866057	0.005767	6.7
1225	-0.747183	133.805475	0.013074	6.5
1226	-1.215500	133.744966	0.020966	5.9
1227	-0.021247	133.684530	0.000583	6.2
1228	-0.856152	133.624167	0.007405	6.7
1229	-0.554179	133.563877	0.004766	7.4
1230	-0.000000	133.503658	0.000000	7.3
1231	-0.913201	133.443513	0.004846	7.0
1232	-0.548288	133.383439	0.002871	6.9
1233	-0.732674	133.323437	0.006857	6.4
1234	-0.413643	133.263508	0.006283	6.5
1235	-1.102816	133.203650	0.010968	7.6
1236	-0.746362	133.143864	0.006600	6.6
1237	-0.916160	133.084149	0.015997	7.0
1238	-0.572442	133.024506	0.005685	5.9
1239	-0.854488	132.964934	0.006059	5.9
1240	-0.707061	132.905433	0.010912	6.8
1241	-1.114651	132.846003	0.026525	6.0
1242	-0.188373	132.786643	0.004952	7.5
1243	-0.983933	132.727355	0.006833	5.9
1244	-0.000000	132.668137	0.000000	7.2
1245	-0.774362	132.608989	0.002987	6.2
1246	-0.000000	132.549912	0.000000	6.3
1247	-0.922530	132.490904	0.012283	7.6
1248	-0.000001	132.431967	0.000000	6.0
1249	-0.419147	132.373100	0.004148	6.7
1250	-0.000000	132.314302	0.000000	5.5
1251	-0.857665	132.255574	0.006261	6.1
1252	-0.014760	132.196916	0.000416	6.5
1253	-0.960318	132.138326	0.029498	5.1
1254	-0.361453	132.079806	0.003519	6.0
1255	-0.000000	132.021355	0.000000	6.6
1256	-0.000000	131.962973	0.000000	5.6
1257	-0.048689	131.904660	0.004235	6.5
1258	-0.728051	131.846415	0.010075	6.1
1259	-0.272657	131.788239	0.001752	6.9
1260	-0.640522	131.730131	0.006861	7.5
1261	-0.757252	131.672092	0.006066	7.0
1262	-0.100782	131.614121	0.002278	6.9
1263	-0.246961	131.556217	0.004732	7.3
1264	-0.642901	131.498382	0.005582	7.3
1265	-0.238345	131.440614	0.004278	6.4
1266	-1.199074	131.382914	0.023658	5.6
1267	-0.790563	131.325282	0.008902	6.5
1268	-0.000000	131.267717	0.000000	5.7
1269	-0.246763	131.210219	0.004007	6.4
1270	-0.584080	131.152788	0.005671	6.8
1271	-0.450840	131.095424	0.006023	5.3
1272	-0.455449	131.038127	0.004377	6.5
1273	-0.073498	130.980897	0.002180	6.4
1274	-0.820795	130.923733	0.008846	5.7
1275	-0.699768	130.866636	0.008248	7.5
1276	-0.379413	130.809605	0.006118	6.3
1277	-0.767108	130.752641	0.006910	7.9
1278	-0.167635	130.695742	0.002456	6.3
1279	-0.451084	130.638910	0.003257	6.6
1280	-1.107410	130.582143	0.005545	7.0
1281	-0.000000	130.525442	0.000000	6.6
1282	-0.477751	130.468807	0.005207	6.8
1283	-0.000000	130.412237	0.000000	6.3
1284	-1.025585	130.355733	0.012512	6.7
1285	-0.045108	130.299294	0.002456	6.6
1286	-0.000000	130.242920	0.000000	5.9
1287	-0.000000	130.186611	0.000000	6.8
1288	-0.919844	130.130366	0.009374	6.0
1289	-1.118039	130.074187	0.009943	6.5
1290	-1.127030	130.018072	0.007546	7.0
1291	-1.007802	129.962022	0.008528	6.1
1292	-0.000000	129.906036	0.000000	6.7
1293	-0.625800	129.850114	0.005056	5.6
1294	-0.000000	129.794257	0.000000	6.3
1295	-1.054995	129.738463	0.015515	7.4
1296	-0.000000	129.682734	0.000000	6.3
1297	-1.246348	129.627068	0.034547	6.6
1298	-0.328024	129.571466	0.002738	5.1
1299	-0.253023	129.515927	0.009210	5.8
1300	-0.000033	129.460452	0.000005	6.1
1301	-0.000000	129.405040	0.000000	5.3
1302	-0.914759	129.349692	0.007829	5.4
1303	-0.769736	129.294406	0.008223	6.7
1304	-0.160533	129.239183	0.003569	6.0
1305	-0.900075	129.184024	0.010527	5.3
1306	-0.612198	129.128927	0.007098	5.7
1307	-0.868961	129.073892	0.012056	5.6
1308	-0.000000	129.018921	0.000000	4.9
1309	-0.000000	128.964011	0.000000	6.6
1310	-0.002163	128.909164	0.000398	5.0
1311	-0.007306	128.854379	0.001302	4.9
1312	-0.321155	128.799656	0.003184	6.7
1313	-0.104825	128.744995	0.004050	5.6
1314	-0.890254	128.690396	0.007532	5.9
1315	-0.995639	128.635858	0.006689	5.4
1316	-0.926288	128.581382	0.008214	5.2
1317	-0.947215	128.526968	0.008081	6.3
1318	-0.000000	128.472615	0.000000	5.3
1319	-0.955698	128.418323	0.034172	5.7
1320	-0.902863	128.364092	0.007347	6.8
1321	-0.822001	128.309922	0.008915	5.2
1322	-0.761005	128.255814	0.006101	5.1
1323	-1.075148	128.201766	0.011211	6.2
1324	-1.071519	128.147778	0.008480	6.4
1325	-0.003944	128.093852	0.000733	5.4
1326	-0.545113	128.039985	0.004867	6.1
1327	-0.717439	127.986180	0.005221	5.6
1328	-1.051003	127.932434	0.006773	5.3
1329	-0.103485	127.878749	0.002864	6.1
1330	-0.000004	127.825123	0.000000	5.0
1331	-0.000000	127.771558	0.000000	6.5
1332	-0.000000	127.718052	0.000000	5.4
1333	-1.007832	127.664606	0.011592	5.0
1334	-0.145369	127.611220	0.002918	6.1
1335	-0.709167	127.557893	0.012004	5.3
1336	-0.000842	127.504625	0.000036	5.5
1337	-0.732189	127.451417	0.006443	5.8
1338	-0.000000	127.398268	0.000000	5.4
1339	-0.919934	127.345178	0.007171	5.0
1340	-0.019373	127.292147	0.001100	6.3
1341	-0.542553	127.239175	0.005325	5.5
1342	-0.215879	127.186261	0.005561	6.0
1343	-1.023618	127.133407	0.006081	7.2
1344	-0.836876	127.080610	0.005111	6.1
1345	-0.863420	127.027872	0.006554	4.9
1346	-1.141844	126.975193	0.021912	6.4
1347	-0.540605	126.922572	0.006178	5.0
1348	-0.567704	126.870008	0.007007	5.9
1349	-0.019721	126.817503	0.000295	5.8
1350	-0.703245	126.765056	0.006676	5.0
1351	-0.475586	126.712667	0.006705	6.2
1352	-0.685598	126.660335	0.004854	5.1
1353	-0.000000	126.608061	0.000000	5.3
1354	-0.025727	126.555844	0.000455	5.8
1355	-0.787965	126.503685	0.014510	5.1
1356	-0.000000	126.451583	0.000000	4.9
1357	-0.697193	126.399538	0.009222	6.2
1358	-0.595631	126.347550	0.010453	5.4
1359	-0.234250	126.295619	0.005484	5.1
1360	-0.501543	126.243745	0.006097	6.2
1361	-0.032253	126.191928	0.000678	5.7
1362	-0.338715	126.140168	0.005528	5.9
1363	-0.628646	126.088464	0.005642	5.7
1364	-0.000000	126.036817	0.000000	6.1
1365	-0.000000	125.985226	0.000000	5.3
1366	-0.760430	125.933691	0.005823	6.0
1367	-0.128679	125.882212	0.002416	5.0
1368	-0.721146	125.830790	0.004881	5.5
1369	-0.804520	125.779423	0.008421	5.9
1370	-0.101413	125.728113	0.002525	4.9
1371	-0.320272	125.676858	0.007089	5.6
1372	-0.541352	125.625659	0.007368	6.3
1373	-0.981770	125.574515	0.008936	4.9
1374	-0.363905	125.523427	0.003299	5.0
1375	-0.580911	125.472394	0.006478	6.0
1376	-0.003340	125.421417	0.000450	5.4
1377	-0.005725	125.370495	0.000185	5.0
1378	-1.063577	125.319628	0.005129	6.0
1379	-1.167215	125.268815	0.027480	4.9
1380	-1.058329	125.218058	0.004970	5.3
1381	-0.542364	125.167356	0.005470	6.3
1382	-0.573340	125.116708	0.003917	5.8
1383	-0.478692	125.066115	0.005166	5.4
1384	-0.146387	125.015576	0.004464	6.1
1385	-0.000000	124.965092	0.000000	5.7
1386	-0.892317	124.914662	0.006793	5.4
1387	-0.158132	124.864287	0.003767	5.8
1388	-0.765650	124.813965	0.006205	5.6
1389	-1.070308	124.763698	0.004822	5.9
1390	-0.772107	124.713485	0.024729	5.4
1391	-0.921548	124.663325	0.008849	5.2
1392	-0.635993	124.613219	0.007519	6.4
1393	-0.000000	124.563167	0.000000	5.6
1394	-0.000000	124.513168	0.000000	5.8
1395	-1.149762	124.463223	0.010408	6.3
1396	-0.000000	124.413332	0.000000	4.9
1397	-0.757590	124.363493	0.009205	5.1
1398	-0.802300	124.313708	0.007177	5.7
1399	-0.735899	124.263976	0.007508	6.3
1400	-0.783789	124.214297	0.006985	5.0
1401	-0.325988	124.164671	0.005593	6.3
1402	-0.000000	124.115097	0.000000	5.0
1403	-0.594343	124.065577	0.006538	5.2
1404	-0.836450	124.016109	0.004905	6.4
1405	-0.792466	123.966693	0.009787	5.0
1406	-0.974399	123.917330	0.006067	5.2
1407	-0.038622	123.868020	0.001402	6.1
1408	-0.000000	123.818762	0.000000	5.0
1409	-0.691825	123.769556	0.009907	5.5
1410	-0.806431	123.720402	0.004829	5.9
1411	-0.687053	123.671300	0.005224	5.0
1412	-0.608932	123.622250	0.004264	5.4
1413	-0.015671	123.573252	0.001761	6.1
1414	-0.821034	123.524305	0.005769	5.0
1415	-1.259178	123.475411	0.015595	5.6
1416	-1.004629	123.426568	0.010392	6.1
1417	-0.000000	123.377776	0.000000	5.1
1418	-0.080380	123.329036	0.001798	5.0
1419	-0.104540	123.280347	0.002174	7.1
1420	-0.116068	123.231709	0.004313	6.3
1421	-0.502891	123.183122	0.005550	5.7
1422	-0.000000	123.134587	0.000000	5.6
1423	-0.663948	123.086102	0.006547	5.3
1424	-1.042131	123.037669	0.010561	5.9
1425	-0.969089	122.989286	0.004921	5.1
1426	-0.000000	122.940954	0.000000	5.0
1427	-0.799061	122.892672	0.005368	6.5
1428	-0.492653	122.844441	0.004951	7.2
1429	-0.698281	122.796261	0.002535	6.5
1430	-0.000000	122.748130	0.000000	6.7
1431	-0.354768	122.700050	0.002780	6.3
1432	-0.967627	122.652021	0.010727	6.1
1433	-0.571733	122.604041	0.005588	5.0
1434	-0.649482	122.556111	0.005327	4.9
1435	-0.000000	122.508232	0.000000	5.4
1436	-0.384008	122.460402	0.004845	6.0
1437	-0.508790	122.412622	0.006004	5.5
1438	-0.908815	122.364891	0.013307	6.4
1439	-1.084516	122.317210	0.009690	5.4
1440	-0.002333	122.269579	0.000298	5.2
1441	-0.599980	122.221997	0.002995	6.6
1442	-0.000000	122.174465	0.000000	4.9
1443	-0.000000	122.126981	0.000000	5.1
1444	-0.898293	122.079547	0.005985	6.2
1445	-0.083528	122.032162	0.002238	5.2
1446	-0.592228	121.984826	0.003829	5.6
1447	-0.845863	121.937539	0.006642	6.0
1448	-0.830350	121.890301	0.007842	5.4
1449	-0.007437	121.843112	0.000616	5.4
1450	-0.990109	121.795971	0.012783	6.2
1451	-0.644279	121.748879	0.003839	5.4
1452	-0.631608	121.701835	0.005744	5.6
1453	-0.942950	121.654840	0.010820	5.7
1454	-0.009732	121.607893	0.000783	4.9
1455	-0.767864	121.560994	0.007701	5.0
1456	-0.844960	121.514144	0.012941	6.7
1457	-0.944692	121.467342	0.007315	5.2
1458	-0.000000	121.420588	0.000000	5.9
1459	-0.562413	121.373882	0.003883	5.1
1460	-0.637378	121.327223	0.004571	5.0
1461	-0.975627	121.280613	0.020440	6.2
1462	-0.000007	121.234050	0.000004	5.2
1463	-0.000021	121.187535	0.000009	5.0
1464	-1.194603	121.141067	0.029571	5.4
1465	-0.764632	121.094647	0.007494	5.6
1466	-1.205640	121.048274	0.008437	5.0
1467	-0.590975	121.001949	0.006414	5.3
1468	-0.327918	120.955671	0.003332	5.7
1469	-0.892685	120.909440	0.015055	5.4
1470	-0.000000	120.863256	0.000000	5.5
1471	-0.000142	120.817119	0.000002	5.8
1472	-0.000000	120.771029	0.000000	5.0
1473	-0.082074	120.724986	0.002511	5.4
1474	-0.000000	120.678990	0.000000	6.5
1475	-1.062141	120.633040	0.005053	5.6
1476	-0.844862	120.587137	0.006479	6.0
1477	-0.436025	120.541281	0.002896	5.4
1478	-0.194912	120.495471	0.003993	5.0
1479	-0.000890	120.449707	0.000079	6.1
1480	-0.845075	120.403990	0.006349	5.0
1481	-0.300567	120.358319	0.003111	5.0
1482	-0.590088	120.312694	0.010906	5.9
1483	-0.000000	120.267115	0.000000	5.6
1484	-0.106008	120.221582	0.002311	5.1
1485	-1.157804	120.176096	0.008544	6.3
1486	-0.563459	120.130655	0.006195	5.4
1487	-0.103316	120.085260	0.003392	5.4
1488	-0.190350	120.039910	0.003655	6.0
1489	-0.968433	119.994606	0.012883	5.1
1490	-0.082924	119.949348	0.001332	5.2
1491	-0.479394	119.904135	0.007470	5.8
1492	-0.318904	119.858968	0.005472	6.5
1493	-1.173902	119.813846	0.034918	5.1
1494	-0.580919	119.768769	0.004370	6.1
1495	-0.439312	119.723738	0.002984	5.0
1496	-0.973965	119.678752	0.008764	5.4
1497	-0.963771	119.633810	0.008018	5.9
1498	-1.059154	119.588914	0.009998	5.0
1499	-0.394734	119.544062	0.004626	5.0
1500	-1.082903	119.499256	0.007773	6.5
1501	-1.181226	119.454494	0.009308	5.0
1502	-0.000001	119.409777	0.000001	5.5
1503	-0.812562	119.365104	0.007339	6.0
1504	-0.859284	119.320476	0.004978	5.0
1505	-0.907125	119.275893	0.004678	5.0
1506	-0.709538	119.231353	0.004814	6.4
1507	-1.174524	119.186859	0.011827	5.5
1508	-0.873476	119.142408	0.008681	5.6
1509	-0.000000	119.098002	0.000000	6.2
1510	-1.031566	119.053639	0.012635	5.2
1511	-0.575292	119.009321	0.004292	6.1
1512	-0.416941	118.965047	0.004667	7.8
1513	-0.024512	118.920816	0.000929	5.4
1514	-0.000000	118.876630	0.000000	6.4
1515	-0.858896	118.832487	0.010402	5.6
1516	-0.761624	118.788388	0.006510	5.2
1517	-1.059406	118.744332	0.012756	6.6
1518	-0.000000	118.700320	0.000000	5.2
1519	-0.000000	118.656352	0.000000	5.2
1520	-1.124671	118.612427	0.007114	6.0
1521	-0.435219	118.568545	0.006876	5.7
1522	-1.037911	118.524706	0.007015	5.7
1523	-0.788172	118.480911	0.004799	6.2
1524	-0.004332	118.437159	0.000017	4.9
1525	-1.152677	118.393450	0.008039	5.7
1526	-0.769836	118.349784	0.004953	5.6
1527	-1.107505	118.306160	0.015975	5.0
1528	-0.316624	118.262580	0.004714	6.1
1529	-0.543076	118.219042	0.004264	5.1
1530	-0.812371	118.175548	0.006636	5.0
1531	-0.710271	118.132095	0.006012	5.4
1532	-0.196052	118.088686	0.003692	6.5
1533	-0.319580	118.045319	0.004708	6.5
1534	-0.214838	118.001994	0.003090	6.6
1535	-0.000000	117.958712	0.000000	5.0
1536	-0.901123	117.915472	0.010006	5.4
1537	-0.359176	117.872274	0.004560	6.0
1538	-0.885630	117.829118	0.004264	4.9
1539	-0.000000	117.786005	0.000000	5.0
1540	-0.045835	117.742933	0.001871	6.3
1541	-1.128629	117.699904	0.008724	5.4
1542	-0.000000	117.656916	0.000000	5.4
1543	-1.009567	117.613971	0.023238	6.1
1544	-0.000000	117.571067	0.000000	5.0
1545	-0.928660	117.528205	0.005824	5.0
1546	-0.834525	117.485384	0.009083	6.2
1547	-0.031675	117.442605	0.001113	5.6
1548	-1.034488	117.399867	0.003896	5.6
1549	-0.000008	117.357171	0.000004	6.0
1550	-0.121773	117.314517	0.003184	5.9
1551	-0.343303	117.271903	0.005224	5.1
1552	-0.000000	117.229331	0.000000	5.9
1553	-0.964552	117.186800	0.008446	5.0
1554	-0.519151	117.144311	0.005428	5.7
1555	-0.921522	117.101862	0.010077	5.8
1556	-0.993431	117.059454	0.004774	5.5
1557	-0.863978	117.017087	0.005913	5.4
1558	-0.405768	116.974762	0.002786	5.6
1559	-0.562113	116.932476	0.004484	5.0
1560	-0.371385	116.890232	0.007241	5.2
1561	-0.206886	116.848028	0.005005	5.7
1562	-0.865325	116.805865	0.004902	5.0
1563	-0.000000	116.763743	0.000000	5.6
1564	-1.172141	116.721661	0.014652	5.8
1565	-0.263898	116.679619	0.002159	5.0
1566	-0.529208	116.637618	0.007760	5.0
1567	-0.840664	116.595657	0.005193	5.9
1568	-0.996974	116.553736	0.008498	5.6
1569	-0.000000	116.511855	0.000000	5.1
1570	-0.896179	116.470015	0.015116	6.7
1571	-0.717953	116.428214	0.004834	5.5
1572	-1.103473	116.386454	0.017388	6.0
1573	-1.065077	116.344733	0.010460	5.0
1574	-1.083033	116.303052	0.008071	5.1
1575	-0.102924	116.261412	0.003356	5.9
1576	-0.915607	116.219810	0.006562	5.9
1577	-0.856495	116.178249	0.008537	4.9
1578	-0.071890	116.136727	0.003537	6.4
1579	-0.592919	116.095245	0.014881	5.0
1580	-0.360416	116.053802	0.009706	5.5
1581	-0.952659	116.012398	0.007857	6.1
1582	-1.311196	115.971034	0.021656	5.8
1583	-1.038005	115.929710	0.013199	5.2
1584	-1.066725	115.888424	0.004911	6.3
1585	-0.816541	115.847178	0.007952	5.3
1586	-0.000000	115.805970	0.000000	5.2
1587	-0.000000	115.764802	0.000000	6.9
1588	-1.111569	115.723673	0.009066	5.9
1589	-0.028782	115.682583	0.001407	5.7
1590	-1.118380	115.641532	0.024887	5.7
1591	-0.000000	115.600519	0.000000	5.1
1592	-0.727369	115.559546	0.007578	5.6
1593	-1.080725	115.518610	0.022209	6.7
1594	-1.198727	115.477714	0.009179	5.6
1595	-1.225954	115.436856	0.018629	6.3
1596	-1.051879	115.396037	0.012710	5.1
1597	-1.119732	115.355256	0.009680	5.0
1598	-1.102500	115.314514	0.009728	5.9
1599	-0.045859	115.273810	0.001669	5.0
1600	-0.824661	115.233144	0.014826	5.4
1601	-0.911393	115.192517	0.008292	6.4
1602	-0.053840	115.151927	0.001603	5.1
1603	-0.612365	115.111376	0.018891	5.3
1604	-0.000056	115.070863	0.000021	6.2
1605	-0.934324	115.030388	0.005432	5.0
1606	-0.359700	114.989951	0.004749	5.9
1607	-0.807221	114.949551	0.008064	6.0
1608	-0.920163	114.909190	0.007174	6.2
1609	-0.000000	114.868866	0.000000	5.1
1610	-0.725352	114.828580	0.009375	5.7
1611	-1.155796	114.788332	0.008824	5.0
1612	-1.126296	114.748121	0.018763	5.5
1613	-1.141230	114.707948	0.014140	6.1
1614	-0.561866	114.667812	0.008731	5.4
1615	-0.488870	114.627714	0.004710	5.3
1616	-0.875857	114.587653	0.013010	5.7
1617	-0.641370	114.547629	0.014163	5.1
1618	-0.835962	114.507643	0.007463	5.4
1619	-1.046958	114.467693	0.003913	5.9
1620	-0.000000	114.427781	0.000000	5.3
1621	-0.167563	114.387907	0.005468	5.5
1622	-0.909228	114.348069	0.004704	6.0
1623	-0.700065	114.308268	0.007044	5.3
1624	-0.979480	114.268504	0.011016	5.2
1625	-0.504452	114.228777	0.004718	6.3
1626	-0.093480	114.189086	0.000677	5.0
1627	-0.846027	114.149433	0.011949	5.5
1628	-0.595168	114.109816	0.005070	6.3
1629	-0.462362	114.070235	0.005790	5.5
1630	-0.154899	114.030692	0.005074	5.3
1631	-0.699325	113.991185	0.005810	5.7
1632	-0.001978	113.951714	0.000133	5.5
1633	-0.000000	113.912280	0.000000	5.4
1634	-1.057481	113.872882	0.007246	6.0
1635	-0.729438	113.833521	0.008410	4.9
1636	-0.330532	113.794195	0.003527	6.2
1637	-0.571483	113.754906	0.003200	5.0
1638	-0.000000	113.715653	0.000000	4.9
1639	-1.006713	113.676437	0.004844	6.0
1640	-0.000000	113.637256	0.000000	5.5
1641	-0.078803	113.598111	0.001690	5.0
1642	-0.000000	113.559002	0.000000	6.1
1643	-0.000000	113.519929	0.000000	5.0
1644	-1.004488	113.480892	0.007230	5.0
1645	-0.666444	113.441891	0.006019	5.5
1646	-0.652728	113.402925	0.007181	6.3
1647	-0.373226	113.363995	0.005777	5.9
1648	-0.935415	113.325101	0.014110	6.1
1649	-0.793792	113.286242	0.005581	5.0
1650	-0.081275	113.247419	0.002457	5.1
1651	-0.240582	113.208631	0.006350	6.9
1652	-0.782678	113.169879	0.005043	5.0
1653	-0.869319	113.131162	0.009655	5.3
1654	-0.799340	113.092480	0.007353	5.8
1655	-0.652168	113.053833	0.006020	4.9
1656	-0.045563	113.015222	0.001023	5.5
1657	-0.000000	112.976646	0.000000	5.9
1658	-0.082677	112.938105	0.002642	5.5
1659	-1.124271	112.899599	0.024630	5.2
1660	-0.365911	112.861128	0.001430	6.0
1661	-0.584182	112.822692	0.005384	5.0
1662	-0.000000	112.784291	0.000000	4.9
1663	-0.221569	112.745924	0.001651	5.5
1664	-0.000000	112.707593	0.000000	6.0
1665	-1.016462	112.669296	0.014791	6.0
1666	-0.391557	112.631034	0.006455	5.8
1667	-0.880856	112.592806	0.006445	5.0
1668	-0.896362	112.554613	0.009205	5.5
1669	-0.000000	112.516455	0.000000	6.0
1670	-1.112629	112.478331	0.008803	5.6
1671	-0.674136	112.440241	0.009152	5.0
1672	-0.880643	112.402186	0.006666	6.2
1673	-0.000000	112.364165	0.000000	5.1
1674	-0.944221	112.326179	0.004018	5.2
1675	-0.996852	112.288227	0.007381	6.5
1676	-0.000000	112.250309	0.000000	5.5
1677	-0.733005	112.212425	0.005537	6.3
1678	-1.069611	112.174575	0.010946	5.4
1679	-0.906115	112.136759	0.010078	5.2
1680	-1.102260	112.098977	0.014003	6.0
1681	-0.015971	112.061229	0.001049	5.2
1682	-1.049030	112.023515	0.007170	5.7
1683	-0.071180	111.985834	0.003069	5.9
1684	-1.187729	111.948188	0.021922	6.5
1685	-1.284087	111.910575	0.012849	5.6
1686	-1.000466	111.872996	0.004977	6.1
1687	-0.602234	111.835450	0.009138	4.9
1688	-0.211356	111.797939	0.004755	4.9
1689	-0.026214	111.760460	0.001320	7.1
1690	-0.673143	111.723015	0.011529	6.0
1691	-0.628942	111.685604	0.005227	6.3
1692	-0.000000	111.648226	0.000000	5.8
1693	-0.771617	111.610881	0.004157	5.0
1694	-1.043655	111.573570	0.006534	6.2
1695	-1.082562	111.536292	0.008897	5.1
1696	-0.591258	111.499047	0.003868	4.9
1697	-1.124240	111.461835	0.017870	6.0
1698	-0.611302	111.424656	0.003306	5.5
1699	-0.634114	111.387510	0.019537	5.0
1700	-0.000000	111.350398	0.000000	5.7
1701	-0.000000	111.313318	0.000000	6.0
1702	-0.327539	111.276271	0.004750	5.2
1703	-0.525865	111.239257	0.009257	6.3
1704	-1.002333	111.202276	0.005315	5.0
1705	-0.946202	111.165328	0.005292	5.4
1706	-0.946629	111.128412	0.007609	6.0
1707	-0.000024	111.091529	0.000008	5.4
1708	-0.745016	111.054679	0.007193	5.0
1709	-0.706468	111.017861	0.007260	6.4
1710	-0.607200	110.981076	0.006705	5.3
1711	-0.000000	110.944323	0.000000	5.5
1712	-0.723444	110.907603	0.009081	5.9
1713	-0.000000	110.870915	0.000000	5.0
1714	-0.851552	110.834259	0.010534	5.4
1715	-0.930940	110.797636	0.019261	5.8
1716	-0.509167	110.761045	0.006528	5.0
1717	-1.016396	110.724486	0.023277	4.9
1718	-0.788135	110.687959	0.010390	5.7
1719	-0.049125	110.651465	0.001462	6.5
1720	-0.000000	110.615002	0.000000	5.4
1721	-0.485892	110.578572	0.007606	5.8
1722	-0.621954	110.542173	0.011453	5.5
1723	-0.692019	110.505807	0.005385	4.9
1724	-0.000000	110.469472	0.000000	5.8
1725	-0.347514	110.433169	0.004189	5.0
1726	-0.847404	110.396898	0.005717	5.7
1727	-0.019470	110.360659	0.000717	5.9
1728	-0.792108	110.324451	0.008744	5.0
1729	-1.001724	110.288276	0.008754	5.4
1730	-0.781011	110.252131	0.008157	6.1
1731	-0.342610	110.216019	0.004640	5.0
1732	-0.665166	110.179937	0.005833	5.0
1733	-1.087371	110.143888	0.009581	5.8
1734	-0.027712	110.107869	0.000422	4.9
1735	-1.126060	110.071882	0.006641	5.0
1736	-0.057378	110.035927	0.001531	6.9
1737	-0.862812	110.000003	0.009375	5.3
1738	-0.998879	109.964110	0.013288	5.2
1739	-0.439814	109.928248	0.012703	6.2
1740	-0.000000	109.892417	0.000000	6.1
1741	-0.000000	109.856618	0.000000	5.3
1742	-0.993015	109.820850	0.010479	5.9
1743	-0.582620	109.785112	0.006421	5.8
1744	-0.024705	109.749406	0.000303	6.6
1745	-0.484299	109.713730	0.002966	5.6
1746	-0.004584	109.678086	0.000119	5.4
1747	-0.708558	109.642472	0.007096	6.0
1748	-0.142479	109.606890	0.004253	6.1
1749	-1.056704	109.571337	0.007091	5.2
1750	-0.597598	109.535816	0.004778	6.5
1751	-0.000000	109.500326	0.000000	5.1
1752	-0.606434	109.464866	0.003681	5.7
1753	-0.032181	109.429436	0.001023	6.0
1754	-0.965480	109.394038	0.008765	5.6
1755	-0.935527	109.358669	0.006798	5.3
1756	-0.202123	109.323331	0.003970	6.0
1757	-0.868594	109.288024	0.006623	6.1
1758	-0.000000	109.252747	0.000000	5.0
1759	-0.285323	109.217501	0.004280	5.5
1760	-0.802647	109.182284	0.009614	5.4
1761	-0.000000	109.147098	0.000000	5.6
1762	-0.299697	109.111942	0.004324	5.8
1763	-0.672299	109.076817	0.002730	5.1
1764	-0.808259	109.041721	0.004391	5.7
1765	-0.000000	109.006656	0.000000	5.8
1766	-0.995158	108.971620	0.007042	5.0
1767	-0.531465	108.936615	0.003985	6.1
1768	-0.769323	108.901640	0.006894	5.8
1769	-0.657827	108.866694	0.007215	5.0
1770	-0.957437	108.831779	0.006275	6.3
1771	-0.352063	108.796893	0.008431	5.2
1772	-0.626032	108.762037	0.012413	5.0
1773	-0.253845	108.727211	0.004139	5.8
1774	-0.232630	108.692415	0.003553	5.1
1775	-0.925481	108.657648	0.011558	5.4
1776	-0.000000	108.622911	0.000000	6.1
1777	-0.709108	108.588203	0.006434	6.4
1778	-0.729305	108.553525	0.005561	5.4
1779	-1.275939	108.518877	0.045540	6.1
1780	-0.000000	108.484258	0.000000	5.0
1781	-0.971774	108.449668	0.006951	5.6
1782	-0.571648	108.415108	0.011797	6.2
1783	-0.655570	108.380578	0.005731	5.0
1784	-0.134217	108.346076	0.004528	5.0
1785	-0.976069	108.311604	0.010623	6.3
1786	-0.473092	108.277161	0.004113	5.0
1787	-0.990181	108.242747	0.013200	5.5
1788	-0.000545	108.208363	0.000013	5.9
1789	-0.229292	108.174007	0.003414	5.0
1790	-0.522657	108.139681	0.005321	4.9
1791	-0.210838	108.105383	0.004228	6.0
1792	-0.891407	108.071115	0.006118	5.0
1793	-0.893120	108.036875	0.035959	5.5
1794	-0.919848	108.002665	0.005429	6.1
1795	-1.180958	107.968483	0.016422	5.8
1796	-1.016756	107.934330	0.006118	5.1
1797	-0.734563	107.900206	0.017524	6.0
1798	-1.153562	107.866111	0.009097	5.0
1799	-0.621327	107.832044	0.007076	5.7
1800	-0.604613	107.798007	0.007774	5.9
1801	-0.714824	107.763997	0.003744	5.0
1802	-1.030492	107.730017	0.007803	5.3
1803	-0.357914	107.696065	0.003727	5.8
1804	-0.972072	107.662141	0.008872	5.0
1805	-0.000000	107.628246	0.000000	5.3
1806	-0.640081	107.594379	0.010761	6.0
1807	-1.024927	107.560541	0.006177	5.2
1808	-0.000000	107.526731	0.000000	5.2
1809	-0.000000	107.492949	0.000000	6.5
1810	-0.875736	107.459196	0.005244	5.6
1811	-0.000000	107.425471	0.000000	5.3
1812	-0.669618	107.391774	0.006080	7.0
1813	-0.923266	107.358106	0.020500	5.8
1814	-1.029792	107.324465	0.006795	6.0
1815	-0.770862	107.290853	0.014386	5.3
1816	-1.128319	107.257268	0.015491	5.2
1817	-0.000000	107.223712	0.000000	7.1
1818	-0.774949	107.190184	0.006856	5.6
1819	-0.686826	107.156683	0.004174	5.2
1820	-0.000000	107.123211	0.000000	6.0
1821	-0.196326	107.089766	0.004152	5.0
1822	-0.000000	107.056349	0.000000	5.6
1823	-0.874298	107.022960	0.010362	6.5
1824	-0.234853	106.989599	0.005647	6.7
1825	-0.037041	106.956265	0.000887	7.3
1826	-0.933716	106.922960	0.008916	6.1
1827	-0.000000	106.889681	0.000000	5.4
1828	-0.000000	106.856431	0.000000	5.9
1829	-0.905387	106.823208	0.008795	5.0
1830	-0.591682	106.790012	0.005017	5.0
1831	-0.061157	106.756844	0.001711	6.7
1832	-1.092384	106.723703	0.009271	6.0
1833	-0.000000	106.690590	0.000000	5.5
1834	-1.052524	106.657505	0.007061	6.5
1835	-0.187688	106.624446	0.001789	5.1
1836	-0.903666	106.591415	0.008465	5.5
1837	-0.000000	106.558411	0.000000	5.7
1838	-0.953851	106.525435	0.011070	5.4
1839	-0.620774	106.492485	0.005662	5.2
1840	-0.211228	106.459563	0.004363	5.6
1841	-0.132086	106.426668	0.003692	5.1
1842	-1.018288	106.393800	0.006059	5.2
1843	-0.541454	106.360959	0.004529	5.6
1844	-0.820219	106.328145	0.007884	5.0
1845	-0.522214	106.295358	0.004861	6.0
1846	-0.974032	106.262598	0.007931	5.6
1847	-0.606093	106.229865	0.003117	4.9
1848	-0.666509	106.197158	0.008244	5.0
1849	-0.000000	106.164479	0.000000	6.4
1850	-0.000000	106.131826	0.000000	5.8
1851	-0.891658	106.099201	0.009317	5.5
1852	-0.431052	106.066602	0.004034	5.4
1853	-0.587912	106.034029	0.006296	5.5
1854	-0.411781	106.001483	0.006905	5.3
1855	-1.037437	105.968964	0.008465	6.0
1856	-0.320218	105.936472	0.004992	5.4
1857	-1.197748	105.904006	0.018949	5.8
1858	-0.931926	105.871566	0.008232	5.3
1859	-0.388777	105.839153	0.004304	5.0
1860	-0.167876	105.806767	0.003643	5.5
1861	-0.000000	105.774407	0.000000	5.6
1862	-0.875387	105.742073	0.008154	5.2
1863	-0.497673	105.709766	0.005376	7.3
1864	-0.477271	105.677485	0.008730	6.2
1865	-0.711205	105.645230	0.004220	5.3
1866	-0.000000	105.613001	0.000000	6.5
1867	-0.000000	105.580799	0.000000	5.1
1868	-1.093736	105.548623	0.005379	5.2
1869	-0.011817	105.516473	0.000688	6.4
1870	-0.000000	105.484349	0.000000	5.8
1871	-0.000000	105.452251	0.000000	5.2
1872	-0.000000	105.420179	0.000000	6.5
1873	-1.127146	105.388133	0.010308	6.1
1874	-0.122339	105.356113	0.001783	6.0
1875	-1.002626	105.324119	0.009840	5.8
1876	-0.000000	105.292151	0.000000	5.0
1877	-1.216065	105.260209	0.009677	6.1
1878	-0.000000	105.228293	0.000000	5.2
1879	-0.564288	105.196402	0.004915	5.7
1880	-0.000548	105.164537	0.000029	5.9
1881	-0.862586	105.132698	0.006703	5.0
1882	-0.744422	105.100885	0.007010	5.0
1883	-0.886404	105.069097	0.005689	6.2
1884	-0.000000	105.037335	0.000000	5.5
1885	-0.785167	105.005598	0.012352	5.7
1886	-0.000000	104.973887	0.000000	5.8
1887	-0.708284	104.942202	0.009604	5.8
1888	-0.575957	104.910542	0.005417	5.3
1889	-0.186941	104.878907	0.002163	5.9
1890	-0.808269	104.847298	0.005343	5.3
1891	-0.891998	104.815715	0.008970	5.0
1892	-0.000804	104.784156	0.000243	6.1
1893	-0.000354	104.752623	0.000151	5.0
1894	-0.600959	104.721116	0.006706	5.6
1895	-0.717813	104.689633	0.006746	6.1
1896	-0.318634	104.658176	0.003602	4.9
1897	-0.000000	104.626744	0.000000	5.0
1898	-0.000000	104.595337	0.000000	6.1
1899	-1.153760	104.563955	0.017134	5.1
1900	-0.131685	104.532599	0.005624	5.4
1901	-0.843036	104.501267	0.010380	5.9
1902	-0.030727	104.469960	0.000942	5.3
1903	-0.414699	104.438679	0.004356	5.0
1904	-1.166436	104.407422	0.016266	6.2
1905	-0.150872	104.376191	0.005008	5.0
1906	-0.000000	104.344984	0.000000	4.9
1907	-0.850476	104.313802	0.007680	6.2
1908	-0.556024	104.282645	0.006884	6.2
1909	-0.003272	104.251513	0.000371	4.8
1910	-0.941144	104.220405	0.010304	6.0
1911	-1.024871	104.189323	0.008681	5.2
1912	-0.497064	104.158265	0.004234	5.0
1913	-0.000000	104.127231	0.000000	6.2
1914	-0.000000	104.096222	0.000000	4.9
1915	-0.000000	104.065238	0.000000	5.5
1916	-0.052853	104.034279	0.000937	6.0
1917	-1.037604	104.003344	0.008977	5.0
1918	-1.200587	103.972433	0.009402	5.1
1919	-0.437800	103.941547	0.002596	5.8
1920	-0.133120	103.910686	0.003493	5.0
1921	-0.986029	103.879849	0.007478	5.3
1922	-0.000000	103.849036	0.000000	5.8
1923	-0.775260	103.818248	0.007376	5.0
1924	-0.759452	103.787484	0.011669	5.0
1925	-1.094195	103.756744	0.006316	6.2
1926	-0.324828	103.726029	0.002606	6.0
1927	-0.753812	103.695338	0.007795	5.2
1928	-0.000000	103.664671	0.000000	6.4
1929	-0.477967	103.634028	0.005519	5.0
1930	-0.803291	103.603409	0.010252	4.9
1931	-0.745427	103.572814	0.011421	6.3
1932	-0.000000	103.542244	0.000000	5.5
1933	-0.000000	103.511698	0.000000	5.0
1934	-1.041120	103.481175	0.009349	5.8
1935	-1.051066	103.450677	0.008471	5.0
1936	-0.546460	103.420202	0.004404	5.0
1937	-0.629097	103.389752	0.011287	5.8
1938	-0.828306	103.359325	0.010063	5.2
1939	-0.303876	103.328922	0.004010	5.1
1940	-0.037493	103.298543	0.000390	6.5
1941	-0.791078	103.268188	0.006415	5.9
1942	-0.000000	103.237857	0.000000	5.6
1943	-1.097390	103.207549	0.004584	7.0
1944	-0.865861	103.177265	0.004812	5.9
1945	-0.000000	103.147005	0.000000	6.5
1946	-0.000000	103.116768	0.000000	5.1
1947	-0.834268	103.086556	0.007429	5.7
1948	-1.078757	103.056366	0.005498	6.4
1949	-0.987325	103.026200	0.006233	5.3
1950	-0.085258	102.996058	0.002010	5.8
1951	-0.000000	102.965939	0.000000	6.0
1952	-0.000000	102.935844	0.000000	5.6
1953	-0.507146	102.905772	0.004118	5.0
1954	-0.167289	102.875724	0.003082	6.4
1955	-0.668917	102.845699	0.009553	5.4
1956	-0.365608	102.815697	0.005050	5.4
1957	-1.043874	102.785719	0.006060	5.6
1958	-0.559813	102.755764	0.011655	5.0
1959	-0.567250	102.725832	0.003405	6.0
1960	-0.963951	102.695924	0.002465	5.6
1961	-0.399004	102.666038	0.007244	5.0
1962	-0.022705	102.636176	0.000515	5.4
1963	-0.646059	102.606337	0.004636	6.3
1964	-1.061071	102.576521	0.012847	5.2
1965	-0.980915	102.546728	0.007925	6.1
1966	-0.987047	102.516959	0.007637	5.0
1967	-0.873773	102.487212	0.006626	5.0
1968	-0.321243	102.457488	0.004723	6.1
1969	-0.800339	102.427788	0.008401	5.1
1970	-0.000000	102.398110	0.000000	5.0
1971	-0.000000	102.368455	0.000000	6.3
1972	-0.789128	102.338823	0.007221	5.0
1973	-0.039857	102.309214	0.001287	5.1
1974	-0.640780	102.279628	0.005445	6.2
1975	-0.000000	102.250064	0.000000	5.0
1976	-0.046174	102.220524	0.003630	5.5
1977	-0.000000	102.191006	0.000000	6.0
1978	-0.237576	102.161511	0.003742	5.1
1979	-1.045051	102.132038	0.020011	5.0
1980	-1.049732	102.102588	0.015468	5.9
1981	-0.823609	102.073161	0.006761	6.3
1982	-0.889339	102.043757	0.007918	5.1
1983	-0.000000	102.014375	0.000000	6.4
1984	-0.883523	101.985015	0.005521	5.0
1985	-0.045447	101.955678	0.001651	5.5
1986	-0.376506	101.926364	0.003828	6.0
1987	-1.105518	101.897072	0.006216	5.0
1988	-0.971358	101.867802	0.006574	5.6
1989	-0.000132	101.838555	0.000012	6.2
1990	-0.000000	101.809330	0.000000	5.0
1991	-0.000000	101.780128	0.000000	4.8
1992	-0.000000	101.750948	0.000000	5.8
1993	-0.000002	101.721790	0.000000	5.4
1994	-0.494491	101.692654	0.003943	4.9
1995	-0.564612	101.663541	0.005958	6.4
1996	-0.979109	101.634450	0.006074	5.0
1997	-0.000518	101.605381	0.000062	4.9
1998	-0.656568	101.576335	0.006431	6.3
1999	-0.059026	101.547310	0.001513	5.0
